-25 4.96e-24 3.07e-22 4.96e-24 1
-24.6 0 0 1.14e-23 1
-24.2 0 0 2.89e-23 1
-23.8 0 0 7.86e-23 1
-23.4 0 0 2.13e-22 1
-23 0 0 5.8e-22 1
-22.6 0 0 1.57e-21 1
-22.2 0 0 4.29e-21 1
-21.8 0 0 1.17e-20 1
-21.4 0 0 3.16e-20 1
-21 0 0 8.58e-20 1
-20.6 0 0 2.34e-19 1
-20.2 0 0 6.36e-19 1
-19.8 0 0 1.73e-18 1
-19.4 0 0 4.69e-18 1
-19 0 0 0 1
-18.6 0 0 0 1
-18.2 0 0 3.12e-15 1
-15.6 0 0 5.27e-14 1
-15.1 0 0 2.4e-13 1
-14.6 0 0 7.45e-13 1
-14.2 0 0 2.08e-12 1
-13.8 0 0 5.65e-12 1
-13.4 0 0 1.54e-11 1
-13 0 0 4.17e-11 1
-12.6 0 0 1.13e-10 1
-12.2 0 0 3.08e-10 1
-11.8 0 0 5.61e-10 1
-11.4 0 0 2.05e-09 1
-11 0 0 7.15e-09 1
-10.5 0 0 2.13e-08 1
-10.1 0 0 5.88e-08 1
-9.7 0 0 1.6e-07 1
-9.3 0 0 4.34e-07 1
-8.9 0 0 1.18e-06 1
-8.5 0 0 3.21e-06 1
-8.1 0 0 8.75e-06 1
-7.7 0 0 2.38e-05 1
-7.3 0 0 6.52e-05 1
-6.9 0 0.00327 0.000181 1
-6.5 0 0.0448 0.000509 1
-6.1 0.0231 0.0787 0.00144 1
-5.7 0.0412 0.119 0.00384 1
-5.3 0.0749 0.162 0.00924 1
-4.9 0.11 0.215 0.02 1
-4.5 0.172 0.272 0.0514 1
-4.1 0.2 0.33 0.0709 1
-3.7 0.246 0.388 0.406 1
-2.1 0.363 0.445 0.612 1
-0.6 0.542 0.499 0.642 1
-0.2 0.602 0.549 0.625 1
0.6 0.699 0.594 0.692 1
2.6 0.865 0.632 0.905 1.05
3 0.887 0.664 1.11 1.26
3.4 0.897 0.686 1.33 1.48
3.8 0.939 0.701 1.56 1.66
4.2 0.956 0.708 1.59 1.67
4.6 0.985 0.709 1.63 1.65
5 0.989 0.704 1.7 1.71
5.4 0.992 0.703 1.81 1.83
5.8 1.01 0.684 1.79 1.77
6.2 1.01 0.667 1.8 1.78
6.6 1.02 0.676 1.8 1.76
7 0.993 0.659 1.8 1.81
7.4 1 0.67 1.8 1.79
7.8 1.01 0.661 1.8 1.78
8.2 1.01 0.657 1.8 1.79
8.6 1 0.655 1.8 1.79
9 1 0.658 1.8 1.8
9.4 1 0.66 1.8 1.8
9.8 1 0.66 1.8 1.8
10.2 1 0.661 1.8 1.8
10.6 1 0.661 1.8 1.8
11 1 0.661 1.8 1.8
11.4 1 0.661 1.8 1.8
11.8 1 0.661 1.8 1.8
12.2 1 0.661 1.8 1.8
12.6 1 0.661 1.8 1.8
13 1 0.661 1.8 1.8
13.4 1 0.661 1.8 1.8
13.8 1 0.661 1.8 1.8
14.2 1 0.661 1.8 1.8
14.6 1 0.661 1.8 1.8
15 1 0.661 1.8 1.8
15.4 1 0.661 1.8 1.8
15.8 1 0.661 1.8 1.8
16.2 1 0.661 1.8 1.8
16.6 1 0.661 1.8 1.8
17 1 0.661 1.8 1.8
17.4 1 0.661 1.8 1.8
17.8 1 0.661 1.8 1.8
18.2 1 0.661 1.8 1.8
18.6 1 0.661 1.8 1.8
19 1 0.661 1.8 1.8
19.4 1 0.661 1.8 1.8
19.8 1 0.661 1.8 1.8
20.2 1 0.66 1.8 1.8
20.6 0.999 0.66 1.8 1.8
21 0.999 0.658 1.8 1.8
21.4 0.997 0.655 1.8 1.81
21.8 0.994 0.657 1.8 1.81
22.2 0.991 0.661 1.8 1.82
22.6 0.996 0.67 1.8 1.81
23 1.01 0.659 1.8 1.79
23.4 0.979 0.676 1.8 1.84
23.8 0.99 0.667 1.8 1.81
24.2 0.989 0.684 1.79 1.81
24.6 1.01 0.703 1.81 1.8
25 1.01 0.704 1.7 1.68
25.4 1.01 0.709 1.63 1.6
25.8 1.04 0.708 1.59 1.53
26.2 1.06 0.701 1.56 1.47
26.6 1.1 0.686 1.33 1.21
27 1.11 0.664 1.11 1
27.4 1.13 0.632 0.905 0.798
29.4 1.3 0.594 0.692 0.532
30.2 1.4 0.549 0.625 0.447
30.6 1.46 0.499 0.642 0.44
32.1 1.64 0.445 0.612 0.374
33.7 1.75 0.388 0.406 0.231
34.1 1.8 0.33 0.0709 0.0394
34.5 1.83 0.272 0.0514 0.0281
34.9 1.89 0.215 0.02 0.0106
35.3 1.93 0.162 0.00924 0.0048
35.7 1.96 0.119 0.00384 0.00196
36.1 1.98 0.0787 0.00144 0.000728
36.5 2 0.0448 0.000509 0.000255
36.9 2 0.00327 0.000181 9.03e-05
37.3 2 0 6.52e-05 3.26e-05
37.7 2 0 2.38e-05 1.19e-05
38.1 2 0 8.75e-06 4.38e-06
38.5 2 0 3.21e-06 1.6e-06
38.9 2 0 1.18e-06 5.91e-07
39.3 2 0 4.34e-07 2.17e-07
39.7 2 0 1.6e-07 7.99e-08
40.1 2 0 5.88e-08 2.94e-08
40.5 2 0 2.13e-08 1.06e-08
41 2 0 7.15e-09 3.58e-09
41.4 2 0 2.05e-09 1.02e-09
41.8 2 0 5.61e-10 2.81e-10
42.2 2 0 3.08e-10 1.54e-10
42.6 2 0 1.13e-10 5.67e-11
43 2 0 4.17e-11 2.09e-11
43.4 2 0 1.54e-11 7.68e-12
43.8 2 0 5.65e-12 2.82e-12
44.2 2 0 2.08e-12 1.04e-12
44.6 2 0 7.45e-13 3.73e-13
45.1 2 0 2.4e-13 1.2e-13
45.6 2 0 5.27e-14 2.64e-14
48.2 2 0 3.12e-15 1.56e-15
48.6 2 0 0 0
49 2 0 0 0
49.4 2 0 4.69e-18 2.35e-18
49.8 2 0 1.73e-18 8.64e-19
50.2 2 0 6.36e-19 3.18e-19
50.6 2 0 2.34e-19 1.17e-19
51 2 0 8.58e-20 4.29e-20
51.4 2 0 3.16e-20 1.58e-20
51.8 2 0 1.17e-20 5.83e-21
52.2 2 0 4.29e-21 2.14e-21
52.6 2 0 1.57e-21 7.86e-22
53 2 0 5.8e-22 2.9e-22
53.4 2 0 2.13e-22 1.06e-22
53.8 2 0 7.86e-23 3.93e-23
54.2 2 0 2.89e-23 1.44e-23
54.6 2 0 1.06e-23 5.3e-24
55 2 0 3.9e-24 1.95e-24
55.4 2 0 1.44e-24 7.19e-25
55.8 2 0 5.29e-25 2.64e-25
56.2 2 0 1.94e-25 9.72e-26
56.6 2 0 7.14e-26 3.57e-26
57 2 0 2.63e-26 1.32e-26
57.4 2 0 9.66e-27 4.83e-27
57.8 2 0 3.56e-27 1.78e-27
58.2 2 0 1.3e-27 6.52e-28
58.6 2 0 4.81e-28 2.4e-28
59 2 0 1.77e-28 8.86e-29
59.4 2 0 6.5e-29 3.25e-29
59.8 2 0 2.39e-29 1.2e-29
60.2 2 0 8.86e-30 4.43e-30
60.6 2 0 3.25e-30 1.62e-30
61 2 0 1.19e-30 5.96e-31
61.4 2 0 4.39e-31 2.2e-31
61.8 2 0 1.61e-31 8.07e-32
62.2 2 0 5.93e-32 2.97e-32
62.6 2 0 2.19e-32 1.09e-32
63 2 0 8.07e-33 4.03e-33
63.4 2 0 2.95e-33 1.48e-33
63.8 2 0 1.09e-33 5.47e-34
64.2 2 0 4.01e-34 2e-34
64.6 2 0 1.47e-34 7.36e-35
65 2 0 5.41e-35 2.71e-35
65.4 2 0 2e-35 9.98e-36
65.8 2 0 7.37e-36 3.68e-36
66.2 2 0 2.7e-36 1.35e-36
66.6 2 0 9.9e-37 4.95e-37
67 2 0 3.65e-37 1.83e-37
67.4 2 0 1.34e-37 6.71e-38
67.8 2 0 4.94e-38 2.47e-38
68.2 2 0 1.82e-38 9.09e-39
68.6 2 0 6.72e-39 3.36e-39
69 2 0 2.46e-39 1.23e-39
69.4 2 0 9.07e-40 4.53e-40
69.8 2 0 3.34e-40 1.67e-40
70.2 2 0 1.22e-40 6.11e-41
70.6 2 0 4.51e-41 2.26e-41
71 2 0 1.65e-41 8.27e-42
71.4 2 0 6.1e-42 3.05e-42
71.8 2 0 2.25e-42 1.12e-42
72.2 2 0 8.25e-43 4.12e-43
72.6 2 0 3.04e-43 1.52e-43
73 2 0 1.11e-43 5.57e-44
73.4 2 0 4.11e-44 2.05e-44
73.8 2 0 1.51e-44 7.56e-45
74.2 2 0 5.56e-45 2.78e-45
74.6 2 0 2.04e-45 1.02e-45
75 2 0 7.56e-46 3.78e-46
75.4 2 0 2.77e-46 1.39e-46
75.8 2 0 1.02e-46 5.08e-47
76.2 2 0 3.74e-47 1.87e-47
76.6 2 0 1.38e-47 6.91e-48
77 2 0 5.07e-48 2.53e-48
77.4 2 0 1.86e-48 9.31e-49
77.8 2 0 6.89e-49 3.44e-49
78.2 2 0 2.53e-49 1.26e-49
78.6 2 0 9.28e-50 4.64e-50
79 2 0 3.42e-50 1.71e-50
79.4 2 0 1.26e-50 6.28e-51
79.8 2 0 4.62e-51 2.31e-51
80.2 2 0 1.7e-51 8.5e-52
80.6 2 0 6.25e-52 3.13e-52
81 2 0 2.3e-52 1.15e-52
81.4 2 0 8.47e-53 4.24e-53
81.8 2 0 3.12e-53 1.56e-53
82.2 2 0 1.15e-53 5.75e-54
82.6 2 0 4.22e-54 2.11e-54
83 2 0 1.55e-54 7.76e-55
83.4 2 0 5.71e-55 2.86e-55
83.8 2 0 2.1e-55 1.05e-55
84.2 2 0 7.71e-56 3.85e-56
84.6 2 0 2.84e-56 1.42e-56
85 2 0 1.04e-56 5.22e-57
85.4 2 0 3.84e-57 1.92e-57
85.8 2 0 1.41e-57 7.07e-58
86.2 2 0 5.21e-58 2.6e-58
86.6 2 0 1.92e-58 9.58e-59
87 2 0 7.04e-59 3.52e-59
87.4 2 0 2.59e-59 1.3e-59
87.8 2 0 9.56e-60 4.78e-60
88.2 2 0 3.5e-60 1.75e-60
88.6 2 0 1.29e-60 6.45e-61
89 2 0 4.75e-61 2.38e-61
89.4 2 0 1.75e-61 8.75e-62
89.8 2 0 6.43e-62 3.21e-62
90.2 2 0 2.36e-62 1.18e-62
90.6 2 0 8.71e-63 4.36e-63
91 2 0 3.2e-63 1.6e-63
91.4 2 0 1.17e-63 5.87e-64
91.8 2 0 4.32e-64 2.16e-64
92.2 2 0 1.59e-64 7.96e-65
92.6 2 0 5.86e-65 2.93e-65
93 2 0 2.16e-65 1.08e-65
93.4 2 0 7.91e-66 3.95e-66
93.8 2 0 2.92e-66 1.46e-66
94.2 2 0 1.07e-66 5.37e-67
94.6 2 0 3.94e-67 1.97e-67
95 2 0 1.45e-67 7.25e-68
95.4 2 0 5.34e-68 2.67e-68
95.8 2 0 1.96e-68 9.82e-69
96.2 2 0 7.21e-69 3.61e-69
96.6 2 0 2.66e-69 1.33e-69
97 2 0 9.81e-70 4.91e-70
97.4 2 0 3.6e-70 1.8e-70
97.8 2 0 1.32e-70 6.61e-71
98.2 2 0 4.87e-71 2.43e-71
98.6 2 0 1.79e-71 8.96e-72
99 2 0 6.56e-72 3.28e-72
99.4 2 0 2.26e-72 1.13e-72
99.8 2 0 9.13e-73 4.56e-73
