-15 0.0526 0.234 0.0528 1
-14.6 0.0577 0.253 0.058 1
-14.2 0.0634 0.273 0.0635 1
-13.8 0.0695 0.293 0.0696 1
-13.4 0.0761 0.313 0.0762 1
-13 0.0833 0.334 0.0834 1
-12.6 0.0911 0.356 0.0912 1
-12.2 0.0995 0.379 0.0996 1
-11.8 0.109 0.403 0.109 1
-11.4 0.118 0.428 0.119 1
-11 0.129 0.454 0.129 1
-10.6 0.14 0.481 0.14 1
-10.2 0.152 0.509 0.152 1
-9.8 0.165 0.538 0.165 1
-9.4 0.179 0.567 0.179 1
-9 0.193 0.597 0.193 1
-8.6 0.208 0.627 0.209 1
-8.2 0.224 0.657 0.225 1
-7.8 0.241 0.687 0.242 1
-7.4 0.259 0.717 0.26 1
-7 0.277 0.747 0.279 1
-6.6 0.296 0.776 0.298 1
-6.2 0.316 0.804 0.319 1
-5.8 0.337 0.832 0.34 1
-5.4 0.358 0.859 0.361 1
-5 0.379 0.884 0.384 1
-4.6 0.402 0.909 0.406 1
-4.2 0.424 0.932 0.429 1
-3.8 0.447 0.953 0.453 1
-3.4 0.47 0.972 0.477 1
-3 0.493 0.99 0.501 1
-2.6 0.516 1.01 0.525 1
-2.2 0.539 1.02 0.548 1
-1.8 0.562 1.03 0.572 1
-1.4 0.584 1.04 0.596 1
-1 0.607 1.05 0.619 1
-0.6 0.629 1.05 0.642 1
-0.2 0.65 1.06 0.665 1
0.2 0.671 1.06 0.687 1
0.6 0.691 1.06 0.708 1
1 0.711 1.06 0.729 1
1.4 0.73 1.06 0.749 1
1.8 0.748 1.05 0.768 1
2.2 0.766 1.05 0.786 1.03
2.6 0.782 1.04 0.804 1.03
3 0.798 1.03 0.82 1.03
3.4 0.813 1.02 0.836 1.03
3.8 0.827 1.01 0.851 1.03
4.2 0.841 1 0.865 1.03
4.6 0.854 0.993 0.878 1.03
5 0.865 0.982 0.891 1.03
5.4 0.876 0.971 0.902 1.03
5.8 0.887 0.96 0.913 1.03
6.2 0.896 0.949 0.923 1.03
6.6 0.905 0.938 0.932 1.03
7 0.914 0.927 0.941 1.03
7.4 0.921 0.916 0.949 1.03
7.8 0.929 0.905 0.956 1.03
8.2 0.935 0.895 0.963 1.03
8.6 0.942 0.886 0.969 1.03
9 0.947 0.877 0.974 1.03
9.4 0.953 0.868 0.979 1.03
9.8 0.957 0.86 0.984 1.03
10.2 0.962 0.853 0.988 1.03
10.6 0.966 0.846 0.992 1.03
11 0.97 0.839 0.995 1.03
11.4 0.974 0.833 0.998 1.02
11.8 0.977 0.828 0.999 1.02
12.2 0.981 0.824 1 1.02
12.6 0.984 0.82 1 1.02
13 0.986 0.816 1.01 1.02
13.4 0.989 0.814 1.01 1.02
13.8 0.992 0.811 1.01 1.02
14.2 0.995 0.81 1.01 1.02
14.6 0.997 0.809 1.01 1.01
15 1 0.809 1.01 1.01
15.4 1 0.809 1.01 1.01
15.8 1 0.81 1.01 1.01
16.2 1.01 0.811 1.01 1
16.6 1.01 0.814 1.01 1
17 1.01 0.816 1.01 0.994
17.4 1.02 0.82 1 0.987
17.8 1.02 0.824 1 0.981
18.2 1.02 0.828 0.999 0.977
18.6 1.03 0.833 0.998 0.972
19 1.03 0.839 0.995 0.966
19.4 1.03 0.846 0.992 0.959
19.8 1.04 0.853 0.988 0.952
20.2 1.04 0.86 0.984 0.944
20.6 1.05 0.868 0.979 0.935
21 1.05 0.877 0.974 0.926
21.4 1.06 0.886 0.969 0.915
21.8 1.06 0.895 0.963 0.904
22.2 1.07 0.905 0.956 0.893
22.6 1.08 0.916 0.949 0.88
23 1.09 0.927 0.941 0.866
23.4 1.09 0.938 0.932 0.852
23.8 1.1 0.949 0.923 0.836
24.2 1.11 0.96 0.913 0.82
24.6 1.12 0.971 0.902 0.803
25 1.14 0.982 0.891 0.785
25.4 1.15 0.993 0.878 0.766
25.8 1.16 1 0.865 0.746
26.2 1.17 1.01 0.851 0.726
26.6 1.19 1.02 0.836 0.704
27 1.2 1.03 0.82 0.682
27.4 1.22 1.04 0.804 0.66
27.8 1.23 1.05 0.786 0.637
28.2 1.25 1.05 0.768 0.613
28.6 1.27 1.06 0.749 0.589
29 1.29 1.06 0.729 0.565
29.4 1.31 1.06 0.708 0.541
29.8 1.33 1.06 0.687 0.517
30.2 1.35 1.06 0.665 0.493
30.6 1.37 1.05 0.642 0.469
31 1.39 1.05 0.619 0.445
31.4 1.42 1.04 0.596 0.421
31.8 1.44 1.03 0.572 0.398
32.2 1.46 1.02 0.548 0.375
32.6 1.48 1.01 0.525 0.353
33 1.51 0.99 0.501 0.332
33.4 1.53 0.972 0.477 0.312
33.8 1.55 0.953 0.453 0.292
34.2 1.58 0.932 0.429 0.273
34.6 1.6 0.909 0.406 0.254
35 1.62 0.884 0.384 0.237
35.4 1.64 0.859 0.361 0.22
35.8 1.66 0.832 0.34 0.204
36.2 1.68 0.804 0.319 0.189
36.6 1.7 0.776 0.298 0.175
37 1.72 0.747 0.279 0.162
37.4 1.74 0.717 0.26 0.149
37.8 1.76 0.687 0.242 0.138
38.2 1.78 0.657 0.225 0.127
38.6 1.79 0.627 0.209 0.117
39 1.81 0.597 0.193 0.107
39.4 1.82 0.567 0.179 0.0982
39.8 1.83 0.538 0.165 0.09
40.2 1.85 0.509 0.152 0.0824
40.6 1.86 0.481 0.14 0.0753
41 1.87 0.454 0.129 0.0689
41.4 1.88 0.428 0.119 0.063
41.8 1.89 0.402 0.109 0.0575
42.2 1.9 0.378 0.0996 0.0524
42.6 1.91 0.354 0.0912 0.0478
43 1.92 0.332 0.0834 0.0435
43.4 1.92 0.31 0.0762 0.0396
43.8 1.93 0.29 0.0696 0.0361
44.2 1.94 0.27 0.0635 0.0328
44.6 1.94 0.252 0.0579 0.0298
45 1.95 0.234 0.0528 0.0271
45.4 1.95 0.218 0.048 0.0246
45.8 1.96 0.203 0.0437 0.0223
46.2 1.96 0.188 0.0398 0.0203
46.6 1.96 0.174 0.0362 0.0184
47 1.97 0.162 0.0329 0.0167
47.4 1.97 0.15 0.0299 0.0152
47.8 1.97 0.139 0.0271 0.0137
48.2 1.98 0.128 0.0246 0.0125
48.6 1.98 0.119 0.0223 0.0113
49 1.98 0.11 0.0203 0.0102
49.4 1.98 0.101 0.0184 0.00928
49.8 1.98 0.0933 0.0167 0.00841
50.2 1.98 0.0861 0.0151 0.00762
50.6 1.99 0.0794 0.0137 0.0069
51 1.99 0.0731 0.0124 0.00624
51.4 1.99 0.0674 0.0113 0.00566
51.8 1.99 0.062 0.0102 0.00513
52.2 1.99 0.0571 0.00924 0.00465
52.6 1.99 0.0526 0.00837 0.0042
53 1.99 0.0483 0.00758 0.00381
53.4 1.99 0.0445 0.00687 0.00345
53.8 1.99 0.0409 0.00622 0.00312
54.2 1.99 0.0376 0.00563 0.00282
54.6 2 0.0345 0.0051 0.00255
55 2 0.0317 0.00462 0.00231
55.4 2 0.0291 0.00418 0.00209
55.8 2 0.0267 0.00378 0.00189
56.2 2 0.0245 0.00342 0.00171
56.6 2 0.0225 0.0031 0.00155
57 2 0.0207 0.00281 0.0014
57.4 2 0.0189 0.00254 0.00127
57.8 2 0.0174 0.0023 0.00115
58.2 2 0.0159 0.00208 0.00104
58.6 2 0.0146 0.00188 0.000941
59 2 0.0134 0.0017 0.000851
59.4 2 0.0123 0.00154 0.000771
59.8 2 0.0112 0.0014 0.000698
60.2 2 0.0103 0.00126 0.000632
60.6 2 0.00943 0.00114 0.000571
61 2 0.00864 0.00103 0.000517
61.4 2 0.00791 0.000936 0.000468
61.8 2 0.00724 0.000847 0.000424
62.2 2 0.00663 0.000767 0.000383
62.6 2 0.00607 0.000694 0.000347
63 2 0.00555 0.000628 0.000314
63.4 2 0.00508 0.000568 0.000284
63.8 2 0.00465 0.000514 0.000257
64.2 2 0.00425 0.000465 0.000233
64.6 2 0.00389 0.000421 0.000211
65 2 0.00356 0.000381 0.000191
65.4 2 0.00325 0.000345 0.000172
65.8 2 0.00297 0.000312 0.000156
66.2 2 0.00272 0.000282 0.000141
66.6 2 0.00249 0.000255 0.000128
67 2 0.00227 0.000231 0.000115
67.4 2 0.00208 0.000209 0.000105
67.8 2 0.0019 0.000189 9.46e-05
68.2 2 0.00173 0.000171 8.56e-05
68.6 2 0.00158 0.000155 7.75e-05
69 2 0.00145 0.00014 7.01e-05
69.4 2 0.00132 0.000127 6.35e-05
69.8 2 0.00121 0.000115 5.75e-05
70.2 2 0.0011 0.000104 5.2e-05
70.6 2 0.00101 9.4e-05 4.7e-05
71 2 0.00092 8.5e-05 4.25e-05
71.4 2 0.00084 7.7e-05 3.85e-05
71.8 2 0.000767 6.96e-05 3.48e-05
72.2 2 0.000701 6.3e-05 3.15e-05
72.6 2 0.00064 5.7e-05 2.85e-05
73 2 0.000584 5.16e-05 2.58e-05
73.4 2 0.000533 4.67e-05 2.33e-05
73.8 2 0.000486 4.22e-05 2.11e-05
74.2 2 0.000444 3.82e-05 1.91e-05
74.6 2 0.000405 3.46e-05 1.73e-05
75 2 0.00037 3.13e-05 1.56e-05
75.4 2 0.000337 2.83e-05 1.42e-05
75.8 2 0.000308 2.56e-05 1.28e-05
76.2 2 0.000281 2.32e-05 1.16e-05
76.6 2 0.000256 2.1e-05 1.05e-05
77 2 0.000234 1.9e-05 9.49e-06
77.4 2 0.000213 1.72e-05 8.59e-06
77.8 2 0.000194 1.55e-05 7.77e-06
78.2 2 0.000177 1.41e-05 7.03e-06
78.6 2 0.000162 1.27e-05 6.36e-06
79 2 0.000147 1.15e-05 5.75e-06
79.4 2 0.000134 1.04e-05 5.21e-06
79.8 2 0.000123 9.42e-06 4.71e-06
80.2 2 0.000112 8.53e-06 4.27e-06
80.6 2 0.000102 7.72e-06 3.86e-06
81 2 9.28e-05 6.98e-06 3.49e-06
81.4 2 8.46e-05 6.32e-06 3.16e-06
81.8 2 7.71e-05 5.72e-06 2.86e-06
82.2 2 7.03e-05 5.17e-06 2.59e-06
82.6 2 6.41e-05 4.68e-06 2.34e-06
83 2 5.84e-05 4.23e-06 2.12e-06
83.4 2 5.32e-05 3.83e-06 1.92e-06
83.8 2 4.85e-05 3.47e-06 1.73e-06
84.2 2 4.42e-05 3.14e-06 1.57e-06
84.6 2 4.03e-05 2.84e-06 1.42e-06
85 2 3.67e-05 2.57e-06 1.28e-06
85.4 2 3.34e-05 2.32e-06 1.16e-06
85.8 2 3.05e-05 2.1e-06 1.05e-06
86.2 2 2.78e-05 1.9e-06 9.52e-07
86.6 2 2.53e-05 1.72e-06 8.61e-07
87 2 2.3e-05 1.56e-06 7.8e-07
87.4 2 2.1e-05 1.41e-06 7.05e-07
87.8 2 1.91e-05 1.27e-06 6.37e-07
88.2 2 1.74e-05 1.15e-06 5.77e-07
88.6 2 1.58e-05 1.04e-06 5.22e-07
89 2 1.44e-05 9.45e-07 4.73e-07
89.4 2 1.31e-05 8.55e-07 4.28e-07
89.8 2 1.2e-05 7.74e-07 3.87e-07
90.2 2 1.09e-05 7e-07 3.5e-07
90.6 2 9.92e-06 6.33e-07 3.17e-07
91 2 9.03e-06 5.73e-07 2.87e-07
91.4 2 8.23e-06 5.19e-07 2.59e-07
91.8 2 7.49e-06 4.69e-07 2.35e-07
92.2 2 6.82e-06 4.25e-07 2.12e-07
92.6 2 6.21e-06 3.84e-07 1.92e-07
93 2 5.66e-06 3.48e-07 1.74e-07
93.4 2 5.15e-06 3.15e-07 1.57e-07
93.8 2 4.69e-06 2.85e-07 1.42e-07
94.2 2 4.27e-06 2.58e-07 1.29e-07
94.6 2 3.89e-06 2.33e-07 1.17e-07
95 2 3.54e-06 2.11e-07 1.05e-07
95.4 2 3.21e-06 1.91e-07 9.54e-08
95.8 2 2.9e-06 1.73e-07 8.63e-08
96.2 2 2.62e-06 1.56e-07 7.8e-08
96.6 2 2.37e-06 1.41e-07 7.07e-08
97 2 2.14e-06 1.28e-07 6.4e-08
97.4 2 1.94e-06 1.16e-07 5.79e-08
97.8 2 1.76e-06 1.05e-07 5.24e-08
98.2 2 1.62e-06 9.47e-08 4.73e-08
98.6 2 1.51e-06 8.57e-08 4.29e-08
99 2 1.42e-06 7.74e-08 3.87e-08
99.4 2 1.37e-06 6.94e-08 3.47e-08
99.8 2 1.35e-06 6.51e-08 3.26e-08
