-25 0.64 1.19e-14 2.87e-14 9.85e-15
-24.9 0.64 1.39e-14 3.35e-14 1.15e-14
-24.8 0.64 1.63e-14 3.92e-14 1.35e-14
-24.7 0.64 1.91e-14 4.58e-14 1.57e-14
-24.6 0.64 2.23e-14 5.35e-14 1.84e-14
-24.5 0.64 2.6e-14 6.26e-14 2.15e-14
-24.4 0.64 3.04e-14 7.32e-14 2.51e-14
-24.3 0.64 3.56e-14 8.55e-14 2.94e-14
-24.2 0.64 4.16e-14 1e-13 3.44e-14
-24.1 0.64 4.86e-14 1.17e-13 4.02e-14
-24 0.64 5.69e-14 1.37e-13 4.7e-14
-23.9 0.64 6.65e-14 1.6e-13 5.49e-14
-23.8 0.64 7.77e-14 1.87e-13 6.42e-14
-23.7 0.64 9.09e-14 2.18e-13 7.51e-14
-23.6 0.64 1.06e-13 2.55e-13 8.78e-14
-23.5 0.64 1.24e-13 2.99e-13 1.03e-13
-23.4 0.64 1.45e-13 3.49e-13 1.2e-13
-23.3 0.64 1.7e-13 4.08e-13 1.4e-13
-23.2 0.64 1.99e-13 4.77e-13 1.64e-13
-23.1 0.64 2.32e-13 5.58e-13 1.92e-13
-23 0.64 2.71e-13 6.52e-13 2.24e-13
-22.9 0.64 3.17e-13 7.62e-13 2.62e-13
-22.8 0.64 3.71e-13 8.91e-13 3.06e-13
-22.7 0.64 4.34e-13 1.04e-12 3.58e-13
-22.6 0.64 5.07e-13 1.22e-12 4.19e-13
-22.5 0.64 5.93e-13 1.42e-12 4.89e-13
-22.4 0.64 6.93e-13 1.67e-12 5.72e-13
-22.3 0.64 8.1e-13 1.95e-12 6.69e-13
-22.2 0.64 9.47e-13 2.28e-12 7.82e-13
-22.1 0.64 1.11e-12 2.66e-12 9.14e-13
-22 0.64 1.29e-12 3.11e-12 1.07e-12
-21.9 0.64 1.51e-12 3.64e-12 1.25e-12
-21.8 0.64 1.77e-12 4.25e-12 1.46e-12
-21.7 0.64 2.07e-12 4.97e-12 1.71e-12
-21.6 0.64 2.42e-12 5.81e-12 2e-12
-21.5 0.64 2.83e-12 6.8e-12 2.34e-12
-21.4 0.64 3.31e-12 7.95e-12 2.73e-12
-21.3 0.64 3.86e-12 9.29e-12 3.19e-12
-19 0.64 1.41e-10 3.38e-10 1.16e-10
-18.9 0.64 1.64e-10 3.95e-10 1.36e-10
-18.8 0.64 1.92e-10 4.62e-10 1.59e-10
-18.7 0.64 2.25e-10 5.4e-10 1.86e-10
-18.6 0.64 2.63e-10 6.31e-10 2.17e-10
-18.5 0.64 3.07e-10 7.38e-10 2.54e-10
-18.4 0.64 3.59e-10 8.63e-10 2.96e-10
-18.3 0.64 4.2e-10 1.01e-09 3.47e-10
-18.2 0.64 4.91e-10 1.18e-09 4.05e-10
-18.1 0.64 5.74e-10 1.38e-09 4.74e-10
-18 0.64 6.71e-10 1.61e-09 5.54e-10
-17.9 0.64 7.84e-10 1.88e-09 6.47e-10
-17.8 0.64 9.17e-10 2.2e-09 7.57e-10
-17.7 0.64 1.07e-09 2.58e-09 8.85e-10
-17.6 0.64 1.25e-09 3.01e-09 1.03e-09
-17.5 0.64 1.46e-09 3.52e-09 1.21e-09
-17.4 0.64 1.71e-09 4.12e-09 1.41e-09
-17.3 0.64 2e-09 4.81e-09 1.65e-09
-17.2 0.64 2.34e-09 5.63e-09 1.93e-09
-17.1 0.64 2.74e-09 6.58e-09 2.26e-09
-17 0.64 3.2e-09 7.69e-09 2.64e-09
-16.9 0.64 3.74e-09 8.99e-09 3.09e-09
-16.8 0.64 4.37e-09 1.05e-08 3.61e-09
-16.7 0.64 5.11e-09 1.23e-08 4.22e-09
-16.6 0.64 5.98e-09 1.44e-08 4.94e-09
-16.5 0.64 6.99e-09 1.68e-08 5.77e-09
-16.4 0.64 8.17e-09 1.96e-08 6.75e-09
-16.3 0.64 9.55e-09 2.3e-08 7.89e-09
-16.2 0.64 1.12e-08 2.68e-08 9.22e-09
-16.1 0.64 1.31e-08 3.14e-08 1.08e-08
-16 0.64 1.53e-08 3.67e-08 1.26e-08
-15.9 0.64 1.78e-08 4.29e-08 1.47e-08
-15.8 0.64 2.09e-08 5.01e-08 1.72e-08
-15.7 0.64 2.44e-08 5.86e-08 2.01e-08
-15.6 0.64 2.85e-08 6.85e-08 2.35e-08
-15.5 0.64 3.33e-08 8.01e-08 2.75e-08
-15.4 0.64 3.9e-08 9.37e-08 3.22e-08
-15.3 0.64 4.56e-08 1.1e-07 3.76e-08
-15.2 0.64 5.33e-08 1.28e-07 4.4e-08
-15.1 0.64 6.23e-08 1.5e-07 5.14e-08
-15 0.64 7.28e-08 1.75e-07 6.01e-08
-14.9 0.64 8.51e-08 2.05e-07 7.03e-08
-14.8 0.64 9.95e-08 2.39e-07 8.22e-08
-14.7 0.64 1.16e-07 2.8e-07 9.61e-08
-14.6 0.64 1.36e-07 3.27e-07 1.12e-07
-14.5 0.64 1.59e-07 3.82e-07 1.31e-07
-14.4 0.64 1.86e-07 4.47e-07 1.54e-07
-14.3 0.64 2.17e-07 5.22e-07 1.8e-07
-14.2 0.64 2.54e-07 6.11e-07 2.1e-07
-14.1 0.64 2.97e-07 7.14e-07 2.45e-07
-14 0.64 3.47e-07 8.35e-07 2.87e-07
-13.9 0.64 4.06e-07 9.76e-07 3.35e-07
-13.8 0.64 4.75e-07 1.14e-06 3.92e-07
-13.7 0.64 5.55e-07 1.33e-06 4.58e-07
-13.6 0.64 6.49e-07 1.56e-06 5.36e-07
-13.5 0.64 7.59e-07 1.82e-06 6.27e-07
-13.4 0.64 8.87e-07 2.13e-06 7.33e-07
-13.3 0.64 1.04e-06 2.49e-06 8.56e-07
-13.2 0.64 1.21e-06 2.91e-06 1e-06
-13.1 0.64 1.42e-06 3.41e-06 1.17e-06
-13 0.64 1.66e-06 3.98e-06 1.37e-06
-12.9 0.64 1.94e-06 4.66e-06 1.6e-06
-12.8 0.64 2.26e-06 5.44e-06 1.87e-06
-12.7 0.64 2.65e-06 6.36e-06 2.19e-06
-12.6 0.64 3.1e-06 7.44e-06 2.56e-06
-12.5 0.64 3.62e-06 8.7e-06 2.99e-06
-12.4 0.64 4.23e-06 1.02e-05 3.49e-06
-12.3 0.64 4.95e-06 1.19e-05 4.09e-06
-12.2 0.64 5.78e-06 1.39e-05 4.78e-06
-12.1 0.64 6.76e-06 1.63e-05 5.58e-06
-12 0.64 7.9e-06 1.9e-05 6.53e-06
-11.9 0.64 9.24e-06 2.22e-05 7.63e-06
-11.8 0.64 1.08e-05 2.6e-05 8.92e-06
-11.7 0.64 1.26e-05 3.04e-05 1.04e-05
-11.6 0.64 1.48e-05 3.55e-05 1.22e-05
-11.5 0.64 1.73e-05 4.15e-05 1.43e-05
-11.4 0.64 2.02e-05 4.85e-05 1.67e-05
-11.3 0.64 2.36e-05 5.67e-05 1.95e-05
-11.2 0.64 2.76e-05 6.63e-05 2.28e-05
-11.1 0.64 3.22e-05 7.75e-05 2.66e-05
-11 0.64 3.77e-05 9.06e-05 3.11e-05
-10.9 0.64 4.41e-05 0.000106 3.64e-05
-10.8 0.64 5.15e-05 0.000124 4.25e-05
-10.7 0.64 6.02e-05 0.000145 4.97e-05
-10.6 0.64 7.04e-05 0.000169 5.81e-05
-10.5 0.64 8.23e-05 0.000198 6.8e-05
-10.4 0.64 9.62e-05 0.000231 7.94e-05
-10.3 0.64 0.000112 0.00027 9.28e-05
-10.2 0.64 0.000131 0.000316 0.000109
-10.1 0.64 0.000154 0.000369 0.000127
-10 0.64 0.00018 0.000431 0.000148
-9.9 0.64 0.00021 0.000504 0.000173
-9.8 0.64 0.000245 0.000589 0.000202
-9.7 0.64 0.000286 0.000688 0.000236
-9.6 0.64 0.000335 0.000804 0.000276
-9.5 0.64 0.000391 0.000939 0.000323
-9.4 0.64 0.000457 0.0011 0.000377
-9.3 0.64 0.000533 0.00128 0.00044
-9.2 0.64 0.000623 0.00149 0.000514
-9.1 0.64 0.000727 0.00174 0.0006
-9 0.64 0.000849 0.00204 0.0007
-8.9 0.64 0.000991 0.00237 0.000816
-8.8 0.64 0.00116 0.00277 0.000952
-8.7 0.64 0.00135 0.00323 0.00111
-8.6 0.64 0.00157 0.00376 0.00129
-8.5 0.64 0.00183 0.00438 0.0015
-8.4 0.64 0.00213 0.00509 0.00175
-8.3 0.64 0.00248 0.00592 0.00203
-8.2 0.64 0.00288 0.00687 0.00236
-8.1 0.64 0.00335 0.00797 0.00274
-8 0.64 0.00389 0.00924 0.00318
-7.9 0.64 0.00451 0.0107 0.00368
-7.8 0.64 0.00522 0.0124 0.00425
-7.7 0.64 0.00604 0.0142 0.0049
-7.6 0.64 0.00697 0.0164 0.00564
-7.5 0.64 0.00803 0.0188 0.00648
-7.4 0.64 0.00924 0.0216 0.00743
-7.3 0.64 0.0106 0.0246 0.00848
-7.2 0.64 0.0121 0.028 0.00966
-7.1 0.64 0.0139 0.0318 0.011
-7 0.64 0.0158 0.0359 0.0124
-6.9 0.64 0.0179 0.0404 0.0139
-6.8 0.64 0.0202 0.0453 0.0156
-6.7 0.64 0.0228 0.0505 0.0174
-6.6 0.64 0.0256 0.0561 0.0194
-6.5 0.64 0.0287 0.062 0.0214
-6.4 0.64 0.032 0.0681 0.0235
-6.3 0.64 0.0357 0.0745 0.0257
-6.2 0.64 0.0396 0.0812 0.028
-6.1 0.64 0.0439 0.0882 0.0304
-6 0.64 0.0485 0.0955 0.033
-5.9 0.64 0.0536 0.103 0.0361
-5.8 0.64 0.0592 0.112 0.0395
-5.7 0.64 0.0655 0.121 0.0434
-5.6 0.64 0.0727 0.131 0.048
-5.5 0.64 0.0811 0.144 0.0536
-5.4 0.64 0.0912 0.161 0.0607
-5.3 0.64 0.104 0.184 0.0704
-5.2 0.64 0.121 0.22 0.0845
-5.1 0.64 0.148 0.283 0.108
-5 0.64 0.202 0.424 0.158
-4.9 0.64 0.406 1.02 0.359
-4.8 0.64 -0.468 0.557 1.63
-4.7 0.64 -0.0535 0.15 0.409
-4.6 0.64 0.0173 0.0899 0.222
-4.5 0.64 0.0506 0.0683 0.148
-4.4 0.64 0.0722 0.0586 0.109
-4.3 0.64 0.0883 0.054 0.0855
-4.2 0.64 0.102 0.0477 0.0699
-4.1 0.64 0.115 0.0477 0.0592
-4 0.64 0.126 0.0481 0.0506
-3.9 0.64 0.135 0.0481 0.0427
-3.8 0.64 0.142 0.047 0.0345
-3.7 0.64 0.147 0.0441 0.0253
-3.6 0.64 0.164 0.0445 0.0284
-3.5 0.64 0.169 0.0421 0.0211
-3.4 0.64 0.172 0.0372 0.0136
-3.3 0.64 0.16 0.0432 0.0672
-3.2 0.64 0.159 0.0323 0.0781
-3.1 0.64 0.16 0.033 0.0817
-3 0.64 0.14 0.0622 0.0695
-2.9 0.64 0.147 0.0653 0.0922
-2.8 0.64 0.161 0.0611 0.109
-2.7 0.64 0.182 0.0489 0.117
-2.6 0.64 0.212 0.058 0.11
-2.5 0.64 0.29 0.216 0.131
-2.4 0.64 0.321 0.213 0.0853
-2.3 0.64 0.292 0.124 0.0745
-2.2 0.64 0.31 0.109 0.0442
-2.1 0.64 0.312 0.0431 0.0273
-2 0.64 0.328 0.0304 0.0319
-1.9 0.64 0.36 0.162 0.0639
-1.8 0.64 0.345 0.0583 0.0258
-1.7 0.64 0.34 0.0613 0.0302
-1.6 0.64 0.348 0.0399 0.0293
-1.5 0.64 0.342 0.0258 0.0506
-1.4 0.64 0.328 0.0389 0.101
-1.3 0.64 0.37 0.00879 0.0243
-1.2 0.64 0.384 0.0164 0.0299
-1.1 0.64 0.399 0.0173 0.0234
-1 0.64 0.419 0.0235 0.0127
-0.9 0.64 0.429 0.00939 0.00409
-0.8 0.64 0.442 0.0223 0.0113
-0.7 0.64 0.463 0.0167 0.0242
-0.6 0.64 0.465 0.0156 0.0109
-0.5 0.64 0.474 0.00114 0.000714
-0.4 0.64 0.483 0.0125 0.0172
-0.3 0.64 0.493 0.0195 0.0283
-0.2 0.64 0.504 0.018 0.0281
-0.1 0.64 0.516 0.00791 0.016
3.73e-14 0.64 0.531 0.00433 0.00649
0.1 0.64 0.547 0.0259 0.0188
0.2 0.64 0.571 0.124 0.0937
0.3 0.64 0.582 0.0431 0.0168
0.4 0.64 0.596 0.0309 0.0154
0.5 0.64 0.652 0.13 0.0584
0.6 0.64 0.629 0.0817 0.0388
0.7 0.64 0.616 0.0452 0.0523
0.8 0.64 0.617 0.0418 0.0722
0.9 0.64 0.619 0.0269 0.079
1 0.64 0.608 0.0953 0.192
1.1 0.64 0.598 0.0714 0.188
1.2 0.64 0.647 0.0345 0.0409
1.3 0.64 0.652 0.0408 0.0959
1.4 0.64 0.667 0.0501 0.121
1.5 0.64 0.687 0.0737 0.125
1.6 0.64 0.66 0.0709 0.196
1.7 0.64 0.689 0.103 0.189
1.8 0.64 0.754 0.0831 0.0564
1.9 0.64 0.778 0.0878 0.0315
2 0.64 0.796 0.0837 0.0381
2.1 0.64 0.808 0.0739 0.042
2.2 0.64 0.815 0.0611 0.0415
2.3 0.64 0.82 0.0474 0.038
2.4 0.64 0.822 0.0344 0.0325
2.5 0.64 0.813 0.0396 0.0159
2.6 0.64 0.815 0.0349 0.0127
2.7 0.64 0.818 0.0291 0.0155
2.8 0.64 0.821 0.0231 0.0167
2.9 0.64 0.825 0.0176 0.0168
3 0.64 0.825 0.00519 0.0124
3.1 0.64 0.829 0.00585 0.0118
3.2 0.64 0.834 0.00601 0.0108
3.3 0.64 0.839 0.0058 0.0096
3.4 0.64 0.844 0.00535 0.00832
3.5 0.64 0.848 0.00476 0.00704
3.6 0.64 0.852 0.00412 0.00582
3.7 0.64 0.856 0.00347 0.00471
3.8 0.64 0.86 0.00285 0.00372
3.9 0.64 0.863 0.0023 0.00286
4 0.64 0.866 0.00182 0.00213
4.1 0.64 0.869 0.0014 0.00154
4.2 0.64 0.871 0.000792 0.00104
4.3 0.64 0.873 0.000556 0.000679
4.4 0.64 0.875 0.00038 0.000392
4.5 0.64 0.877 0.000442 0.000445
4.6 0.64 0.879 0.000481 0.000499
4.7 0.64 0.88 0.000341 0.000421
4.8 0.64 0.881 0.000374 0.000417
4.9 0.64 0.882 0.000497 0.000472
5 0.64 0.883 0.000479 0.000436
5.1 0.64 0.884 0.000454 0.000399
5.2 0.64 0.885 0.000423 0.000367
5.3 0.64 0.886 0.000388 0.000342
5.4 0.64 0.886 0.000349 0.000325
5.5 0.64 0.887 0.00031 0.000317
5.6 0.64 0.887 0.000273 0.000316
5.7 0.64 0.887 0.000239 0.000322
5.8 0.64 0.888 0.000212 0.000335
5.9 0.64 0.888 0.000193 0.000357
6 0.64 0.888 0.000185 0.000396
6.1 0.64 0.888 0.000235 0.000469
6.2 0.64 0.888 0.000281 0.000665
6.3 0.64 0.888 0.000669 0.00187
6.4 0.64 0.889 0.00108 0.000377
6.5 0.64 0.889 0.000323 0.000125
6.6 0.64 0.889 0.00016 6.96e-05
6.7 0.64 0.889 9.26e-05 4.61e-05
6.8 0.64 0.889 6.11e-05 3.01e-05
6.9 0.64 0.889 4.07e-05 2.25e-05
7 0.64 0.889 2.79e-05 1.74e-05
7.1 0.64 0.889 1.96e-05 1.37e-05
7.2 0.64 0.889 1.4e-05 1.1e-05
7.3 0.64 0.889 1.02e-05 8.82e-06
7.4 0.64 0.889 7.49e-06 7.12e-06
7.5 0.64 0.889 5.57e-06 5.75e-06
7.6 0.64 0.889 4.19e-06 4.64e-06
7.7 0.64 0.89 3.19e-06 3.72e-06
7.8 0.64 0.89 2.44e-06 2.96e-06
7.9 0.64 0.89 1.89e-06 2.31e-06
8 0.64 0.89 1.48e-06 1.77e-06
8.1 0.64 0.89 1.17e-06 1.33e-06
8.2 0.64 0.89 9.22e-07 9.38e-07
8.3 0.64 0.89 7.38e-07 7.93e-07
8.4 0.64 0.89 5.95e-07 7.15e-07
8.5 0.64 0.89 4.9e-07 6.5e-07
8.6 0.64 0.89 3.98e-07 5.93e-07
8.7 0.64 0.89 3.25e-07 5.45e-07
8.8 0.64 0.89 4.05e-07 5.05e-07
8.9 0.64 0.89 5.28e-07 4.72e-07
9 0.64 0.89 6.32e-07 4.37e-07
9.1 0.64 0.89 7.22e-07 4.68e-07
9.2 0.64 0.89 1.1e-06 1.29e-06
9.3 0.64 0.89 1.18e-06 1.31e-06
9.4 0.64 0.89 1.24e-06 1.33e-06
9.5 0.64 0.89 1.29e-06 1.34e-06
9.6 0.64 0.89 1.35e-06 1.35e-06
9.7 0.64 0.89 1.38e-06 1.36e-06
9.8 0.64 0.89 1.42e-06 1.37e-06
9.9 0.64 0.89 1.45e-06 1.38e-06
10 0.64 0.89 1.48e-06 1.39e-06
10.1 0.64 0.89 1.5e-06 1.39e-06
10.2 0.64 0.89 1.51e-06 1.39e-06
10.3 0.64 0.89 1.53e-06 1.4e-06
10.4 0.64 0.89 1.55e-06 1.4e-06
10.5 0.64 0.89 1.55e-06 1.41e-06
10.6 0.64 0.89 1.57e-06 1.41e-06
10.7 0.64 0.89 1.58e-06 1.41e-06
10.8 0.64 0.89 1.59e-06 1.42e-06
10.9 0.64 0.89 1.59e-06 1.41e-06
11 0.64 0.89 1.59e-06 1.42e-06
11.1 0.64 0.89 1.6e-06 1.42e-06
11.2 0.64 0.89 1.6e-06 1.42e-06
11.3 0.64 0.89 1.61e-06 1.42e-06
11.4 0.64 0.89 1.61e-06 1.41e-06
11.5 0.64 0.89 1.61e-06 1.42e-06
11.6 0.64 0.89 1.61e-06 1.42e-06
11.7 0.64 0.89 1.62e-06 1.42e-06
11.8 0.64 0.89 1.61e-06 1.42e-06
11.9 0.64 0.89 1.62e-06 1.42e-06
12 0.64 0.89 1.62e-06 1.42e-06
12.1 0.64 0.89 1.62e-06 1.42e-06
12.2 0.64 0.89 1.62e-06 1.42e-06
12.3 0.64 0.89 1.63e-06 1.42e-06
12.4 0.64 0.89 1.63e-06 1.42e-06
12.5 0.64 0.89 1.62e-06 1.42e-06
12.6 0.64 0.89 1.63e-06 1.42e-06
12.7 0.64 0.89 1.63e-06 1.42e-06
12.8 0.64 0.89 1.62e-06 1.42e-06
12.9 0.64 0.89 1.63e-06 1.42e-06
13 0.64 0.89 1.63e-06 1.42e-06
13.1 0.64 0.89 1.62e-06 1.42e-06
13.2 0.64 0.89 1.63e-06 1.42e-06
13.3 0.64 0.89 1.63e-06 1.42e-06
13.4 0.64 0.89 1.63e-06 1.42e-06
13.5 0.64 0.89 1.63e-06 1.42e-06
13.6 0.64 0.89 1.62e-06 1.42e-06
13.7 0.64 0.89 1.63e-06 1.42e-06
13.8 0.64 0.89 1.63e-06 1.42e-06
13.9 0.64 0.89 1.63e-06 1.42e-06
14 0.64 0.89 1.63e-06 1.42e-06
14.1 0.64 0.89 1.63e-06 1.42e-06
14.2 0.64 0.89 1.63e-06 1.42e-06
14.3 0.64 0.89 1.63e-06 1.42e-06
14.4 0.64 0.89 1.63e-06 1.42e-06
14.5 0.64 0.89 1.63e-06 1.42e-06
14.6 0.64 0.89 1.63e-06 1.42e-06
14.7 0.64 0.89 1.63e-06 1.42e-06
14.8 0.64 0.89 1.63e-06 1.42e-06
14.9 0.64 0.89 1.63e-06 1.42e-06
15 0.64 0.89 1.63e-06 1.42e-06
15.1 0.64 0.89 1.63e-06 1.42e-06
15.2 0.64 0.89 1.63e-06 1.42e-06
15.3 0.64 0.89 1.63e-06 1.42e-06
15.4 0.64 0.89 1.63e-06 1.42e-06
15.5 0.64 0.89 1.63e-06 1.42e-06
15.6 0.64 0.89 1.63e-06 1.42e-06
15.7 0.64 0.89 1.63e-06 1.42e-06
15.8 0.64 0.89 1.63e-06 1.42e-06
15.9 0.64 0.89 1.63e-06 1.42e-06
16 0.64 0.89 1.63e-06 1.42e-06
16.1 0.64 0.89 1.63e-06 1.42e-06
16.2 0.64 0.89 1.63e-06 1.42e-06
16.3 0.64 0.89 1.63e-06 1.42e-06
16.4 0.64 0.89 1.62e-06 1.42e-06
16.5 0.64 0.89 1.63e-06 1.42e-06
16.6 0.64 0.89 1.63e-06 1.42e-06
16.7 0.64 0.89 1.63e-06 1.42e-06
16.8 0.64 0.89 1.63e-06 1.42e-06
16.9 0.64 0.89 1.62e-06 1.42e-06
17 0.64 0.89 1.63e-06 1.42e-06
17.1 0.64 0.89 1.63e-06 1.42e-06
17.2 0.64 0.89 1.62e-06 1.42e-06
17.3 0.64 0.89 1.63e-06 1.42e-06
17.4 0.64 0.89 1.63e-06 1.42e-06
17.5 0.64 0.89 1.62e-06 1.42e-06
17.6 0.64 0.89 1.63e-06 1.42e-06
17.7 0.64 0.89 1.63e-06 1.42e-06
17.8 0.64 0.89 1.62e-06 1.42e-06
17.9 0.64 0.89 1.62e-06 1.42e-06
18 0.64 0.89 1.62e-06 1.42e-06
18.1 0.64 0.89 1.62e-06 1.42e-06
18.2 0.64 0.89 1.61e-06 1.42e-06
18.3 0.64 0.89 1.62e-06 1.42e-06
18.4 0.64 0.89 1.61e-06 1.42e-06
18.5 0.64 0.89 1.61e-06 1.42e-06
18.6 0.64 0.89 1.61e-06 1.41e-06
18.7 0.64 0.89 1.61e-06 1.42e-06
18.8 0.64 0.89 1.6e-06 1.42e-06
18.9 0.64 0.89 1.6e-06 1.42e-06
19 0.64 0.89 1.59e-06 1.42e-06
19.1 0.64 0.89 1.59e-06 1.41e-06
19.2 0.64 0.89 1.59e-06 1.42e-06
19.3 0.64 0.89 1.58e-06 1.41e-06
19.4 0.64 0.89 1.57e-06 1.41e-06
19.5 0.64 0.89 1.55e-06 1.41e-06
19.6 0.64 0.89 1.55e-06 1.4e-06
19.7 0.64 0.89 1.53e-06 1.4e-06
19.8 0.64 0.89 1.51e-06 1.39e-06
19.9 0.64 0.89 1.5e-06 1.39e-06
20 0.64 0.89 1.48e-06 1.39e-06
20.1 0.64 0.89 1.45e-06 1.38e-06
20.2 0.64 0.89 1.42e-06 1.37e-06
20.3 0.64 0.89 1.38e-06 1.36e-06
20.4 0.64 0.89 1.35e-06 1.35e-06
20.5 0.64 0.89 1.29e-06 1.34e-06
20.6 0.64 0.89 1.24e-06 1.33e-06
20.7 0.64 0.89 1.18e-06 1.31e-06
20.8 0.64 0.89 1.1e-06 1.29e-06
20.9 0.64 0.89 7.22e-07 4.68e-07
21 0.64 0.89 6.32e-07 4.37e-07
21.1 0.64 0.89 5.28e-07 4.72e-07
21.2 0.64 0.89 4.05e-07 5.05e-07
21.3 0.64 0.89 3.25e-07 5.45e-07
21.4 0.64 0.89 3.98e-07 5.93e-07
21.5 0.64 0.89 4.9e-07 6.5e-07
21.6 0.64 0.89 5.95e-07 7.15e-07
21.7 0.64 0.89 7.38e-07 7.93e-07
21.8 0.64 0.89 9.22e-07 9.38e-07
21.9 0.64 0.89 1.17e-06 1.33e-06
22 0.64 0.89 1.48e-06 1.77e-06
22.1 0.64 0.89 1.89e-06 2.31e-06
22.2 0.64 0.89 2.44e-06 2.96e-06
22.3 0.64 0.89 3.19e-06 3.72e-06
22.4 0.64 0.889 4.19e-06 4.64e-06
22.5 0.64 0.889 5.57e-06 5.75e-06
22.6 0.64 0.889 7.49e-06 7.12e-06
22.7 0.64 0.889 1.02e-05 8.82e-06
22.8 0.64 0.889 1.4e-05 1.1e-05
22.9 0.64 0.889 1.96e-05 1.37e-05
23 0.64 0.889 2.79e-05 1.74e-05
23.1 0.64 0.889 4.07e-05 2.25e-05
23.2 0.64 0.889 6.11e-05 3.01e-05
23.3 0.64 0.889 9.26e-05 4.61e-05
23.4 0.64 0.889 0.00016 6.96e-05
23.5 0.64 0.889 0.000323 0.000125
23.6 0.64 0.889 0.00108 0.000377
23.7 0.64 0.888 0.000669 0.00187
23.8 0.64 0.888 0.000281 0.000665
23.9 0.64 0.888 0.000235 0.000469
24 0.64 0.888 0.000185 0.000396
24.1 0.64 0.888 0.000193 0.000357
24.2 0.64 0.888 0.000212 0.000335
24.3 0.64 0.887 0.000239 0.000322
24.4 0.64 0.887 0.000273 0.000316
24.5 0.64 0.887 0.00031 0.000317
24.6 0.64 0.886 0.000349 0.000325
24.7 0.64 0.886 0.000388 0.000342
24.8 0.64 0.885 0.000423 0.000367
24.9 0.64 0.884 0.000454 0.000399
25 0.64 0.883 0.000479 0.000436
25.1 0.64 0.882 0.000497 0.000472
25.2 0.64 0.881 0.000374 0.000417
25.3 0.64 0.88 0.000341 0.000421
25.4 0.64 0.879 0.000481 0.000499
25.5 0.64 0.877 0.000442 0.000445
25.6 0.64 0.875 0.00038 0.000392
25.7 0.64 0.873 0.000556 0.000679
25.8 0.64 0.871 0.000792 0.00104
25.9 0.64 0.869 0.0014 0.00154
26 0.64 0.866 0.00182 0.00213
26.1 0.64 0.863 0.0023 0.00286
26.2 0.64 0.86 0.00285 0.00372
26.3 0.64 0.856 0.00347 0.00471
26.4 0.64 0.852 0.00412 0.00582
26.5 0.64 0.848 0.00476 0.00704
26.6 0.64 0.844 0.00535 0.00832
26.7 0.64 0.839 0.0058 0.0096
26.8 0.64 0.834 0.00601 0.0108
26.9 0.64 0.829 0.00585 0.0118
27 0.64 0.825 0.00519 0.0124
27.1 0.64 0.825 0.0176 0.0168
27.2 0.64 0.821 0.0231 0.0167
27.3 0.64 0.818 0.0291 0.0155
27.4 0.64 0.815 0.0349 0.0127
27.5 0.64 0.813 0.0396 0.0159
27.6 0.64 0.822 0.0344 0.0325
27.7 0.64 0.82 0.0474 0.038
27.8 0.64 0.815 0.0611 0.0415
27.9 0.64 0.808 0.0739 0.042
28 0.64 0.796 0.0837 0.0381
28.1 0.64 0.778 0.0878 0.0315
28.2 0.64 0.754 0.0831 0.0564
28.3 0.64 0.689 0.103 0.189
28.4 0.64 0.66 0.0709 0.196
28.5 0.64 0.687 0.0737 0.125
28.6 0.64 0.667 0.0501 0.121
28.7 0.64 0.652 0.0408 0.0959
28.8 0.64 0.647 0.0345 0.0409
28.9 0.64 0.598 0.0714 0.188
29 0.64 0.608 0.0953 0.192
29.1 0.64 0.619 0.0269 0.079
29.2 0.64 0.617 0.0418 0.0722
29.3 0.64 0.616 0.0452 0.0523
29.4 0.64 0.629 0.0817 0.0388
29.5 0.64 0.652 0.13 0.0584
29.6 0.64 0.596 0.0309 0.0154
29.7 0.64 0.582 0.0431 0.0168
29.8 0.64 0.571 0.124 0.0937
29.9 0.64 0.547 0.0259 0.0188
30 0.64 0.531 0.00433 0.00649
30.1 0.64 0.516 0.00791 0.016
30.2 0.64 0.504 0.018 0.0281
30.3 0.64 0.493 0.0195 0.0283
30.4 0.64 0.483 0.0125 0.0172
30.5 0.64 0.474 0.00114 0.000714
30.6 0.64 0.465 0.0156 0.0109
30.7 0.64 0.463 0.0167 0.0242
30.8 0.64 0.442 0.0223 0.0113
30.9 0.64 0.429 0.00939 0.00409
31 0.64 0.419 0.0235 0.0127
31.1 0.64 0.399 0.0173 0.0234
31.2 0.64 0.384 0.0164 0.0299
31.3 0.64 0.37 0.00879 0.0243
31.4 0.64 0.328 0.0389 0.101
31.5 0.64 0.342 0.0258 0.0506
31.6 0.64 0.348 0.0399 0.0293
31.7 0.64 0.34 0.0613 0.0302
31.8 0.64 0.345 0.0583 0.0258
31.9 0.64 0.36 0.162 0.0639
32 0.64 0.328 0.0304 0.0319
32.1 0.64 0.312 0.0431 0.0273
32.2 0.64 0.31 0.109 0.0442
32.3 0.64 0.292 0.124 0.0745
32.4 0.64 0.321 0.213 0.0853
32.5 0.64 0.29 0.216 0.131
32.6 0.64 0.212 0.058 0.11
32.7 0.64 0.182 0.0489 0.117
32.8 0.64 0.161 0.0611 0.109
32.9 0.64 0.147 0.0653 0.0922
33 0.64 0.14 0.0622 0.0695
33.1 0.64 0.16 0.033 0.0817
33.2 0.64 0.159 0.0323 0.0781
33.3 0.64 0.16 0.0432 0.0672
33.4 0.64 0.172 0.0372 0.0136
33.5 0.64 0.169 0.0421 0.0211
33.6 0.64 0.164 0.0445 0.0284
33.7 0.64 0.147 0.0441 0.0253
33.8 0.64 0.142 0.047 0.0345
33.9 0.64 0.135 0.0481 0.0427
34 0.64 0.126 0.0481 0.0506
34.1 0.64 0.115 0.0477 0.0592
34.2 0.64 0.102 0.0477 0.0699
34.3 0.64 0.0883 0.054 0.0855
34.4 0.64 0.0722 0.0586 0.109
34.5 0.64 0.0506 0.0683 0.148
34.6 0.64 0.0173 0.0899 0.222
34.7 0.64 -0.0535 0.15 0.409
34.8 0.64 -0.468 0.557 1.63
34.9 0.64 0.406 1.02 0.359
35 0.64 0.202 0.424 0.158
35.1 0.64 0.148 0.283 0.108
35.2 0.64 0.121 0.22 0.0845
35.3 0.64 0.104 0.184 0.0704
35.4 0.64 0.0912 0.161 0.0607
35.5 0.64 0.0811 0.144 0.0536
35.6 0.64 0.0727 0.131 0.048
35.7 0.64 0.0655 0.121 0.0434
35.8 0.64 0.0592 0.112 0.0395
35.9 0.64 0.0536 0.103 0.0361
36 0.64 0.0485 0.0955 0.033
36.1 0.64 0.0439 0.0882 0.0304
36.2 0.64 0.0396 0.0812 0.028
36.3 0.64 0.0357 0.0745 0.0257
36.4 0.64 0.032 0.0681 0.0235
36.5 0.64 0.0287 0.062 0.0214
36.6 0.64 0.0256 0.0561 0.0194
36.7 0.64 0.0228 0.0505 0.0174
36.8 0.64 0.0202 0.0453 0.0156
36.9 0.64 0.0179 0.0404 0.0139
37 0.64 0.0158 0.0359 0.0124
37.1 0.64 0.0139 0.0318 0.011
37.2 0.64 0.0121 0.028 0.00966
37.3 0.64 0.0106 0.0246 0.00848
37.4 0.64 0.00924 0.0216 0.00743
37.5 0.64 0.00803 0.0188 0.00648
37.6 0.64 0.00697 0.0164 0.00564
37.7 0.64 0.00604 0.0142 0.0049
37.8 0.64 0.00522 0.0124 0.00425
37.9 0.64 0.00451 0.0107 0.00368
38 0.64 0.00389 0.00924 0.00318
38.1 0.64 0.00335 0.00797 0.00274
38.2 0.64 0.00288 0.00687 0.00236
38.3 0.64 0.00248 0.00592 0.00203
38.4 0.64 0.00213 0.00509 0.00175
38.5 0.64 0.00183 0.00438 0.0015
38.6 0.64 0.00157 0.00376 0.00129
38.7 0.64 0.00135 0.00323 0.00111
38.8 0.64 0.00116 0.00277 0.000952
38.9 0.64 0.000991 0.00237 0.000816
39 0.64 0.000849 0.00204 0.0007
39.1 0.64 0.000727 0.00174 0.0006
39.2 0.64 0.000623 0.00149 0.000514
39.3 0.64 0.000533 0.00128 0.00044
39.4 0.64 0.000457 0.0011 0.000377
39.5 0.64 0.000391 0.000939 0.000323
39.6 0.64 0.000335 0.000804 0.000276
39.7 0.64 0.000286 0.000688 0.000236
39.8 0.64 0.000245 0.000589 0.000202
39.9 0.64 0.00021 0.000504 0.000173
40 0.64 0.00018 0.000431 0.000148
40.1 0.64 0.000154 0.000369 0.000127
40.2 0.64 0.000131 0.000316 0.000109
40.3 0.64 0.000112 0.00027 9.28e-05
40.4 0.64 9.62e-05 0.000231 7.94e-05
40.5 0.64 8.23e-05 0.000198 6.8e-05
40.6 0.64 7.04e-05 0.000169 5.81e-05
40.7 0.64 6.02e-05 0.000145 4.97e-05
40.8 0.64 5.15e-05 0.000124 4.25e-05
40.9 0.64 4.41e-05 0.000106 3.64e-05
41 0.64 3.77e-05 9.06e-05 3.11e-05
41.1 0.64 3.22e-05 7.75e-05 2.66e-05
41.2 0.64 2.76e-05 6.63e-05 2.28e-05
41.3 0.64 2.36e-05 5.67e-05 1.95e-05
41.4 0.64 2.02e-05 4.85e-05 1.67e-05
41.5 0.64 1.73e-05 4.15e-05 1.43e-05
41.6 0.64 1.48e-05 3.55e-05 1.22e-05
41.7 0.64 1.26e-05 3.04e-05 1.04e-05
41.8 0.64 1.08e-05 2.6e-05 8.92e-06
41.9 0.64 9.24e-06 2.22e-05 7.63e-06
42 0.64 7.9e-06 1.9e-05 6.53e-06
42.1 0.64 6.76e-06 1.63e-05 5.58e-06
42.2 0.64 5.78e-06 1.39e-05 4.78e-06
42.3 0.64 4.95e-06 1.19e-05 4.09e-06
42.4 0.64 4.23e-06 1.02e-05 3.49e-06
42.5 0.64 3.62e-06 8.7e-06 2.99e-06
42.6 0.64 3.1e-06 7.44e-06 2.56e-06
42.7 0.64 2.65e-06 6.36e-06 2.19e-06
42.8 0.64 2.26e-06 5.44e-06 1.87e-06
42.9 0.64 1.94e-06 4.66e-06 1.6e-06
43 0.64 1.66e-06 3.98e-06 1.37e-06
43.1 0.64 1.42e-06 3.41e-06 1.17e-06
43.2 0.64 1.21e-06 2.91e-06 1e-06
43.3 0.64 1.04e-06 2.49e-06 8.56e-07
43.4 0.64 8.87e-07 2.13e-06 7.33e-07
43.5 0.64 7.59e-07 1.82e-06 6.27e-07
43.6 0.64 6.49e-07 1.56e-06 5.36e-07
43.7 0.64 5.55e-07 1.33e-06 4.58e-07
43.8 0.64 4.75e-07 1.14e-06 3.92e-07
43.9 0.64 4.06e-07 9.76e-07 3.35e-07
44 0.64 3.47e-07 8.35e-07 2.87e-07
44.1 0.64 2.97e-07 7.14e-07 2.45e-07
44.2 0.64 2.54e-07 6.11e-07 2.1e-07
44.3 0.64 2.17e-07 5.22e-07 1.8e-07
44.4 0.64 1.86e-07 4.47e-07 1.54e-07
44.5 0.64 1.59e-07 3.82e-07 1.31e-07
44.6 0.64 1.36e-07 3.27e-07 1.12e-07
44.7 0.64 1.16e-07 2.8e-07 9.61e-08
44.8 0.64 9.95e-08 2.39e-07 8.22e-08
44.9 0.64 8.51e-08 2.05e-07 7.03e-08
45 0.64 7.28e-08 1.75e-07 6.01e-08
45.1 0.64 6.23e-08 1.5e-07 5.14e-08
45.2 0.64 5.33e-08 1.28e-07 4.4e-08
45.3 0.64 4.56e-08 1.1e-07 3.76e-08
45.4 0.64 3.9e-08 9.37e-08 3.22e-08
45.5 0.64 3.33e-08 8.01e-08 2.75e-08
45.6 0.64 2.85e-08 6.85e-08 2.35e-08
45.7 0.64 2.44e-08 5.86e-08 2.01e-08
45.8 0.64 2.09e-08 5.01e-08 1.72e-08
45.9 0.64 1.78e-08 4.29e-08 1.47e-08
46 0.64 1.53e-08 3.67e-08 1.26e-08
46.1 0.64 1.31e-08 3.14e-08 1.08e-08
46.2 0.64 1.12e-08 2.68e-08 9.22e-09
46.3 0.64 9.55e-09 2.3e-08 7.89e-09
46.4 0.64 8.17e-09 1.96e-08 6.75e-09
46.5 0.64 6.99e-09 1.68e-08 5.77e-09
46.6 0.64 5.98e-09 1.44e-08 4.94e-09
46.7 0.64 5.11e-09 1.23e-08 4.22e-09
46.8 0.64 4.37e-09 1.05e-08 3.61e-09
46.9 0.64 3.74e-09 8.99e-09 3.09e-09
47 0.64 3.2e-09 7.69e-09 2.64e-09
47.1 0.64 2.74e-09 6.58e-09 2.26e-09
47.2 0.64 2.34e-09 5.63e-09 1.93e-09
47.3 0.64 2e-09 4.81e-09 1.65e-09
47.4 0.64 1.71e-09 4.12e-09 1.41e-09
47.5 0.64 1.46e-09 3.52e-09 1.21e-09
47.6 0.64 1.25e-09 3.01e-09 1.03e-09
47.7 0.64 1.07e-09 2.58e-09 8.85e-10
47.8 0.64 9.17e-10 2.2e-09 7.57e-10
47.9 0.64 7.84e-10 1.88e-09 6.47e-10
48 0.64 6.71e-10 1.61e-09 5.54e-10
48.1 0.64 5.74e-10 1.38e-09 4.74e-10
48.2 0.64 4.91e-10 1.18e-09 4.05e-10
48.3 0.64 4.2e-10 1.01e-09 3.47e-10
48.4 0.64 3.59e-10 8.63e-10 2.96e-10
48.5 0.64 3.07e-10 7.38e-10 2.54e-10
48.6 0.64 2.63e-10 6.31e-10 2.17e-10
48.7 0.64 2.25e-10 5.4e-10 1.86e-10
48.8 0.64 1.92e-10 4.62e-10 1.59e-10
48.9 0.64 1.64e-10 3.95e-10 1.36e-10
49 0.64 1.41e-10 3.38e-10 1.16e-10
51.3 0.64 3.86e-12 9.29e-12 3.19e-12
51.4 0.64 3.31e-12 7.95e-12 2.73e-12
51.5 0.64 2.83e-12 6.8e-12 2.34e-12
51.6 0.64 2.42e-12 5.81e-12 2e-12
51.7 0.64 2.07e-12 4.97e-12 1.71e-12
51.8 0.64 1.77e-12 4.25e-12 1.46e-12
51.9 0.64 1.51e-12 3.64e-12 1.25e-12
52 0.64 1.29e-12 3.11e-12 1.07e-12
52.1 0.64 1.11e-12 2.66e-12 9.14e-13
52.2 0.64 9.47e-13 2.28e-12 7.82e-13
52.3 0.64 8.1e-13 1.95e-12 6.69e-13
52.4 0.64 6.93e-13 1.67e-12 5.72e-13
52.5 0.64 5.93e-13 1.42e-12 4.89e-13
52.6 0.64 5.07e-13 1.22e-12 4.19e-13
52.7 0.64 4.34e-13 1.04e-12 3.58e-13
52.8 0.64 3.71e-13 8.91e-13 3.06e-13
52.9 0.64 3.17e-13 7.62e-13 2.62e-13
53 0.64 2.71e-13 6.52e-13 2.24e-13
53.1 0.64 2.32e-13 5.58e-13 1.92e-13
53.2 0.64 1.99e-13 4.77e-13 1.64e-13
53.3 0.64 1.7e-13 4.08e-13 1.4e-13
53.4 0.64 1.45e-13 3.49e-13 1.2e-13
53.5 0.64 1.24e-13 2.99e-13 1.03e-13
53.6 0.64 1.06e-13 2.55e-13 8.78e-14
53.7 0.64 9.09e-14 2.18e-13 7.51e-14
53.8 0.64 7.77e-14 1.87e-13 6.42e-14
53.9 0.64 6.65e-14 1.6e-13 5.49e-14
54 0.64 5.69e-14 1.37e-13 4.7e-14
54.1 0.64 4.86e-14 1.17e-13 4.02e-14
54.2 0.64 4.16e-14 1e-13 3.44e-14
54.3 0.64 3.56e-14 8.55e-14 2.94e-14
54.4 0.64 3.04e-14 7.32e-14 2.51e-14
54.5 0.64 2.6e-14 6.26e-14 2.15e-14
54.6 0.64 2.23e-14 5.35e-14 1.84e-14
54.7 0.64 1.91e-14 4.58e-14 1.57e-14
54.8 0.64 1.63e-14 3.92e-14 1.35e-14
54.9 0.64 1.39e-14 3.35e-14 1.15e-14
55 0.64 1.19e-14 2.87e-14 9.85e-15
55.1 0.64 1.02e-14 2.45e-14 8.42e-15
55.2 0.64 8.72e-15 2.1e-14 7.2e-15
55.3 0.64 7.46e-15 1.79e-14 6.16e-15
55.4 0.64 6.38e-15 1.53e-14 5.27e-15
55.5 0.64 5.46e-15 1.31e-14 4.51e-15
55.6 0.64 4.67e-15 1.12e-14 3.86e-15
55.7 0.64 3.99e-15 9.6e-15 3.3e-15
55.8 0.64 3.42e-15 8.21e-15 2.82e-15
55.9 0.64 2.92e-15 7.02e-15 2.41e-15
56 0.64 2.5e-15 6.01e-15 2.06e-15
56.1 0.64 2.14e-15 5.14e-15 1.77e-15
56.2 0.64 1.83e-15 4.39e-15 1.51e-15
56.3 0.64 1.56e-15 3.76e-15 1.29e-15
56.4 0.64 1.34e-15 3.21e-15 1.1e-15
56.5 0.64 1.14e-15 2.75e-15 9.45e-16
56.6 0.64 9.79e-16 2.35e-15 8.08e-16
56.7 0.64 8.37e-16 2.01e-15 6.91e-16
56.8 0.64 7.16e-16 1.72e-15 5.91e-16
56.9 0.64 6.12e-16 1.47e-15 5.06e-16
57 0.64 5.24e-16 1.26e-15 4.33e-16
57.1 0.64 4.48e-16 1.08e-15 3.7e-16
57.2 0.64 3.83e-16 9.21e-16 3.17e-16
57.3 0.64 3.28e-16 7.88e-16 2.71e-16
57.4 0.64 2.8e-16 6.74e-16 2.32e-16
57.5 0.64 2.4e-16 5.76e-16 1.98e-16
57.6 0.64 2.05e-16 4.93e-16 1.69e-16
57.7 0.64 1.75e-16 4.22e-16 1.45e-16
57.8 0.64 1.5e-16 3.61e-16 1.24e-16
57.9 0.64 1.28e-16 3.09e-16 1.06e-16
58 0.64 1.1e-16 2.64e-16 9.07e-17
58.1 0.64 9.39e-17 2.26e-16 7.76e-17
58.2 0.64 8.03e-17 1.93e-16 6.63e-17
58.3 0.64 6.87e-17 1.65e-16 5.67e-17
58.4 0.64 5.88e-17 1.41e-16 4.85e-17
58.5 0.64 5.03e-17 1.21e-16 4.15e-17
58.6 0.64 4.3e-17 1.03e-16 3.55e-17
58.7 0.64 3.68e-17 8.84e-17 3.04e-17
58.8 0.64 3.15e-17 7.56e-17 2.6e-17
58.9 0.64 2.69e-17 6.47e-17 2.22e-17
59 0.64 2.3e-17 5.53e-17 1.9e-17
59.1 0.64 1.97e-17 4.73e-17 1.63e-17
59.2 0.64 1.68e-17 4.05e-17 1.39e-17
59.3 0.64 1.44e-17 3.46e-17 1.19e-17
59.4 0.64 1.23e-17 2.96e-17 1.02e-17
59.5 0.64 1.05e-17 2.53e-17 8.7e-18
59.6 0.64 9.01e-18 2.17e-17 7.44e-18
59.7 0.64 7.71e-18 1.85e-17 6.37e-18
59.8 0.64 6.59e-18 1.58e-17 5.45e-18
59.9 0.64 5.64e-18 1.36e-17 4.66e-18
60 0.64 4.82e-18 1.16e-17 3.98e-18
60.1 0.64 4.13e-18 9.92e-18 3.41e-18
60.2 0.64 3.53e-18 8.48e-18 2.91e-18
60.3 0.64 3.02e-18 7.26e-18 2.49e-18
60.4 0.64 2.58e-18 6.21e-18 2.13e-18
60.5 0.64 2.21e-18 5.31e-18 1.82e-18
60.6 0.64 1.89e-18 4.54e-18 1.56e-18
60.7 0.64 1.62e-18 3.88e-18 1.33e-18
60.8 0.64 1.38e-18 3.32e-18 1.14e-18
60.9 0.64 1.18e-18 2.84e-18 9.76e-19
61 0.64 1.01e-18 2.43e-18 8.35e-19
61.1 0.64 8.65e-19 2.08e-18 7.14e-19
61.2 0.64 7.4e-19 1.78e-18 6.11e-19
61.3 0.64 6.33e-19 1.52e-18 5.23e-19
61.4 0.64 5.41e-19 1.3e-18 4.47e-19
61.5 0.64 4.63e-19 1.11e-18 3.82e-19
61.6 0.64 3.96e-19 9.52e-19 3.27e-19
61.7 0.64 3.39e-19 8.14e-19 2.8e-19
61.8 0.64 2.9e-19 6.96e-19 2.39e-19
61.9 0.64 2.48e-19 5.96e-19 2.05e-19
62 0.64 2.12e-19 5.09e-19 1.75e-19
62.1 0.64 1.81e-19 4.36e-19 1.5e-19
62.2 0.64 1.55e-19 3.73e-19 1.28e-19
62.3 0.64 1.33e-19 3.19e-19 1.1e-19
62.4 0.64 1.13e-19 2.73e-19 9.37e-20
62.5 0.64 9.7e-20 2.33e-19 8.01e-20
62.6 0.64 8.3e-20 2e-19 6.86e-20
62.7 0.64 7.1e-20 1.71e-19 5.86e-20
62.8 0.64 6.07e-20 1.46e-19 5.02e-20
62.9 0.64 5.19e-20 1.25e-19 4.29e-20
63 0.64 4.44e-20 1.07e-19 3.67e-20
63.1 0.64 3.8e-20 9.13e-20 3.14e-20
63.2 0.64 3.25e-20 7.81e-20 2.68e-20
63.3 0.64 2.78e-20 6.68e-20 2.3e-20
63.4 0.64 2.38e-20 5.72e-20 1.96e-20
63.5 0.64 2.03e-20 4.89e-20 1.68e-20
63.6 0.64 1.74e-20 4.18e-20 1.44e-20
63.7 0.64 1.49e-20 3.58e-20 1.23e-20
63.8 0.64 1.27e-20 3.06e-20 1.05e-20
63.9 0.64 1.09e-20 2.62e-20 8.99e-21
64 0.64 9.31e-21 2.24e-20 7.69e-21
64.1 0.64 7.97e-21 1.91e-20 6.58e-21
64.2 0.64 6.81e-21 1.64e-20 5.63e-21
64.3 0.64 5.83e-21 1.4e-20 4.81e-21
64.4 0.64 4.98e-21 1.2e-20 4.12e-21
64.5 0.64 4.26e-21 1.02e-20 3.52e-21
64.6 0.64 3.65e-21 8.77e-21 3.01e-21
64.7 0.64 3.12e-21 7.5e-21 2.58e-21
64.8 0.64 2.67e-21 6.41e-21 2.2e-21
64.9 0.64 2.28e-21 5.49e-21 1.88e-21
65 0.64 1.95e-21 4.69e-21 1.61e-21
65.1 0.64 1.67e-21 4.01e-21 1.38e-21
65.2 0.64 1.43e-21 3.43e-21 1.18e-21
65.3 0.64 1.22e-21 2.94e-21 1.01e-21
65.4 0.64 1.04e-21 2.51e-21 8.63e-22
65.5 0.64 8.94e-22 2.15e-21 7.38e-22
65.6 0.64 7.64e-22 1.84e-21 6.31e-22
65.7 0.64 6.54e-22 1.57e-21 5.4e-22
65.8 0.64 5.59e-22 1.34e-21 4.62e-22
65.9 0.64 4.78e-22 1.15e-21 3.95e-22
66 0.64 4.09e-22 9.83e-22 3.38e-22
66.1 0.64 3.5e-22 8.41e-22 2.89e-22
66.2 0.64 2.99e-22 7.2e-22 2.47e-22
66.3 0.64 2.56e-22 6.15e-22 2.11e-22
66.4 0.64 2.19e-22 5.26e-22 1.81e-22
66.5 0.64 1.87e-22 4.5e-22 1.55e-22
66.6 0.64 1.6e-22 3.85e-22 1.32e-22
66.7 0.64 1.37e-22 3.29e-22 1.13e-22
66.8 0.64 1.17e-22 2.82e-22 9.68e-23
66.9 0.64 1e-22 2.41e-22 8.28e-23
67 0.64 8.58e-23 2.06e-22 7.08e-23
67.1 0.64 7.34e-23 1.76e-22 6.06e-23
67.2 0.64 6.27e-23 1.51e-22 5.18e-23
67.3 0.64 5.37e-23 1.29e-22 4.43e-23
67.4 0.64 4.59e-23 1.1e-22 3.79e-23
67.5 0.64 3.93e-23 9.44e-23 3.24e-23
67.6 0.64 3.36e-23 8.07e-23 2.77e-23
67.7 0.64 2.87e-23 6.9e-23 2.37e-23
67.8 0.64 2.46e-23 5.91e-23 2.03e-23
67.9 0.64 2.1e-23 5.05e-23 1.74e-23
68 0.64 1.8e-23 4.32e-23 1.48e-23
68.1 0.64 1.54e-23 3.7e-23 1.27e-23
68.2 0.64 1.32e-23 3.16e-23 1.09e-23
68.3 0.64 1.13e-23 2.7e-23 9.29e-24
68.4 0.64 9.62e-24 2.31e-23 7.95e-24
68.5 0.64 8.23e-24 1.98e-23 6.8e-24
68.6 0.64 7.04e-24 1.69e-23 5.81e-24
68.7 0.64 6.02e-24 1.45e-23 4.97e-24
68.8 0.64 5.15e-24 1.24e-23 4.25e-24
68.9 0.64 4.41e-24 1.06e-23 3.64e-24
69 0.64 3.77e-24 9.06e-24 3.11e-24
69.1 0.64 3.22e-24 7.75e-24 2.66e-24
69.2 0.64 2.76e-24 6.63e-24 2.28e-24
69.3 0.64 2.36e-24 5.67e-24 1.95e-24
69.4 0.64 2.02e-24 4.85e-24 1.67e-24
69.5 0.64 1.73e-24 4.15e-24 1.42e-24
69.6 0.64 1.48e-24 3.55e-24 1.22e-24
69.7 0.64 1.26e-24 3.03e-24 1.04e-24
69.8 0.64 1.08e-24 2.59e-24 8.92e-25
69.9 0.64 9.23e-25 2.22e-24 7.63e-25
70 0.64 7.9e-25 1.9e-24 6.52e-25
70.1 0.64 6.76e-25 1.62e-24 5.58e-25
70.2 0.64 5.78e-25 1.39e-24 4.77e-25
70.3 0.64 4.94e-25 1.19e-24 4.08e-25
70.4 0.64 4.23e-25 1.02e-24 3.49e-25
70.5 0.64 3.62e-25 8.69e-25 2.99e-25
70.6 0.64 3.09e-25 7.43e-25 2.55e-25
70.7 0.64 2.65e-25 6.36e-25 2.19e-25
70.8 0.64 2.26e-25 5.44e-25 1.87e-25
70.9 0.64 1.94e-25 4.65e-25 1.6e-25
71 0.64 1.66e-25 3.98e-25 1.37e-25
71.1 0.64 1.42e-25 3.4e-25 1.17e-25
71.2 0.64 1.21e-25 2.91e-25 1e-25
71.3 0.64 1.04e-25 2.49e-25 8.56e-26
71.4 0.64 8.86e-26 2.13e-25 7.32e-26
71.5 0.64 7.58e-26 1.82e-25 6.26e-26
71.6 0.64 6.48e-26 1.56e-25 5.35e-26
71.7 0.64 5.55e-26 1.33e-25 4.58e-26
71.8 0.64 4.74e-26 1.14e-25 3.92e-26
71.9 0.64 4.06e-26 9.75e-26 3.35e-26
72 0.64 3.47e-26 8.34e-26 2.87e-26
72.1 0.64 2.97e-26 7.13e-26 2.45e-26
72.2 0.64 2.54e-26 6.1e-26 2.1e-26
72.3 0.64 2.17e-26 5.22e-26 1.79e-26
72.4 0.64 1.86e-26 4.46e-26 1.53e-26
72.5 0.64 1.59e-26 3.82e-26 1.31e-26
72.6 0.64 1.36e-26 3.27e-26 1.12e-26
72.7 0.64 1.16e-26 2.79e-26 9.6e-27
72.8 0.64 9.94e-27 2.39e-26 8.21e-27
72.9 0.64 8.5e-27 2.04e-26 7.02e-27
73 0.64 7.27e-27 1.75e-26 6.01e-27
73.1 0.64 6.22e-27 1.5e-26 5.14e-27
73.2 0.64 5.32e-27 1.28e-26 4.4e-27
73.3 0.64 4.55e-27 1.09e-26 3.76e-27
73.4 0.64 3.89e-27 9.36e-27 3.22e-27
73.5 0.64 3.33e-27 8.01e-27 2.75e-27
73.6 0.64 2.85e-27 6.85e-27 2.35e-27
73.7 0.64 2.44e-27 5.86e-27 2.01e-27
73.8 0.64 2.08e-27 5.01e-27 1.72e-27
73.9 0.64 1.78e-27 4.28e-27 1.47e-27
74 0.64 1.52e-27 3.67e-27 1.26e-27
74.1 0.64 1.3e-27 3.13e-27 1.08e-27
74.2 0.64 1.12e-27 2.68e-27 9.21e-28
74.3 0.64 9.54e-28 2.29e-27 7.88e-28
74.4 0.64 8.16e-28 1.96e-27 6.74e-28
74.5 0.64 6.98e-28 1.68e-27 5.77e-28
74.6 0.64 5.97e-28 1.44e-27 4.93e-28
74.7 0.64 5.11e-28 1.23e-27 4.22e-28
74.8 0.64 4.37e-28 1.05e-27 3.61e-28
74.9 0.64 3.74e-28 8.98e-28 3.09e-28
75 0.64 3.2e-28 7.68e-28 2.64e-28
75.1 0.64 2.73e-28 6.57e-28 2.26e-28
75.2 0.64 2.34e-28 5.62e-28 1.93e-28
75.3 0.64 2e-28 4.81e-28 1.65e-28
75.4 0.64 1.71e-28 4.11e-28 1.41e-28
75.5 0.64 1.46e-28 3.52e-28 1.21e-28
75.6 0.64 1.25e-28 3.01e-28 1.03e-28
75.7 0.64 1.07e-28 2.57e-28 8.84e-29
75.8 0.64 9.16e-29 2.2e-28 7.56e-29
75.9 0.64 7.83e-29 1.88e-28 6.47e-29
76 0.64 6.7e-29 1.61e-28 5.53e-29
76.1 0.64 5.73e-29 1.38e-28 4.73e-29
76.2 0.64 4.9e-29 1.18e-28 4.05e-29
76.3 0.64 4.19e-29 1.01e-28 3.46e-29
76.4 0.64 3.59e-29 8.62e-29 2.96e-29
76.5 0.64 3.07e-29 7.37e-29 2.53e-29
76.6 0.64 2.62e-29 6.31e-29 2.17e-29
76.7 0.64 2.24e-29 5.39e-29 1.85e-29
76.8 0.64 1.92e-29 4.61e-29 1.59e-29
76.9 0.64 1.64e-29 3.95e-29 1.36e-29
77 0.64 1.4e-29 3.38e-29 1.16e-29
77.1 0.64 1.2e-29 2.89e-29 9.92e-30
77.2 0.64 1.03e-29 2.47e-29 8.49e-30
77.3 0.64 8.79e-30 2.11e-29 7.26e-30
77.4 0.64 7.52e-30 1.81e-29 6.21e-30
77.5 0.64 6.43e-30 1.55e-29 5.31e-30
77.6 0.64 5.5e-30 1.32e-29 4.54e-30
77.7 0.64 4.7e-30 1.13e-29 3.88e-30
77.8 0.64 4.02e-30 9.67e-30 3.32e-30
77.9 0.64 3.44e-30 8.27e-30 2.84e-30
78 0.64 2.94e-30 7.08e-30 2.43e-30
78.1 0.64 2.52e-30 6.05e-30 2.08e-30
78.2 0.64 2.15e-30 5.18e-30 1.78e-30
78.3 0.64 1.84e-30 4.43e-30 1.52e-30
78.4 0.64 1.58e-30 3.79e-30 1.3e-30
78.5 0.64 1.35e-30 3.24e-30 1.11e-30
78.6 0.64 1.15e-30 2.77e-30 9.52e-31
78.7 0.64 9.86e-31 2.37e-30 8.14e-31
78.8 0.64 8.43e-31 2.03e-30 6.97e-31
78.9 0.64 7.21e-31 1.73e-30 5.96e-31
79 0.64 6.17e-31 1.48e-30 5.1e-31
79.1 0.64 5.28e-31 1.27e-30 4.36e-31
79.2 0.64 4.51e-31 1.09e-30 3.73e-31
79.3 0.64 3.86e-31 9.28e-31 3.19e-31
79.4 0.64 3.3e-31 7.94e-31 2.73e-31
79.5 0.64 2.82e-31 6.79e-31 2.33e-31
79.6 0.64 2.42e-31 5.81e-31 2e-31
79.7 0.64 2.07e-31 4.97e-31 1.71e-31
79.8 0.64 1.77e-31 4.25e-31 1.46e-31
79.9 0.64 1.51e-31 3.63e-31 1.25e-31
80 0.64 1.29e-31 3.11e-31 1.07e-31
80.1 0.64 1.11e-31 2.66e-31 9.14e-32
80.2 0.64 9.46e-32 2.27e-31 7.81e-32
80.3 0.64 8.09e-32 1.95e-31 6.68e-32
80.4 0.64 6.92e-32 1.66e-31 5.72e-32
80.5 0.64 5.92e-32 1.42e-31 4.89e-32
80.6 0.64 5.06e-32 1.22e-31 4.18e-32
80.7 0.64 4.33e-32 1.04e-31 3.58e-32
80.8 0.64 3.71e-32 8.91e-32 3.06e-32
80.9 0.64 3.17e-32 7.62e-32 2.62e-32
81 0.64 2.71e-32 6.52e-32 2.24e-32
81.1 0.64 2.32e-32 5.57e-32 1.92e-32
81.2 0.64 1.98e-32 4.77e-32 1.64e-32
81.3 0.64 1.7e-32 4.08e-32 1.4e-32
81.4 0.64 1.45e-32 3.49e-32 1.2e-32
81.5 0.64 1.24e-32 2.98e-32 1.03e-32
81.6 0.64 1.06e-32 2.55e-32 8.77e-33
81.7 0.64 9.08e-33 2.18e-32 7.5e-33
81.8 0.64 7.77e-33 1.87e-32 6.41e-33
81.9 0.64 6.64e-33 1.6e-32 5.49e-33
82 0.64 5.68e-33 1.37e-32 4.69e-33
82.1 0.64 4.86e-33 1.17e-32 4.01e-33
82.2 0.64 4.16e-33 9.99e-33 3.43e-33
82.3 0.64 3.56e-33 8.55e-33 2.94e-33
82.4 0.64 3.04e-33 7.31e-33 2.51e-33
82.5 0.64 2.6e-33 6.25e-33 2.15e-33
82.6 0.64 2.23e-33 5.35e-33 1.84e-33
82.7 0.64 1.9e-33 4.57e-33 1.57e-33
82.8 0.64 1.63e-33 3.91e-33 1.34e-33
82.9 0.64 1.39e-33 3.35e-33 1.15e-33
83 0.64 1.19e-33 2.86e-33 9.84e-34
83.1 0.64 1.02e-33 2.45e-33 8.41e-34
83.2 0.64 8.71e-34 2.09e-33 7.2e-34
83.3 0.64 7.45e-34 1.79e-33 6.16e-34
83.4 0.64 6.38e-34 1.53e-33 5.27e-34
83.5 0.64 5.45e-34 1.31e-33 4.5e-34
83.6 0.64 4.66e-34 1.12e-33 3.85e-34
83.7 0.64 3.99e-34 9.59e-34 3.3e-34
83.8 0.64 3.41e-34 8.2e-34 2.82e-34
83.9 0.64 2.92e-34 7.02e-34 2.41e-34
84 0.64 2.5e-34 6e-34 2.06e-34
84.1 0.64 2.14e-34 5.13e-34 1.76e-34
84.2 0.64 1.83e-34 4.39e-34 1.51e-34
84.3 0.64 1.56e-34 3.76e-34 1.29e-34
84.4 0.64 1.34e-34 3.21e-34 1.1e-34
84.5 0.64 1.14e-34 2.75e-34 9.44e-35
84.6 0.64 9.78e-35 2.35e-34 8.08e-35
84.7 0.64 8.36e-35 2.01e-34 6.91e-35
84.8 0.64 7.15e-35 1.72e-34 5.91e-35
84.9 0.64 6.12e-35 1.47e-34 5.05e-35
85 0.64 5.23e-35 1.26e-34 4.32e-35
85.1 0.64 4.48e-35 1.08e-34 3.7e-35
85.2 0.64 3.83e-35 9.2e-35 3.16e-35
85.3 0.64 3.27e-35 7.87e-35 2.7e-35
85.4 0.64 2.8e-35 6.73e-35 2.31e-35
85.5 0.64 2.4e-35 5.76e-35 1.98e-35
85.6 0.64 2.05e-35 4.93e-35 1.69e-35
85.7 0.64 1.75e-35 4.21e-35 1.45e-35
85.8 0.64 1.5e-35 3.6e-35 1.24e-35
85.9 0.64 1.28e-35 3.08e-35 1.06e-35
86 0.64 1.1e-35 2.64e-35 9.06e-36
86.1 0.64 9.38e-36 2.26e-35 7.75e-36
86.2 0.64 8.03e-36 1.93e-35 6.63e-36
86.3 0.64 6.86e-36 1.65e-35 5.67e-36
86.4 0.64 5.87e-36 1.41e-35 4.85e-36
86.5 0.64 5.02e-36 1.21e-35 4.15e-36
86.6 0.64 4.3e-36 1.03e-35 3.55e-36
86.7 0.64 3.67e-36 8.83e-36 3.03e-36
86.8 0.64 3.14e-36 7.55e-36 2.6e-36
86.9 0.64 2.69e-36 6.46e-36 2.22e-36
87 0.64 2.3e-36 5.53e-36 1.9e-36
87.1 0.64 1.97e-36 4.73e-36 1.62e-36
87.2 0.64 1.68e-36 4.04e-36 1.39e-36
87.3 0.64 1.44e-36 3.46e-36 1.19e-36
87.4 0.64 1.23e-36 2.96e-36 1.02e-36
87.5 0.64 1.05e-36 2.53e-36 8.69e-37
87.6 0.64 9e-37 2.16e-36 7.44e-37
87.7 0.64 7.7e-37 1.85e-36 6.36e-37
87.8 0.64 6.59e-37 1.58e-36 5.44e-37
87.9 0.64 5.63e-37 1.35e-36 4.65e-37
88 0.64 4.82e-37 1.16e-36 3.98e-37
88.1 0.64 4.12e-37 9.91e-37 3.4e-37
88.2 0.64 3.53e-37 8.48e-37 2.91e-37
88.3 0.64 3.02e-37 7.25e-37 2.49e-37
88.4 0.64 2.58e-37 6.2e-37 2.13e-37
88.5 0.64 2.21e-37 5.3e-37 1.82e-37
88.6 0.64 1.89e-37 4.54e-37 1.56e-37
88.7 0.64 1.61e-37 3.88e-37 1.33e-37
88.8 0.64 1.38e-37 3.32e-37 1.14e-37
88.9 0.64 1.18e-37 2.84e-37 9.76e-38
89 0.64 1.01e-37 2.43e-37 8.34e-38
89.1 0.64 8.64e-38 2.08e-37 7.14e-38
89.2 0.64 7.39e-38 1.78e-37 6.1e-38
89.3 0.64 6.32e-38 1.52e-37 5.22e-38
89.4 0.64 5.41e-38 1.3e-37 4.47e-38
89.5 0.64 4.63e-38 1.11e-37 3.82e-38
89.6 0.64 3.96e-38 9.51e-38 3.27e-38
89.7 0.64 3.38e-38 8.13e-38 2.79e-38
89.8 0.64 2.89e-38 6.96e-38 2.39e-38
89.9 0.64 2.48e-38 5.95e-38 2.04e-38
90 0.64 2.12e-38 5.09e-38 1.75e-38
90.1 0.64 1.81e-38 4.35e-38 1.5e-38
90.2 0.64 1.55e-38 3.72e-38 1.28e-38
90.3 0.64 1.33e-38 3.19e-38 1.09e-38
90.4 0.64 1.13e-38 2.72e-38 9.36e-39
90.5 0.64 9.7e-39 2.33e-38 8.01e-39
90.6 0.64 8.29e-39 1.99e-38 6.85e-39
90.7 0.64 7.09e-39 1.7e-38 5.86e-39
90.8 0.64 6.07e-39 1.46e-38 5.01e-39
90.9 0.64 5.19e-39 1.25e-38 4.29e-39
91 0.64 4.44e-39 1.07e-38 3.67e-39
91.1 0.64 3.8e-39 9.13e-39 3.14e-39
91.2 0.64 3.25e-39 7.81e-39 2.68e-39
91.3 0.64 2.78e-39 6.68e-39 2.29e-39
91.4 0.64 2.38e-39 5.71e-39 1.96e-39
91.5 0.64 2.03e-39 4.88e-39 1.68e-39
91.6 0.64 1.74e-39 4.18e-39 1.44e-39
91.7 0.64 1.49e-39 3.57e-39 1.23e-39
91.8 0.64 1.27e-39 3.06e-39 1.05e-39
91.9 0.64 1.09e-39 2.61e-39 8.98e-40
92 0.64 9.3e-40 2.24e-39 7.68e-40
92.1 0.64 7.96e-40 1.91e-39 6.57e-40
92.2 0.64 6.81e-40 1.64e-39 5.62e-40
92.3 0.64 5.82e-40 1.4e-39 4.81e-40
92.4 0.64 4.98e-40 1.2e-39 4.11e-40
92.5 0.64 4.26e-40 1.02e-39 3.52e-40
92.6 0.64 3.64e-40 8.76e-40 3.01e-40
92.7 0.64 3.12e-40 7.49e-40 2.57e-40
92.8 0.64 2.67e-40 6.41e-40 2.2e-40
92.9 0.64 2.28e-40 5.48e-40 1.88e-40
93 0.64 1.95e-40 4.69e-40 1.61e-40
93.1 0.64 1.67e-40 4.01e-40 1.38e-40
93.2 0.64 1.43e-40 3.43e-40 1.18e-40
93.3 0.64 1.22e-40 2.93e-40 1.01e-40
93.4 0.64 1.04e-40 2.51e-40 8.62e-41
93.5 0.64 8.93e-41 2.15e-40 7.37e-41
93.6 0.64 7.64e-41 1.84e-40 6.31e-41
93.7 0.64 6.53e-41 1.57e-40 5.4e-41
93.8 0.64 5.59e-41 1.34e-40 4.61e-41
93.9 0.64 4.78e-41 1.15e-40 3.95e-41
94 0.64 4.09e-41 9.83e-41 3.38e-41
94.1 0.64 3.5e-41 8.4e-41 2.89e-41
94.2 0.64 2.99e-41 7.19e-41 2.47e-41
94.3 0.64 2.56e-41 6.15e-41 2.11e-41
94.4 0.64 2.19e-41 5.26e-41 1.81e-41
94.5 0.64 1.87e-41 4.5e-41 1.55e-41
94.6 0.64 1.6e-41 3.85e-41 1.32e-41
94.7 0.64 1.37e-41 3.29e-41 1.13e-41
94.8 0.64 1.17e-41 2.82e-41 9.67e-42
94.9 0.64 1e-41 2.41e-41 8.27e-42
95 0.64 8.57e-42 2.06e-41 7.08e-42
95.1 0.64 7.33e-42 1.76e-41 6.05e-42
95.2 0.64 6.27e-42 1.51e-41 5.18e-42
95.3 0.64 5.36e-42 1.29e-41 4.43e-42
95.4 0.64 4.59e-42 1.1e-41 3.79e-42
95.5 0.64 3.92e-42 9.43e-42 3.24e-42
95.6 0.64 3.36e-42 8.07e-42 2.77e-42
95.7 0.64 2.87e-42 6.9e-42 2.37e-42
95.8 0.64 2.46e-42 5.9e-42 2.03e-42
95.9 0.64 2.1e-42 5.05e-42 1.73e-42
96 0.64 1.8e-42 4.32e-42 1.48e-42
96.1 0.64 1.54e-42 3.69e-42 1.27e-42
96.2 0.64 1.31e-42 3.16e-42 1.09e-42
96.3 0.64 1.12e-42 2.7e-42 9.28e-43
96.4 0.64 9.61e-43 2.31e-42 7.94e-43
96.5 0.64 8.22e-43 1.98e-42 6.79e-43
96.6 0.64 7.03e-43 1.69e-42 5.81e-43
96.7 0.64 6.02e-43 1.45e-42 4.97e-43
96.8 0.64 5.15e-43 1.24e-42 4.25e-43
96.9 0.64 4.4e-43 1.06e-42 3.64e-43
97 0.64 3.76e-43 9.05e-43 3.11e-43
97.1 0.64 3.22e-43 7.74e-43 2.66e-43
97.2 0.64 2.75e-43 6.62e-43 2.27e-43
97.3 0.64 2.36e-43 5.66e-43 1.95e-43
97.4 0.64 2.02e-43 4.84e-43 1.66e-43
97.5 0.64 1.72e-43 4.14e-43 1.42e-43
97.6 0.64 1.47e-43 3.54e-43 1.22e-43
97.7 0.64 1.26e-43 3.03e-43 1.04e-43
97.8 0.64 1.08e-43 2.59e-43 8.91e-44
97.9 0.64 9.23e-44 2.22e-43 7.62e-44
98 0.64 7.89e-44 1.9e-43 6.52e-44
98.1 0.64 6.75e-44 1.62e-43 5.58e-44
98.2 0.64 5.77e-44 1.39e-43 4.77e-44
98.3 0.64 4.94e-44 1.19e-43 4.08e-44
98.4 0.64 4.22e-44 1.02e-43 3.49e-44
98.5 0.64 3.61e-44 8.68e-44 2.98e-44
98.6 0.64 3.09e-44 7.43e-44 2.55e-44
98.7 0.64 2.64e-44 6.35e-44 2.18e-44
98.8 0.64 2.26e-44 5.43e-44 1.87e-44
98.9 0.64 1.93e-44 4.65e-44 1.6e-44
99 0.64 1.65e-44 3.98e-44 1.37e-44
99.1 0.64 1.41e-44 3.4e-44 1.17e-44
99.2 0.64 1.21e-44 2.91e-44 1e-44
99.3 0.64 1.04e-44 2.49e-44 8.55e-45
99.4 0.64 8.85e-45 2.13e-44 7.31e-45
99.5 0.64 7.57e-45 1.82e-44 6.26e-45
99.6 0.64 6.48e-45 1.56e-44 5.35e-45
99.7 0.64 5.54e-45 1.33e-44 4.58e-45
99.8 0.64 4.74e-45 1.14e-44 3.91e-45
99.9 0.64 4.05e-45 9.74e-45 3.35e-45
