-25 0.78 9.54e-13 2.32e-13 1.75e-13
-24.9 0.78 1.08e-12 2.63e-13 1.99e-13
-24.8 0.78 1.23e-12 2.99e-13 2.27e-13
-24.7 0.78 1.4e-12 3.4e-13 2.58e-13
-24.6 0.78 1.59e-12 3.87e-13 2.93e-13
-24.5 0.78 1.81e-12 4.4e-13 3.33e-13
-24.4 0.78 2.06e-12 5e-13 3.79e-13
-24.3 0.78 2.34e-12 5.68e-13 4.3e-13
-24.2 0.78 2.66e-12 6.46e-13 4.89e-13
-24.1 0.78 3.02e-12 7.34e-13 5.56e-13
-24 0.78 3.44e-12 8.35e-13 6.32e-13
-23.9 0.78 3.91e-12 9.49e-13 7.19e-13
-23.8 0.78 4.44e-12 1.08e-12 8.17e-13
-23.7 0.78 5.05e-12 1.23e-12 9.29e-13
-23.6 0.78 5.74e-12 1.39e-12 1.06e-12
-23.5 0.78 6.53e-12 1.58e-12 1.2e-12
-23.4 0.78 7.42e-12 1.8e-12 1.36e-12
-23.3 0.78 8.43e-12 2.05e-12 1.55e-12
-23.2 0.78 9.59e-12 2.33e-12 1.76e-12
-20 0.78 5.8e-10 1.41e-10 1.07e-10
-19.9 0.78 6.59e-10 1.6e-10 1.21e-10
-19.8 0.78 7.49e-10 1.82e-10 1.38e-10
-19.7 0.78 8.52e-10 2.07e-10 1.57e-10
-19.6 0.78 9.69e-10 2.35e-10 1.78e-10
-19.5 0.78 1.1e-09 2.67e-10 2.03e-10
-19.4 0.78 1.25e-09 3.04e-10 2.3e-10
-19.3 0.78 1.42e-09 3.45e-10 2.62e-10
-19.2 0.78 1.62e-09 3.93e-10 2.98e-10
-19.1 0.78 1.84e-09 4.46e-10 3.38e-10
-19 0.78 2.09e-09 5.07e-10 3.84e-10
-18.9 0.78 2.38e-09 5.77e-10 4.37e-10
-18.8 0.78 2.7e-09 6.56e-10 4.97e-10
-18.7 0.78 3.07e-09 7.46e-10 5.65e-10
-18.6 0.78 3.49e-09 8.48e-10 6.42e-10
-18.5 0.78 3.97e-09 9.63e-10 7.3e-10
-18.4 0.78 4.51e-09 1.1e-09 8.3e-10
-18.3 0.78 5.13e-09 1.25e-09 9.43e-10
-18.2 0.78 5.83e-09 1.42e-09 1.07e-09
-18.1 0.78 6.63e-09 1.61e-09 1.22e-09
-18 0.78 7.53e-09 1.83e-09 1.39e-09
-17.9 0.78 8.56e-09 2.08e-09 1.58e-09
-17.8 0.78 9.74e-09 2.36e-09 1.79e-09
-17.7 0.78 1.11e-08 2.69e-09 2.04e-09
-17.6 0.78 1.26e-08 3.05e-09 2.31e-09
-17.5 0.78 1.43e-08 3.47e-09 2.63e-09
-17.4 0.78 1.63e-08 3.95e-09 2.99e-09
-17.3 0.78 1.85e-08 4.49e-09 3.4e-09
-17.2 0.78 2.1e-08 5.1e-09 3.86e-09
-17.1 0.78 2.39e-08 5.8e-09 4.39e-09
-17 0.78 2.72e-08 6.59e-09 4.99e-09
-16.9 0.78 3.09e-08 7.49e-09 5.68e-09
-16.8 0.78 3.51e-08 8.52e-09 6.45e-09
-16.7 0.78 3.99e-08 9.68e-09 7.34e-09
-16.6 0.78 4.53e-08 1.1e-08 8.34e-09
-16.5 0.78 5.15e-08 1.25e-08 9.48e-09
-16.4 0.78 5.86e-08 1.42e-08 1.08e-08
-16.3 0.78 6.66e-08 1.62e-08 1.23e-08
-16.2 0.78 7.57e-08 1.84e-08 1.39e-08
-16.1 0.78 8.61e-08 2.09e-08 1.58e-08
-16 0.78 9.78e-08 2.38e-08 1.8e-08
-15.9 0.78 1.11e-07 2.7e-08 2.05e-08
-15.8 0.78 1.26e-07 3.07e-08 2.33e-08
-15.7 0.78 1.44e-07 3.49e-08 2.64e-08
-15.6 0.78 1.63e-07 3.97e-08 3.01e-08
-15.5 0.78 1.86e-07 4.51e-08 3.42e-08
-15.4 0.78 2.11e-07 5.13e-08 3.88e-08
-15.3 0.78 2.4e-07 5.83e-08 4.42e-08
-15.2 0.78 2.73e-07 6.63e-08 5.02e-08
-15.1 0.78 3.1e-07 7.53e-08 5.71e-08
-15 0.78 3.53e-07 8.56e-08 6.49e-08
-14.9 0.78 4.01e-07 9.73e-08 7.37e-08
-14.8 0.78 4.56e-07 1.11e-07 8.38e-08
-14.7 0.78 5.18e-07 1.26e-07 9.53e-08
-14.6 0.78 5.89e-07 1.43e-07 1.08e-07
-14.5 0.78 6.69e-07 1.63e-07 1.23e-07
-14.4 0.78 7.61e-07 1.85e-07 1.4e-07
-14.3 0.78 8.65e-07 2.1e-07 1.59e-07
-14.2 0.78 9.83e-07 2.39e-07 1.81e-07
-14.1 0.78 1.12e-06 2.71e-07 2.06e-07
-14 0.78 1.27e-06 3.09e-07 2.34e-07
-13.9 0.78 1.44e-06 3.51e-07 2.66e-07
-13.8 0.78 1.64e-06 3.99e-07 3.02e-07
-13.7 0.78 1.87e-06 4.53e-07 3.43e-07
-13.6 0.78 2.12e-06 5.15e-07 3.9e-07
-13.5 0.78 2.41e-06 5.86e-07 4.44e-07
-13.4 0.78 2.74e-06 6.66e-07 5.05e-07
-13.3 0.78 3.12e-06 7.57e-07 5.74e-07
-13.2 0.78 3.54e-06 8.61e-07 6.52e-07
-13.1 0.78 4.03e-06 9.78e-07 7.41e-07
-13 0.78 4.58e-06 1.11e-06 8.42e-07
-12.9 0.78 5.21e-06 1.26e-06 9.58e-07
-12.8 0.78 5.92e-06 1.44e-06 1.09e-06
-12.7 0.78 6.73e-06 1.63e-06 1.24e-06
-12.6 0.78 7.65e-06 1.86e-06 1.41e-06
-12.5 0.78 8.7e-06 2.11e-06 1.6e-06
-12.4 0.78 9.88e-06 2.4e-06 1.82e-06
-12.3 0.78 1.12e-05 2.73e-06 2.07e-06
-12.2 0.78 1.28e-05 3.1e-06 2.35e-06
-12.1 0.78 1.45e-05 3.52e-06 2.67e-06
-12 0.78 1.65e-05 4.01e-06 3.04e-06
-11.9 0.78 1.88e-05 4.55e-06 3.45e-06
-11.8 0.78 2.13e-05 5.18e-06 3.92e-06
-11.7 0.78 2.42e-05 5.89e-06 4.46e-06
-11.6 0.78 2.76e-05 6.69e-06 5.07e-06
-11.5 0.78 3.13e-05 7.6e-06 5.76e-06
-11.4 0.78 3.56e-05 8.64e-06 6.55e-06
-11.3 0.78 4.05e-05 9.83e-06 7.44e-06
-11.2 0.78 4.6e-05 1.12e-05 8.46e-06
-11.1 0.78 5.23e-05 1.27e-05 9.61e-06
-11 0.78 5.95e-05 1.44e-05 1.09e-05
-10.9 0.78 6.76e-05 1.64e-05 1.24e-05
-10.8 0.78 7.68e-05 1.86e-05 1.41e-05
-10.7 0.78 8.74e-05 2.12e-05 1.6e-05
-10.6 0.78 9.93e-05 2.41e-05 1.82e-05
-10.5 0.78 0.000113 2.74e-05 2.07e-05
-10.4 0.78 0.000128 3.11e-05 2.35e-05
-10.3 0.78 0.000146 3.53e-05 2.67e-05
-10.2 0.78 0.000166 4.02e-05 3.04e-05
-10.1 0.78 0.000188 4.56e-05 3.45e-05
-10 0.78 0.000214 5.19e-05 3.92e-05
-9.9 0.78 0.000243 5.89e-05 4.45e-05
-9.8 0.78 0.000277 6.69e-05 5.06e-05
-9.7 0.78 0.000314 7.6e-05 5.75e-05
-9.6 0.78 0.000357 8.64e-05 6.52e-05
-9.5 0.78 0.000406 9.81e-05 7.41e-05
-9.4 0.78 0.000461 0.000111 8.41e-05
-9.3 0.78 0.000524 0.000126 9.54e-05
-9.2 0.78 0.000596 0.000144 0.000108
-9.1 0.78 0.000677 0.000163 0.000123
-9 0.78 0.000769 0.000185 0.000139
-8.9 0.78 0.000873 0.00021 0.000158
-8.8 0.78 0.000992 0.000238 0.000179
-8.7 0.78 0.00113 0.00027 0.000203
-8.6 0.78 0.00128 0.000306 0.000229
-8.5 0.78 0.00145 0.000347 0.00026
-8.4 0.78 0.00165 0.000393 0.000293
-8.3 0.78 0.00187 0.000445 0.000332
-8.2 0.78 0.00212 0.000503 0.000374
-8.1 0.78 0.00241 0.000569 0.000422
-8 0.78 0.00273 0.000643 0.000476
-7.9 0.78 0.0031 0.000726 0.000535
-7.8 0.78 0.00351 0.000819 0.000602
-7.7 0.78 0.00398 0.000923 0.000675
-7.6 0.78 0.00451 0.00104 0.000756
-7.5 0.78 0.00511 0.00117 0.000845
-7.4 0.78 0.00578 0.00131 0.000942
-7.3 0.78 0.00653 0.00147 0.00105
-7.2 0.78 0.00739 0.00165 0.00116
-7.1 0.78 0.00834 0.00184 0.00128
-7 0.78 0.00941 0.00205 0.00141
-6.9 0.78 0.0106 0.00228 0.00155
-6.8 0.78 0.012 0.00253 0.00169
-6.7 0.78 0.0135 0.0028 0.00183
-6.6 0.78 0.0151 0.00308 0.00197
-6.5 0.78 0.017 0.00339 0.00211
-6.4 0.78 0.019 0.00372 0.00223
-6.3 0.78 0.0213 0.00406 0.00234
-6.2 0.78 0.0238 0.00443 0.00242
-6.1 0.78 0.0266 0.00481 0.00247
-6 0.78 0.0296 0.00522 0.00247
-5.9 0.78 0.0329 0.00565 0.00294
-5.8 0.78 0.0365 0.00612 0.00365
-5.7 0.78 0.0404 0.00665 0.00448
-5.6 0.78 0.0446 0.00726 0.00546
-5.5 0.78 0.0492 0.00799 0.0066
-5.4 0.78 0.0542 0.00894 0.00791
-5.3 0.78 0.0594 0.0103 0.00934
-5.2 0.78 0.0653 0.012 0.0112
-5.1 0.78 0.0718 0.0147 0.0134
-5 0.78 0.0791 0.0191 0.0163
-4.9 0.78 0.0879 0.0274 0.0203
-4.8 0.78 0.1 0.0469 0.028
-4.7 0.78 0.137 0.136 0.0592
-4.6 0.78 0.0353 0.0722 0.189
-4.5 0.78 0.0848 0.0309 0.0613
-4.4 0.78 0.0992 0.0246 0.0386
-4.3 0.78 0.109 0.0225 0.0288
-4.2 0.78 0.117 0.0213 0.023
-4.1 0.78 0.128 0.0209 0.0216
-4 0.78 0.136 0.021 0.019
-3.9 0.78 0.143 0.0207 0.0165
-3.8 0.78 0.15 0.0199 0.0138
-3.7 0.78 0.152 0.023 0.0137
-3.6 0.78 0.158 0.0209 0.0183
-3.5 0.78 0.164 0.0176 0.0221
-3.4 0.78 0.162 0.0143 0.0168
-3.3 0.78 0.168 0.0178 0.0169
-3.2 0.78 0.175 0.0203 0.0238
-3.1 0.78 0.183 0.0213 0.0297
-3 0.78 0.193 0.0207 0.0338
-2.9 0.78 0.205 0.0181 0.0354
-2.8 0.78 0.219 0.0139 0.0338
-2.7 0.78 0.246 0.048 0.0396
-2.6 0.78 0.261 0.0495 0.0303
-2.5 0.78 0.255 0.00855 0.0209
-2.4 0.78 0.275 0.0287 0.0232
-2.3 0.78 0.288 0.0261 0.0166
-2.2 0.78 0.296 0.00937 0.00529
-2.1 0.78 0.322 0.0321 0.0178
-2 0.78 0.329 0.0351 0.0167
-1.9 0.78 0.332 0.00796 0.00499
-1.8 0.78 0.343 0.00875 0.0043
-1.7 0.78 0.352 0.014 0.00996
-1.6 0.78 0.36 0.00372 0.00626
-1.5 0.78 0.373 0.00412 0.00462
-1.4 0.78 0.385 0.000697 0.000563
-1.3 0.78 0.396 0.00061 0.0008
-1.2 0.78 0.406 0.00435 0.00702
-1.1 0.78 0.419 0.00103 0.000788
-1 0.78 0.431 0.00136 0.00142
-0.9 0.78 0.444 0.000763 0.00054
-0.8 0.78 0.456 0.00043 0.000375
-0.7 0.78 0.468 0.00053 0.000296
-0.6 0.78 0.479 0.00234 0.00302
-0.5 0.78 0.491 0.000975 0.00178
-0.4 0.78 0.503 0.00101 0.00216
-0.3 0.78 0.515 0.000778 0.00175
-0.2 0.78 0.527 0.000311 0.000614
-0.1 0.78 0.539 0.000843 0.000375
3.73e-14 0.78 0.555 0.0136 0.00581
0.1 0.78 0.564 0.00217 0.00115
0.2 0.78 0.576 0.00135 0.00116
0.3 0.78 0.587 0.00306 0.00185
0.4 0.78 0.601 0.0127 0.00842
0.5 0.78 0.617 0.013 0.00678
0.6 0.78 0.625 0.0191 0.0144
0.7 0.78 0.628 0.00612 0.0164
0.8 0.78 0.638 0.00772 0.0167
0.9 0.78 0.642 0.0165 0.0477
1 0.78 0.649 0.0203 0.0492
1.1 0.78 0.657 0.023 0.0452
1.2 0.78 0.685 0.00541 0.0127
1.3 0.78 0.693 0.0146 0.0306
1.4 0.78 0.706 0.0219 0.0338
1.5 0.78 0.719 0.027 0.0333
1.6 0.78 0.739 0.0224 0.00781
1.7 0.78 0.731 0.0295 0.0499
1.8 0.78 0.745 0.0355 0.0458
1.9 0.78 0.759 0.0379 0.0385
2 0.78 0.78 0.0289 0.0124
2.1 0.78 0.79 0.0276 0.0141
2.2 0.78 0.799 0.025 0.0147
2.3 0.78 0.806 0.0215 0.0142
2.4 0.78 0.813 0.0176 0.0131
2.5 0.78 0.819 0.0138 0.0114
2.6 0.78 0.824 0.0101 0.00956
2.7 0.78 0.829 0.00827 0.00761
2.8 0.78 0.833 0.00727 0.00575
2.9 0.78 0.839 0.0092 0.00509
3 0.78 0.843 0.0084 0.00377
3.1 0.78 0.844 0.00605 0.00776
3.2 0.78 0.849 0.00467 0.00752
3.3 0.78 0.853 0.0035 0.00709
3.4 0.78 0.858 0.00252 0.00655
3.5 0.78 0.862 0.0021 0.00595
3.6 0.78 0.866 0.00209 0.00532
3.7 0.78 0.869 0.00267 0.00402
3.8 0.78 0.872 0.00242 0.00354
3.9 0.78 0.876 0.00216 0.00308
4 0.78 0.879 0.0019 0.00265
4.1 0.78 0.882 0.00165 0.00225
4.2 0.78 0.885 0.00142 0.00189
4.3 0.78 0.887 0.00121 0.00157
4.4 0.78 0.889 0.00103 0.00128
4.5 0.78 0.891 0.000863 0.00101
4.6 0.78 0.893 0.000726 0.000767
4.7 0.78 0.895 0.00062 0.000521
4.8 0.78 0.896 0.000565 0.000437
4.9 0.78 0.897 0.000663 0.00139
5 0.78 0.896 0.00267 0.00749
5.1 0.78 0.901 0.00496 0.00223
5.2 0.78 0.901 0.00296 0.00384
5.3 0.78 0.904 0.00342 0.00185
5.4 0.78 0.904 0.00104 0.000879
5.5 0.78 0.904 0.000622 0.000588
5.6 0.78 0.905 0.000432 0.000451
5.7 0.78 0.905 0.000327 0.000359
5.8 0.78 0.906 0.000259 0.000292
5.9 0.78 0.906 0.000212 0.000241
6 0.78 0.906 0.000178 0.000201
6.1 0.78 0.907 0.000151 0.000168
6.2 0.78 0.907 0.00013 0.000141
6.3 0.78 0.907 0.000114 0.000118
6.4 0.78 0.908 0.000102 0.0001
6.5 0.78 0.908 9.21e-05 8.46e-05
6.6 0.78 0.908 8.53e-05 7.21e-05
6.7 0.78 0.908 8.15e-05 6.21e-05
6.8 0.78 0.908 8.19e-05 5.47e-05
6.9 0.78 0.908 8.96e-05 5.09e-05
7 0.78 0.908 0.000117 5.48e-05
7.1 0.78 0.909 0.00029 0.000121
7.2 0.78 0.909 8.74e-05 0.000198
7.3 0.78 0.909 3.52e-05 5.3e-05
7.4 0.78 0.909 2.25e-05 2.42e-05
7.5 0.78 0.909 1.61e-05 1.28e-05
7.6 0.78 0.909 1.32e-05 6.01e-06
7.7 0.78 0.909 1.01e-05 5.35e-06
7.8 0.78 0.909 7.79e-06 4.65e-06
7.9 0.78 0.909 6.02e-06 3.9e-06
8 0.78 0.909 4.61e-06 3.18e-06
8.1 0.78 0.909 3.5e-06 2.49e-06
8.2 0.78 0.909 2.61e-06 1.88e-06
8.3 0.78 0.909 1.9e-06 1.33e-06
8.4 0.78 0.909 1.33e-06 8.35e-07
8.5 0.78 0.909 8.55e-07 5.95e-07
8.6 0.78 0.909 4.77e-07 4.72e-07
8.7 0.78 0.909 3.3e-07 3.7e-07
8.8 0.78 0.909 6.28e-07 2.72e-07
8.9 0.78 0.909 8.83e-07 3.87e-07
9 0.78 0.909 1.42e-06 1.05e-06
9.1 0.78 0.909 1.65e-06 1.08e-06
9.2 0.78 0.909 1.86e-06 1.12e-06
9.3 0.78 0.909 2.04e-06 1.15e-06
9.4 0.78 0.909 2.2e-06 1.18e-06
9.5 0.78 0.909 2.33e-06 1.21e-06
9.6 0.78 0.909 2.45e-06 1.23e-06
9.7 0.78 0.909 2.56e-06 1.25e-06
9.8 0.78 0.909 2.65e-06 1.27e-06
9.9 0.78 0.909 2.74e-06 1.28e-06
10 0.78 0.909 2.8e-06 1.3e-06
10.1 0.78 0.909 2.87e-06 1.31e-06
10.2 0.78 0.909 2.92e-06 1.33e-06
10.3 0.78 0.909 2.97e-06 1.34e-06
10.4 0.78 0.909 3.01e-06 1.35e-06
10.5 0.78 0.909 3.05e-06 1.35e-06
10.6 0.78 0.909 3.08e-06 1.36e-06
10.7 0.78 0.909 3.11e-06 1.37e-06
10.8 0.78 0.909 3.14e-06 1.37e-06
10.9 0.78 0.909 3.15e-06 1.37e-06
11 0.78 0.909 3.18e-06 1.38e-06
11.1 0.78 0.909 3.19e-06 1.39e-06
11.2 0.78 0.909 3.21e-06 1.39e-06
11.3 0.78 0.909 3.22e-06 1.39e-06
11.4 0.78 0.909 3.24e-06 1.39e-06
11.5 0.78 0.909 3.24e-06 1.39e-06
11.6 0.78 0.909 3.26e-06 1.39e-06
11.7 0.78 0.909 3.26e-06 1.4e-06
11.8 0.78 0.909 3.27e-06 1.4e-06
11.9 0.78 0.909 3.28e-06 1.4e-06
12 0.78 0.909 3.28e-06 1.4e-06
12.1 0.78 0.909 3.29e-06 1.41e-06
12.2 0.78 0.909 3.29e-06 1.41e-06
12.3 0.78 0.909 3.29e-06 1.41e-06
12.4 0.78 0.909 3.3e-06 1.41e-06
12.5 0.78 0.909 3.3e-06 1.41e-06
12.6 0.78 0.909 3.31e-06 1.41e-06
12.7 0.78 0.909 3.3e-06 1.41e-06
12.8 0.78 0.909 3.31e-06 1.41e-06
12.9 0.78 0.909 3.31e-06 1.41e-06
13 0.78 0.909 3.31e-06 1.41e-06
13.1 0.78 0.909 3.31e-06 1.41e-06
13.2 0.78 0.909 3.31e-06 1.41e-06
13.3 0.78 0.909 3.32e-06 1.42e-06
13.4 0.78 0.909 3.32e-06 1.41e-06
13.5 0.78 0.909 3.31e-06 1.41e-06
13.6 0.78 0.909 3.32e-06 1.41e-06
13.7 0.78 0.909 3.32e-06 1.41e-06
13.8 0.78 0.909 3.32e-06 1.42e-06
13.9 0.78 0.909 3.32e-06 1.41e-06
14 0.78 0.909 3.32e-06 1.41e-06
14.1 0.78 0.909 3.32e-06 1.42e-06
14.2 0.78 0.909 3.32e-06 1.41e-06
14.3 0.78 0.909 3.32e-06 1.41e-06
14.4 0.78 0.909 3.32e-06 1.41e-06
14.5 0.78 0.909 3.32e-06 1.41e-06
14.6 0.78 0.909 3.32e-06 1.41e-06
14.7 0.78 0.909 3.32e-06 1.41e-06
14.8 0.78 0.909 3.32e-06 1.41e-06
14.9 0.78 0.909 3.32e-06 1.42e-06
15 0.78 0.909 3.32e-06 1.42e-06
15.1 0.78 0.909 3.32e-06 1.42e-06
15.2 0.78 0.909 3.32e-06 1.41e-06
15.3 0.78 0.909 3.32e-06 1.41e-06
15.4 0.78 0.909 3.32e-06 1.41e-06
15.5 0.78 0.909 3.32e-06 1.41e-06
15.6 0.78 0.909 3.32e-06 1.41e-06
15.7 0.78 0.909 3.32e-06 1.41e-06
15.8 0.78 0.909 3.32e-06 1.41e-06
15.9 0.78 0.909 3.32e-06 1.42e-06
16 0.78 0.909 3.32e-06 1.41e-06
16.1 0.78 0.909 3.32e-06 1.41e-06
16.2 0.78 0.909 3.32e-06 1.42e-06
16.3 0.78 0.909 3.32e-06 1.41e-06
16.4 0.78 0.909 3.32e-06 1.41e-06
16.5 0.78 0.909 3.31e-06 1.41e-06
16.6 0.78 0.909 3.32e-06 1.41e-06
16.7 0.78 0.909 3.32e-06 1.42e-06
16.8 0.78 0.909 3.31e-06 1.41e-06
16.9 0.78 0.909 3.31e-06 1.41e-06
17 0.78 0.909 3.31e-06 1.41e-06
17.1 0.78 0.909 3.31e-06 1.41e-06
17.2 0.78 0.909 3.31e-06 1.41e-06
17.3 0.78 0.909 3.3e-06 1.41e-06
17.4 0.78 0.909 3.31e-06 1.41e-06
17.5 0.78 0.909 3.3e-06 1.41e-06
17.6 0.78 0.909 3.3e-06 1.41e-06
17.7 0.78 0.909 3.29e-06 1.41e-06
17.8 0.78 0.909 3.29e-06 1.41e-06
17.9 0.78 0.909 3.29e-06 1.41e-06
18 0.78 0.909 3.28e-06 1.4e-06
18.1 0.78 0.909 3.28e-06 1.4e-06
18.2 0.78 0.909 3.27e-06 1.4e-06
18.3 0.78 0.909 3.26e-06 1.4e-06
18.4 0.78 0.909 3.26e-06 1.39e-06
18.5 0.78 0.909 3.24e-06 1.39e-06
18.6 0.78 0.909 3.24e-06 1.39e-06
18.7 0.78 0.909 3.22e-06 1.39e-06
18.8 0.78 0.909 3.21e-06 1.39e-06
18.9 0.78 0.909 3.19e-06 1.39e-06
19 0.78 0.909 3.18e-06 1.38e-06
19.1 0.78 0.909 3.15e-06 1.37e-06
19.2 0.78 0.909 3.14e-06 1.37e-06
19.3 0.78 0.909 3.11e-06 1.37e-06
19.4 0.78 0.909 3.08e-06 1.36e-06
19.5 0.78 0.909 3.05e-06 1.35e-06
19.6 0.78 0.909 3.01e-06 1.35e-06
19.7 0.78 0.909 2.97e-06 1.34e-06
19.8 0.78 0.909 2.92e-06 1.33e-06
19.9 0.78 0.909 2.87e-06 1.31e-06
20 0.78 0.909 2.8e-06 1.3e-06
20.1 0.78 0.909 2.74e-06 1.28e-06
20.2 0.78 0.909 2.65e-06 1.27e-06
20.3 0.78 0.909 2.56e-06 1.25e-06
20.4 0.78 0.909 2.45e-06 1.23e-06
20.5 0.78 0.909 2.33e-06 1.21e-06
20.6 0.78 0.909 2.2e-06 1.18e-06
20.7 0.78 0.909 2.04e-06 1.15e-06
20.8 0.78 0.909 1.86e-06 1.12e-06
20.9 0.78 0.909 1.65e-06 1.08e-06
21 0.78 0.909 1.42e-06 1.05e-06
21.1 0.78 0.909 8.83e-07 3.87e-07
21.2 0.78 0.909 6.28e-07 2.72e-07
21.3 0.78 0.909 3.3e-07 3.7e-07
21.4 0.78 0.909 4.77e-07 4.72e-07
21.5 0.78 0.909 8.55e-07 5.95e-07
21.6 0.78 0.909 1.33e-06 8.35e-07
21.7 0.78 0.909 1.9e-06 1.33e-06
21.8 0.78 0.909 2.61e-06 1.88e-06
21.9 0.78 0.909 3.5e-06 2.49e-06
22 0.78 0.909 4.61e-06 3.18e-06
22.1 0.78 0.909 6.02e-06 3.9e-06
22.2 0.78 0.909 7.79e-06 4.65e-06
22.3 0.78 0.909 1.01e-05 5.35e-06
22.4 0.78 0.909 1.32e-05 6.01e-06
22.5 0.78 0.909 1.61e-05 1.28e-05
22.6 0.78 0.909 2.25e-05 2.42e-05
22.7 0.78 0.909 3.52e-05 5.3e-05
22.8 0.78 0.909 8.74e-05 0.000198
22.9 0.78 0.909 0.00029 0.000121
23 0.78 0.908 0.000117 5.48e-05
23.1 0.78 0.908 8.96e-05 5.09e-05
23.2 0.78 0.908 8.19e-05 5.47e-05
23.3 0.78 0.908 8.15e-05 6.21e-05
23.4 0.78 0.908 8.53e-05 7.21e-05
23.5 0.78 0.908 9.21e-05 8.46e-05
23.6 0.78 0.908 0.000102 0.0001
23.7 0.78 0.907 0.000114 0.000118
23.8 0.78 0.907 0.00013 0.000141
23.9 0.78 0.907 0.000151 0.000168
24 0.78 0.906 0.000178 0.000201
24.1 0.78 0.906 0.000212 0.000241
24.2 0.78 0.906 0.000259 0.000292
24.3 0.78 0.905 0.000327 0.000359
24.4 0.78 0.905 0.000432 0.000451
24.5 0.78 0.904 0.000622 0.000588
24.6 0.78 0.904 0.00104 0.000879
24.7 0.78 0.904 0.00342 0.00185
24.8 0.78 0.901 0.00296 0.00384
24.9 0.78 0.901 0.00496 0.00223
25 0.78 0.896 0.00267 0.00749
25.1 0.78 0.897 0.000663 0.00139
25.2 0.78 0.896 0.000565 0.000437
25.3 0.78 0.895 0.00062 0.000521
25.4 0.78 0.893 0.000726 0.000767
25.5 0.78 0.891 0.000863 0.00101
25.6 0.78 0.889 0.00103 0.00128
25.7 0.78 0.887 0.00121 0.00157
25.8 0.78 0.885 0.00142 0.00189
25.9 0.78 0.882 0.00165 0.00225
26 0.78 0.879 0.0019 0.00265
26.1 0.78 0.876 0.00216 0.00308
26.2 0.78 0.872 0.00242 0.00354
26.3 0.78 0.869 0.00267 0.00402
26.4 0.78 0.866 0.00209 0.00532
26.5 0.78 0.862 0.0021 0.00595
26.6 0.78 0.858 0.00252 0.00655
26.7 0.78 0.853 0.0035 0.00709
26.8 0.78 0.849 0.00467 0.00752
26.9 0.78 0.844 0.00605 0.00776
27 0.78 0.843 0.0084 0.00377
27.1 0.78 0.839 0.0092 0.00509
27.2 0.78 0.833 0.00727 0.00575
27.3 0.78 0.829 0.00827 0.00761
27.4 0.78 0.824 0.0101 0.00956
27.5 0.78 0.819 0.0138 0.0114
27.6 0.78 0.813 0.0176 0.0131
27.7 0.78 0.806 0.0215 0.0142
27.8 0.78 0.799 0.025 0.0147
27.9 0.78 0.79 0.0276 0.0141
28 0.78 0.78 0.0289 0.0124
28.1 0.78 0.759 0.0379 0.0385
28.2 0.78 0.745 0.0355 0.0458
28.3 0.78 0.731 0.0295 0.0499
28.4 0.78 0.739 0.0224 0.00781
28.5 0.78 0.719 0.027 0.0333
28.6 0.78 0.706 0.0219 0.0338
28.7 0.78 0.693 0.0146 0.0306
28.8 0.78 0.685 0.00541 0.0127
28.9 0.78 0.657 0.023 0.0452
29 0.78 0.649 0.0203 0.0492
29.1 0.78 0.642 0.0165 0.0477
29.2 0.78 0.638 0.00772 0.0167
29.3 0.78 0.628 0.00612 0.0164
29.4 0.78 0.625 0.0191 0.0144
29.5 0.78 0.617 0.013 0.00678
29.6 0.78 0.601 0.0127 0.00842
29.7 0.78 0.587 0.00306 0.00185
29.8 0.78 0.576 0.00135 0.00116
29.9 0.78 0.564 0.00217 0.00115
30 0.78 0.555 0.0136 0.00581
30.1 0.78 0.539 0.000843 0.000375
30.2 0.78 0.527 0.000311 0.000614
30.3 0.78 0.515 0.000778 0.00175
30.4 0.78 0.503 0.00101 0.00216
30.5 0.78 0.491 0.000975 0.00178
30.6 0.78 0.479 0.00234 0.00302
30.7 0.78 0.468 0.00053 0.000296
30.8 0.78 0.456 0.00043 0.000375
30.9 0.78 0.444 0.000763 0.00054
31 0.78 0.431 0.00136 0.00142
31.1 0.78 0.419 0.00103 0.000788
31.2 0.78 0.406 0.00435 0.00702
31.3 0.78 0.396 0.00061 0.0008
31.4 0.78 0.385 0.000697 0.000563
31.5 0.78 0.373 0.00412 0.00462
31.6 0.78 0.36 0.00372 0.00626
31.7 0.78 0.352 0.014 0.00996
31.8 0.78 0.343 0.00875 0.0043
31.9 0.78 0.332 0.00796 0.00499
32 0.78 0.329 0.0351 0.0167
32.1 0.78 0.322 0.0321 0.0178
32.2 0.78 0.296 0.00937 0.00529
32.3 0.78 0.288 0.0261 0.0166
32.4 0.78 0.275 0.0287 0.0232
32.5 0.78 0.255 0.00855 0.0209
32.6 0.78 0.261 0.0495 0.0303
32.7 0.78 0.246 0.048 0.0396
32.8 0.78 0.219 0.0139 0.0338
32.9 0.78 0.205 0.0181 0.0354
33 0.78 0.193 0.0207 0.0338
33.1 0.78 0.183 0.0213 0.0297
33.2 0.78 0.175 0.0203 0.0238
33.3 0.78 0.168 0.0178 0.0169
33.4 0.78 0.162 0.0143 0.0168
33.5 0.78 0.164 0.0176 0.0221
33.6 0.78 0.158 0.0209 0.0183
33.7 0.78 0.152 0.023 0.0137
33.8 0.78 0.15 0.0199 0.0138
33.9 0.78 0.143 0.0207 0.0165
34 0.78 0.136 0.021 0.019
34.1 0.78 0.128 0.0209 0.0216
34.2 0.78 0.117 0.0213 0.023
34.3 0.78 0.109 0.0225 0.0288
34.4 0.78 0.0992 0.0246 0.0386
34.5 0.78 0.0848 0.0309 0.0613
34.6 0.78 0.0353 0.0722 0.189
34.7 0.78 0.137 0.136 0.0592
34.8 0.78 0.1 0.0469 0.028
34.9 0.78 0.0879 0.0274 0.0203
35 0.78 0.0791 0.0191 0.0163
35.1 0.78 0.0718 0.0147 0.0134
35.2 0.78 0.0653 0.012 0.0112
35.3 0.78 0.0594 0.0103 0.00934
35.4 0.78 0.0542 0.00894 0.00791
35.5 0.78 0.0492 0.00799 0.0066
35.6 0.78 0.0446 0.00726 0.00546
35.7 0.78 0.0404 0.00665 0.00448
35.8 0.78 0.0365 0.00612 0.00365
35.9 0.78 0.0329 0.00565 0.00294
36 0.78 0.0296 0.00522 0.00247
36.1 0.78 0.0266 0.00481 0.00247
36.2 0.78 0.0238 0.00443 0.00242
36.3 0.78 0.0213 0.00406 0.00234
36.4 0.78 0.019 0.00372 0.00223
36.5 0.78 0.017 0.00339 0.00211
36.6 0.78 0.0151 0.00308 0.00197
36.7 0.78 0.0135 0.0028 0.00183
36.8 0.78 0.012 0.00253 0.00169
36.9 0.78 0.0106 0.00228 0.00155
37 0.78 0.00941 0.00205 0.00141
37.1 0.78 0.00834 0.00184 0.00128
37.2 0.78 0.00739 0.00165 0.00116
37.3 0.78 0.00653 0.00147 0.00105
37.4 0.78 0.00578 0.00131 0.000942
37.5 0.78 0.00511 0.00117 0.000845
37.6 0.78 0.00451 0.00104 0.000756
37.7 0.78 0.00398 0.000923 0.000675
37.8 0.78 0.00351 0.000819 0.000602
37.9 0.78 0.0031 0.000726 0.000535
38 0.78 0.00273 0.000643 0.000476
38.1 0.78 0.00241 0.000569 0.000422
38.2 0.78 0.00212 0.000503 0.000374
38.3 0.78 0.00187 0.000445 0.000332
38.4 0.78 0.00165 0.000393 0.000293
38.5 0.78 0.00145 0.000347 0.00026
38.6 0.78 0.00128 0.000306 0.000229
38.7 0.78 0.00113 0.00027 0.000203
38.8 0.78 0.000992 0.000238 0.000179
38.9 0.78 0.000873 0.00021 0.000158
39 0.78 0.000769 0.000185 0.000139
39.1 0.78 0.000677 0.000163 0.000123
39.2 0.78 0.000596 0.000144 0.000108
39.3 0.78 0.000524 0.000126 9.54e-05
39.4 0.78 0.000461 0.000111 8.41e-05
39.5 0.78 0.000406 9.81e-05 7.41e-05
39.6 0.78 0.000357 8.64e-05 6.52e-05
39.7 0.78 0.000314 7.6e-05 5.75e-05
39.8 0.78 0.000277 6.69e-05 5.06e-05
39.9 0.78 0.000243 5.89e-05 4.45e-05
40 0.78 0.000214 5.19e-05 3.92e-05
40.1 0.78 0.000188 4.56e-05 3.45e-05
40.2 0.78 0.000166 4.02e-05 3.04e-05
40.3 0.78 0.000146 3.53e-05 2.67e-05
40.4 0.78 0.000128 3.11e-05 2.35e-05
40.5 0.78 0.000113 2.74e-05 2.07e-05
40.6 0.78 9.93e-05 2.41e-05 1.82e-05
40.7 0.78 8.74e-05 2.12e-05 1.6e-05
40.8 0.78 7.68e-05 1.86e-05 1.41e-05
40.9 0.78 6.76e-05 1.64e-05 1.24e-05
41 0.78 5.95e-05 1.44e-05 1.09e-05
41.1 0.78 5.23e-05 1.27e-05 9.61e-06
41.2 0.78 4.6e-05 1.12e-05 8.46e-06
41.3 0.78 4.05e-05 9.83e-06 7.44e-06
41.4 0.78 3.56e-05 8.64e-06 6.55e-06
41.5 0.78 3.13e-05 7.6e-06 5.76e-06
41.6 0.78 2.76e-05 6.69e-06 5.07e-06
41.7 0.78 2.42e-05 5.89e-06 4.46e-06
41.8 0.78 2.13e-05 5.18e-06 3.92e-06
41.9 0.78 1.88e-05 4.55e-06 3.45e-06
42 0.78 1.65e-05 4.01e-06 3.04e-06
42.1 0.78 1.45e-05 3.52e-06 2.67e-06
42.2 0.78 1.28e-05 3.1e-06 2.35e-06
42.3 0.78 1.12e-05 2.73e-06 2.07e-06
42.4 0.78 9.88e-06 2.4e-06 1.82e-06
42.5 0.78 8.7e-06 2.11e-06 1.6e-06
42.6 0.78 7.65e-06 1.86e-06 1.41e-06
42.7 0.78 6.73e-06 1.63e-06 1.24e-06
42.8 0.78 5.92e-06 1.44e-06 1.09e-06
42.9 0.78 5.21e-06 1.26e-06 9.58e-07
43 0.78 4.58e-06 1.11e-06 8.42e-07
43.1 0.78 4.03e-06 9.78e-07 7.41e-07
43.2 0.78 3.54e-06 8.61e-07 6.52e-07
43.3 0.78 3.12e-06 7.57e-07 5.74e-07
43.4 0.78 2.74e-06 6.66e-07 5.05e-07
43.5 0.78 2.41e-06 5.86e-07 4.44e-07
43.6 0.78 2.12e-06 5.15e-07 3.9e-07
43.7 0.78 1.87e-06 4.53e-07 3.43e-07
43.8 0.78 1.64e-06 3.99e-07 3.02e-07
43.9 0.78 1.44e-06 3.51e-07 2.66e-07
44 0.78 1.27e-06 3.09e-07 2.34e-07
44.1 0.78 1.12e-06 2.71e-07 2.06e-07
44.2 0.78 9.83e-07 2.39e-07 1.81e-07
44.3 0.78 8.65e-07 2.1e-07 1.59e-07
44.4 0.78 7.61e-07 1.85e-07 1.4e-07
44.5 0.78 6.69e-07 1.63e-07 1.23e-07
44.6 0.78 5.89e-07 1.43e-07 1.08e-07
44.7 0.78 5.18e-07 1.26e-07 9.53e-08
44.8 0.78 4.56e-07 1.11e-07 8.38e-08
44.9 0.78 4.01e-07 9.73e-08 7.37e-08
45 0.78 3.53e-07 8.56e-08 6.49e-08
45.1 0.78 3.1e-07 7.53e-08 5.71e-08
45.2 0.78 2.73e-07 6.63e-08 5.02e-08
45.3 0.78 2.4e-07 5.83e-08 4.42e-08
45.4 0.78 2.11e-07 5.13e-08 3.88e-08
45.5 0.78 1.86e-07 4.51e-08 3.42e-08
45.6 0.78 1.63e-07 3.97e-08 3.01e-08
45.7 0.78 1.44e-07 3.49e-08 2.64e-08
45.8 0.78 1.26e-07 3.07e-08 2.33e-08
45.9 0.78 1.11e-07 2.7e-08 2.05e-08
46 0.78 9.78e-08 2.38e-08 1.8e-08
46.1 0.78 8.61e-08 2.09e-08 1.58e-08
46.2 0.78 7.57e-08 1.84e-08 1.39e-08
46.3 0.78 6.66e-08 1.62e-08 1.23e-08
46.4 0.78 5.86e-08 1.42e-08 1.08e-08
46.5 0.78 5.15e-08 1.25e-08 9.48e-09
46.6 0.78 4.53e-08 1.1e-08 8.34e-09
46.7 0.78 3.99e-08 9.68e-09 7.34e-09
46.8 0.78 3.51e-08 8.52e-09 6.45e-09
46.9 0.78 3.09e-08 7.49e-09 5.68e-09
47 0.78 2.72e-08 6.59e-09 4.99e-09
47.1 0.78 2.39e-08 5.8e-09 4.39e-09
47.2 0.78 2.1e-08 5.1e-09 3.86e-09
47.3 0.78 1.85e-08 4.49e-09 3.4e-09
47.4 0.78 1.63e-08 3.95e-09 2.99e-09
47.5 0.78 1.43e-08 3.47e-09 2.63e-09
47.6 0.78 1.26e-08 3.05e-09 2.31e-09
47.7 0.78 1.11e-08 2.69e-09 2.04e-09
47.8 0.78 9.74e-09 2.36e-09 1.79e-09
47.9 0.78 8.56e-09 2.08e-09 1.58e-09
48 0.78 7.53e-09 1.83e-09 1.39e-09
48.1 0.78 6.63e-09 1.61e-09 1.22e-09
48.2 0.78 5.83e-09 1.42e-09 1.07e-09
48.3 0.78 5.13e-09 1.25e-09 9.43e-10
48.4 0.78 4.51e-09 1.1e-09 8.3e-10
48.5 0.78 3.97e-09 9.63e-10 7.3e-10
48.6 0.78 3.49e-09 8.48e-10 6.42e-10
48.7 0.78 3.07e-09 7.46e-10 5.65e-10
48.8 0.78 2.7e-09 6.56e-10 4.97e-10
48.9 0.78 2.38e-09 5.77e-10 4.37e-10
49 0.78 2.09e-09 5.07e-10 3.84e-10
49.1 0.78 1.84e-09 4.46e-10 3.38e-10
49.2 0.78 1.62e-09 3.93e-10 2.98e-10
49.3 0.78 1.42e-09 3.45e-10 2.62e-10
49.4 0.78 1.25e-09 3.04e-10 2.3e-10
49.5 0.78 1.1e-09 2.67e-10 2.03e-10
49.6 0.78 9.69e-10 2.35e-10 1.78e-10
49.7 0.78 8.52e-10 2.07e-10 1.57e-10
49.8 0.78 7.49e-10 1.82e-10 1.38e-10
49.9 0.78 6.59e-10 1.6e-10 1.21e-10
50 0.78 5.8e-10 1.41e-10 1.07e-10
53.2 0.78 9.59e-12 2.33e-12 1.76e-12
53.3 0.78 8.43e-12 2.05e-12 1.55e-12
53.4 0.78 7.42e-12 1.8e-12 1.36e-12
53.5 0.78 6.53e-12 1.58e-12 1.2e-12
53.6 0.78 5.74e-12 1.39e-12 1.06e-12
53.7 0.78 5.05e-12 1.23e-12 9.29e-13
53.8 0.78 4.44e-12 1.08e-12 8.17e-13
53.9 0.78 3.91e-12 9.49e-13 7.19e-13
54 0.78 3.44e-12 8.35e-13 6.32e-13
54.1 0.78 3.02e-12 7.34e-13 5.56e-13
54.2 0.78 2.66e-12 6.46e-13 4.89e-13
54.3 0.78 2.34e-12 5.68e-13 4.3e-13
54.4 0.78 2.06e-12 5e-13 3.79e-13
54.5 0.78 1.81e-12 4.4e-13 3.33e-13
54.6 0.78 1.59e-12 3.87e-13 2.93e-13
54.7 0.78 1.4e-12 3.4e-13 2.58e-13
54.8 0.78 1.23e-12 2.99e-13 2.27e-13
54.9 0.78 1.08e-12 2.63e-13 1.99e-13
55 0.78 9.54e-13 2.32e-13 1.75e-13
55.1 0.78 8.39e-13 2.04e-13 1.54e-13
55.2 0.78 7.38e-13 1.79e-13 1.36e-13
55.3 0.78 6.49e-13 1.58e-13 1.19e-13
55.4 0.78 5.71e-13 1.39e-13 1.05e-13
55.5 0.78 5.02e-13 1.22e-13 9.24e-14
55.6 0.78 4.42e-13 1.07e-13 8.13e-14
55.7 0.78 3.89e-13 9.44e-14 7.15e-14
55.8 0.78 3.42e-13 8.3e-14 6.29e-14
55.9 0.78 3.01e-13 7.3e-14 5.53e-14
56 0.78 2.65e-13 6.43e-14 4.87e-14
56.1 0.78 2.33e-13 5.65e-14 4.28e-14
56.2 0.78 2.05e-13 4.97e-14 3.77e-14
56.3 0.78 1.8e-13 4.37e-14 3.31e-14
56.4 0.78 1.58e-13 3.85e-14 2.92e-14
56.5 0.78 1.39e-13 3.38e-14 2.56e-14
56.6 0.78 1.23e-13 2.98e-14 2.26e-14
56.7 0.78 1.08e-13 2.62e-14 1.98e-14
56.8 0.78 9.49e-14 2.3e-14 1.75e-14
56.9 0.78 8.35e-14 2.03e-14 1.54e-14
57 0.78 7.34e-14 1.78e-14 1.35e-14
57.1 0.78 6.46e-14 1.57e-14 1.19e-14
57.2 0.78 5.68e-14 1.38e-14 1.05e-14
57.3 0.78 5e-14 1.21e-14 9.19e-15
57.4 0.78 4.4e-14 1.07e-14 8.09e-15
57.5 0.78 3.87e-14 9.39e-15 7.12e-15
57.6 0.78 3.4e-14 8.26e-15 6.26e-15
57.7 0.78 2.99e-14 7.27e-15 5.51e-15
57.8 0.78 2.63e-14 6.39e-15 4.84e-15
57.9 0.78 2.32e-14 5.62e-15 4.26e-15
58 0.78 2.04e-14 4.95e-15 3.75e-15
58.1 0.78 1.79e-14 4.35e-15 3.3e-15
58.2 0.78 1.58e-14 3.83e-15 2.9e-15
58.3 0.78 1.39e-14 3.37e-15 2.55e-15
58.4 0.78 1.22e-14 2.96e-15 2.24e-15
58.5 0.78 1.07e-14 2.61e-15 1.97e-15
58.6 0.78 9.44e-15 2.29e-15 1.74e-15
58.7 0.78 8.31e-15 2.02e-15 1.53e-15
58.8 0.78 7.31e-15 1.77e-15 1.34e-15
58.9 0.78 6.43e-15 1.56e-15 1.18e-15
59 0.78 5.65e-15 1.37e-15 1.04e-15
59.1 0.78 4.97e-15 1.21e-15 9.15e-16
59.2 0.78 4.37e-15 1.06e-15 8.05e-16
59.3 0.78 3.85e-15 9.34e-16 7.08e-16
59.4 0.78 3.39e-15 8.22e-16 6.23e-16
59.5 0.78 2.98e-15 7.23e-16 5.48e-16
59.6 0.78 2.62e-15 6.36e-16 4.82e-16
59.7 0.78 2.3e-15 5.6e-16 4.24e-16
59.8 0.78 2.03e-15 4.92e-16 3.73e-16
59.9 0.78 1.78e-15 4.33e-16 3.28e-16
60 0.78 1.57e-15 3.81e-16 2.89e-16
60.1 0.78 1.38e-15 3.35e-16 2.54e-16
60.2 0.78 1.21e-15 2.95e-16 2.23e-16
60.3 0.78 1.07e-15 2.59e-16 1.96e-16
60.4 0.78 9.39e-16 2.28e-16 1.73e-16
60.5 0.78 8.26e-16 2.01e-16 1.52e-16
60.6 0.78 7.27e-16 1.76e-16 1.34e-16
60.7 0.78 6.39e-16 1.55e-16 1.18e-16
60.8 0.78 5.62e-16 1.37e-16 1.03e-16
60.9 0.78 4.95e-16 1.2e-16 9.1e-17
61 0.78 4.35e-16 1.06e-16 8.01e-17
61.1 0.78 3.83e-16 9.3e-17 7.04e-17
61.2 0.78 3.37e-16 8.18e-17 6.2e-17
61.3 0.78 2.96e-16 7.19e-17 5.45e-17
61.4 0.78 2.61e-16 6.33e-17 4.79e-17
61.5 0.78 2.29e-16 5.57e-17 4.22e-17
61.6 0.78 2.02e-16 4.9e-17 3.71e-17
61.7 0.78 1.77e-16 4.31e-17 3.26e-17
61.8 0.78 1.56e-16 3.79e-17 2.87e-17
61.9 0.78 1.37e-16 3.33e-17 2.53e-17
62 0.78 1.21e-16 2.93e-17 2.22e-17
62.1 0.78 1.06e-16 2.58e-17 1.95e-17
62.2 0.78 9.35e-17 2.27e-17 1.72e-17
62.3 0.78 8.22e-17 2e-17 1.51e-17
62.4 0.78 7.23e-17 1.76e-17 1.33e-17
62.5 0.78 6.36e-17 1.54e-17 1.17e-17
62.6 0.78 5.6e-17 1.36e-17 1.03e-17
62.7 0.78 4.92e-17 1.2e-17 9.06e-18
62.8 0.78 4.33e-17 1.05e-17 7.97e-18
62.9 0.78 3.81e-17 9.25e-18 7.01e-18
63 0.78 3.35e-17 8.14e-18 6.16e-18
63.1 0.78 2.95e-17 7.16e-18 5.42e-18
63.2 0.78 2.59e-17 6.3e-18 4.77e-18
63.3 0.78 2.28e-17 5.54e-18 4.2e-18
63.4 0.78 2.01e-17 4.87e-18 3.69e-18
63.5 0.78 1.77e-17 4.29e-18 3.25e-18
63.6 0.78 1.55e-17 3.77e-18 2.86e-18
63.7 0.78 1.37e-17 3.32e-18 2.51e-18
63.8 0.78 1.2e-17 2.92e-18 2.21e-18
63.9 0.78 1.06e-17 2.57e-18 1.94e-18
64 0.78 9.3e-18 2.26e-18 1.71e-18
64.1 0.78 8.18e-18 1.99e-18 1.5e-18
64.2 0.78 7.19e-18 1.75e-18 1.32e-18
64.3 0.78 6.33e-18 1.54e-18 1.16e-18
64.4 0.78 5.57e-18 1.35e-18 1.02e-18
64.5 0.78 4.9e-18 1.19e-18 9.01e-19
64.6 0.78 4.31e-18 1.05e-18 7.92e-19
64.7 0.78 3.79e-18 9.2e-19 6.97e-19
64.8 0.78 3.33e-18 8.09e-19 6.13e-19
64.9 0.78 2.93e-18 7.12e-19 5.39e-19
65 0.78 2.58e-18 6.26e-19 4.75e-19
65.1 0.78 2.27e-18 5.51e-19 4.17e-19
65.2 0.78 2e-18 4.85e-19 3.67e-19
65.3 0.78 1.76e-18 4.26e-19 3.23e-19
65.4 0.78 1.54e-18 3.75e-19 2.84e-19
65.5 0.78 1.36e-18 3.3e-19 2.5e-19
65.6 0.78 1.2e-18 2.9e-19 2.2e-19
65.7 0.78 1.05e-18 2.55e-19 1.93e-19
65.8 0.78 9.25e-19 2.25e-19 1.7e-19
65.9 0.78 8.14e-19 1.98e-19 1.5e-19
66 0.78 7.16e-19 1.74e-19 1.32e-19
66.1 0.78 6.3e-19 1.53e-19 1.16e-19
66.2 0.78 5.54e-19 1.34e-19 1.02e-19
66.3 0.78 4.87e-19 1.18e-19 8.96e-20
66.4 0.78 4.29e-19 1.04e-19 7.88e-20
66.5 0.78 3.77e-19 9.15e-20 6.94e-20
66.6 0.78 3.32e-19 8.05e-20 6.1e-20
66.7 0.78 2.92e-19 7.08e-20 5.37e-20
66.8 0.78 2.57e-19 6.23e-20 4.72e-20
66.9 0.78 2.26e-19 5.48e-20 4.15e-20
67 0.78 1.99e-19 4.82e-20 3.65e-20
67.1 0.78 1.75e-19 4.24e-20 3.21e-20
67.2 0.78 1.54e-19 3.73e-20 2.83e-20
67.3 0.78 1.35e-19 3.28e-20 2.49e-20
67.4 0.78 1.19e-19 2.89e-20 2.19e-20
67.5 0.78 1.05e-19 2.54e-20 1.92e-20
67.6 0.78 9.2e-20 2.23e-20 1.69e-20
67.7 0.78 8.1e-20 1.97e-20 1.49e-20
67.8 0.78 7.12e-20 1.73e-20 1.31e-20
67.9 0.78 6.26e-20 1.52e-20 1.15e-20
68 0.78 5.51e-20 1.34e-20 1.01e-20
68.1 0.78 4.85e-20 1.18e-20 8.92e-21
68.2 0.78 4.26e-20 1.04e-20 7.84e-21
68.3 0.78 3.75e-20 9.11e-21 6.9e-21
68.4 0.78 3.3e-20 8.01e-21 6.07e-21
68.5 0.78 2.9e-20 7.05e-21 5.34e-21
68.6 0.78 2.55e-20 6.2e-21 4.7e-21
68.7 0.78 2.25e-20 5.45e-21 4.13e-21
68.8 0.78 1.98e-20 4.8e-21 3.63e-21
68.9 0.78 1.74e-20 4.22e-21 3.2e-21
69 0.78 1.53e-20 3.71e-21 2.81e-21
69.1 0.78 1.35e-20 3.27e-21 2.47e-21
69.2 0.78 1.18e-20 2.87e-21 2.18e-21
69.3 0.78 1.04e-20 2.53e-21 1.91e-21
69.4 0.78 9.16e-21 2.22e-21 1.68e-21
69.5 0.78 8.05e-21 1.96e-21 1.48e-21
69.6 0.78 7.09e-21 1.72e-21 1.3e-21
69.7 0.78 6.23e-21 1.51e-21 1.15e-21
69.8 0.78 5.48e-21 1.33e-21 1.01e-21
69.9 0.78 4.82e-21 1.17e-21 8.87e-22
70 0.78 4.24e-21 1.03e-21 7.8e-22
70.1 0.78 3.73e-21 9.06e-22 6.87e-22
70.2 0.78 3.28e-21 7.97e-22 6.04e-22
70.3 0.78 2.89e-21 7.01e-22 5.31e-22
70.4 0.78 2.54e-21 6.17e-22 4.67e-22
70.5 0.78 2.23e-21 5.43e-22 4.11e-22
70.6 0.78 1.97e-21 4.77e-22 3.62e-22
70.7 0.78 1.73e-21 4.2e-22 3.18e-22
70.8 0.78 1.52e-21 3.69e-22 2.8e-22
70.9 0.78 1.34e-21 3.25e-22 2.46e-22
71 0.78 1.18e-21 2.86e-22 2.17e-22
71.1 0.78 1.04e-21 2.51e-22 1.9e-22
71.2 0.78 9.11e-22 2.21e-22 1.68e-22
71.3 0.78 8.01e-22 1.95e-22 1.47e-22
71.4 0.78 7.05e-22 1.71e-22 1.3e-22
71.5 0.78 6.2e-22 1.51e-22 1.14e-22
71.6 0.78 5.45e-22 1.32e-22 1e-22
71.7 0.78 4.8e-22 1.17e-22 8.83e-23
71.8 0.78 4.22e-22 1.02e-22 7.76e-23
71.9 0.78 3.71e-22 9.02e-23 6.83e-23
72 0.78 3.27e-22 7.93e-23 6.01e-23
72.1 0.78 2.87e-22 6.98e-23 5.29e-23
72.2 0.78 2.53e-22 6.14e-23 4.65e-23
72.3 0.78 2.22e-22 5.4e-23 4.09e-23
72.4 0.78 1.96e-22 4.75e-23 3.6e-23
72.5 0.78 1.72e-22 4.18e-23 3.16e-23
72.6 0.78 1.51e-22 3.67e-23 2.78e-23
72.7 0.78 1.33e-22 3.23e-23 2.45e-23
72.8 0.78 1.17e-22 2.84e-23 2.15e-23
72.9 0.78 1.03e-22 2.5e-23 1.9e-23
73 0.78 9.06e-23 2.2e-23 1.67e-23
73.1 0.78 7.97e-23 1.94e-23 1.47e-23
73.2 0.78 7.01e-23 1.7e-23 1.29e-23
73.3 0.78 6.17e-23 1.5e-23 1.13e-23
73.4 0.78 5.43e-23 1.32e-23 9.98e-24
73.5 0.78 4.77e-23 1.16e-23 8.78e-24
73.6 0.78 4.2e-23 1.02e-23 7.73e-24
73.7 0.78 3.69e-23 8.97e-24 6.8e-24
73.8 0.78 3.25e-23 7.89e-24 5.98e-24
73.9 0.78 2.86e-23 6.94e-24 5.26e-24
74 0.78 2.51e-23 6.11e-24 4.63e-24
74.1 0.78 2.21e-23 5.37e-24 4.07e-24
74.2 0.78 1.95e-23 4.72e-24 3.58e-24
74.3 0.78 1.71e-23 4.16e-24 3.15e-24
74.4 0.78 1.51e-23 3.66e-24 2.77e-24
74.5 0.78 1.32e-23 3.22e-24 2.44e-24
74.6 0.78 1.17e-23 2.83e-24 2.14e-24
74.7 0.78 1.03e-23 2.49e-24 1.89e-24
74.8 0.78 9.02e-24 2.19e-24 1.66e-24
74.9 0.78 7.93e-24 1.93e-24 1.46e-24
75 0.78 6.98e-24 1.69e-24 1.28e-24
75.1 0.78 6.14e-24 1.49e-24 1.13e-24
75.2 0.78 5.4e-24 1.31e-24 9.93e-25
75.3 0.78 4.75e-24 1.15e-24 8.74e-25
75.4 0.78 4.18e-24 1.01e-24 7.69e-25
75.5 0.78 3.68e-24 8.92e-25 6.76e-25
75.6 0.78 3.23e-24 7.85e-25 5.95e-25
75.7 0.78 2.84e-24 6.91e-25 5.23e-25
75.8 0.78 2.5e-24 6.07e-25 4.6e-25
75.9 0.78 2.2e-24 5.34e-25 4.05e-25
76 0.78 1.94e-24 4.7e-25 3.56e-25
76.1 0.78 1.7e-24 4.14e-25 3.13e-25
76.2 0.78 1.5e-24 3.64e-25 2.76e-25
76.3 0.78 1.32e-24 3.2e-25 2.42e-25
76.4 0.78 1.16e-24 2.81e-25 2.13e-25
76.5 0.78 1.02e-24 2.48e-25 1.88e-25
76.6 0.78 8.97e-25 2.18e-25 1.65e-25
76.7 0.78 7.89e-25 1.92e-25 1.45e-25
76.8 0.78 6.94e-25 1.69e-25 1.28e-25
76.9 0.78 6.11e-25 1.48e-25 1.12e-25
77 0.78 5.37e-25 1.3e-25 9.88e-26
77.1 0.78 4.73e-25 1.15e-25 8.69e-26
77.2 0.78 4.16e-25 1.01e-25 7.65e-26
77.3 0.78 3.66e-25 8.88e-26 6.73e-26
77.4 0.78 3.22e-25 7.81e-26 5.92e-26
77.5 0.78 2.83e-25 6.87e-26 5.21e-26
77.6 0.78 2.49e-25 6.04e-26 4.58e-26
77.7 0.78 2.19e-25 5.32e-26 4.03e-26
77.8 0.78 1.93e-25 4.68e-26 3.54e-26
77.9 0.78 1.69e-25 4.11e-26 3.12e-26
78 0.78 1.49e-25 3.62e-26 2.74e-26
78.1 0.78 1.31e-25 3.18e-26 2.41e-26
78.2 0.78 1.15e-25 2.8e-26 2.12e-26
78.3 0.78 1.01e-25 2.46e-26 1.87e-26
78.4 0.78 8.93e-26 2.17e-26 1.64e-26
78.5 0.78 7.85e-26 1.91e-26 1.44e-26
78.6 0.78 6.91e-26 1.68e-26 1.27e-26
78.7 0.78 6.08e-26 1.48e-26 1.12e-26
78.8 0.78 5.34e-26 1.3e-26 9.83e-27
78.9 0.78 4.7e-26 1.14e-26 8.65e-27
79 0.78 4.14e-26 1e-26 7.61e-27
79.1 0.78 3.64e-26 8.83e-27 6.69e-27
79.2 0.78 3.2e-26 7.77e-27 5.89e-27
79.3 0.78 2.82e-26 6.84e-27 5.18e-27
79.4 0.78 2.48e-26 6.01e-27 4.56e-27
79.5 0.78 2.18e-26 5.29e-27 4.01e-27
79.6 0.78 1.92e-26 4.65e-27 3.53e-27
79.7 0.78 1.69e-26 4.09e-27 3.1e-27
79.8 0.78 1.48e-26 3.6e-27 2.73e-27
79.9 0.78 1.3e-26 3.17e-27 2.4e-27
80 0.78 1.15e-26 2.79e-27 2.11e-27
80.1 0.78 1.01e-26 2.45e-27 1.86e-27
80.2 0.78 8.88e-27 2.16e-27 1.63e-27
80.3 0.78 7.81e-27 1.9e-27 1.44e-27
80.4 0.78 6.87e-27 1.67e-27 1.26e-27
80.5 0.78 6.04e-27 1.47e-27 1.11e-27
80.6 0.78 5.32e-27 1.29e-27 9.78e-28
80.7 0.78 4.68e-27 1.14e-27 8.6e-28
80.8 0.78 4.11e-27 9.99e-28 7.57e-28
80.9 0.78 3.62e-27 8.79e-28 6.66e-28
81 0.78 3.18e-27 7.73e-28 5.86e-28
81.1 0.78 2.8e-27 6.8e-28 5.15e-28
81.2 0.78 2.46e-27 5.98e-28 4.53e-28
81.3 0.78 2.17e-27 5.26e-28 3.99e-28
81.4 0.78 1.91e-27 4.63e-28 3.51e-28
81.5 0.78 1.68e-27 4.07e-28 3.09e-28
81.6 0.78 1.48e-27 3.58e-28 2.71e-28
81.7 0.78 1.3e-27 3.15e-28 2.39e-28
81.8 0.78 1.14e-27 2.77e-28 2.1e-28
81.9 0.78 1e-27 2.44e-28 1.85e-28
82 0.78 8.83e-28 2.15e-28 1.63e-28
82.1 0.78 7.77e-28 1.89e-28 1.43e-28
82.2 0.78 6.84e-28 1.66e-28 1.26e-28
82.3 0.78 6.01e-28 1.46e-28 1.11e-28
82.4 0.78 5.29e-28 1.28e-28 9.73e-29
82.5 0.78 4.65e-28 1.13e-28 8.56e-29
82.6 0.78 4.09e-28 9.94e-29 7.53e-29
82.7 0.78 3.6e-28 8.74e-29 6.62e-29
82.8 0.78 3.17e-28 7.69e-29 5.83e-29
82.9 0.78 2.79e-28 6.77e-29 5.13e-29
83 0.78 2.45e-28 5.95e-29 4.51e-29
83.1 0.78 2.16e-28 5.24e-29 3.97e-29
83.2 0.78 1.9e-28 4.61e-29 3.49e-29
83.3 0.78 1.67e-28 4.05e-29 3.07e-29
83.4 0.78 1.47e-28 3.56e-29 2.7e-29
83.5 0.78 1.29e-28 3.14e-29 2.38e-29
83.6 0.78 1.14e-28 2.76e-29 2.09e-29
83.7 0.78 9.99e-29 2.43e-29 1.84e-29
83.8 0.78 8.79e-29 2.13e-29 1.62e-29
83.9 0.78 7.73e-29 1.88e-29 1.42e-29
84 0.78 6.8e-29 1.65e-29 1.25e-29
84.1 0.78 5.98e-29 1.45e-29 1.1e-29
84.2 0.78 5.26e-29 1.28e-29 9.68e-30
84.3 0.78 4.63e-29 1.12e-29 8.52e-30
84.4 0.78 4.07e-29 9.89e-30 7.49e-30
84.5 0.78 3.58e-29 8.7e-30 6.59e-30
84.6 0.78 3.15e-29 7.65e-30 5.8e-30
84.7 0.78 2.77e-29 6.73e-30 5.1e-30
84.8 0.78 2.44e-29 5.92e-30 4.49e-30
84.9 0.78 2.15e-29 5.21e-30 3.95e-30
85 0.78 1.89e-29 4.58e-30 3.47e-30
85.1 0.78 1.66e-29 4.03e-30 3.05e-30
85.2 0.78 1.46e-29 3.55e-30 2.69e-30
85.3 0.78 1.28e-29 3.12e-30 2.36e-30
85.4 0.78 1.13e-29 2.74e-30 2.08e-30
85.5 0.78 9.94e-30 2.41e-30 1.83e-30
85.6 0.78 8.75e-30 2.12e-30 1.61e-30
85.7 0.78 7.69e-30 1.87e-30 1.42e-30
85.8 0.78 6.77e-30 1.64e-30 1.24e-30
85.9 0.78 5.95e-30 1.45e-30 1.1e-30
86 0.78 5.24e-30 1.27e-30 9.63e-31
86.1 0.78 4.61e-30 1.12e-30 8.47e-31
86.2 0.78 4.05e-30 9.84e-31 7.45e-31
86.3 0.78 3.56e-30 8.65e-31 6.56e-31
86.4 0.78 3.14e-30 7.61e-31 5.77e-31
86.5 0.78 2.76e-30 6.7e-31 5.07e-31
86.6 0.78 2.43e-30 5.89e-31 4.46e-31
86.7 0.78 2.13e-30 5.18e-31 3.93e-31
86.8 0.78 1.88e-30 4.56e-31 3.45e-31
86.9 0.78 1.65e-30 4.01e-31 3.04e-31
87 0.78 1.45e-30 3.53e-31 2.67e-31
87.1 0.78 1.28e-30 3.1e-31 2.35e-31
87.2 0.78 1.12e-30 2.73e-31 2.07e-31
87.3 0.78 9.89e-31 2.4e-31 1.82e-31
87.4 0.78 8.7e-31 2.11e-31 1.6e-31
87.5 0.78 7.65e-31 1.86e-31 1.41e-31
87.6 0.78 6.73e-31 1.63e-31 1.24e-31
87.7 0.78 5.92e-31 1.44e-31 1.09e-31
87.8 0.78 5.21e-31 1.26e-31 9.58e-32
87.9 0.78 4.58e-31 1.11e-31 8.43e-32
88 0.78 4.03e-31 9.79e-32 7.42e-32
88.1 0.78 3.55e-31 8.61e-32 6.52e-32
88.2 0.78 3.12e-31 7.57e-32 5.74e-32
88.3 0.78 2.74e-31 6.66e-32 5.05e-32
88.4 0.78 2.41e-31 5.86e-32 4.44e-32
88.5 0.78 2.12e-31 5.16e-32 3.91e-32
88.6 0.78 1.87e-31 4.54e-32 3.44e-32
88.7 0.78 1.64e-31 3.99e-32 3.02e-32
88.8 0.78 1.45e-31 3.51e-32 2.66e-32
88.9 0.78 1.27e-31 3.09e-32 2.34e-32
89 0.78 1.12e-31 2.72e-32 2.06e-32
89.1 0.78 9.84e-32 2.39e-32 1.81e-32
89.2 0.78 8.66e-32 2.1e-32 1.59e-32
89.3 0.78 7.61e-32 1.85e-32 1.4e-32
89.4 0.78 6.7e-32 1.63e-32 1.23e-32
89.5 0.78 5.89e-32 1.43e-32 1.08e-32
89.6 0.78 5.18e-32 1.26e-32 9.53e-33
89.7 0.78 4.56e-32 1.11e-32 8.39e-33
89.8 0.78 4.01e-32 9.74e-33 7.38e-33
89.9 0.78 3.53e-32 8.57e-33 6.49e-33
90 0.78 3.1e-32 7.54e-33 5.71e-33
90.1 0.78 2.73e-32 6.63e-33 5.02e-33
90.2 0.78 2.4e-32 5.83e-33 4.42e-33
90.3 0.78 2.11e-32 5.13e-33 3.89e-33
90.4 0.78 1.86e-32 4.51e-33 3.42e-33
90.5 0.78 1.63e-32 3.97e-33 3.01e-33
90.6 0.78 1.44e-32 3.49e-33 2.65e-33
90.7 0.78 1.27e-32 3.07e-33 2.33e-33
90.8 0.78 1.11e-32 2.7e-33 2.05e-33
90.9 0.78 9.79e-33 2.38e-33 1.8e-33
91 0.78 8.61e-33 2.09e-33 1.58e-33
91.1 0.78 7.58e-33 1.84e-33 1.39e-33
91.2 0.78 6.66e-33 1.62e-33 1.23e-33
91.3 0.78 5.86e-33 1.42e-33 1.08e-33
91.4 0.78 5.16e-33 1.25e-33 9.49e-34
91.5 0.78 4.54e-33 1.1e-33 8.34e-34
91.6 0.78 3.99e-33 9.69e-34 7.34e-34
91.7 0.78 3.51e-33 8.52e-34 6.46e-34
91.8 0.78 3.09e-33 7.5e-34 5.68e-34
91.9 0.78 2.72e-33 6.6e-34 5e-34
92 0.78 2.39e-33 5.8e-34 4.4e-34
92.1 0.78 2.1e-33 5.1e-34 3.87e-34
92.2 0.78 1.85e-33 4.49e-34 3.4e-34
92.3 0.78 1.63e-33 3.95e-34 2.99e-34
92.4 0.78 1.43e-33 3.47e-34 2.63e-34
92.5 0.78 1.26e-33 3.06e-34 2.32e-34
92.6 0.78 1.11e-33 2.69e-34 2.04e-34
92.7 0.78 9.74e-34 2.36e-34 1.79e-34
92.8 0.78 8.57e-34 2.08e-34 1.58e-34
92.9 0.78 7.54e-34 1.83e-34 1.39e-34
93 0.78 6.63e-34 1.61e-34 1.22e-34
93.1 0.78 5.83e-34 1.42e-34 1.07e-34
93.2 0.78 5.13e-34 1.25e-34 9.44e-35
93.3 0.78 4.51e-34 1.1e-34 8.3e-35
93.4 0.78 3.97e-34 9.64e-35 7.3e-35
93.5 0.78 3.49e-34 8.48e-35 6.42e-35
93.6 0.78 3.07e-34 7.46e-35 5.65e-35
93.7 0.78 2.7e-34 6.56e-35 4.97e-35
93.8 0.78 2.38e-34 5.77e-35 4.37e-35
93.9 0.78 2.09e-34 5.08e-35 3.85e-35
94 0.78 1.84e-34 4.47e-35 3.38e-35
94.1 0.78 1.62e-34 3.93e-35 2.98e-35
94.2 0.78 1.42e-34 3.46e-35 2.62e-35
94.3 0.78 1.25e-34 3.04e-35 2.3e-35
94.4 0.78 1.1e-34 2.67e-35 2.03e-35
94.5 0.78 9.69e-35 2.35e-35 1.78e-35
94.6 0.78 8.52e-35 2.07e-35 1.57e-35
94.7 0.78 7.5e-35 1.82e-35 1.38e-35
94.8 0.78 6.6e-35 1.6e-35 1.21e-35
94.9 0.78 5.8e-35 1.41e-35 1.07e-35
95 0.78 5.1e-35 1.24e-35 9.39e-36
95.1 0.78 4.49e-35 1.09e-35 8.26e-36
95.2 0.78 3.95e-35 9.59e-36 7.27e-36
95.3 0.78 3.47e-35 8.44e-36 6.39e-36
95.4 0.78 3.06e-35 7.42e-36 5.62e-36
95.5 0.78 2.69e-35 6.53e-36 4.95e-36
95.6 0.78 2.37e-35 5.74e-36 4.35e-36
95.7 0.78 2.08e-35 5.05e-36 3.83e-36
95.8 0.78 1.83e-35 4.44e-36 3.37e-36
95.9 0.78 1.61e-35 3.91e-36 2.96e-36
96 0.78 1.42e-35 3.44e-36 2.61e-36
96.1 0.78 1.25e-35 3.02e-36 2.29e-36
96.2 0.78 1.1e-35 2.66e-36 2.02e-36
96.3 0.78 9.64e-36 2.34e-36 1.77e-36
96.4 0.78 8.48e-36 2.06e-36 1.56e-36
96.5 0.78 7.46e-36 1.81e-36 1.37e-36
96.6 0.78 6.56e-36 1.59e-36 1.21e-36
96.7 0.78 5.77e-36 1.4e-36 1.06e-36
96.8 0.78 5.08e-36 1.23e-36 9.34e-37
96.9 0.78 4.47e-36 1.08e-36 8.22e-37
97 0.78 3.93e-36 9.54e-37 7.23e-37
97.1 0.78 3.46e-36 8.39e-37 6.36e-37
97.2 0.78 3.04e-36 7.38e-37 5.59e-37
97.3 0.78 2.68e-36 6.49e-37 4.92e-37
97.4 0.78 2.35e-36 5.71e-37 4.33e-37
97.5 0.78 2.07e-36 5.03e-37 3.81e-37
97.6 0.78 1.82e-36 4.42e-37 3.35e-37
97.7 0.78 1.6e-36 3.89e-37 2.95e-37
97.8 0.78 1.41e-36 3.42e-37 2.59e-37
97.9 0.78 1.24e-36 3.01e-37 2.28e-37
98 0.78 1.09e-36 2.65e-37 2.01e-37
98.1 0.78 9.59e-37 2.33e-37 1.76e-37
98.2 0.78 8.44e-37 2.05e-37 1.55e-37
98.3 0.78 7.42e-37 1.8e-37 1.37e-37
98.4 0.78 6.53e-37 1.59e-37 1.2e-37
98.5 0.78 5.74e-37 1.39e-37 1.06e-37
98.6 0.78 5.05e-37 1.23e-37 9.29e-38
98.7 0.78 4.44e-37 1.08e-37 8.18e-38
98.8 0.78 3.91e-37 9.49e-38 7.19e-38
98.9 0.78 3.44e-37 8.35e-38 6.33e-38
99 0.78 3.03e-37 7.35e-38 5.57e-38
99.1 0.78 2.66e-37 6.46e-38 4.9e-38
99.2 0.78 2.34e-37 5.68e-38 4.31e-38
99.3 0.78 2.06e-37 5e-38 3.79e-38
99.4 0.78 1.81e-37 4.4e-38 3.33e-38
99.5 0.78 1.59e-37 3.87e-38 2.93e-38
99.6 0.78 1.4e-37 3.4e-38 2.58e-38
99.7 0.78 1.23e-37 2.99e-38 2.27e-38
99.8 0.78 1.08e-37 2.63e-38 2e-38
99.9 0.78 9.54e-38 2.32e-38 1.76e-38
