-25 0.8 1.83e-12 3.68e-13 3.02e-13
-24.9 0.8 2.08e-12 4.17e-13 3.42e-13
-24.8 0.8 2.35e-12 4.73e-13 3.88e-13
-24.7 0.8 2.67e-12 5.36e-13 4.4e-13
-24.6 0.8 3.02e-12 6.07e-13 4.98e-13
-24.5 0.8 3.42e-12 6.88e-13 5.65e-13
-24.4 0.8 3.88e-12 7.8e-13 6.4e-13
-24.3 0.8 4.4e-12 8.84e-13 7.25e-13
-24.2 0.8 4.98e-12 1e-12 8.21e-13
-24.1 0.8 5.65e-12 1.13e-12 9.31e-13
-24 0.8 6.4e-12 1.29e-12 1.05e-12
-23.9 0.8 7.25e-12 1.46e-12 1.2e-12
-23.8 0.8 8.22e-12 1.65e-12 1.35e-12
-23.7 0.8 9.31e-12 1.87e-12 1.53e-12
-20.3 0.8 6.53e-10 1.31e-10 1.08e-10
-20.2 0.8 7.4e-10 1.49e-10 1.22e-10
-20.1 0.8 8.38e-10 1.68e-10 1.38e-10
-20 0.8 9.5e-10 1.91e-10 1.57e-10
-19.9 0.8 1.08e-09 2.16e-10 1.77e-10
-19.8 0.8 1.22e-09 2.45e-10 2.01e-10
-19.7 0.8 1.38e-09 2.78e-10 2.28e-10
-19.6 0.8 1.57e-09 3.15e-10 2.58e-10
-19.5 0.8 1.77e-09 3.56e-10 2.92e-10
-19.4 0.8 2.01e-09 4.04e-10 3.31e-10
-19.3 0.8 2.28e-09 4.58e-10 3.76e-10
-19.2 0.8 2.58e-09 5.19e-10 4.25e-10
-19.1 0.8 2.92e-09 5.88e-10 4.82e-10
-19 0.8 3.31e-09 6.66e-10 5.46e-10
-18.9 0.8 3.76e-09 7.55e-10 6.19e-10
-18.8 0.8 4.26e-09 8.55e-10 7.02e-10
-18.7 0.8 4.82e-09 9.69e-10 7.95e-10
-18.6 0.8 5.46e-09 1.1e-09 9.01e-10
-18.5 0.8 6.19e-09 1.24e-09 1.02e-09
-18.4 0.8 7.02e-09 1.41e-09 1.16e-09
-18.3 0.8 7.95e-09 1.6e-09 1.31e-09
-18.2 0.8 9.01e-09 1.81e-09 1.49e-09
-18.1 0.8 1.02e-08 2.05e-09 1.68e-09
-18 0.8 1.16e-08 2.32e-09 1.91e-09
-17.9 0.8 1.31e-08 2.63e-09 2.16e-09
-17.8 0.8 1.49e-08 2.98e-09 2.45e-09
-17.7 0.8 1.68e-08 3.38e-09 2.77e-09
-17.6 0.8 1.91e-08 3.83e-09 3.14e-09
-17.5 0.8 2.16e-08 4.34e-09 3.56e-09
-17.4 0.8 2.45e-08 4.92e-09 4.04e-09
-17.3 0.8 2.78e-08 5.58e-09 4.57e-09
-17.2 0.8 3.14e-08 6.32e-09 5.18e-09
-17.1 0.8 3.56e-08 7.16e-09 5.87e-09
-17 0.8 4.04e-08 8.11e-09 6.66e-09
-16.9 0.8 4.58e-08 9.19e-09 7.54e-09
-16.8 0.8 5.18e-08 1.04e-08 8.55e-09
-16.7 0.8 5.87e-08 1.18e-08 9.68e-09
-16.6 0.8 6.66e-08 1.34e-08 1.1e-08
-16.5 0.8 7.54e-08 1.52e-08 1.24e-08
-16.4 0.8 8.55e-08 1.72e-08 1.41e-08
-16.3 0.8 9.69e-08 1.95e-08 1.6e-08
-16.2 0.8 1.1e-07 2.21e-08 1.81e-08
-16.1 0.8 1.24e-07 2.5e-08 2.05e-08
-16 0.8 1.41e-07 2.83e-08 2.32e-08
-15.9 0.8 1.6e-07 3.21e-08 2.63e-08
-15.8 0.8 1.81e-07 3.64e-08 2.98e-08
-15.7 0.8 2.05e-07 4.12e-08 3.38e-08
-15.6 0.8 2.32e-07 4.67e-08 3.83e-08
-15.5 0.8 2.63e-07 5.29e-08 4.34e-08
-15.4 0.8 2.98e-07 6e-08 4.92e-08
-15.3 0.8 3.38e-07 6.79e-08 5.57e-08
-15.2 0.8 3.83e-07 7.7e-08 6.31e-08
-15.1 0.8 4.34e-07 8.72e-08 7.16e-08
-15 0.8 4.92e-07 9.88e-08 8.11e-08
-14.9 0.8 5.57e-07 1.12e-07 9.19e-08
-14.8 0.8 6.32e-07 1.27e-07 1.04e-07
-14.7 0.8 7.16e-07 1.44e-07 1.18e-07
-14.6 0.8 8.11e-07 1.63e-07 1.34e-07
-14.5 0.8 9.19e-07 1.85e-07 1.51e-07
-14.4 0.8 1.04e-06 2.09e-07 1.72e-07
-14.3 0.8 1.18e-06 2.37e-07 1.95e-07
-14.2 0.8 1.34e-06 2.69e-07 2.2e-07
-14.1 0.8 1.52e-06 3.04e-07 2.5e-07
-14 0.8 1.72e-06 3.45e-07 2.83e-07
-13.9 0.8 1.95e-06 3.91e-07 3.21e-07
-13.8 0.8 2.2e-06 4.43e-07 3.63e-07
-13.7 0.8 2.5e-06 5.02e-07 4.12e-07
-13.6 0.8 2.83e-06 5.69e-07 4.67e-07
-13.5 0.8 3.21e-06 6.44e-07 5.29e-07
-13.4 0.8 3.63e-06 7.3e-07 5.99e-07
-13.3 0.8 4.12e-06 8.28e-07 6.79e-07
-13.2 0.8 4.67e-06 9.38e-07 7.69e-07
-13.1 0.8 5.29e-06 1.06e-06 8.72e-07
-13 0.8 5.99e-06 1.2e-06 9.88e-07
-12.9 0.8 6.79e-06 1.36e-06 1.12e-06
-12.8 0.8 7.69e-06 1.55e-06 1.27e-06
-12.7 0.8 8.72e-06 1.75e-06 1.44e-06
-12.6 0.8 9.88e-06 1.98e-06 1.63e-06
-12.5 0.8 1.12e-05 2.25e-06 1.84e-06
-12.4 0.8 1.27e-05 2.55e-06 2.09e-06
-12.3 0.8 1.44e-05 2.89e-06 2.37e-06
-12.2 0.8 1.63e-05 3.27e-06 2.68e-06
-12.1 0.8 1.85e-05 3.71e-06 3.04e-06
-12 0.8 2.09e-05 4.2e-06 3.45e-06
-11.9 0.8 2.37e-05 4.76e-06 3.9e-06
-11.8 0.8 2.69e-05 5.39e-06 4.42e-06
-11.7 0.8 3.04e-05 6.11e-06 5.01e-06
-11.6 0.8 3.45e-05 6.92e-06 5.68e-06
-11.5 0.8 3.91e-05 7.85e-06 6.43e-06
-11.4 0.8 4.43e-05 8.89e-06 7.29e-06
-11.3 0.8 5.02e-05 1.01e-05 8.26e-06
-11.2 0.8 5.68e-05 1.14e-05 9.36e-06
-11.1 0.8 6.44e-05 1.29e-05 1.06e-05
-11 0.8 7.3e-05 1.46e-05 1.2e-05
-10.9 0.8 8.27e-05 1.66e-05 1.36e-05
-10.8 0.8 9.37e-05 1.88e-05 1.54e-05
-10.7 0.8 0.000106 2.13e-05 1.75e-05
-10.6 0.8 0.00012 2.41e-05 1.98e-05
-10.5 0.8 0.000136 2.73e-05 2.24e-05
-10.4 0.8 0.000154 3.1e-05 2.54e-05
-10.3 0.8 0.000175 3.51e-05 2.87e-05
-10.2 0.8 0.000198 3.97e-05 3.25e-05
-10.1 0.8 0.000225 4.5e-05 3.68e-05
-10 0.8 0.000254 5.09e-05 4.17e-05
-9.9 0.8 0.000288 5.77e-05 4.72e-05
-9.8 0.8 0.000326 6.53e-05 5.34e-05
-9.7 0.8 0.00037 7.4e-05 6.05e-05
-9.6 0.8 0.000419 8.37e-05 6.84e-05
-9.5 0.8 0.000475 9.48e-05 7.74e-05
-9.4 0.8 0.000537 0.000107 8.76e-05
-9.3 0.8 0.000609 0.000121 9.91e-05
-9.2 0.8 0.000689 0.000137 0.000112
-9.1 0.8 0.000781 0.000155 0.000127
-9 0.8 0.000884 0.000176 0.000143
-8.9 0.8 0.001 0.000199 0.000162
-8.8 0.8 0.00113 0.000224 0.000182
-8.7 0.8 0.00128 0.000254 0.000206
-8.6 0.8 0.00145 0.000286 0.000232
-8.5 0.8 0.00164 0.000323 0.000261
-8.4 0.8 0.00186 0.000365 0.000294
-8.3 0.8 0.0021 0.000412 0.000331
-8.2 0.8 0.00238 0.000464 0.000372
-8.1 0.8 0.00269 0.000522 0.000418
-8 0.8 0.00304 0.000588 0.000469
-7.9 0.8 0.00344 0.000661 0.000526
-7.8 0.8 0.00388 0.000743 0.000588
-7.7 0.8 0.00439 0.000833 0.000656
-7.6 0.8 0.00495 0.000934 0.000731
-7.5 0.8 0.00559 0.00105 0.000813
-7.4 0.8 0.0063 0.00117 0.000901
-7.3 0.8 0.0071 0.0013 0.000996
-7.2 0.8 0.008 0.00145 0.0011
-7.1 0.8 0.009 0.00161 0.0012
-7 0.8 0.0101 0.00179 0.00132
-6.9 0.8 0.0114 0.00198 0.00143
-6.8 0.8 0.0128 0.00218 0.00155
-6.7 0.8 0.0143 0.0024 0.00166
-6.6 0.8 0.016 0.00263 0.00177
-6.5 0.8 0.0179 0.00288 0.00188
-6.4 0.8 0.02 0.00314 0.00196
-6.3 0.8 0.0224 0.00341 0.00203
-6.2 0.8 0.0249 0.0037 0.00206
-6.1 0.8 0.0277 0.004 0.00207
-6 0.8 0.0308 0.00431 0.00212
-5.9 0.8 0.0341 0.00466 0.00267
-5.8 0.8 0.0377 0.00503 0.00333
-5.7 0.8 0.0416 0.00546 0.0041
-5.6 0.8 0.0458 0.00597 0.00499
-5.5 0.8 0.0504 0.00661 0.00602
-5.4 0.8 0.0552 0.00756 0.00712
-5.3 0.8 0.0606 0.00866 0.00857
-5.2 0.8 0.0664 0.0103 0.0103
-5.1 0.8 0.0727 0.0129 0.0123
-5 0.8 0.0799 0.0174 0.015
-4.9 0.8 0.0887 0.0262 0.019
-4.8 0.8 0.103 0.0493 0.0277
-4.7 0.8 0.173 0.241 0.0929
-4.6 0.8 0.066 0.0422 0.1
-4.5 0.8 0.0911 0.025 0.0454
-4.4 0.8 0.103 0.0211 0.0308
-4.3 0.8 0.111 0.0196 0.0237
-4.2 0.8 0.121 0.0187 0.0213
-4.1 0.8 0.129 0.0189 0.0187
-4 0.8 0.137 0.0189 0.0164
-3.9 0.8 0.144 0.0185 0.0142
-3.8 0.8 0.151 0.0176 0.0117
-3.7 0.8 0.154 0.0201 0.0132
-3.6 0.8 0.16 0.0179 0.0169
-3.5 0.8 0.166 0.0147 0.0197
-3.4 0.8 0.165 0.0133 0.0143
-3.3 0.8 0.172 0.0161 0.0164
-3.2 0.8 0.179 0.0179 0.022
-3.1 0.8 0.188 0.0184 0.0266
-3 0.8 0.198 0.0175 0.0296
-2.9 0.8 0.21 0.0151 0.0302
-2.8 0.8 0.224 0.0113 0.0282
-2.7 0.8 0.248 0.0403 0.0324
-2.6 0.8 0.262 0.0404 0.0239
-2.5 0.8 0.258 0.00734 0.0178
-2.4 0.8 0.277 0.0237 0.0196
-2.3 0.8 0.289 0.0214 0.0141
-2.2 0.8 0.298 0.00747 0.0048
-2.1 0.8 0.321 0.0264 0.0146
-2 0.8 0.33 0.0279 0.0122
-1.9 0.8 0.333 0.00575 0.00384
-1.8 0.8 0.344 0.00647 0.00345
-1.7 0.8 0.354 0.0116 0.00726
-1.6 0.8 0.363 0.00376 0.00458
-1.5 0.8 0.375 0.00326 0.00325
-1.4 0.8 0.387 0.000767 0.000728
-1.3 0.8 0.398 0.000445 0.000486
-1.2 0.8 0.409 0.00288 0.00435
-1.1 0.8 0.422 0.000897 0.00076
-1 0.8 0.439 0.0047 0.00501
-0.9 0.8 0.446 0.000569 0.000235
-0.8 0.8 0.458 0.00049 0.000273
-0.7 0.8 0.47 0.000605 0.000415
-0.6 0.8 0.482 0.00125 0.00128
-0.5 0.8 0.494 0.000942 0.00151
-0.4 0.8 0.505 0.000927 0.00166
-0.3 0.8 0.517 0.000695 0.00129
-0.2 0.8 0.53 0.000722 0.000645
-0.1 0.8 0.542 0.000442 0.000285
3.73e-14 0.8 0.557 0.0119 0.0042
0.1 0.8 0.566 0.000755 0.000678
0.2 0.8 0.577 0.0016 0.000568
0.3 0.8 0.589 0.00285 0.00296
0.4 0.8 0.602 0.0115 0.0086
0.5 0.8 0.617 0.0117 0.00425
0.6 0.8 0.625 0.0159 0.0152
0.7 0.8 0.63 0.00552 0.0136
0.8 0.8 0.641 0.00664 0.0133
0.9 0.8 0.645 0.0142 0.0404
1 0.8 0.653 0.0177 0.0411
1.1 0.8 0.662 0.0196 0.0373
1.2 0.8 0.688 0.00388 0.0108
1.3 0.8 0.696 0.0138 0.0264
1.4 0.8 0.709 0.0197 0.0287
1.5 0.8 0.721 0.0239 0.028
1.6 0.8 0.74 0.0198 0.00722
1.7 0.8 0.734 0.0253 0.0419
1.8 0.8 0.747 0.0305 0.0388
1.9 0.8 0.76 0.0327 0.0329
2 0.8 0.78 0.0252 0.0108
2.1 0.8 0.79 0.0242 0.0123
2.2 0.8 0.798 0.0221 0.0128
2.3 0.8 0.806 0.0192 0.0125
2.4 0.8 0.812 0.0159 0.0116
2.5 0.8 0.818 0.0126 0.0102
2.6 0.8 0.824 0.00946 0.0086
2.7 0.8 0.829 0.00721 0.00694
2.8 0.8 0.834 0.00641 0.00532
2.9 0.8 0.838 0.00546 0.00383
3 0.8 0.844 0.00733 0.0035
3.1 0.8 0.848 0.00654 0.00247
3.2 0.8 0.85 0.00442 0.00688
3.3 0.8 0.854 0.00337 0.00655
3.4 0.8 0.859 0.00248 0.0061
3.5 0.8 0.863 0.00191 0.00558
3.6 0.8 0.867 0.00192 0.00503
3.7 0.8 0.871 0.00186 0.00448
3.8 0.8 0.874 0.00175 0.00394
3.9 0.8 0.877 0.00207 0.00298
4 0.8 0.88 0.00184 0.00259
4.1 0.8 0.883 0.00161 0.00223
4.2 0.8 0.886 0.0014 0.0019
4.3 0.8 0.889 0.00121 0.0016
4.4 0.8 0.891 0.00103 0.00133
4.5 0.8 0.893 0.000879 0.00109
4.6 0.8 0.895 0.000747 0.000859
4.7 0.8 0.896 0.000641 0.000639
4.8 0.8 0.898 0.000574 0.000398
4.9 0.8 0.899 0.000618 0.00084
5 0.8 0.899 0.00169 0.00474
5.1 0.8 0.903 0.00411 0.00162
5.2 0.8 0.903 0.00232 0.00218
5.3 0.8 0.906 0.00423 0.00203
5.4 0.8 0.906 0.000972 0.000803
5.5 0.8 0.906 0.000539 0.000562
5.6 0.8 0.907 0.000368 0.000436
5.7 0.8 0.907 0.000298 0.000329
5.8 0.8 0.908 0.000237 0.00027
5.9 0.8 0.908 0.000193 0.000224
6 0.8 0.908 0.000161 0.000187
6.1 0.8 0.909 0.000136 0.000157
6.2 0.8 0.909 0.000117 0.000133
6.3 0.8 0.909 0.000101 0.000112
6.4 0.8 0.91 8.81e-05 9.47e-05
6.5 0.8 0.91 7.78e-05 8.01e-05
6.6 0.8 0.91 6.96e-05 6.78e-05
6.7 0.8 0.91 6.32e-05 5.75e-05
6.8 0.8 0.91 5.87e-05 4.89e-05
6.9 0.8 0.91 5.63e-05 4.21e-05
7 0.8 0.911 5.69e-05 3.7e-05
7.1 0.8 0.911 6.33e-05 3.47e-05
7.2 0.8 0.911 8.74e-05 3.97e-05
7.3 0.8 0.911 0.000312 0.000121
7.4 0.8 0.911 4.64e-05 9.52e-05
7.5 0.8 0.911 2.22e-05 3.02e-05
7.6 0.8 0.911 1.48e-05 1.42e-05
7.7 0.8 0.911 1.18e-05 6.48e-06
7.8 0.8 0.911 8.94e-06 4.46e-06
7.9 0.8 0.911 6.88e-06 3.96e-06
8 0.8 0.911 5.31e-06 3.35e-06
8.1 0.8 0.911 4.08e-06 2.72e-06
8.2 0.8 0.911 3.09e-06 2.13e-06
8.3 0.8 0.911 2.31e-06 1.57e-06
8.4 0.8 0.911 1.66e-06 1.08e-06
8.5 0.8 0.911 1.15e-06 6.45e-07
8.6 0.8 0.911 7.18e-07 5.12e-07
8.7 0.8 0.911 3.65e-07 4.05e-07
8.8 0.8 0.911 4.35e-07 3.05e-07
8.9 0.8 0.911 7.1e-07 3.3e-07
9 0.8 0.911 1.22e-06 9.65e-07
9.1 0.8 0.911 1.47e-06 1.01e-06
9.2 0.8 0.911 1.69e-06 1.05e-06
9.3 0.8 0.911 1.89e-06 1.08e-06
9.4 0.8 0.911 2.06e-06 1.11e-06
9.5 0.8 0.911 2.21e-06 1.14e-06
9.6 0.8 0.911 2.34e-06 1.17e-06
9.7 0.8 0.911 2.45e-06 1.18e-06
9.8 0.8 0.911 2.55e-06 1.2e-06
9.9 0.8 0.911 2.64e-06 1.22e-06
10 0.8 0.911 2.72e-06 1.24e-06
10.1 0.8 0.911 2.79e-06 1.25e-06
10.2 0.8 0.911 2.85e-06 1.26e-06
10.3 0.8 0.911 2.91e-06 1.28e-06
10.4 0.8 0.911 2.95e-06 1.29e-06
10.5 0.8 0.911 2.99e-06 1.29e-06
10.6 0.8 0.911 3.03e-06 1.3e-06
10.7 0.8 0.911 3.06e-06 1.31e-06
10.8 0.8 0.911 3.09e-06 1.32e-06
10.9 0.8 0.911 3.12e-06 1.32e-06
11 0.8 0.911 3.14e-06 1.33e-06
11.1 0.8 0.911 3.15e-06 1.33e-06
11.2 0.8 0.911 3.17e-06 1.33e-06
11.3 0.8 0.911 3.19e-06 1.34e-06
11.4 0.8 0.911 3.2e-06 1.35e-06
11.5 0.8 0.911 3.22e-06 1.34e-06
11.6 0.8 0.911 3.23e-06 1.35e-06
11.7 0.8 0.911 3.23e-06 1.35e-06
11.8 0.8 0.911 3.24e-06 1.35e-06
11.9 0.8 0.911 3.25e-06 1.35e-06
12 0.8 0.911 3.26e-06 1.35e-06
12.1 0.8 0.911 3.26e-06 1.35e-06
12.2 0.8 0.911 3.27e-06 1.35e-06
12.3 0.8 0.911 3.27e-06 1.35e-06
12.4 0.8 0.911 3.27e-06 1.35e-06
12.5 0.8 0.911 3.28e-06 1.36e-06
12.6 0.8 0.911 3.28e-06 1.36e-06
12.7 0.8 0.911 3.28e-06 1.36e-06
12.8 0.8 0.911 3.29e-06 1.36e-06
12.9 0.8 0.911 3.28e-06 1.36e-06
13 0.8 0.911 3.29e-06 1.36e-06
13.1 0.8 0.911 3.29e-06 1.36e-06
13.2 0.8 0.911 3.3e-06 1.36e-06
13.3 0.8 0.911 3.29e-06 1.36e-06
13.4 0.8 0.911 3.29e-06 1.36e-06
13.5 0.8 0.911 3.3e-06 1.36e-06
13.6 0.8 0.911 3.3e-06 1.36e-06
13.7 0.8 0.911 3.3e-06 1.36e-06
13.8 0.8 0.911 3.3e-06 1.36e-06
13.9 0.8 0.911 3.3e-06 1.36e-06
14 0.8 0.911 3.3e-06 1.36e-06
14.1 0.8 0.911 3.3e-06 1.36e-06
14.2 0.8 0.911 3.3e-06 1.36e-06
14.3 0.8 0.911 3.3e-06 1.36e-06
14.4 0.8 0.911 3.3e-06 1.36e-06
14.5 0.8 0.911 3.3e-06 1.36e-06
14.6 0.8 0.911 3.31e-06 1.37e-06
14.7 0.8 0.911 3.3e-06 1.36e-06
14.8 0.8 0.911 3.3e-06 1.36e-06
14.9 0.8 0.911 3.31e-06 1.37e-06
15 0.8 0.911 3.31e-06 1.37e-06
15.1 0.8 0.911 3.31e-06 1.37e-06
15.2 0.8 0.911 3.3e-06 1.36e-06
15.3 0.8 0.911 3.3e-06 1.36e-06
15.4 0.8 0.911 3.31e-06 1.37e-06
15.5 0.8 0.911 3.3e-06 1.36e-06
15.6 0.8 0.911 3.3e-06 1.36e-06
15.7 0.8 0.911 3.3e-06 1.36e-06
15.8 0.8 0.911 3.3e-06 1.36e-06
15.9 0.8 0.911 3.3e-06 1.36e-06
16 0.8 0.911 3.3e-06 1.36e-06
16.1 0.8 0.911 3.3e-06 1.36e-06
16.2 0.8 0.911 3.3e-06 1.36e-06
16.3 0.8 0.911 3.3e-06 1.36e-06
16.4 0.8 0.911 3.3e-06 1.36e-06
16.5 0.8 0.911 3.3e-06 1.36e-06
16.6 0.8 0.911 3.29e-06 1.36e-06
16.7 0.8 0.911 3.29e-06 1.36e-06
16.8 0.8 0.911 3.3e-06 1.36e-06
16.9 0.8 0.911 3.29e-06 1.36e-06
17 0.8 0.911 3.29e-06 1.36e-06
17.1 0.8 0.911 3.28e-06 1.36e-06
17.2 0.8 0.911 3.29e-06 1.36e-06
17.3 0.8 0.911 3.28e-06 1.36e-06
17.4 0.8 0.911 3.28e-06 1.36e-06
17.5 0.8 0.911 3.28e-06 1.36e-06
17.6 0.8 0.911 3.27e-06 1.35e-06
17.7 0.8 0.911 3.27e-06 1.35e-06
17.8 0.8 0.911 3.27e-06 1.35e-06
17.9 0.8 0.911 3.26e-06 1.35e-06
18 0.8 0.911 3.26e-06 1.35e-06
18.1 0.8 0.911 3.25e-06 1.35e-06
18.2 0.8 0.911 3.24e-06 1.35e-06
18.3 0.8 0.911 3.23e-06 1.35e-06
18.4 0.8 0.911 3.23e-06 1.35e-06
18.5 0.8 0.911 3.22e-06 1.34e-06
18.6 0.8 0.911 3.2e-06 1.35e-06
18.7 0.8 0.911 3.19e-06 1.34e-06
18.8 0.8 0.911 3.17e-06 1.33e-06
18.9 0.8 0.911 3.15e-06 1.33e-06
19 0.8 0.911 3.14e-06 1.33e-06
19.1 0.8 0.911 3.12e-06 1.32e-06
19.2 0.8 0.911 3.09e-06 1.32e-06
19.3 0.8 0.911 3.06e-06 1.31e-06
19.4 0.8 0.911 3.03e-06 1.3e-06
19.5 0.8 0.911 2.99e-06 1.29e-06
19.6 0.8 0.911 2.95e-06 1.29e-06
19.7 0.8 0.911 2.91e-06 1.28e-06
19.8 0.8 0.911 2.85e-06 1.26e-06
19.9 0.8 0.911 2.79e-06 1.25e-06
20 0.8 0.911 2.72e-06 1.24e-06
20.1 0.8 0.911 2.64e-06 1.22e-06
20.2 0.8 0.911 2.55e-06 1.2e-06
20.3 0.8 0.911 2.45e-06 1.18e-06
20.4 0.8 0.911 2.34e-06 1.17e-06
20.5 0.8 0.911 2.21e-06 1.14e-06
20.6 0.8 0.911 2.06e-06 1.11e-06
20.7 0.8 0.911 1.89e-06 1.08e-06
20.8 0.8 0.911 1.69e-06 1.05e-06
20.9 0.8 0.911 1.47e-06 1.01e-06
21 0.8 0.911 1.22e-06 9.65e-07
21.1 0.8 0.911 7.1e-07 3.3e-07
21.2 0.8 0.911 4.35e-07 3.05e-07
21.3 0.8 0.911 3.65e-07 4.05e-07
21.4 0.8 0.911 7.18e-07 5.12e-07
21.5 0.8 0.911 1.15e-06 6.45e-07
21.6 0.8 0.911 1.66e-06 1.08e-06
21.7 0.8 0.911 2.31e-06 1.57e-06
21.8 0.8 0.911 3.09e-06 2.13e-06
21.9 0.8 0.911 4.08e-06 2.72e-06
22 0.8 0.911 5.31e-06 3.35e-06
22.1 0.8 0.911 6.88e-06 3.96e-06
22.2 0.8 0.911 8.94e-06 4.46e-06
22.3 0.8 0.911 1.18e-05 6.48e-06
22.4 0.8 0.911 1.48e-05 1.42e-05
22.5 0.8 0.911 2.22e-05 3.02e-05
22.6 0.8 0.911 4.64e-05 9.52e-05
22.7 0.8 0.911 0.000312 0.000121
22.8 0.8 0.911 8.74e-05 3.97e-05
22.9 0.8 0.911 6.33e-05 3.47e-05
23 0.8 0.911 5.69e-05 3.7e-05
23.1 0.8 0.91 5.63e-05 4.21e-05
23.2 0.8 0.91 5.87e-05 4.89e-05
23.3 0.8 0.91 6.32e-05 5.75e-05
23.4 0.8 0.91 6.96e-05 6.78e-05
23.5 0.8 0.91 7.78e-05 8.01e-05
23.6 0.8 0.91 8.81e-05 9.47e-05
23.7 0.8 0.909 0.000101 0.000112
23.8 0.8 0.909 0.000117 0.000133
23.9 0.8 0.909 0.000136 0.000157
24 0.8 0.908 0.000161 0.000187
24.1 0.8 0.908 0.000193 0.000224
24.2 0.8 0.908 0.000237 0.00027
24.3 0.8 0.907 0.000298 0.000329
24.4 0.8 0.907 0.000368 0.000436
24.5 0.8 0.906 0.000539 0.000562
24.6 0.8 0.906 0.000972 0.000803
24.7 0.8 0.906 0.00423 0.00203
24.8 0.8 0.903 0.00232 0.00218
24.9 0.8 0.903 0.00411 0.00162
25 0.8 0.899 0.00169 0.00474
25.1 0.8 0.899 0.000618 0.00084
25.2 0.8 0.898 0.000574 0.000398
25.3 0.8 0.896 0.000641 0.000639
25.4 0.8 0.895 0.000747 0.000859
25.5 0.8 0.893 0.000879 0.00109
25.6 0.8 0.891 0.00103 0.00133
25.7 0.8 0.889 0.00121 0.0016
25.8 0.8 0.886 0.0014 0.0019
25.9 0.8 0.883 0.00161 0.00223
26 0.8 0.88 0.00184 0.00259
26.1 0.8 0.877 0.00207 0.00298
26.2 0.8 0.874 0.00175 0.00394
26.3 0.8 0.871 0.00186 0.00448
26.4 0.8 0.867 0.00192 0.00503
26.5 0.8 0.863 0.00191 0.00558
26.6 0.8 0.859 0.00248 0.0061
26.7 0.8 0.854 0.00337 0.00655
26.8 0.8 0.85 0.00442 0.00688
26.9 0.8 0.848 0.00654 0.00247
27 0.8 0.844 0.00733 0.0035
27.1 0.8 0.838 0.00546 0.00383
27.2 0.8 0.834 0.00641 0.00532
27.3 0.8 0.829 0.00721 0.00694
27.4 0.8 0.824 0.00946 0.0086
27.5 0.8 0.818 0.0126 0.0102
27.6 0.8 0.812 0.0159 0.0116
27.7 0.8 0.806 0.0192 0.0125
27.8 0.8 0.798 0.0221 0.0128
27.9 0.8 0.79 0.0242 0.0123
28 0.8 0.78 0.0252 0.0108
28.1 0.8 0.76 0.0327 0.0329
28.2 0.8 0.747 0.0305 0.0388
28.3 0.8 0.734 0.0253 0.0419
28.4 0.8 0.74 0.0198 0.00722
28.5 0.8 0.721 0.0239 0.028
28.6 0.8 0.709 0.0197 0.0287
28.7 0.8 0.696 0.0138 0.0264
28.8 0.8 0.688 0.00388 0.0108
28.9 0.8 0.662 0.0196 0.0373
29 0.8 0.653 0.0177 0.0411
29.1 0.8 0.645 0.0142 0.0404
29.2 0.8 0.641 0.00664 0.0133
29.3 0.8 0.63 0.00552 0.0136
29.4 0.8 0.625 0.0159 0.0152
29.5 0.8 0.617 0.0117 0.00425
29.6 0.8 0.602 0.0115 0.0086
29.7 0.8 0.589 0.00285 0.00296
29.8 0.8 0.577 0.0016 0.000568
29.9 0.8 0.566 0.000755 0.000678
30 0.8 0.557 0.0119 0.0042
30.1 0.8 0.542 0.000442 0.000285
30.2 0.8 0.53 0.000722 0.000645
30.3 0.8 0.517 0.000695 0.00129
30.4 0.8 0.505 0.000927 0.00166
30.5 0.8 0.494 0.000942 0.00151
30.6 0.8 0.482 0.00125 0.00128
30.7 0.8 0.47 0.000605 0.000415
30.8 0.8 0.458 0.00049 0.000273
30.9 0.8 0.446 0.000569 0.000235
31 0.8 0.439 0.0047 0.00501
31.1 0.8 0.422 0.000897 0.00076
31.2 0.8 0.409 0.00288 0.00435
31.3 0.8 0.398 0.000445 0.000486
31.4 0.8 0.387 0.000767 0.000728
31.5 0.8 0.375 0.00326 0.00325
31.6 0.8 0.363 0.00376 0.00458
31.7 0.8 0.354 0.0116 0.00726
31.8 0.8 0.344 0.00647 0.00345
31.9 0.8 0.333 0.00575 0.00384
32 0.8 0.33 0.0279 0.0122
32.1 0.8 0.321 0.0264 0.0146
32.2 0.8 0.298 0.00747 0.0048
32.3 0.8 0.289 0.0214 0.0141
32.4 0.8 0.277 0.0237 0.0196
32.5 0.8 0.258 0.00734 0.0178
32.6 0.8 0.262 0.0404 0.0239
32.7 0.8 0.248 0.0403 0.0324
32.8 0.8 0.224 0.0113 0.0282
32.9 0.8 0.21 0.0151 0.0302
33 0.8 0.198 0.0175 0.0296
33.1 0.8 0.188 0.0184 0.0266
33.2 0.8 0.179 0.0179 0.022
33.3 0.8 0.172 0.0161 0.0164
33.4 0.8 0.165 0.0133 0.0143
33.5 0.8 0.166 0.0147 0.0197
33.6 0.8 0.16 0.0179 0.0169
33.7 0.8 0.154 0.0201 0.0132
33.8 0.8 0.151 0.0176 0.0117
33.9 0.8 0.144 0.0185 0.0142
34 0.8 0.137 0.0189 0.0164
34.1 0.8 0.129 0.0189 0.0187
34.2 0.8 0.121 0.0187 0.0213
34.3 0.8 0.111 0.0196 0.0237
34.4 0.8 0.103 0.0211 0.0308
34.5 0.8 0.0911 0.025 0.0454
34.6 0.8 0.066 0.0422 0.1
34.7 0.8 0.173 0.241 0.0929
34.8 0.8 0.103 0.0493 0.0277
34.9 0.8 0.0887 0.0262 0.019
35 0.8 0.0799 0.0174 0.015
35.1 0.8 0.0727 0.0129 0.0123
35.2 0.8 0.0664 0.0103 0.0103
35.3 0.8 0.0606 0.00866 0.00857
35.4 0.8 0.0552 0.00756 0.00712
35.5 0.8 0.0504 0.00661 0.00602
35.6 0.8 0.0458 0.00597 0.00499
35.7 0.8 0.0416 0.00546 0.0041
35.8 0.8 0.0377 0.00503 0.00333
35.9 0.8 0.0341 0.00466 0.00267
36 0.8 0.0308 0.00431 0.00212
36.1 0.8 0.0277 0.004 0.00207
36.2 0.8 0.0249 0.0037 0.00206
36.3 0.8 0.0224 0.00341 0.00203
36.4 0.8 0.02 0.00314 0.00196
36.5 0.8 0.0179 0.00288 0.00188
36.6 0.8 0.016 0.00263 0.00177
36.7 0.8 0.0143 0.0024 0.00166
36.8 0.8 0.0128 0.00218 0.00155
36.9 0.8 0.0114 0.00198 0.00143
37 0.8 0.0101 0.00179 0.00132
37.1 0.8 0.009 0.00161 0.0012
37.2 0.8 0.008 0.00145 0.0011
37.3 0.8 0.0071 0.0013 0.000996
37.4 0.8 0.0063 0.00117 0.000901
37.5 0.8 0.00559 0.00105 0.000813
37.6 0.8 0.00495 0.000934 0.000731
37.7 0.8 0.00439 0.000833 0.000656
37.8 0.8 0.00388 0.000743 0.000588
37.9 0.8 0.00344 0.000661 0.000526
38 0.8 0.00304 0.000588 0.000469
38.1 0.8 0.00269 0.000522 0.000418
38.2 0.8 0.00238 0.000464 0.000372
38.3 0.8 0.0021 0.000412 0.000331
38.4 0.8 0.00186 0.000365 0.000294
38.5 0.8 0.00164 0.000323 0.000261
38.6 0.8 0.00145 0.000286 0.000232
38.7 0.8 0.00128 0.000254 0.000206
38.8 0.8 0.00113 0.000224 0.000182
38.9 0.8 0.001 0.000199 0.000162
39 0.8 0.000884 0.000176 0.000143
39.1 0.8 0.000781 0.000155 0.000127
39.2 0.8 0.000689 0.000137 0.000112
39.3 0.8 0.000609 0.000121 9.91e-05
39.4 0.8 0.000537 0.000107 8.76e-05
39.5 0.8 0.000475 9.48e-05 7.74e-05
39.6 0.8 0.000419 8.37e-05 6.84e-05
39.7 0.8 0.00037 7.4e-05 6.05e-05
39.8 0.8 0.000326 6.53e-05 5.34e-05
39.9 0.8 0.000288 5.77e-05 4.72e-05
40 0.8 0.000254 5.09e-05 4.17e-05
40.1 0.8 0.000225 4.5e-05 3.68e-05
40.2 0.8 0.000198 3.97e-05 3.25e-05
40.3 0.8 0.000175 3.51e-05 2.87e-05
40.4 0.8 0.000154 3.1e-05 2.54e-05
40.5 0.8 0.000136 2.73e-05 2.24e-05
40.6 0.8 0.00012 2.41e-05 1.98e-05
40.7 0.8 0.000106 2.13e-05 1.75e-05
40.8 0.8 9.37e-05 1.88e-05 1.54e-05
40.9 0.8 8.27e-05 1.66e-05 1.36e-05
41 0.8 7.3e-05 1.46e-05 1.2e-05
41.1 0.8 6.44e-05 1.29e-05 1.06e-05
41.2 0.8 5.68e-05 1.14e-05 9.36e-06
41.3 0.8 5.02e-05 1.01e-05 8.26e-06
41.4 0.8 4.43e-05 8.89e-06 7.29e-06
41.5 0.8 3.91e-05 7.85e-06 6.43e-06
41.6 0.8 3.45e-05 6.92e-06 5.68e-06
41.7 0.8 3.04e-05 6.11e-06 5.01e-06
41.8 0.8 2.69e-05 5.39e-06 4.42e-06
41.9 0.8 2.37e-05 4.76e-06 3.9e-06
42 0.8 2.09e-05 4.2e-06 3.45e-06
42.1 0.8 1.85e-05 3.71e-06 3.04e-06
42.2 0.8 1.63e-05 3.27e-06 2.68e-06
42.3 0.8 1.44e-05 2.89e-06 2.37e-06
42.4 0.8 1.27e-05 2.55e-06 2.09e-06
42.5 0.8 1.12e-05 2.25e-06 1.84e-06
42.6 0.8 9.88e-06 1.98e-06 1.63e-06
42.7 0.8 8.72e-06 1.75e-06 1.44e-06
42.8 0.8 7.69e-06 1.55e-06 1.27e-06
42.9 0.8 6.79e-06 1.36e-06 1.12e-06
43 0.8 5.99e-06 1.2e-06 9.88e-07
43.1 0.8 5.29e-06 1.06e-06 8.72e-07
43.2 0.8 4.67e-06 9.38e-07 7.69e-07
43.3 0.8 4.12e-06 8.28e-07 6.79e-07
43.4 0.8 3.63e-06 7.3e-07 5.99e-07
43.5 0.8 3.21e-06 6.44e-07 5.29e-07
43.6 0.8 2.83e-06 5.69e-07 4.67e-07
43.7 0.8 2.5e-06 5.02e-07 4.12e-07
43.8 0.8 2.2e-06 4.43e-07 3.63e-07
43.9 0.8 1.95e-06 3.91e-07 3.21e-07
44 0.8 1.72e-06 3.45e-07 2.83e-07
44.1 0.8 1.52e-06 3.04e-07 2.5e-07
44.2 0.8 1.34e-06 2.69e-07 2.2e-07
44.3 0.8 1.18e-06 2.37e-07 1.95e-07
44.4 0.8 1.04e-06 2.09e-07 1.72e-07
44.5 0.8 9.19e-07 1.85e-07 1.51e-07
44.6 0.8 8.11e-07 1.63e-07 1.34e-07
44.7 0.8 7.16e-07 1.44e-07 1.18e-07
44.8 0.8 6.32e-07 1.27e-07 1.04e-07
44.9 0.8 5.57e-07 1.12e-07 9.19e-08
45 0.8 4.92e-07 9.88e-08 8.11e-08
45.1 0.8 4.34e-07 8.72e-08 7.16e-08
45.2 0.8 3.83e-07 7.7e-08 6.31e-08
45.3 0.8 3.38e-07 6.79e-08 5.57e-08
45.4 0.8 2.98e-07 6e-08 4.92e-08
45.5 0.8 2.63e-07 5.29e-08 4.34e-08
45.6 0.8 2.32e-07 4.67e-08 3.83e-08
45.7 0.8 2.05e-07 4.12e-08 3.38e-08
45.8 0.8 1.81e-07 3.64e-08 2.98e-08
45.9 0.8 1.6e-07 3.21e-08 2.63e-08
46 0.8 1.41e-07 2.83e-08 2.32e-08
46.1 0.8 1.24e-07 2.5e-08 2.05e-08
46.2 0.8 1.1e-07 2.21e-08 1.81e-08
46.3 0.8 9.69e-08 1.95e-08 1.6e-08
46.4 0.8 8.55e-08 1.72e-08 1.41e-08
46.5 0.8 7.54e-08 1.52e-08 1.24e-08
46.6 0.8 6.66e-08 1.34e-08 1.1e-08
46.7 0.8 5.87e-08 1.18e-08 9.68e-09
46.8 0.8 5.18e-08 1.04e-08 8.55e-09
46.9 0.8 4.58e-08 9.19e-09 7.54e-09
47 0.8 4.04e-08 8.11e-09 6.66e-09
47.1 0.8 3.56e-08 7.16e-09 5.87e-09
47.2 0.8 3.14e-08 6.32e-09 5.18e-09
47.3 0.8 2.78e-08 5.58e-09 4.57e-09
47.4 0.8 2.45e-08 4.92e-09 4.04e-09
47.5 0.8 2.16e-08 4.34e-09 3.56e-09
47.6 0.8 1.91e-08 3.83e-09 3.14e-09
47.7 0.8 1.68e-08 3.38e-09 2.77e-09
47.8 0.8 1.49e-08 2.98e-09 2.45e-09
47.9 0.8 1.31e-08 2.63e-09 2.16e-09
48 0.8 1.16e-08 2.32e-09 1.91e-09
48.1 0.8 1.02e-08 2.05e-09 1.68e-09
48.2 0.8 9.01e-09 1.81e-09 1.49e-09
48.3 0.8 7.95e-09 1.6e-09 1.31e-09
48.4 0.8 7.02e-09 1.41e-09 1.16e-09
48.5 0.8 6.19e-09 1.24e-09 1.02e-09
48.6 0.8 5.46e-09 1.1e-09 9.01e-10
48.7 0.8 4.82e-09 9.69e-10 7.95e-10
48.8 0.8 4.26e-09 8.55e-10 7.02e-10
48.9 0.8 3.76e-09 7.55e-10 6.19e-10
49 0.8 3.31e-09 6.66e-10 5.46e-10
49.1 0.8 2.92e-09 5.88e-10 4.82e-10
49.2 0.8 2.58e-09 5.19e-10 4.25e-10
49.3 0.8 2.28e-09 4.58e-10 3.76e-10
49.4 0.8 2.01e-09 4.04e-10 3.31e-10
49.5 0.8 1.77e-09 3.56e-10 2.92e-10
49.6 0.8 1.57e-09 3.15e-10 2.58e-10
49.7 0.8 1.38e-09 2.78e-10 2.28e-10
49.8 0.8 1.22e-09 2.45e-10 2.01e-10
49.9 0.8 1.08e-09 2.16e-10 1.77e-10
50 0.8 9.5e-10 1.91e-10 1.57e-10
50.1 0.8 8.38e-10 1.68e-10 1.38e-10
50.2 0.8 7.4e-10 1.49e-10 1.22e-10
50.3 0.8 6.53e-10 1.31e-10 1.08e-10
53.7 0.8 9.31e-12 1.87e-12 1.53e-12
53.8 0.8 8.22e-12 1.65e-12 1.35e-12
53.9 0.8 7.25e-12 1.46e-12 1.2e-12
54 0.8 6.4e-12 1.29e-12 1.05e-12
54.1 0.8 5.65e-12 1.13e-12 9.31e-13
54.2 0.8 4.98e-12 1e-12 8.21e-13
54.3 0.8 4.4e-12 8.84e-13 7.25e-13
54.4 0.8 3.88e-12 7.8e-13 6.4e-13
54.5 0.8 3.42e-12 6.88e-13 5.65e-13
54.6 0.8 3.02e-12 6.07e-13 4.98e-13
54.7 0.8 2.67e-12 5.36e-13 4.4e-13
54.8 0.8 2.35e-12 4.73e-13 3.88e-13
54.9 0.8 2.08e-12 4.17e-13 3.42e-13
55 0.8 1.83e-12 3.68e-13 3.02e-13
55.1 0.8 1.62e-12 3.25e-13 2.67e-13
55.2 0.8 1.43e-12 2.87e-13 2.35e-13
55.3 0.8 1.26e-12 2.53e-13 2.08e-13
55.4 0.8 1.11e-12 2.23e-13 1.83e-13
55.5 0.8 9.81e-13 1.97e-13 1.62e-13
55.6 0.8 8.66e-13 1.74e-13 1.43e-13
55.7 0.8 7.64e-13 1.54e-13 1.26e-13
55.8 0.8 6.74e-13 1.36e-13 1.11e-13
55.9 0.8 5.95e-13 1.2e-13 9.81e-14
56 0.8 5.25e-13 1.06e-13 8.66e-14
56.1 0.8 4.63e-13 9.31e-14 7.64e-14
56.2 0.8 4.09e-13 8.22e-14 6.74e-14
56.3 0.8 3.61e-13 7.25e-14 5.95e-14
56.4 0.8 3.19e-13 6.4e-14 5.25e-14
56.5 0.8 2.81e-13 5.65e-14 4.63e-14
56.6 0.8 2.48e-13 4.99e-14 4.09e-14
56.7 0.8 2.19e-13 4.4e-14 3.61e-14
56.8 0.8 1.93e-13 3.88e-14 3.18e-14
56.9 0.8 1.71e-13 3.43e-14 2.81e-14
57 0.8 1.5e-13 3.02e-14 2.48e-14
57.1 0.8 1.33e-13 2.67e-14 2.19e-14
57.2 0.8 1.17e-13 2.35e-14 1.93e-14
57.3 0.8 1.03e-13 2.08e-14 1.7e-14
57.4 0.8 9.13e-14 1.83e-14 1.5e-14
57.5 0.8 8.05e-14 1.62e-14 1.33e-14
57.6 0.8 7.11e-14 1.43e-14 1.17e-14
57.7 0.8 6.27e-14 1.26e-14 1.03e-14
57.8 0.8 5.54e-14 1.11e-14 9.12e-15
57.9 0.8 4.89e-14 9.82e-15 8.05e-15
58 0.8 4.31e-14 8.66e-15 7.11e-15
58.1 0.8 3.8e-14 7.64e-15 6.27e-15
58.2 0.8 3.36e-14 6.75e-15 5.53e-15
58.3 0.8 2.96e-14 5.95e-15 4.88e-15
58.4 0.8 2.61e-14 5.25e-15 4.31e-15
58.5 0.8 2.31e-14 4.64e-15 3.8e-15
58.6 0.8 2.04e-14 4.09e-15 3.36e-15
58.7 0.8 1.8e-14 3.61e-15 2.96e-15
58.8 0.8 1.59e-14 3.19e-15 2.61e-15
58.9 0.8 1.4e-14 2.81e-15 2.31e-15
59 0.8 1.24e-14 2.48e-15 2.04e-15
59.1 0.8 1.09e-14 2.19e-15 1.8e-15
59.2 0.8 9.62e-15 1.93e-15 1.59e-15
59.3 0.8 8.49e-15 1.71e-15 1.4e-15
59.4 0.8 7.49e-15 1.51e-15 1.23e-15
59.5 0.8 6.61e-15 1.33e-15 1.09e-15
59.6 0.8 5.83e-15 1.17e-15 9.62e-16
59.7 0.8 5.15e-15 1.03e-15 8.49e-16
59.8 0.8 4.54e-15 9.13e-16 7.49e-16
59.9 0.8 4.01e-15 8.06e-16 6.61e-16
60 0.8 3.54e-15 7.11e-16 5.83e-16
60.1 0.8 3.12e-15 6.28e-16 5.15e-16
60.2 0.8 2.76e-15 5.54e-16 4.54e-16
60.3 0.8 2.43e-15 4.89e-16 4.01e-16
60.4 0.8 2.15e-15 4.31e-16 3.54e-16
60.5 0.8 1.89e-15 3.81e-16 3.12e-16
60.6 0.8 1.67e-15 3.36e-16 2.76e-16
60.7 0.8 1.48e-15 2.96e-16 2.43e-16
60.8 0.8 1.3e-15 2.62e-16 2.15e-16
60.9 0.8 1.15e-15 2.31e-16 1.89e-16
61 0.8 1.01e-15 2.04e-16 1.67e-16
61.1 0.8 8.95e-16 1.8e-16 1.47e-16
61.2 0.8 7.9e-16 1.59e-16 1.3e-16
61.3 0.8 6.97e-16 1.4e-16 1.15e-16
61.4 0.8 6.15e-16 1.24e-16 1.01e-16
61.5 0.8 5.43e-16 1.09e-16 8.95e-17
61.6 0.8 4.79e-16 9.62e-17 7.89e-17
61.7 0.8 4.23e-16 8.49e-17 6.97e-17
61.8 0.8 3.73e-16 7.49e-17 6.15e-17
61.9 0.8 3.29e-16 6.61e-17 5.43e-17
62 0.8 2.9e-16 5.84e-17 4.79e-17
62.1 0.8 2.56e-16 5.15e-17 4.23e-17
62.2 0.8 2.26e-16 4.55e-17 3.73e-17
62.3 0.8 2e-16 4.01e-17 3.29e-17
62.4 0.8 1.76e-16 3.54e-17 2.9e-17
62.5 0.8 1.55e-16 3.12e-17 2.56e-17
62.6 0.8 1.37e-16 2.76e-17 2.26e-17
62.7 0.8 1.21e-16 2.43e-17 2e-17
62.8 0.8 1.07e-16 2.15e-17 1.76e-17
62.9 0.8 9.43e-17 1.89e-17 1.55e-17
63 0.8 8.32e-17 1.67e-17 1.37e-17
63.1 0.8 7.34e-17 1.48e-17 1.21e-17
63.2 0.8 6.48e-17 1.3e-17 1.07e-17
63.3 0.8 5.72e-17 1.15e-17 9.43e-18
63.4 0.8 5.05e-17 1.01e-17 8.32e-18
63.5 0.8 4.45e-17 8.95e-18 7.34e-18
63.6 0.8 3.93e-17 7.9e-18 6.48e-18
63.7 0.8 3.47e-17 6.97e-18 5.72e-18
63.8 0.8 3.06e-17 6.15e-18 5.05e-18
63.9 0.8 2.7e-17 5.43e-18 4.45e-18
64 0.8 2.38e-17 4.79e-18 3.93e-18
64.1 0.8 2.1e-17 4.23e-18 3.47e-18
64.2 0.8 1.86e-17 3.73e-18 3.06e-18
64.3 0.8 1.64e-17 3.29e-18 2.7e-18
64.4 0.8 1.45e-17 2.91e-18 2.38e-18
64.5 0.8 1.28e-17 2.56e-18 2.1e-18
64.6 0.8 1.13e-17 2.26e-18 1.86e-18
64.7 0.8 9.94e-18 2e-18 1.64e-18
64.8 0.8 8.77e-18 1.76e-18 1.45e-18
64.9 0.8 7.74e-18 1.56e-18 1.28e-18
65 0.8 6.83e-18 1.37e-18 1.13e-18
65.1 0.8 6.03e-18 1.21e-18 9.94e-19
65.2 0.8 5.32e-18 1.07e-18 8.77e-19
65.3 0.8 4.7e-18 9.43e-19 7.74e-19
65.4 0.8 4.14e-18 8.33e-19 6.83e-19
65.5 0.8 3.66e-18 7.35e-19 6.03e-19
65.6 0.8 3.23e-18 6.48e-19 5.32e-19
65.7 0.8 2.85e-18 5.72e-19 4.69e-19
65.8 0.8 2.51e-18 5.05e-19 4.14e-19
65.9 0.8 2.22e-18 4.46e-19 3.66e-19
66 0.8 1.96e-18 3.93e-19 3.23e-19
66.1 0.8 1.73e-18 3.47e-19 2.85e-19
66.2 0.8 1.52e-18 3.06e-19 2.51e-19
66.3 0.8 1.35e-18 2.7e-19 2.22e-19
66.4 0.8 1.19e-18 2.39e-19 1.96e-19
66.5 0.8 1.05e-18 2.11e-19 1.73e-19
66.6 0.8 9.25e-19 1.86e-19 1.52e-19
66.7 0.8 8.16e-19 1.64e-19 1.34e-19
66.8 0.8 7.2e-19 1.45e-19 1.19e-19
66.9 0.8 6.35e-19 1.28e-19 1.05e-19
67 0.8 5.61e-19 1.13e-19 9.24e-20
67.1 0.8 4.95e-19 9.94e-20 8.16e-20
67.2 0.8 4.37e-19 8.78e-20 7.2e-20
67.3 0.8 3.85e-19 7.74e-20 6.35e-20
67.4 0.8 3.4e-19 6.83e-20 5.61e-20
67.5 0.8 3e-19 6.03e-20 4.95e-20
67.6 0.8 2.65e-19 5.32e-20 4.37e-20
67.7 0.8 2.34e-19 4.7e-20 3.85e-20
67.8 0.8 2.06e-19 4.15e-20 3.4e-20
67.9 0.8 1.82e-19 3.66e-20 3e-20
68 0.8 1.61e-19 3.23e-20 2.65e-20
68.1 0.8 1.42e-19 2.85e-20 2.34e-20
68.2 0.8 1.25e-19 2.51e-20 2.06e-20
68.3 0.8 1.1e-19 2.22e-20 1.82e-20
68.4 0.8 9.74e-20 1.96e-20 1.61e-20
68.5 0.8 8.6e-20 1.73e-20 1.42e-20
68.6 0.8 7.59e-20 1.52e-20 1.25e-20
68.7 0.8 6.7e-20 1.35e-20 1.1e-20
68.8 0.8 5.91e-20 1.19e-20 9.74e-21
68.9 0.8 5.22e-20 1.05e-20 8.6e-21
69 0.8 4.6e-20 9.25e-21 7.59e-21
69.1 0.8 4.06e-20 8.16e-21 6.7e-21
69.2 0.8 3.58e-20 7.2e-21 5.91e-21
69.3 0.8 3.16e-20 6.36e-21 5.21e-21
69.4 0.8 2.79e-20 5.61e-21 4.6e-21
69.5 0.8 2.46e-20 4.95e-21 4.06e-21
69.6 0.8 2.17e-20 4.37e-21 3.58e-21
69.7 0.8 1.92e-20 3.86e-21 3.16e-21
69.8 0.8 1.69e-20 3.4e-21 2.79e-21
69.9 0.8 1.49e-20 3e-21 2.46e-21
70 0.8 1.32e-20 2.65e-21 2.17e-21
70.1 0.8 1.16e-20 2.34e-21 1.92e-21
70.2 0.8 1.03e-20 2.06e-21 1.69e-21
70.3 0.8 9.06e-21 1.82e-21 1.49e-21
70.4 0.8 8e-21 1.61e-21 1.32e-21
70.5 0.8 7.06e-21 1.42e-21 1.16e-21
70.6 0.8 6.23e-21 1.25e-21 1.03e-21
70.7 0.8 5.5e-21 1.1e-21 9.06e-22
70.8 0.8 4.85e-21 9.75e-22 8e-22
70.9 0.8 4.28e-21 8.6e-22 7.06e-22
71 0.8 3.78e-21 7.59e-22 6.23e-22
71.1 0.8 3.33e-21 6.7e-22 5.5e-22
71.2 0.8 2.94e-21 5.91e-22 4.85e-22
71.3 0.8 2.6e-21 5.22e-22 4.28e-22
71.4 0.8 2.29e-21 4.6e-22 3.78e-22
71.5 0.8 2.02e-21 4.06e-22 3.33e-22
71.6 0.8 1.78e-21 3.59e-22 2.94e-22
71.7 0.8 1.58e-21 3.16e-22 2.6e-22
71.8 0.8 1.39e-21 2.79e-22 2.29e-22
71.9 0.8 1.23e-21 2.46e-22 2.02e-22
72 0.8 1.08e-21 2.18e-22 1.78e-22
72.1 0.8 9.55e-22 1.92e-22 1.57e-22
72.2 0.8 8.43e-22 1.69e-22 1.39e-22
72.3 0.8 7.44e-22 1.5e-22 1.23e-22
72.4 0.8 6.57e-22 1.32e-22 1.08e-22
72.5 0.8 5.79e-22 1.16e-22 9.55e-23
72.6 0.8 5.11e-22 1.03e-22 8.43e-23
72.7 0.8 4.51e-22 9.07e-23 7.44e-23
72.8 0.8 3.98e-22 8e-23 6.56e-23
72.9 0.8 3.51e-22 7.06e-23 5.79e-23
73 0.8 3.1e-22 6.23e-23 5.11e-23
73.1 0.8 2.74e-22 5.5e-23 4.51e-23
73.2 0.8 2.42e-22 4.85e-23 3.98e-23
73.3 0.8 2.13e-22 4.28e-23 3.51e-23
73.4 0.8 1.88e-22 3.78e-23 3.1e-23
73.5 0.8 1.66e-22 3.34e-23 2.74e-23
73.6 0.8 1.47e-22 2.94e-23 2.41e-23
73.7 0.8 1.29e-22 2.6e-23 2.13e-23
73.8 0.8 1.14e-22 2.29e-23 1.88e-23
73.9 0.8 1.01e-22 2.02e-23 1.66e-23
74 0.8 8.89e-23 1.79e-23 1.46e-23
74.1 0.8 7.84e-23 1.58e-23 1.29e-23
74.2 0.8 6.92e-23 1.39e-23 1.14e-23
74.3 0.8 6.11e-23 1.23e-23 1.01e-23
74.4 0.8 5.39e-23 1.08e-23 8.88e-24
74.5 0.8 4.76e-23 9.56e-24 7.84e-24
74.6 0.8 4.2e-23 8.43e-24 6.92e-24
74.7 0.8 3.7e-23 7.44e-24 6.11e-24
74.8 0.8 3.27e-23 6.57e-24 5.39e-24
74.9 0.8 2.88e-23 5.8e-24 4.76e-24
75 0.8 2.55e-23 5.12e-24 4.2e-24
75.1 0.8 2.25e-23 4.51e-24 3.7e-24
75.2 0.8 1.98e-23 3.98e-24 3.27e-24
75.3 0.8 1.75e-23 3.52e-24 2.88e-24
75.4 0.8 1.54e-23 3.1e-24 2.55e-24
75.5 0.8 1.36e-23 2.74e-24 2.25e-24
75.6 0.8 1.2e-23 2.42e-24 1.98e-24
75.7 0.8 1.06e-23 2.13e-24 1.75e-24
75.8 0.8 9.37e-24 1.88e-24 1.54e-24
75.9 0.8 8.27e-24 1.66e-24 1.36e-24
76 0.8 7.29e-24 1.47e-24 1.2e-24
76.1 0.8 6.44e-24 1.29e-24 1.06e-24
76.2 0.8 5.68e-24 1.14e-24 9.36e-25
76.3 0.8 5.01e-24 1.01e-24 8.26e-25
76.4 0.8 4.42e-24 8.89e-25 7.29e-25
76.5 0.8 3.9e-24 7.85e-25 6.44e-25
76.6 0.8 3.45e-24 6.92e-25 5.68e-25
76.7 0.8 3.04e-24 6.11e-25 5.01e-25
76.8 0.8 2.68e-24 5.39e-25 4.42e-25
76.9 0.8 2.37e-24 4.76e-25 3.9e-25
77 0.8 2.09e-24 4.2e-25 3.44e-25
77.1 0.8 1.84e-24 3.71e-25 3.04e-25
77.2 0.8 1.63e-24 3.27e-25 2.68e-25
77.3 0.8 1.44e-24 2.89e-25 2.37e-25
77.4 0.8 1.27e-24 2.55e-25 2.09e-25
77.5 0.8 1.12e-24 2.25e-25 1.84e-25
77.6 0.8 9.87e-25 1.98e-25 1.63e-25
77.7 0.8 8.71e-25 1.75e-25 1.44e-25
77.8 0.8 7.69e-25 1.54e-25 1.27e-25
77.9 0.8 6.78e-25 1.36e-25 1.12e-25
78 0.8 5.99e-25 1.2e-25 9.87e-26
78.1 0.8 5.28e-25 1.06e-25 8.71e-26
78.2 0.8 4.66e-25 9.37e-26 7.69e-26
78.3 0.8 4.12e-25 8.27e-26 6.78e-26
78.4 0.8 3.63e-25 7.3e-26 5.99e-26
78.5 0.8 3.2e-25 6.44e-26 5.28e-26
78.6 0.8 2.83e-25 5.68e-26 4.66e-26
78.7 0.8 2.5e-25 5.02e-26 4.11e-26
78.8 0.8 2.2e-25 4.43e-26 3.63e-26
78.9 0.8 1.94e-25 3.91e-26 3.2e-26
79 0.8 1.72e-25 3.45e-26 2.83e-26
79.1 0.8 1.51e-25 3.04e-26 2.5e-26
79.2 0.8 1.34e-25 2.68e-26 2.2e-26
79.3 0.8 1.18e-25 2.37e-26 1.94e-26
79.4 0.8 1.04e-25 2.09e-26 1.72e-26
79.5 0.8 9.18e-26 1.84e-26 1.51e-26
79.6 0.8 8.1e-26 1.63e-26 1.34e-26
79.7 0.8 7.15e-26 1.44e-26 1.18e-26
79.8 0.8 6.31e-26 1.27e-26 1.04e-26
79.9 0.8 5.57e-26 1.12e-26 9.18e-27
80 0.8 4.91e-26 9.88e-27 8.1e-27
80.1 0.8 4.34e-26 8.72e-27 7.15e-27
80.2 0.8 3.83e-26 7.69e-27 6.31e-27
80.3 0.8 3.38e-26 6.79e-27 5.57e-27
80.4 0.8 2.98e-26 5.99e-27 4.91e-27
80.5 0.8 2.63e-26 5.29e-27 4.34e-27
80.6 0.8 2.32e-26 4.66e-27 3.83e-27
80.7 0.8 2.05e-26 4.12e-27 3.38e-27
80.8 0.8 1.81e-26 3.63e-27 2.98e-27
80.9 0.8 1.6e-26 3.21e-27 2.63e-27
81 0.8 1.41e-26 2.83e-27 2.32e-27
81.1 0.8 1.24e-26 2.5e-27 2.05e-27
81.2 0.8 1.1e-26 2.2e-27 1.81e-27
81.3 0.8 9.68e-27 1.94e-27 1.6e-27
81.4 0.8 8.54e-27 1.72e-27 1.41e-27
81.5 0.8 7.54e-27 1.51e-27 1.24e-27
81.6 0.8 6.65e-27 1.34e-27 1.1e-27
81.7 0.8 5.87e-27 1.18e-27 9.68e-28
81.8 0.8 5.18e-27 1.04e-27 8.54e-28
81.9 0.8 4.57e-27 9.19e-28 7.54e-28
82 0.8 4.03e-27 8.11e-28 6.65e-28
82.1 0.8 3.56e-27 7.15e-28 5.87e-28
82.2 0.8 3.14e-27 6.31e-28 5.18e-28
82.3 0.8 2.77e-27 5.57e-28 4.57e-28
82.4 0.8 2.45e-27 4.92e-28 4.03e-28
82.5 0.8 2.16e-27 4.34e-28 3.56e-28
82.6 0.8 1.91e-27 3.83e-28 3.14e-28
82.7 0.8 1.68e-27 3.38e-28 2.77e-28
82.8 0.8 1.48e-27 2.98e-28 2.45e-28
82.9 0.8 1.31e-27 2.63e-28 2.16e-28
83 0.8 1.16e-27 2.32e-28 1.91e-28
83.1 0.8 1.02e-27 2.05e-28 1.68e-28
83.2 0.8 9e-28 1.81e-28 1.48e-28
83.3 0.8 7.94e-28 1.6e-28 1.31e-28
83.4 0.8 7.01e-28 1.41e-28 1.16e-28
83.5 0.8 6.19e-28 1.24e-28 1.02e-28
83.6 0.8 5.46e-28 1.1e-28 9e-29
83.7 0.8 4.82e-28 9.68e-29 7.94e-29
83.8 0.8 4.25e-28 8.54e-29 7.01e-29
83.9 0.8 3.75e-28 7.54e-29 6.19e-29
84 0.8 3.31e-28 6.65e-29 5.46e-29
84.1 0.8 2.92e-28 5.87e-29 4.82e-29
84.2 0.8 2.58e-28 5.18e-29 4.25e-29
84.3 0.8 2.28e-28 4.57e-29 3.75e-29
84.4 0.8 2.01e-28 4.04e-29 3.31e-29
84.5 0.8 1.77e-28 3.56e-29 2.92e-29
84.6 0.8 1.56e-28 3.14e-29 2.58e-29
84.7 0.8 1.38e-28 2.77e-29 2.28e-29
84.8 0.8 1.22e-28 2.45e-29 2.01e-29
84.9 0.8 1.08e-28 2.16e-29 1.77e-29
85 0.8 9.49e-29 1.91e-29 1.56e-29
85.1 0.8 8.37e-29 1.68e-29 1.38e-29
85.2 0.8 7.39e-29 1.48e-29 1.22e-29
85.3 0.8 6.52e-29 1.31e-29 1.07e-29
85.4 0.8 5.75e-29 1.16e-29 9.49e-30
85.5 0.8 5.08e-29 1.02e-29 8.37e-30
85.6 0.8 4.48e-29 9.01e-30 7.39e-30
85.7 0.8 3.96e-29 7.95e-30 6.52e-30
85.8 0.8 3.49e-29 7.01e-30 5.75e-30
85.9 0.8 3.08e-29 6.19e-30 5.08e-30
86 0.8 2.72e-29 5.46e-30 4.48e-30
86.1 0.8 2.4e-29 4.82e-30 3.95e-30
86.2 0.8 2.12e-29 4.25e-30 3.49e-30
86.3 0.8 1.87e-29 3.75e-30 3.08e-30
86.4 0.8 1.65e-29 3.31e-30 2.72e-30
86.5 0.8 1.45e-29 2.92e-30 2.4e-30
86.6 0.8 1.28e-29 2.58e-30 2.12e-30
86.7 0.8 1.13e-29 2.28e-30 1.87e-30
86.8 0.8 1e-29 2.01e-30 1.65e-30
86.9 0.8 8.82e-30 1.77e-30 1.45e-30
87 0.8 7.79e-30 1.56e-30 1.28e-30
87.1 0.8 6.87e-30 1.38e-30 1.13e-30
87.2 0.8 6.07e-30 1.22e-30 1e-30
87.3 0.8 5.35e-30 1.08e-30 8.82e-31
87.4 0.8 4.72e-30 9.49e-31 7.79e-31
87.5 0.8 4.17e-30 8.38e-31 6.87e-31
87.6 0.8 3.68e-30 7.39e-31 6.06e-31
87.7 0.8 3.25e-30 6.52e-31 5.35e-31
87.8 0.8 2.86e-30 5.76e-31 4.72e-31
87.9 0.8 2.53e-30 5.08e-31 4.17e-31
88 0.8 2.23e-30 4.48e-31 3.68e-31
88.1 0.8 1.97e-30 3.96e-31 3.25e-31
88.2 0.8 1.74e-30 3.49e-31 2.86e-31
88.3 0.8 1.53e-30 3.08e-31 2.53e-31
88.4 0.8 1.35e-30 2.72e-31 2.23e-31
88.5 0.8 1.19e-30 2.4e-31 1.97e-31
88.6 0.8 1.05e-30 2.12e-31 1.74e-31
88.7 0.8 9.3e-31 1.87e-31 1.53e-31
88.8 0.8 8.21e-31 1.65e-31 1.35e-31
88.9 0.8 7.24e-31 1.46e-31 1.19e-31
89 0.8 6.39e-31 1.28e-31 1.05e-31
89.1 0.8 5.64e-31 1.13e-31 9.3e-32
89.2 0.8 4.98e-31 1e-31 8.21e-32
89.3 0.8 4.39e-31 8.83e-32 7.24e-32
89.4 0.8 3.88e-31 7.79e-32 6.39e-32
89.5 0.8 3.42e-31 6.88e-32 5.64e-32
89.6 0.8 3.02e-31 6.07e-32 4.98e-32
89.7 0.8 2.66e-31 5.35e-32 4.39e-32
89.8 0.8 2.35e-31 4.73e-32 3.88e-32
89.9 0.8 2.08e-31 4.17e-32 3.42e-32
90 0.8 1.83e-31 3.68e-32 3.02e-32
90.1 0.8 1.62e-31 3.25e-32 2.66e-32
90.2 0.8 1.43e-31 2.87e-32 2.35e-32
90.3 0.8 1.26e-31 2.53e-32 2.08e-32
90.4 0.8 1.11e-31 2.23e-32 1.83e-32
90.5 0.8 9.8e-32 1.97e-32 1.62e-32
90.6 0.8 8.65e-32 1.74e-32 1.43e-32
90.7 0.8 7.63e-32 1.53e-32 1.26e-32
90.8 0.8 6.74e-32 1.35e-32 1.11e-32
90.9 0.8 5.95e-32 1.19e-32 9.8e-33
91 0.8 5.25e-32 1.05e-32 8.65e-33
91.1 0.8 4.63e-32 9.31e-33 7.63e-33
91.2 0.8 4.09e-32 8.21e-33 6.74e-33
91.3 0.8 3.61e-32 7.25e-33 5.94e-33
91.4 0.8 3.18e-32 6.4e-33 5.25e-33
91.5 0.8 2.81e-32 5.64e-33 4.63e-33
91.6 0.8 2.48e-32 4.98e-33 4.09e-33
91.7 0.8 2.19e-32 4.4e-33 3.61e-33
91.8 0.8 1.93e-32 3.88e-33 3.18e-33
91.9 0.8 1.7e-32 3.42e-33 2.81e-33
92 0.8 1.5e-32 3.02e-33 2.48e-33
92.1 0.8 1.33e-32 2.67e-33 2.19e-33
92.2 0.8 1.17e-32 2.35e-33 1.93e-33
92.3 0.8 1.03e-32 2.08e-33 1.7e-33
92.4 0.8 9.12e-33 1.83e-33 1.5e-33
92.5 0.8 8.05e-33 1.62e-33 1.33e-33
92.6 0.8 7.1e-33 1.43e-33 1.17e-33
92.7 0.8 6.27e-33 1.26e-33 1.03e-33
92.8 0.8 5.53e-33 1.11e-33 9.12e-34
92.9 0.8 4.88e-33 9.81e-34 8.05e-34
93 0.8 4.31e-33 8.66e-34 7.1e-34
93.1 0.8 3.8e-33 7.64e-34 6.27e-34
93.2 0.8 3.35e-33 6.74e-34 5.53e-34
93.3 0.8 2.96e-33 5.95e-34 4.88e-34
93.4 0.8 2.61e-33 5.25e-34 4.31e-34
93.5 0.8 2.31e-33 4.63e-34 3.8e-34
93.6 0.8 2.03e-33 4.09e-34 3.35e-34
93.7 0.8 1.8e-33 3.61e-34 2.96e-34
93.8 0.8 1.58e-33 3.18e-34 2.61e-34
93.9 0.8 1.4e-33 2.81e-34 2.31e-34
94 0.8 1.23e-33 2.48e-34 2.03e-34
94.1 0.8 1.09e-33 2.19e-34 1.8e-34
94.2 0.8 9.61e-34 1.93e-34 1.58e-34
94.3 0.8 8.48e-34 1.7e-34 1.4e-34
94.4 0.8 7.49e-34 1.5e-34 1.23e-34
94.5 0.8 6.61e-34 1.33e-34 1.09e-34
94.6 0.8 5.83e-34 1.17e-34 9.61e-35
94.7 0.8 5.14e-34 1.03e-34 8.48e-35
94.8 0.8 4.54e-34 9.12e-35 7.48e-35
94.9 0.8 4.01e-34 8.05e-35 6.6e-35
95 0.8 3.54e-34 7.1e-35 5.83e-35
95.1 0.8 3.12e-34 6.27e-35 5.14e-35
95.2 0.8 2.75e-34 5.53e-35 4.54e-35
95.3 0.8 2.43e-34 4.88e-35 4.01e-35
95.4 0.8 2.14e-34 4.31e-35 3.54e-35
95.5 0.8 1.89e-34 3.8e-35 3.12e-35
95.6 0.8 1.67e-34 3.36e-35 2.75e-35
95.7 0.8 1.47e-34 2.96e-35 2.43e-35
95.8 0.8 1.3e-34 2.61e-35 2.14e-35
95.9 0.8 1.15e-34 2.31e-35 1.89e-35
96 0.8 1.01e-34 2.04e-35 1.67e-35
96.1 0.8 8.94e-35 1.8e-35 1.47e-35
96.2 0.8 7.89e-35 1.59e-35 1.3e-35
96.3 0.8 6.96e-35 1.4e-35 1.15e-35
96.4 0.8 6.14e-35 1.23e-35 1.01e-35
96.5 0.8 5.42e-35 1.09e-35 8.94e-36
96.6 0.8 4.79e-35 9.62e-36 7.89e-36
96.7 0.8 4.22e-35 8.49e-36 6.96e-36
96.8 0.8 3.73e-35 7.49e-36 6.14e-36
96.9 0.8 3.29e-35 6.61e-36 5.42e-36
97 0.8 2.9e-35 5.83e-36 4.78e-36
97.1 0.8 2.56e-35 5.15e-36 4.22e-36
97.2 0.8 2.26e-35 4.54e-36 3.73e-36
97.3 0.8 1.99e-35 4.01e-36 3.29e-36
97.4 0.8 1.76e-35 3.54e-36 2.9e-36
97.5 0.8 1.55e-35 3.12e-36 2.56e-36
97.6 0.8 1.37e-35 2.75e-36 2.26e-36
97.7 0.8 1.21e-35 2.43e-36 1.99e-36
97.8 0.8 1.07e-35 2.15e-36 1.76e-36
97.9 0.8 9.42e-36 1.89e-36 1.55e-36
98 0.8 8.32e-36 1.67e-36 1.37e-36
98.1 0.8 7.34e-36 1.47e-36 1.21e-36
98.2 0.8 6.48e-36 1.3e-36 1.07e-36
98.3 0.8 5.71e-36 1.15e-36 9.42e-37
98.4 0.8 5.04e-36 1.01e-36 8.31e-37
98.5 0.8 4.45e-36 8.94e-37 7.34e-37
98.6 0.8 3.93e-36 7.89e-37 6.47e-37
98.7 0.8 3.47e-36 6.97e-37 5.71e-37
98.8 0.8 3.06e-36 6.15e-37 5.04e-37
98.9 0.8 2.7e-36 5.42e-37 4.45e-37
99 0.8 2.38e-36 4.79e-37 3.93e-37
99.1 0.8 2.1e-36 4.22e-37 3.47e-37
99.2 0.8 1.86e-36 3.73e-37 3.06e-37
99.3 0.8 1.64e-36 3.29e-37 2.7e-37
99.4 0.8 1.44e-36 2.9e-37 2.38e-37
99.5 0.8 1.28e-36 2.56e-37 2.1e-37
99.6 0.8 1.13e-36 2.26e-37 1.86e-37
99.7 0.8 9.93e-37 2e-37 1.64e-37
99.8 0.8 8.76e-37 1.76e-37 1.44e-37
99.9 0.8 7.73e-37 1.55e-37 1.27e-37
