-25 0.44 2.31e-22 1.98e-22 1.62e-22
-24.9 0.44 2.9e-22 2.49e-22 2.03e-22
-24.8 0.44 3.64e-22 3.13e-22 2.55e-22
-24.7 0.44 4.57e-22 3.93e-22 3.2e-22
-24.6 0.44 5.74e-22 4.93e-22 4.02e-22
-24.5 0.44 7.2e-22 6.18e-22 5.04e-22
-24.4 0.44 9.04e-22 7.76e-22 6.33e-22
-24.3 0.44 1.13e-21 9.74e-22 7.94e-22
-24.2 0.44 1.42e-21 1.22e-21 9.97e-22
-24.1 0.44 1.79e-21 1.53e-21 1.25e-21
-24 0.44 2.24e-21 1.93e-21 1.57e-21
-23.9 0.44 2.82e-21 2.42e-21 1.97e-21
-23.8 0.44 3.54e-21 3.04e-21 2.47e-21
-23.7 0.44 4.44e-21 3.81e-21 3.11e-21
-23.6 0.44 5.57e-21 4.78e-21 3.9e-21
-23.5 0.44 6.99e-21 6e-21 4.89e-21
-23.4 0.44 8.77e-21 7.53e-21 6.14e-21
-23.3 0.44 1.1e-20 9.46e-21 7.71e-21
-23.2 0.44 1.38e-20 1.19e-20 9.67e-21
-23.1 0.44 1.74e-20 1.49e-20 1.21e-20
-23 0.44 2.18e-20 1.87e-20 1.52e-20
-22.9 0.44 2.73e-20 2.35e-20 1.91e-20
-22.8 0.44 3.43e-20 2.95e-20 2.4e-20
-22.7 0.44 4.31e-20 3.7e-20 3.01e-20
-22.6 0.44 5.41e-20 4.64e-20 3.78e-20
-22.5 0.44 6.78e-20 5.83e-20 4.75e-20
-22.4 0.44 8.52e-20 7.31e-20 5.96e-20
-22.3 0.44 1.07e-19 9.18e-20 7.48e-20
-22.2 0.44 1.34e-19 1.15e-19 9.39e-20
-22.1 0.44 1.68e-19 1.45e-19 1.18e-19
-22 0.44 2.11e-19 1.81e-19 1.48e-19
-21.9 0.44 2.65e-19 2.28e-19 1.86e-19
-21.8 0.44 3.33e-19 2.86e-19 2.33e-19
-21.7 0.44 4.18e-19 3.59e-19 2.93e-19
-21.6 0.44 5.25e-19 4.5e-19 3.67e-19
-21.5 0.44 6.59e-19 5.65e-19 4.61e-19
-21.4 0.44 8.27e-19 7.1e-19 5.78e-19
-21.3 0.44 1.04e-18 8.91e-19 7.26e-19
-21.2 0.44 1.3e-18 1.12e-18 9.11e-19
-21.1 0.44 1.63e-18 1.4e-18 1.14e-18
-21 0.44 2.05e-18 1.76e-18 1.44e-18
-20.9 0.44 2.58e-18 2.21e-18 1.8e-18
-20.8 0.44 3.23e-18 2.78e-18 2.26e-18
-20.7 0.44 4.06e-18 3.48e-18 2.84e-18
-20.6 0.44 5.09e-18 4.37e-18 3.56e-18
-20.5 0.44 6.39e-18 5.49e-18 4.47e-18
-20.4 0.44 8.02e-18 6.89e-18 5.61e-18
-20.3 0.44 1.01e-17 8.65e-18 7.05e-18
-20.2 0.44 1.26e-17 1.09e-17 8.85e-18
-20.1 0.44 1.59e-17 1.36e-17 1.11e-17
-20 0.44 1.99e-17 1.71e-17 1.39e-17
-19.9 0.44 2.5e-17 2.15e-17 1.75e-17
-19.8 0.44 3.14e-17 2.69e-17 2.2e-17
-19.7 0.44 3.94e-17 3.38e-17 2.76e-17
-19.6 0.44 4.94e-17 4.24e-17 3.46e-17
-19.5 0.44 6.2e-17 5.33e-17 4.34e-17
-19.4 0.44 7.79e-17 6.69e-17 5.45e-17
-19.3 0.44 9.77e-17 8.39e-17 6.84e-17
-19.2 0.44 1.23e-16 1.05e-16 8.58e-17
-19.1 0.44 1.54e-16 1.32e-16 1.08e-16
-19 0.44 1.93e-16 1.66e-16 1.35e-16
-18.9 0.44 2.43e-16 2.08e-16 1.7e-16
-18.8 0.44 3.04e-16 2.61e-16 2.13e-16
-18.7 0.44 3.82e-16 3.28e-16 2.67e-16
-18.6 0.44 4.8e-16 4.12e-16 3.36e-16
-18.5 0.44 6.02e-16 5.17e-16 4.21e-16
-18.4 0.44 7.56e-16 6.49e-16 5.29e-16
-18.3 0.44 9.49e-16 8.14e-16 6.64e-16
-18.2 0.44 1.19e-15 1.02e-15 8.33e-16
-18.1 0.44 1.49e-15 1.28e-15 1.05e-15
-18 0.44 1.88e-15 1.61e-15 1.31e-15
-17.9 0.44 2.35e-15 2.02e-15 1.65e-15
-17.8 0.44 2.96e-15 2.54e-15 2.07e-15
-17.7 0.44 3.71e-15 3.18e-15 2.6e-15
-17.6 0.44 4.66e-15 4e-15 3.26e-15
-17.5 0.44 5.84e-15 5.02e-15 4.09e-15
-17.4 0.44 7.34e-15 6.3e-15 5.13e-15
-17.3 0.44 9.21e-15 7.9e-15 6.44e-15
-17.2 0.44 1.16e-14 9.92e-15 8.09e-15
-17.1 0.44 1.45e-14 1.25e-14 1.02e-14
-17 0.44 1.82e-14 1.56e-14 1.27e-14
-16.9 0.44 2.29e-14 1.96e-14 1.6e-14
-16.8 0.44 2.87e-14 2.46e-14 2.01e-14
-16.7 0.44 3.6e-14 3.09e-14 2.52e-14
-16.6 0.44 4.52e-14 3.88e-14 3.16e-14
-16.5 0.44 5.67e-14 4.87e-14 3.97e-14
-16.4 0.44 7.12e-14 6.11e-14 4.98e-14
-16.3 0.44 8.94e-14 7.67e-14 6.25e-14
-16.2 0.44 1.12e-13 9.63e-14 7.85e-14
-16.1 0.44 1.41e-13 1.21e-13 9.85e-14
-16 0.44 1.77e-13 1.52e-13 1.24e-13
-15.9 0.44 2.22e-13 1.9e-13 1.55e-13
-15.8 0.44 2.78e-13 2.39e-13 1.95e-13
-15.7 0.44 3.49e-13 3e-13 2.45e-13
-15.6 0.44 4.39e-13 3.77e-13 3.07e-13
-15.5 0.44 5.51e-13 4.73e-13 3.85e-13
-15.4 0.44 6.91e-13 5.93e-13 4.84e-13
-15.3 0.44 8.67e-13 7.45e-13 6.07e-13
-15.2 0.44 1.09e-12 9.35e-13 7.62e-13
-15.1 0.44 1.37e-12 1.17e-12 9.56e-13
-15 0.44 1.72e-12 1.47e-12 1.2e-12
-14.9 0.44 2.15e-12 1.85e-12 1.51e-12
-14.8 0.44 2.7e-12 2.32e-12 1.89e-12
-14.7 0.44 3.39e-12 2.91e-12 2.37e-12
-14.6 0.44 4.26e-12 3.66e-12 2.98e-12
-14.5 0.44 5.34e-12 4.59e-12 3.74e-12
-14.4 0.44 6.71e-12 5.76e-12 4.69e-12
-14.3 0.44 8.42e-12 7.23e-12 5.89e-12
-13 0.44 1.62e-10 1.39e-10 1.13e-10
-12.9 0.44 2.03e-10 1.74e-10 1.42e-10
-12.8 0.44 2.55e-10 2.19e-10 1.78e-10
-12.7 0.44 3.19e-10 2.74e-10 2.24e-10
-12.6 0.44 4.01e-10 3.44e-10 2.81e-10
-12.5 0.44 5.03e-10 4.32e-10 3.52e-10
-12.4 0.44 6.32e-10 5.42e-10 4.42e-10
-12.3 0.44 7.93e-10 6.81e-10 5.55e-10
-12.2 0.44 9.95e-10 8.55e-10 6.97e-10
-12.1 0.44 1.25e-09 1.07e-09 8.74e-10
-12 0.44 1.57e-09 1.35e-09 1.1e-09
-11.9 0.44 1.97e-09 1.69e-09 1.38e-09
-11.8 0.44 2.47e-09 2.12e-09 1.73e-09
-11.7 0.44 3.1e-09 2.66e-09 2.17e-09
-11.6 0.44 3.89e-09 3.34e-09 2.72e-09
-11.5 0.44 4.89e-09 4.19e-09 3.42e-09
-11.4 0.44 6.13e-09 5.26e-09 4.29e-09
-11.3 0.44 7.7e-09 6.61e-09 5.39e-09
-11.2 0.44 9.66e-09 8.29e-09 6.76e-09
-11.1 0.44 1.21e-08 1.04e-08 8.49e-09
-11 0.44 1.52e-08 1.31e-08 1.07e-08
-10.9 0.44 1.91e-08 1.64e-08 1.34e-08
-10.8 0.44 2.4e-08 2.06e-08 1.68e-08
-10.7 0.44 3.01e-08 2.58e-08 2.11e-08
-10.6 0.44 3.78e-08 3.24e-08 2.64e-08
-10.5 0.44 4.74e-08 4.07e-08 3.32e-08
-10.4 0.44 5.95e-08 5.11e-08 4.17e-08
-10.3 0.44 7.47e-08 6.41e-08 5.23e-08
-10.2 0.44 9.38e-08 8.05e-08 6.56e-08
-10.1 0.44 1.18e-07 1.01e-07 8.24e-08
-10 0.44 1.48e-07 1.27e-07 1.03e-07
-9.9 0.44 1.85e-07 1.59e-07 1.3e-07
-9.8 0.44 2.33e-07 2e-07 1.63e-07
-9.7 0.44 2.92e-07 2.51e-07 2.04e-07
-9.6 0.44 3.67e-07 3.15e-07 2.57e-07
-9.5 0.44 4.6e-07 3.95e-07 3.22e-07
-9.4 0.44 5.78e-07 4.96e-07 4.04e-07
-9.3 0.44 7.25e-07 6.23e-07 5.07e-07
-9.2 0.44 9.1e-07 7.81e-07 6.37e-07
-9.1 0.44 1.14e-06 9.81e-07 7.99e-07
-9 0.44 1.43e-06 1.23e-06 1e-06
-8.9 0.44 1.8e-06 1.55e-06 1.26e-06
-8.8 0.44 2.26e-06 1.94e-06 1.58e-06
-8.7 0.44 2.84e-06 2.43e-06 1.98e-06
-8.6 0.44 3.56e-06 3.06e-06 2.49e-06
-8.5 0.44 4.47e-06 3.84e-06 3.13e-06
-8.4 0.44 5.61e-06 4.81e-06 3.92e-06
-8.3 0.44 7.04e-06 6.04e-06 4.92e-06
-8.2 0.44 8.83e-06 7.58e-06 6.18e-06
-8.1 0.44 1.11e-05 9.52e-06 7.76e-06
-8 0.44 1.39e-05 1.19e-05 9.74e-06
-7.9 0.44 1.75e-05 1.5e-05 1.22e-05
-7.8 0.44 2.19e-05 1.88e-05 1.53e-05
-7.7 0.44 2.75e-05 2.36e-05 1.93e-05
-7.6 0.44 3.45e-05 2.97e-05 2.42e-05
-7.5 0.44 4.33e-05 3.72e-05 3.03e-05
-7.4 0.44 5.44e-05 4.67e-05 3.81e-05
-7.3 0.44 6.83e-05 5.86e-05 4.78e-05
-7.2 0.44 8.57e-05 7.36e-05 6e-05
-7.1 0.44 0.000108 9.24e-05 7.53e-05
-7 0.44 0.000135 0.000116 9.45e-05
-6.9 0.44 0.000169 0.000146 0.000119
-6.8 0.44 0.000213 0.000183 0.000149
-6.7 0.44 0.000267 0.000229 0.000187
-6.6 0.44 0.000335 0.000288 0.000235
-6.5 0.44 0.00042 0.000361 0.000294
-6.4 0.44 0.000527 0.000454 0.00037
-6.3 0.44 0.000661 0.000569 0.000464
-6.2 0.44 0.00083 0.000715 0.000582
-6.1 0.44 0.00104 0.000897 0.000731
-6 0.44 0.0013 0.00113 0.000917
-5.9 0.44 0.00164 0.00141 0.00115
-5.8 0.44 0.00205 0.00177 0.00144
-5.7 0.44 0.00257 0.00223 0.00181
-5.6 0.44 0.00322 0.0028 0.00227
-5.5 0.44 0.00403 0.00351 0.00285
-5.4 0.44 0.00503 0.0044 0.00358
-5.3 0.44 0.00629 0.00553 0.00449
-5.2 0.44 0.00786 0.00693 0.00563
-5.1 0.44 0.0098 0.0087 0.00706
-5 0.44 0.0122 0.0109 0.00884
-4.9 0.44 0.0152 0.0137 0.0111
-4.8 0.44 0.0188 0.0171 0.0138
-4.7 0.44 0.0233 0.0213 0.0173
-4.6 0.44 0.0288 0.0266 0.0215
-4.5 0.44 0.0354 0.033 0.0267
-4.4 0.44 0.0435 0.0408 0.033
-4.3 0.44 0.0533 0.0502 0.0406
-4.2 0.44 0.0649 0.0611 0.0496
-4.1 0.44 0.0876 0.1 0.0689
-4 0.44 0.105 0.117 0.0816
-3.9 0.44 0.124 0.134 0.095
-3.8 0.44 0.146 0.148 0.108
-3.7 0.44 0.184 0.141 0.135
-3.6 0.44 0.208 0.148 0.144
-3.5 0.44 0.228 0.17 0.145
-3.4 0.44 0.242 0.188 0.136
-3.3 0.44 0.246 0.197 0.114
-3.2 0.44 0.236 0.189 0.0954
-3.1 0.44 0.203 0.159 0.23
-3 0.44 0.14 0.197 0.374
-2.9 0.44 0.198 0.139 0.278
-2.8 0.44 0.125 0.186 0.36
-2.7 0.44 -0.0409 0.327 0.676
-2.6 0.44 -0.0652 0.335 0.545
-2.5 0.44 -0.0388 0.301 0.326
-2.4 0.44 -0.0357 0.359 0.943
-2.3 0.44 0.0764 0.211 0.567
-2.2 0.44 0.221 0.497 0.569
-2.1 0.44 0.393 0.701 0.44
-2 0.44 1.04 1.15 0.783
-1.9 0.44 0.651 0.532 0.379
-1.8 0.44 0.655 0.58 0.367
-1.7 0.44 0.559 0.861 0.369
-1.6 0.44 0.14 1.88 2.24
-1.5 0.44 0.222 0.718 0.945
-1.4 0.44 -0.15 0.514 1.51
-1.3 0.44 0.0795 0.304 0.319
-1.2 0.44 0.171 0.361 0.837
-1.1 0.44 0.272 0.872 1.03
-1 0.44 0.418 0.969 0.886
-0.9 0.44 0.513 0.628 0.384
-0.8 0.44 0.539 0.294 0.137
-0.7 0.44 0.513 0.886 0.687
-0.6 0.44 0.469 1.15 1.06
-0.5 0.44 0.46 0.959 0.963
-0.4 0.44 0.454 0.403 0.398
-0.3 0.44 0.471 0.357 0.334
-0.2 0.44 0.475 0.966 0.953
-0.1 0.44 0.446 1.16 1.21
3.02e-14 0.44 0.391 0.845 1.02
0.1 0.44 0.348 0.181 0.447
0.2 0.44 0.363 0.263 0.544
0.3 0.44 0.157 1.84 2.58
0.4 0.44 0.598 1.13 1.03
0.5 0.44 0.911 3.11 2.42
0.6 0.44 0.871 0.577 0.294
0.7 0.44 1.04 1.06 0.455
0.8 0.44 0.809 0.946 0.535
0.9 0.44 0.652 0.941 0.867
1 0.44 0.649 2.04 2
1.1 0.44 0.343 0.3 0.778
1.2 0.44 0.29 0.368 0.475
1.3 0.44 0.225 0.451 0.853
1.4 0.44 0.0108 0.681 1.03
1.5 0.44 -0.117 0.82 2.15
1.6 0.44 0.713 0.428 0.399
1.7 0.44 0.818 0.419 0.189
1.8 0.44 0.852 0.627 0.333
1.9 0.44 0.944 0.531 0.241
2 0.44 0.891 0.193 0.184
2.1 0.44 0.892 0.293 0.181
2.2 0.44 0.868 0.303 0.152
2.3 0.44 0.839 0.27 0.116
2.4 0.44 0.776 0.115 0.0463
2.5 0.44 0.76 0.0791 0.0333
2.6 0.44 0.751 0.0506 0.0361
2.7 0.44 0.748 0.0302 0.0339
2.8 0.44 0.748 0.0168 0.0291
2.9 0.44 0.751 0.00876 0.0233
3 0.44 0.763 0.0189 0.0171
3.1 0.44 0.767 0.0124 0.0132
3.2 0.44 0.771 0.00838 0.00969
3.3 0.44 0.776 0.00583 0.00688
3.4 0.44 0.782 0.00416 0.00475
3.5 0.44 0.786 0.00129 0.00213
3.6 0.44 0.791 0.000656 0.00126
3.7 0.44 0.796 0.000565 0.000733
3.8 0.44 0.8 0.00124 0.000922
3.9 0.44 0.803 0.000931 0.000577
4 0.44 0.805 0.00032 0.000159
4.1 0.44 0.807 0.000256 0.000119
4.2 0.44 0.809 0.000202 0.000108
4.3 0.44 0.811 0.00036 0.000178
4.4 0.44 0.812 0.000307 0.000181
4.5 0.44 0.813 0.000269 0.000188
4.6 0.44 0.814 0.000242 0.000195
4.7 0.44 0.814 0.000224 0.000202
4.8 0.44 0.815 0.000169 0.000268
4.9 0.44 0.815 0.000329 0.000322
5 0.44 0.815 0.00026 0.000286
5.1 0.44 0.815 0.000208 0.000255
5.2 0.44 0.816 0.000169 0.000228
5.3 0.44 0.816 0.000142 0.000204
5.4 0.44 0.816 0.000124 0.00018
5.5 0.44 0.816 0.000134 0.000138
5.6 0.44 0.816 0.000173 0.000222
5.7 0.44 0.816 6.89e-05 0.000175
5.8 0.44 0.816 5.49e-05 0.000159
5.9 0.44 0.816 5.16e-05 0.00015
6 0.44 0.816 5.12e-05 0.000143
6.1 0.44 0.816 5.19e-05 0.000137
6.2 0.44 0.816 5.28e-05 0.000133
6.3 0.44 0.816 5.38e-05 0.000129
6.4 0.44 0.816 5.47e-05 0.000127
6.5 0.44 0.816 5.55e-05 0.000124
6.6 0.44 0.816 5.61e-05 0.000123
6.7 0.44 0.816 5.67e-05 0.000121
6.8 0.44 0.816 5.71e-05 0.00012
6.9 0.44 0.816 5.75e-05 0.000119
7 0.44 0.816 5.78e-05 0.000119
7.1 0.44 0.816 5.81e-05 0.000118
7.2 0.44 0.816 5.82e-05 0.000118
7.3 0.44 0.816 5.84e-05 0.000117
7.4 0.44 0.816 5.85e-05 0.000117
7.5 0.44 0.816 5.86e-05 0.000117
7.6 0.44 0.816 5.87e-05 0.000117
7.7 0.44 0.816 5.88e-05 0.000116
7.8 0.44 0.816 5.88e-05 0.000116
7.9 0.44 0.816 5.89e-05 0.000116
8 0.44 0.816 5.89e-05 0.000116
8.1 0.44 0.816 5.89e-05 0.000116
8.2 0.44 0.816 5.9e-05 0.000116
8.3 0.44 0.816 5.9e-05 0.000116
8.4 0.44 0.816 5.9e-05 0.000116
8.5 0.44 0.816 5.9e-05 0.000116
8.6 0.44 0.816 5.9e-05 0.000116
8.7 0.44 0.816 5.9e-05 0.000116
8.8 0.44 0.816 5.9e-05 0.000116
8.9 0.44 0.816 5.9e-05 0.000116
9 0.44 0.816 5.9e-05 0.000116
9.1 0.44 0.816 5.9e-05 0.000116
9.2 0.44 0.816 5.9e-05 0.000116
9.3 0.44 0.816 5.9e-05 0.000116
9.4 0.44 0.816 5.9e-05 0.000116
9.5 0.44 0.816 5.9e-05 0.000116
9.6 0.44 0.816 5.9e-05 0.000116
9.7 0.44 0.816 5.9e-05 0.000116
9.8 0.44 0.816 5.9e-05 0.000116
9.9 0.44 0.816 5.9e-05 0.000116
10 0.44 0.816 5.9e-05 0.000116
10.1 0.44 0.816 5.9e-05 0.000116
10.2 0.44 0.816 5.9e-05 0.000116
10.3 0.44 0.816 5.9e-05 0.000116
10.4 0.44 0.816 5.9e-05 0.000116
10.5 0.44 0.816 5.9e-05 0.000116
10.6 0.44 0.816 5.9e-05 0.000116
10.7 0.44 0.816 5.9e-05 0.000116
10.8 0.44 0.816 5.9e-05 0.000116
10.9 0.44 0.816 5.9e-05 0.000116
11 0.44 0.816 5.9e-05 0.000116
11.1 0.44 0.816 5.9e-05 0.000116
11.2 0.44 0.816 5.9e-05 0.000116
11.3 0.44 0.816 5.9e-05 0.000116
11.4 0.44 0.816 5.9e-05 0.000116
11.5 0.44 0.816 5.9e-05 0.000116
11.6 0.44 0.816 5.9e-05 0.000116
11.7 0.44 0.816 5.9e-05 0.000116
11.8 0.44 0.816 5.9e-05 0.000116
11.9 0.44 0.816 5.9e-05 0.000116
12 0.44 0.816 5.9e-05 0.000116
12.1 0.44 0.816 5.9e-05 0.000116
12.2 0.44 0.816 5.9e-05 0.000116
12.3 0.44 0.816 5.9e-05 0.000116
12.4 0.44 0.816 5.9e-05 0.000116
12.5 0.44 0.816 5.9e-05 0.000116
12.6 0.44 0.816 5.9e-05 0.000116
12.7 0.44 0.816 5.9e-05 0.000116
12.8 0.44 0.816 5.9e-05 0.000116
12.9 0.44 0.816 5.9e-05 0.000116
13 0.44 0.816 5.9e-05 0.000116
13.1 0.44 0.816 5.9e-05 0.000116
13.2 0.44 0.816 5.9e-05 0.000116
13.3 0.44 0.816 5.9e-05 0.000116
13.4 0.44 0.816 5.9e-05 0.000116
13.5 0.44 0.816 5.9e-05 0.000116
13.6 0.44 0.816 5.9e-05 0.000116
13.7 0.44 0.816 5.9e-05 0.000116
13.8 0.44 0.816 5.9e-05 0.000116
13.9 0.44 0.816 5.9e-05 0.000116
14 0.44 0.816 5.9e-05 0.000116
14.1 0.44 0.816 5.9e-05 0.000116
14.2 0.44 0.816 5.9e-05 0.000116
14.3 0.44 0.816 5.9e-05 0.000116
14.4 0.44 0.816 5.9e-05 0.000116
14.5 0.44 0.816 5.9e-05 0.000116
14.6 0.44 0.816 5.9e-05 0.000116
14.7 0.44 0.816 5.9e-05 0.000116
14.8 0.44 0.816 5.9e-05 0.000116
14.9 0.44 0.816 5.9e-05 0.000116
15 0.44 0.816 5.9e-05 0.000116
15.1 0.44 0.816 5.9e-05 0.000116
15.2 0.44 0.816 5.9e-05 0.000116
15.3 0.44 0.816 5.9e-05 0.000116
15.4 0.44 0.816 5.9e-05 0.000116
15.5 0.44 0.816 5.9e-05 0.000116
15.6 0.44 0.816 5.9e-05 0.000116
15.7 0.44 0.816 5.9e-05 0.000116
15.8 0.44 0.816 5.9e-05 0.000116
15.9 0.44 0.816 5.9e-05 0.000116
16 0.44 0.816 5.9e-05 0.000116
16.1 0.44 0.816 5.9e-05 0.000116
16.2 0.44 0.816 5.9e-05 0.000116
16.3 0.44 0.816 5.9e-05 0.000116
16.4 0.44 0.816 5.9e-05 0.000116
16.5 0.44 0.816 5.9e-05 0.000116
16.6 0.44 0.816 5.9e-05 0.000116
16.7 0.44 0.816 5.9e-05 0.000116
16.8 0.44 0.816 5.9e-05 0.000116
16.9 0.44 0.816 5.9e-05 0.000116
17 0.44 0.816 5.9e-05 0.000116
17.1 0.44 0.816 5.9e-05 0.000116
17.2 0.44 0.816 5.9e-05 0.000116
17.3 0.44 0.816 5.9e-05 0.000116
17.4 0.44 0.816 5.9e-05 0.000116
17.5 0.44 0.816 5.9e-05 0.000116
17.6 0.44 0.816 5.9e-05 0.000116
17.7 0.44 0.816 5.9e-05 0.000116
17.8 0.44 0.816 5.9e-05 0.000116
17.9 0.44 0.816 5.89e-05 0.000116
18 0.44 0.816 5.89e-05 0.000116
18.1 0.44 0.816 5.89e-05 0.000116
18.2 0.44 0.816 5.88e-05 0.000116
18.3 0.44 0.816 5.88e-05 0.000116
18.4 0.44 0.816 5.87e-05 0.000117
18.5 0.44 0.816 5.86e-05 0.000117
18.6 0.44 0.816 5.85e-05 0.000117
18.7 0.44 0.816 5.84e-05 0.000117
18.8 0.44 0.816 5.82e-05 0.000118
18.9 0.44 0.816 5.81e-05 0.000118
19 0.44 0.816 5.78e-05 0.000119
19.1 0.44 0.816 5.75e-05 0.000119
19.2 0.44 0.816 5.71e-05 0.00012
19.3 0.44 0.816 5.67e-05 0.000121
19.4 0.44 0.816 5.61e-05 0.000123
19.5 0.44 0.816 5.55e-05 0.000124
19.6 0.44 0.816 5.47e-05 0.000127
19.7 0.44 0.816 5.38e-05 0.000129
19.8 0.44 0.816 5.28e-05 0.000133
19.9 0.44 0.816 5.19e-05 0.000137
20 0.44 0.816 5.12e-05 0.000143
20.1 0.44 0.816 5.16e-05 0.00015
20.2 0.44 0.816 5.49e-05 0.000159
20.3 0.44 0.816 6.89e-05 0.000175
20.4 0.44 0.816 0.000173 0.000222
20.5 0.44 0.816 0.000134 0.000138
20.6 0.44 0.816 0.000124 0.00018
20.7 0.44 0.816 0.000142 0.000204
20.8 0.44 0.816 0.000169 0.000228
20.9 0.44 0.815 0.000208 0.000255
21 0.44 0.815 0.00026 0.000286
21.1 0.44 0.815 0.000329 0.000322
21.2 0.44 0.815 0.000169 0.000268
21.3 0.44 0.814 0.000224 0.000202
21.4 0.44 0.814 0.000242 0.000195
21.5 0.44 0.813 0.000269 0.000188
21.6 0.44 0.812 0.000307 0.000181
21.7 0.44 0.811 0.00036 0.000178
21.8 0.44 0.809 0.000202 0.000108
21.9 0.44 0.807 0.000256 0.000119
22 0.44 0.805 0.00032 0.000159
22.1 0.44 0.803 0.000931 0.000577
22.2 0.44 0.8 0.00124 0.000922
22.3 0.44 0.796 0.000565 0.000733
22.4 0.44 0.791 0.000656 0.00126
22.5 0.44 0.786 0.00129 0.00213
22.6 0.44 0.782 0.00416 0.00475
22.7 0.44 0.776 0.00583 0.00688
22.8 0.44 0.771 0.00838 0.00969
22.9 0.44 0.767 0.0124 0.0132
23 0.44 0.763 0.0189 0.0171
23.1 0.44 0.751 0.00876 0.0233
23.2 0.44 0.748 0.0168 0.0291
23.3 0.44 0.748 0.0302 0.0339
23.4 0.44 0.751 0.0506 0.0361
23.5 0.44 0.76 0.0791 0.0333
23.6 0.44 0.776 0.115 0.0463
23.7 0.44 0.839 0.27 0.116
23.8 0.44 0.868 0.303 0.152
23.9 0.44 0.892 0.293 0.181
24 0.44 0.891 0.193 0.184
24.1 0.44 0.944 0.531 0.241
24.2 0.44 0.852 0.627 0.333
24.3 0.44 0.818 0.419 0.189
24.4 0.44 0.713 0.428 0.399
24.5 0.44 -0.117 0.82 2.15
24.6 0.44 0.0108 0.681 1.03
24.7 0.44 0.225 0.451 0.853
24.8 0.44 0.29 0.368 0.475
24.9 0.44 0.343 0.3 0.778
25 0.44 0.649 2.04 2
25.1 0.44 0.652 0.941 0.867
25.2 0.44 0.809 0.946 0.535
25.3 0.44 1.04 1.06 0.455
25.4 0.44 0.871 0.577 0.294
25.5 0.44 0.911 3.11 2.42
25.6 0.44 0.598 1.13 1.03
25.7 0.44 0.157 1.84 2.58
25.8 0.44 0.363 0.263 0.544
25.9 0.44 0.348 0.181 0.447
26 0.44 0.391 0.845 1.02
26.1 0.44 0.446 1.16 1.21
26.2 0.44 0.475 0.966 0.953
26.3 0.44 0.471 0.357 0.334
26.4 0.44 0.454 0.403 0.398
26.5 0.44 0.46 0.959 0.963
26.6 0.44 0.469 1.15 1.06
26.7 0.44 0.513 0.886 0.687
26.8 0.44 0.539 0.294 0.137
26.9 0.44 0.513 0.628 0.384
27 0.44 0.418 0.969 0.886
27.1 0.44 0.272 0.872 1.03
27.2 0.44 0.171 0.361 0.837
27.3 0.44 0.0795 0.304 0.319
27.4 0.44 -0.15 0.514 1.51
27.5 0.44 0.222 0.718 0.945
27.6 0.44 0.14 1.88 2.24
27.7 0.44 0.559 0.861 0.369
27.8 0.44 0.655 0.58 0.367
27.9 0.44 0.651 0.532 0.379
28 0.44 1.04 1.15 0.783
28.1 0.44 0.393 0.701 0.44
28.2 0.44 0.221 0.497 0.569
28.3 0.44 0.0764 0.211 0.567
28.4 0.44 -0.0357 0.359 0.943
28.5 0.44 -0.0388 0.301 0.326
28.6 0.44 -0.0652 0.335 0.545
28.7 0.44 -0.0409 0.327 0.676
28.8 0.44 0.125 0.186 0.36
28.9 0.44 0.198 0.139 0.278
29 0.44 0.14 0.197 0.374
29.1 0.44 0.203 0.159 0.23
29.2 0.44 0.236 0.189 0.0954
29.3 0.44 0.246 0.197 0.114
29.4 0.44 0.242 0.188 0.136
29.5 0.44 0.228 0.17 0.145
29.6 0.44 0.208 0.148 0.144
29.7 0.44 0.184 0.141 0.135
29.8 0.44 0.146 0.148 0.108
29.9 0.44 0.124 0.134 0.095
30 0.44 0.105 0.117 0.0816
30.1 0.44 0.0876 0.1 0.0689
30.2 0.44 0.0649 0.0611 0.0496
30.3 0.44 0.0533 0.0502 0.0406
30.4 0.44 0.0435 0.0408 0.033
30.5 0.44 0.0354 0.033 0.0267
30.6 0.44 0.0288 0.0266 0.0215
30.7 0.44 0.0233 0.0213 0.0173
30.8 0.44 0.0188 0.0171 0.0138
30.9 0.44 0.0152 0.0137 0.0111
31 0.44 0.0122 0.0109 0.00884
31.1 0.44 0.0098 0.0087 0.00706
31.2 0.44 0.00786 0.00693 0.00563
31.3 0.44 0.00629 0.00553 0.00449
31.4 0.44 0.00503 0.0044 0.00358
31.5 0.44 0.00403 0.00351 0.00285
31.6 0.44 0.00322 0.0028 0.00227
31.7 0.44 0.00257 0.00223 0.00181
31.8 0.44 0.00205 0.00177 0.00144
31.9 0.44 0.00164 0.00141 0.00115
32 0.44 0.0013 0.00113 0.000917
32.1 0.44 0.00104 0.000897 0.000731
32.2 0.44 0.00083 0.000715 0.000582
32.3 0.44 0.000661 0.000569 0.000464
32.4 0.44 0.000527 0.000454 0.00037
32.5 0.44 0.00042 0.000361 0.000294
32.6 0.44 0.000335 0.000288 0.000235
32.7 0.44 0.000267 0.000229 0.000187
32.8 0.44 0.000213 0.000183 0.000149
32.9 0.44 0.000169 0.000146 0.000119
33 0.44 0.000135 0.000116 9.45e-05
33.1 0.44 0.000108 9.24e-05 7.53e-05
33.2 0.44 8.57e-05 7.36e-05 6e-05
33.3 0.44 6.83e-05 5.86e-05 4.78e-05
33.4 0.44 5.44e-05 4.67e-05 3.81e-05
33.5 0.44 4.33e-05 3.72e-05 3.03e-05
33.6 0.44 3.45e-05 2.97e-05 2.42e-05
33.7 0.44 2.75e-05 2.36e-05 1.93e-05
33.8 0.44 2.19e-05 1.88e-05 1.53e-05
33.9 0.44 1.75e-05 1.5e-05 1.22e-05
34 0.44 1.39e-05 1.19e-05 9.74e-06
34.1 0.44 1.11e-05 9.52e-06 7.76e-06
34.2 0.44 8.83e-06 7.58e-06 6.18e-06
34.3 0.44 7.04e-06 6.04e-06 4.92e-06
34.4 0.44 5.61e-06 4.81e-06 3.92e-06
34.5 0.44 4.47e-06 3.84e-06 3.13e-06
34.6 0.44 3.56e-06 3.06e-06 2.49e-06
34.7 0.44 2.84e-06 2.43e-06 1.98e-06
34.8 0.44 2.26e-06 1.94e-06 1.58e-06
34.9 0.44 1.8e-06 1.55e-06 1.26e-06
35 0.44 1.43e-06 1.23e-06 1e-06
35.1 0.44 1.14e-06 9.81e-07 7.99e-07
35.2 0.44 9.1e-07 7.81e-07 6.37e-07
35.3 0.44 7.25e-07 6.23e-07 5.07e-07
35.4 0.44 5.78e-07 4.96e-07 4.04e-07
35.5 0.44 4.6e-07 3.95e-07 3.22e-07
35.6 0.44 3.67e-07 3.15e-07 2.57e-07
35.7 0.44 2.92e-07 2.51e-07 2.04e-07
35.8 0.44 2.33e-07 2e-07 1.63e-07
35.9 0.44 1.85e-07 1.59e-07 1.3e-07
36 0.44 1.48e-07 1.27e-07 1.03e-07
36.1 0.44 1.18e-07 1.01e-07 8.24e-08
36.2 0.44 9.38e-08 8.05e-08 6.56e-08
36.3 0.44 7.47e-08 6.41e-08 5.23e-08
36.4 0.44 5.95e-08 5.11e-08 4.17e-08
36.5 0.44 4.74e-08 4.07e-08 3.32e-08
36.6 0.44 3.78e-08 3.24e-08 2.64e-08
36.7 0.44 3.01e-08 2.58e-08 2.11e-08
36.8 0.44 2.4e-08 2.06e-08 1.68e-08
36.9 0.44 1.91e-08 1.64e-08 1.34e-08
37 0.44 1.52e-08 1.31e-08 1.07e-08
37.1 0.44 1.21e-08 1.04e-08 8.49e-09
37.2 0.44 9.66e-09 8.29e-09 6.76e-09
37.3 0.44 7.7e-09 6.61e-09 5.39e-09
37.4 0.44 6.13e-09 5.26e-09 4.29e-09
37.5 0.44 4.89e-09 4.19e-09 3.42e-09
37.6 0.44 3.89e-09 3.34e-09 2.72e-09
37.7 0.44 3.1e-09 2.66e-09 2.17e-09
37.8 0.44 2.47e-09 2.12e-09 1.73e-09
37.9 0.44 1.97e-09 1.69e-09 1.38e-09
38 0.44 1.57e-09 1.35e-09 1.1e-09
38.1 0.44 1.25e-09 1.07e-09 8.74e-10
38.2 0.44 9.95e-10 8.55e-10 6.97e-10
38.3 0.44 7.93e-10 6.81e-10 5.55e-10
38.4 0.44 6.32e-10 5.42e-10 4.42e-10
38.5 0.44 5.03e-10 4.32e-10 3.52e-10
38.6 0.44 4.01e-10 3.44e-10 2.81e-10
38.7 0.44 3.19e-10 2.74e-10 2.24e-10
38.8 0.44 2.55e-10 2.19e-10 1.78e-10
38.9 0.44 2.03e-10 1.74e-10 1.42e-10
39 0.44 1.62e-10 1.39e-10 1.13e-10
40.3 0.44 8.42e-12 7.23e-12 5.89e-12
40.4 0.44 6.71e-12 5.76e-12 4.69e-12
40.5 0.44 5.34e-12 4.59e-12 3.74e-12
40.6 0.44 4.26e-12 3.66e-12 2.98e-12
40.7 0.44 3.39e-12 2.91e-12 2.37e-12
40.8 0.44 2.7e-12 2.32e-12 1.89e-12
40.9 0.44 2.15e-12 1.85e-12 1.51e-12
41 0.44 1.72e-12 1.47e-12 1.2e-12
41.1 0.44 1.37e-12 1.17e-12 9.56e-13
41.2 0.44 1.09e-12 9.35e-13 7.62e-13
41.3 0.44 8.67e-13 7.45e-13 6.07e-13
41.4 0.44 6.91e-13 5.93e-13 4.84e-13
41.5 0.44 5.51e-13 4.73e-13 3.85e-13
41.6 0.44 4.39e-13 3.77e-13 3.07e-13
41.7 0.44 3.49e-13 3e-13 2.45e-13
41.8 0.44 2.78e-13 2.39e-13 1.95e-13
41.9 0.44 2.22e-13 1.9e-13 1.55e-13
42 0.44 1.77e-13 1.52e-13 1.24e-13
42.1 0.44 1.41e-13 1.21e-13 9.85e-14
42.2 0.44 1.12e-13 9.63e-14 7.85e-14
42.3 0.44 8.94e-14 7.67e-14 6.25e-14
42.4 0.44 7.12e-14 6.11e-14 4.98e-14
42.5 0.44 5.67e-14 4.87e-14 3.97e-14
42.6 0.44 4.52e-14 3.88e-14 3.16e-14
42.7 0.44 3.6e-14 3.09e-14 2.52e-14
42.8 0.44 2.87e-14 2.46e-14 2.01e-14
42.9 0.44 2.29e-14 1.96e-14 1.6e-14
43 0.44 1.82e-14 1.56e-14 1.27e-14
43.1 0.44 1.45e-14 1.25e-14 1.02e-14
43.2 0.44 1.16e-14 9.92e-15 8.09e-15
43.3 0.44 9.21e-15 7.9e-15 6.44e-15
43.4 0.44 7.34e-15 6.3e-15 5.13e-15
43.5 0.44 5.84e-15 5.02e-15 4.09e-15
43.6 0.44 4.66e-15 4e-15 3.26e-15
43.7 0.44 3.71e-15 3.18e-15 2.6e-15
43.8 0.44 2.96e-15 2.54e-15 2.07e-15
43.9 0.44 2.35e-15 2.02e-15 1.65e-15
44 0.44 1.88e-15 1.61e-15 1.31e-15
44.1 0.44 1.49e-15 1.28e-15 1.05e-15
44.2 0.44 1.19e-15 1.02e-15 8.33e-16
44.3 0.44 9.49e-16 8.14e-16 6.64e-16
44.4 0.44 7.56e-16 6.49e-16 5.29e-16
44.5 0.44 6.02e-16 5.17e-16 4.21e-16
44.6 0.44 4.8e-16 4.12e-16 3.36e-16
44.7 0.44 3.82e-16 3.28e-16 2.67e-16
44.8 0.44 3.04e-16 2.61e-16 2.13e-16
44.9 0.44 2.43e-16 2.08e-16 1.7e-16
45 0.44 1.93e-16 1.66e-16 1.35e-16
45.1 0.44 1.54e-16 1.32e-16 1.08e-16
45.2 0.44 1.23e-16 1.05e-16 8.58e-17
45.3 0.44 9.77e-17 8.39e-17 6.84e-17
45.4 0.44 7.79e-17 6.69e-17 5.45e-17
45.5 0.44 6.2e-17 5.33e-17 4.34e-17
45.6 0.44 4.94e-17 4.24e-17 3.46e-17
45.7 0.44 3.94e-17 3.38e-17 2.76e-17
45.8 0.44 3.14e-17 2.69e-17 2.2e-17
45.9 0.44 2.5e-17 2.15e-17 1.75e-17
46 0.44 1.99e-17 1.71e-17 1.39e-17
46.1 0.44 1.59e-17 1.36e-17 1.11e-17
46.2 0.44 1.26e-17 1.09e-17 8.85e-18
46.3 0.44 1.01e-17 8.65e-18 7.05e-18
46.4 0.44 8.02e-18 6.89e-18 5.61e-18
46.5 0.44 6.39e-18 5.49e-18 4.47e-18
46.6 0.44 5.09e-18 4.37e-18 3.56e-18
46.7 0.44 4.06e-18 3.48e-18 2.84e-18
46.8 0.44 3.23e-18 2.78e-18 2.26e-18
46.9 0.44 2.58e-18 2.21e-18 1.8e-18
47 0.44 2.05e-18 1.76e-18 1.44e-18
47.1 0.44 1.63e-18 1.4e-18 1.14e-18
47.2 0.44 1.3e-18 1.12e-18 9.11e-19
47.3 0.44 1.04e-18 8.91e-19 7.26e-19
47.4 0.44 8.27e-19 7.1e-19 5.78e-19
47.5 0.44 6.59e-19 5.65e-19 4.61e-19
47.6 0.44 5.25e-19 4.5e-19 3.67e-19
47.7 0.44 4.18e-19 3.59e-19 2.93e-19
47.8 0.44 3.33e-19 2.86e-19 2.33e-19
47.9 0.44 2.65e-19 2.28e-19 1.86e-19
48 0.44 2.11e-19 1.81e-19 1.48e-19
48.1 0.44 1.68e-19 1.45e-19 1.18e-19
48.2 0.44 1.34e-19 1.15e-19 9.39e-20
48.3 0.44 1.07e-19 9.18e-20 7.48e-20
48.4 0.44 8.52e-20 7.31e-20 5.96e-20
48.5 0.44 6.78e-20 5.83e-20 4.75e-20
48.6 0.44 5.41e-20 4.64e-20 3.78e-20
48.7 0.44 4.31e-20 3.7e-20 3.01e-20
48.8 0.44 3.43e-20 2.95e-20 2.4e-20
48.9 0.44 2.73e-20 2.35e-20 1.91e-20
49 0.44 2.18e-20 1.87e-20 1.52e-20
49.1 0.44 1.74e-20 1.49e-20 1.21e-20
49.2 0.44 1.38e-20 1.19e-20 9.67e-21
49.3 0.44 1.1e-20 9.46e-21 7.71e-21
49.4 0.44 8.77e-21 7.53e-21 6.14e-21
49.5 0.44 6.99e-21 6e-21 4.89e-21
49.6 0.44 5.57e-21 4.78e-21 3.9e-21
49.7 0.44 4.44e-21 3.81e-21 3.11e-21
49.8 0.44 3.54e-21 3.04e-21 2.47e-21
49.9 0.44 2.82e-21 2.42e-21 1.97e-21
50 0.44 2.24e-21 1.93e-21 1.57e-21
50.1 0.44 1.79e-21 1.53e-21 1.25e-21
50.2 0.44 1.42e-21 1.22e-21 9.97e-22
50.3 0.44 1.13e-21 9.74e-22 7.94e-22
50.4 0.44 9.04e-22 7.76e-22 6.33e-22
50.5 0.44 7.2e-22 6.18e-22 5.04e-22
50.6 0.44 5.74e-22 4.93e-22 4.02e-22
50.7 0.44 4.57e-22 3.93e-22 3.2e-22
50.8 0.44 3.64e-22 3.13e-22 2.55e-22
50.9 0.44 2.9e-22 2.49e-22 2.03e-22
51 0.44 2.31e-22 1.98e-22 1.62e-22
51.1 0.44 1.84e-22 1.58e-22 1.29e-22
51.2 0.44 1.47e-22 1.26e-22 1.03e-22
51.3 0.44 1.17e-22 1e-22 8.18e-23
51.4 0.44 9.31e-23 8e-23 6.52e-23
51.5 0.44 7.42e-23 6.37e-23 5.19e-23
51.6 0.44 5.91e-23 5.08e-23 4.14e-23
51.7 0.44 4.71e-23 4.04e-23 3.3e-23
51.8 0.44 3.75e-23 3.22e-23 2.63e-23
51.9 0.44 2.99e-23 2.57e-23 2.09e-23
52 0.44 2.38e-23 2.05e-23 1.67e-23
52.1 0.44 1.9e-23 1.63e-23 1.33e-23
52.2 0.44 1.51e-23 1.3e-23 1.06e-23
52.3 0.44 1.2e-23 1.03e-23 8.43e-24
52.4 0.44 9.6e-24 8.24e-24 6.72e-24
52.5 0.44 7.65e-24 6.56e-24 5.35e-24
52.6 0.44 6.09e-24 5.23e-24 4.26e-24
52.7 0.44 4.85e-24 4.17e-24 3.4e-24
52.8 0.44 3.87e-24 3.32e-24 2.71e-24
52.9 0.44 3.08e-24 2.64e-24 2.16e-24
53 0.44 2.45e-24 2.11e-24 1.72e-24
53.1 0.44 1.96e-24 1.68e-24 1.37e-24
53.2 0.44 1.56e-24 1.34e-24 1.09e-24
53.3 0.44 1.24e-24 1.07e-24 8.69e-25
53.4 0.44 9.89e-25 8.49e-25 6.92e-25
53.5 0.44 7.88e-25 6.76e-25 5.51e-25
53.6 0.44 6.28e-25 5.39e-25 4.39e-25
53.7 0.44 5e-25 4.29e-25 3.5e-25
53.8 0.44 3.98e-25 3.42e-25 2.79e-25
53.9 0.44 3.17e-25 2.72e-25 2.22e-25
54 0.44 2.53e-25 2.17e-25 1.77e-25
54.1 0.44 2.01e-25 1.73e-25 1.41e-25
54.2 0.44 1.6e-25 1.38e-25 1.12e-25
54.3 0.44 1.28e-25 1.1e-25 8.95e-26
54.4 0.44 1.02e-25 8.75e-26 7.13e-26
54.5 0.44 8.12e-26 6.97e-26 5.68e-26
54.6 0.44 6.47e-26 5.55e-26 4.53e-26
54.7 0.44 5.15e-26 4.42e-26 3.61e-26
54.8 0.44 4.1e-26 3.52e-26 2.87e-26
54.9 0.44 3.27e-26 2.81e-26 2.29e-26
55 0.44 2.61e-26 2.24e-26 1.82e-26
55.1 0.44 2.08e-26 1.78e-26 1.45e-26
55.2 0.44 1.65e-26 1.42e-26 1.16e-26
55.3 0.44 1.32e-26 1.13e-26 9.22e-27
55.4 0.44 1.05e-26 9.01e-27 7.35e-27
55.5 0.44 8.36e-27 7.18e-27 5.85e-27
55.6 0.44 6.66e-27 5.72e-27 4.66e-27
55.7 0.44 5.31e-27 4.56e-27 3.71e-27
55.8 0.44 4.23e-27 3.63e-27 2.96e-27
55.9 0.44 3.37e-27 2.89e-27 2.36e-27
56 0.44 2.68e-27 2.3e-27 1.88e-27
56.1 0.44 2.14e-27 1.84e-27 1.5e-27
56.2 0.44 1.7e-27 1.46e-27 1.19e-27
56.3 0.44 1.36e-27 1.17e-27 9.5e-28
56.4 0.44 1.08e-27 9.28e-28 7.57e-28
56.5 0.44 8.62e-28 7.4e-28 6.03e-28
56.6 0.44 6.86e-28 5.89e-28 4.8e-28
56.7 0.44 5.47e-28 4.7e-28 3.83e-28
56.8 0.44 4.36e-28 3.74e-28 3.05e-28
56.9 0.44 3.47e-28 2.98e-28 2.43e-28
57 0.44 2.77e-28 2.37e-28 1.94e-28
57.1 0.44 2.2e-28 1.89e-28 1.54e-28
57.2 0.44 1.76e-28 1.51e-28 1.23e-28
57.3 0.44 1.4e-28 1.2e-28 9.79e-29
57.4 0.44 1.11e-28 9.57e-29 7.8e-29
57.5 0.44 8.88e-29 7.62e-29 6.21e-29
57.6 0.44 7.07e-29 6.07e-29 4.95e-29
57.7 0.44 5.63e-29 4.84e-29 3.94e-29
57.8 0.44 4.49e-29 3.85e-29 3.14e-29
57.9 0.44 3.58e-29 3.07e-29 2.5e-29
58 0.44 2.85e-29 2.45e-29 1.99e-29
58.1 0.44 2.27e-29 1.95e-29 1.59e-29
58.2 0.44 1.81e-29 1.55e-29 1.27e-29
58.3 0.44 1.44e-29 1.24e-29 1.01e-29
58.4 0.44 1.15e-29 9.86e-30 8.03e-30
58.5 0.44 9.15e-30 7.85e-30 6.4e-30
58.6 0.44 7.29e-30 6.26e-30 5.1e-30
58.7 0.44 5.8e-30 4.98e-30 4.06e-30
58.8 0.44 4.62e-30 3.97e-30 3.24e-30
58.9 0.44 3.68e-30 3.16e-30 2.58e-30
59 0.44 2.94e-30 2.52e-30 2.05e-30
59.1 0.44 2.34e-30 2.01e-30 1.64e-30
59.2 0.44 1.86e-30 1.6e-30 1.3e-30
59.3 0.44 1.48e-30 1.27e-30 1.04e-30
59.4 0.44 1.18e-30 1.02e-30 8.28e-31
59.5 0.44 9.42e-31 8.09e-31 6.59e-31
59.6 0.44 7.51e-31 6.45e-31 5.25e-31
59.7 0.44 5.98e-31 5.14e-31 4.19e-31
59.8 0.44 4.76e-31 4.09e-31 3.33e-31
59.9 0.44 3.8e-31 3.26e-31 2.66e-31
60 0.44 3.02e-31 2.6e-31 2.12e-31
60.1 0.44 2.41e-31 2.07e-31 1.69e-31
60.2 0.44 1.92e-31 1.65e-31 1.34e-31
60.3 0.44 1.53e-31 1.31e-31 1.07e-31
60.4 0.44 1.22e-31 1.05e-31 8.53e-32
60.5 0.44 9.71e-32 8.34e-32 6.79e-32
60.6 0.44 7.73e-32 6.64e-32 5.41e-32
60.7 0.44 6.16e-32 5.29e-32 4.31e-32
60.8 0.44 4.91e-32 4.22e-32 3.44e-32
60.9 0.44 3.91e-32 3.36e-32 2.74e-32
61 0.44 3.12e-32 2.68e-32 2.18e-32
61.1 0.44 2.48e-32 2.13e-32 1.74e-32
61.2 0.44 1.98e-32 1.7e-32 1.38e-32
61.3 0.44 1.58e-32 1.35e-32 1.1e-32
61.4 0.44 1.26e-32 1.08e-32 8.79e-33
61.5 0.44 1e-32 8.59e-33 7e-33
61.6 0.44 7.97e-33 6.84e-33 5.58e-33
61.7 0.44 6.35e-33 5.45e-33 4.44e-33
61.8 0.44 5.06e-33 4.34e-33 3.54e-33
61.9 0.44 4.03e-33 3.46e-33 2.82e-33
62 0.44 3.21e-33 2.76e-33 2.25e-33
62.1 0.44 2.56e-33 2.2e-33 1.79e-33
62.2 0.44 2.04e-33 1.75e-33 1.43e-33
62.3 0.44 1.62e-33 1.39e-33 1.14e-33
62.4 0.44 1.29e-33 1.11e-33 9.05e-34
62.5 0.44 1.03e-33 8.85e-34 7.21e-34
62.6 0.44 8.21e-34 7.05e-34 5.75e-34
62.7 0.44 6.54e-34 5.62e-34 4.58e-34
62.8 0.44 5.21e-34 4.47e-34 3.65e-34
62.9 0.44 4.15e-34 3.56e-34 2.91e-34
63 0.44 3.31e-34 2.84e-34 2.32e-34
63.1 0.44 2.64e-34 2.26e-34 1.84e-34
63.2 0.44 2.1e-34 1.8e-34 1.47e-34
63.3 0.44 1.67e-34 1.44e-34 1.17e-34
63.4 0.44 1.33e-34 1.14e-34 9.33e-35
63.5 0.44 1.06e-34 9.12e-35 7.43e-35
63.6 0.44 8.46e-35 7.26e-35 5.92e-35
63.7 0.44 6.74e-35 5.79e-35 4.72e-35
63.8 0.44 5.37e-35 4.61e-35 3.76e-35
63.9 0.44 4.28e-35 3.67e-35 2.99e-35
64 0.44 3.41e-35 2.93e-35 2.39e-35
64.1 0.44 2.72e-35 2.33e-35 1.9e-35
64.2 0.44 2.16e-35 1.86e-35 1.51e-35
64.3 0.44 1.72e-35 1.48e-35 1.21e-35
64.4 0.44 1.37e-35 1.18e-35 9.61e-36
64.5 0.44 1.09e-35 9.39e-36 7.66e-36
64.6 0.44 8.72e-36 7.48e-36 6.1e-36
64.7 0.44 6.94e-36 5.96e-36 4.86e-36
64.8 0.44 5.53e-36 4.75e-36 3.87e-36
64.9 0.44 4.41e-36 3.78e-36 3.08e-36
65 0.44 3.51e-36 3.01e-36 2.46e-36
65.1 0.44 2.8e-36 2.4e-36 1.96e-36
65.2 0.44 2.23e-36 1.91e-36 1.56e-36
65.3 0.44 1.78e-36 1.52e-36 1.24e-36
65.4 0.44 1.41e-36 1.21e-36 9.9e-37
65.5 0.44 1.13e-36 9.68e-37 7.89e-37
65.6 0.44 8.98e-37 7.71e-37 6.28e-37
65.7 0.44 7.15e-37 6.14e-37 5.01e-37
65.8 0.44 5.7e-37 4.89e-37 3.99e-37
65.9 0.44 4.54e-37 3.9e-37 3.18e-37
66 0.44 3.62e-37 3.11e-37 2.53e-37
66.1 0.44 2.88e-37 2.47e-37 2.02e-37
66.2 0.44 2.3e-37 1.97e-37 1.61e-37
66.3 0.44 1.83e-37 1.57e-37 1.28e-37
66.4 0.44 1.46e-37 1.25e-37 1.02e-37
66.5 0.44 1.16e-37 9.97e-38 8.13e-38
66.6 0.44 9.25e-38 7.94e-38 6.47e-38
66.7 0.44 7.37e-38 6.33e-38 5.16e-38
66.8 0.44 5.87e-38 5.04e-38 4.11e-38
66.9 0.44 4.68e-38 4.02e-38 3.27e-38
67 0.44 3.73e-38 3.2e-38 2.61e-38
67.1 0.44 2.97e-38 2.55e-38 2.08e-38
67.2 0.44 2.37e-38 2.03e-38 1.66e-38
67.3 0.44 1.89e-38 1.62e-38 1.32e-38
67.4 0.44 1.5e-38 1.29e-38 1.05e-38
67.5 0.44 1.2e-38 1.03e-38 8.37e-39
67.6 0.44 9.53e-39 8.18e-39 6.67e-39
67.7 0.44 7.59e-39 6.52e-39 5.31e-39
67.8 0.44 6.05e-39 5.2e-39 4.23e-39
67.9 0.44 4.82e-39 4.14e-39 3.37e-39
68 0.44 3.84e-39 3.3e-39 2.69e-39
68.1 0.44 3.06e-39 2.63e-39 2.14e-39
68.2 0.44 2.44e-39 2.09e-39 1.71e-39
68.3 0.44 1.94e-39 1.67e-39 1.36e-39
68.4 0.44 1.55e-39 1.33e-39 1.08e-39
68.5 0.44 1.23e-39 1.06e-39 8.63e-40
68.6 0.44 9.82e-40 8.43e-40 6.87e-40
68.7 0.44 7.82e-40 6.72e-40 5.48e-40
68.8 0.44 6.23e-40 5.35e-40 4.36e-40
68.9 0.44 4.97e-40 4.26e-40 3.48e-40
69 0.44 3.96e-40 3.4e-40 2.77e-40
69.1 0.44 3.15e-40 2.71e-40 2.21e-40
69.2 0.44 2.51e-40 2.16e-40 1.76e-40
69.3 0.44 2e-40 1.72e-40 1.4e-40
69.4 0.44 1.59e-40 1.37e-40 1.12e-40
69.5 0.44 1.27e-40 1.09e-40 8.89e-41
69.6 0.44 1.01e-40 8.69e-41 7.08e-41
69.7 0.44 8.06e-41 6.92e-41 5.64e-41
69.8 0.44 6.42e-41 5.51e-41 4.49e-41
69.9 0.44 5.12e-41 4.39e-41 3.58e-41
70 0.44 4.08e-41 3.5e-41 2.85e-41
70.1 0.44 3.25e-41 2.79e-41 2.27e-41
70.2 0.44 2.59e-41 2.22e-41 1.81e-41
70.3 0.44 2.06e-41 1.77e-41 1.44e-41
70.4 0.44 1.64e-41 1.41e-41 1.15e-41
70.5 0.44 1.31e-41 1.12e-41 9.16e-42
70.6 0.44 1.04e-41 8.95e-42 7.3e-42
70.7 0.44 8.31e-42 7.13e-42 5.81e-42
70.8 0.44 6.62e-42 5.68e-42 4.63e-42
70.9 0.44 5.27e-42 4.53e-42 3.69e-42
71 0.44 4.2e-42 3.61e-42 2.94e-42
71.1 0.44 3.35e-42 2.87e-42 2.34e-42
71.2 0.44 2.67e-42 2.29e-42 1.87e-42
71.3 0.44 2.12e-42 1.82e-42 1.49e-42
71.4 0.44 1.69e-42 1.45e-42 1.18e-42
71.5 0.44 1.35e-42 1.16e-42 9.44e-43
71.6 0.44 1.07e-42 9.22e-43 7.52e-43
71.7 0.44 8.56e-43 7.35e-43 5.99e-43
71.8 0.44 6.82e-43 5.85e-43 4.77e-43
71.9 0.44 5.43e-43 4.66e-43 3.8e-43
72 0.44 4.33e-43 3.72e-43 3.03e-43
72.1 0.44 3.45e-43 2.96e-43 2.41e-43
72.2 0.44 2.75e-43 2.36e-43 1.92e-43
72.3 0.44 2.19e-43 1.88e-43 1.53e-43
72.4 0.44 1.74e-43 1.5e-43 1.22e-43
72.5 0.44 1.39e-43 1.19e-43 9.72e-44
72.6 0.44 1.11e-43 9.5e-44 7.75e-44
72.7 0.44 8.82e-44 7.57e-44 6.17e-44
72.8 0.44 7.02e-44 6.03e-44 4.92e-44
72.9 0.44 5.6e-44 4.81e-44 3.92e-44
73 0.44 4.46e-44 3.83e-44 3.12e-44
73.1 0.44 3.55e-44 3.05e-44 2.49e-44
73.2 0.44 2.83e-44 2.43e-44 1.98e-44
73.3 0.44 2.25e-44 1.94e-44 1.58e-44
73.4 0.44 1.8e-44 1.54e-44 1.26e-44
73.5 0.44 1.43e-44 1.23e-44 1e-44
73.6 0.44 1.14e-44 9.79e-45 7.98e-45
73.7 0.44 9.08e-45 7.8e-45 6.36e-45
73.8 0.44 7.24e-45 6.21e-45 5.07e-45
73.9 0.44 5.77e-45 4.95e-45 4.04e-45
74 0.44 4.59e-45 3.94e-45 3.22e-45
74.1 0.44 3.66e-45 3.14e-45 2.56e-45
74.2 0.44 2.92e-45 2.5e-45 2.04e-45
74.3 0.44 2.32e-45 1.99e-45 1.63e-45
74.4 0.44 1.85e-45 1.59e-45 1.3e-45
74.5 0.44 1.47e-45 1.27e-45 1.03e-45
74.6 0.44 1.17e-45 1.01e-45 8.22e-46
74.7 0.44 9.36e-46 8.04e-46 6.55e-46
74.8 0.44 7.46e-46 6.4e-46 5.22e-46
74.9 0.44 5.94e-46 5.1e-46 4.16e-46
75 0.44 4.73e-46 4.06e-46 3.31e-46
75.1 0.44 3.77e-46 3.24e-46 2.64e-46
75.2 0.44 3e-46 2.58e-46 2.1e-46
75.3 0.44 2.39e-46 2.06e-46 1.68e-46
75.4 0.44 1.91e-46 1.64e-46 1.33e-46
75.5 0.44 1.52e-46 1.3e-46 1.06e-46
75.6 0.44 1.21e-46 1.04e-46 8.47e-47
75.7 0.44 9.64e-47 8.28e-47 6.75e-47
75.8 0.44 7.68e-47 6.6e-47 5.38e-47
75.9 0.44 6.12e-47 5.26e-47 4.28e-47
76 0.44 4.88e-47 4.19e-47 3.41e-47
76.1 0.44 3.89e-47 3.34e-47 2.72e-47
76.2 0.44 3.1e-47 2.66e-47 2.17e-47
76.3 0.44 2.47e-47 2.12e-47 1.73e-47
76.4 0.44 1.96e-47 1.69e-47 1.38e-47
76.5 0.44 1.57e-47 1.34e-47 1.1e-47
76.6 0.44 1.25e-47 1.07e-47 8.73e-48
76.7 0.44 9.94e-48 8.53e-48 6.95e-48
76.8 0.44 7.92e-48 6.8e-48 5.54e-48
76.9 0.44 6.31e-48 5.41e-48 4.41e-48
77 0.44 5.02e-48 4.31e-48 3.52e-48
77.1 0.44 4e-48 3.44e-48 2.8e-48
77.2 0.44 3.19e-48 2.74e-48 2.23e-48
77.3 0.44 2.54e-48 2.18e-48 1.78e-48
77.4 0.44 2.02e-48 1.74e-48 1.42e-48
77.5 0.44 1.61e-48 1.38e-48 1.13e-48
77.6 0.44 1.28e-48 1.1e-48 8.99e-49
77.7 0.44 1.02e-48 8.79e-49 7.16e-49
77.8 0.44 8.16e-49 7e-49 5.71e-49
77.9 0.44 6.5e-49 5.58e-49 4.55e-49
78 0.44 5.18e-49 4.44e-49 3.62e-49
78.1 0.44 4.12e-49 3.54e-49 2.89e-49
78.2 0.44 3.29e-49 2.82e-49 2.3e-49
78.3 0.44 2.62e-49 2.25e-49 1.83e-49
78.4 0.44 2.09e-49 1.79e-49 1.46e-49
78.5 0.44 1.66e-49 1.43e-49 1.16e-49
78.6 0.44 1.32e-49 1.14e-49 9.26e-50
78.7 0.44 1.05e-49 9.06e-50 7.38e-50
78.8 0.44 8.4e-50 7.21e-50 5.88e-50
78.9 0.44 6.69e-50 5.75e-50 4.69e-50
79 0.44 5.33e-50 4.58e-50 3.73e-50
79.1 0.44 4.25e-50 3.65e-50 2.97e-50
79.2 0.44 3.39e-50 2.91e-50 2.37e-50
79.3 0.44 2.7e-50 2.32e-50 1.89e-50
79.4 0.44 2.15e-50 1.85e-50 1.5e-50
79.5 0.44 1.71e-50 1.47e-50 1.2e-50
79.6 0.44 1.36e-50 1.17e-50 9.55e-51
79.7 0.44 1.09e-50 9.33e-51 7.61e-51
79.8 0.44 8.66e-51 7.43e-51 6.06e-51
79.9 0.44 6.9e-51 5.92e-51 4.83e-51
80 0.44 5.5e-51 4.72e-51 3.85e-51
80.1 0.44 4.38e-51 3.76e-51 3.06e-51
80.2 0.44 3.49e-51 2.99e-51 2.44e-51
80.3 0.44 2.78e-51 2.39e-51 1.94e-51
80.4 0.44 2.21e-51 1.9e-51 1.55e-51
80.5 0.44 1.76e-51 1.51e-51 1.23e-51
80.6 0.44 1.41e-51 1.21e-51 9.83e-52
80.7 0.44 1.12e-51 9.61e-52 7.84e-52
80.8 0.44 8.92e-52 7.66e-52 6.24e-52
80.9 0.44 7.11e-52 6.1e-52 4.97e-52
81 0.44 5.66e-52 4.86e-52 3.96e-52
81.1 0.44 4.51e-52 3.87e-52 3.16e-52
81.2 0.44 3.59e-52 3.09e-52 2.52e-52
81.3 0.44 2.86e-52 2.46e-52 2e-52
81.4 0.44 2.28e-52 1.96e-52 1.6e-52
81.5 0.44 1.82e-52 1.56e-52 1.27e-52
81.6 0.44 1.45e-52 1.24e-52 1.01e-52
81.7 0.44 1.15e-52 9.9e-53 8.07e-53
81.8 0.44 9.19e-53 7.89e-53 6.43e-53
81.9 0.44 7.32e-53 6.29e-53 5.12e-53
82 0.44 5.83e-53 5.01e-53 4.08e-53
82.1 0.44 4.65e-53 3.99e-53 3.25e-53
82.2 0.44 3.7e-53 3.18e-53 2.59e-53
82.3 0.44 2.95e-53 2.53e-53 2.06e-53
82.4 0.44 2.35e-53 2.02e-53 1.64e-53
82.5 0.44 1.87e-53 1.61e-53 1.31e-53
82.6 0.44 1.49e-53 1.28e-53 1.04e-53
82.7 0.44 1.19e-53 1.02e-53 8.32e-54
82.8 0.44 9.47e-54 8.13e-54 6.63e-54
82.9 0.44 7.54e-54 6.48e-54 5.28e-54
83 0.44 6.01e-54 5.16e-54 4.21e-54
83.1 0.44 4.79e-54 4.11e-54 3.35e-54
83.2 0.44 3.81e-54 3.28e-54 2.67e-54
83.3 0.44 3.04e-54 2.61e-54 2.13e-54
83.4 0.44 2.42e-54 2.08e-54 1.69e-54
83.5 0.44 1.93e-54 1.66e-54 1.35e-54
83.6 0.44 1.54e-54 1.32e-54 1.08e-54
83.7 0.44 1.22e-54 1.05e-54 8.57e-55
83.8 0.44 9.76e-55 8.38e-55 6.83e-55
83.9 0.44 7.77e-55 6.67e-55 5.44e-55
84 0.44 6.19e-55 5.32e-55 4.33e-55
84.1 0.44 4.93e-55 4.24e-55 3.45e-55
84.2 0.44 3.93e-55 3.37e-55 2.75e-55
84.3 0.44 3.13e-55 2.69e-55 2.19e-55
84.4 0.44 2.49e-55 2.14e-55 1.75e-55
84.5 0.44 1.99e-55 1.71e-55 1.39e-55
84.6 0.44 1.58e-55 1.36e-55 1.11e-55
84.7 0.44 1.26e-55 1.08e-55 8.83e-56
84.8 0.44 1.01e-55 8.63e-56 7.03e-56
84.9 0.44 8.01e-56 6.88e-56 5.6e-56
85 0.44 6.38e-56 5.48e-56 4.47e-56
85.1 0.44 5.08e-56 4.36e-56 3.56e-56
85.2 0.44 4.05e-56 3.48e-56 2.83e-56
85.3 0.44 3.23e-56 2.77e-56 2.26e-56
85.4 0.44 2.57e-56 2.21e-56 1.8e-56
85.5 0.44 2.05e-56 1.76e-56 1.43e-56
85.6 0.44 1.63e-56 1.4e-56 1.14e-56
85.7 0.44 1.3e-56 1.12e-56 9.1e-57
85.8 0.44 1.04e-56 8.89e-57 7.25e-57
85.9 0.44 8.25e-57 7.08e-57 5.77e-57
86 0.44 6.57e-57 5.64e-57 4.6e-57
86.1 0.44 5.24e-57 4.5e-57 3.67e-57
86.2 0.44 4.17e-57 3.58e-57 2.92e-57
86.3 0.44 3.32e-57 2.85e-57 2.33e-57
86.4 0.44 2.65e-57 2.27e-57 1.85e-57
86.5 0.44 2.11e-57 1.81e-57 1.48e-57
86.6 0.44 1.68e-57 1.44e-57 1.18e-57
86.7 0.44 1.34e-57 1.15e-57 9.37e-58
86.8 0.44 1.07e-57 9.16e-58 7.47e-58
86.9 0.44 8.5e-58 7.3e-58 5.95e-58
87 0.44 6.77e-58 5.82e-58 4.74e-58
87.1 0.44 5.4e-58 4.63e-58 3.78e-58
87.2 0.44 4.3e-58 3.69e-58 3.01e-58
87.3 0.44 3.42e-58 2.94e-58 2.4e-58
87.4 0.44 2.73e-58 2.34e-58 1.91e-58
87.5 0.44 2.17e-58 1.87e-58 1.52e-58
87.6 0.44 1.73e-58 1.49e-58 1.21e-58
87.7 0.44 1.38e-58 1.18e-58 9.66e-59
87.8 0.44 1.1e-58 9.44e-59 7.69e-59
87.9 0.44 8.76e-59 7.52e-59 6.13e-59
88 0.44 6.98e-59 5.99e-59 4.88e-59
88.1 0.44 5.56e-59 4.77e-59 3.89e-59
88.2 0.44 4.43e-59 3.8e-59 3.1e-59
88.3 0.44 3.53e-59 3.03e-59 2.47e-59
88.4 0.44 2.81e-59 2.41e-59 1.97e-59
88.5 0.44 2.24e-59 1.92e-59 1.57e-59
88.6 0.44 1.78e-59 1.53e-59 1.25e-59
88.7 0.44 1.42e-59 1.22e-59 9.95e-60
88.8 0.44 1.13e-59 9.73e-60 7.93e-60
88.9 0.44 9.02e-60 7.75e-60 6.32e-60
89 0.44 7.19e-60 6.17e-60 5.03e-60
89.1 0.44 5.73e-60 4.92e-60 4.01e-60
89.2 0.44 4.56e-60 3.92e-60 3.19e-60
89.3 0.44 3.64e-60 3.12e-60 2.54e-60
89.4 0.44 2.9e-60 2.49e-60 2.03e-60
89.5 0.44 2.31e-60 1.98e-60 1.62e-60
89.6 0.44 1.84e-60 1.58e-60 1.29e-60
89.7 0.44 1.46e-60 1.26e-60 1.03e-60
89.8 0.44 1.17e-60 1e-60 8.17e-61
89.9 0.44 9.3e-61 7.98e-61 6.51e-61
90 0.44 7.41e-61 6.36e-61 5.18e-61
90.1 0.44 5.9e-61 5.07e-61 4.13e-61
90.2 0.44 4.7e-61 4.04e-61 3.29e-61
90.3 0.44 3.75e-61 3.22e-61 2.62e-61
90.4 0.44 2.98e-61 2.56e-61 2.09e-61
90.5 0.44 2.38e-61 2.04e-61 1.66e-61
90.6 0.44 1.89e-61 1.63e-61 1.33e-61
90.7 0.44 1.51e-61 1.3e-61 1.06e-61
90.8 0.44 1.2e-61 1.03e-61 8.41e-62
90.9 0.44 9.58e-62 8.22e-62 6.7e-62
91 0.44 7.63e-62 6.55e-62 5.34e-62
91.1 0.44 6.08e-62 5.22e-62 4.26e-62
91.2 0.44 4.84e-62 4.16e-62 3.39e-62
91.3 0.44 3.86e-62 3.31e-62 2.7e-62
91.4 0.44 3.07e-62 2.64e-62 2.15e-62
91.5 0.44 2.45e-62 2.1e-62 1.71e-62
91.6 0.44 1.95e-62 1.68e-62 1.37e-62
91.7 0.44 1.55e-62 1.34e-62 1.09e-62
91.8 0.44 1.24e-62 1.06e-62 8.67e-63
91.9 0.44 9.87e-63 8.47e-63 6.91e-63
92 0.44 7.86e-63 6.75e-63 5.5e-63
92.1 0.44 6.26e-63 5.38e-63 4.38e-63
92.2 0.44 4.99e-63 4.29e-63 3.49e-63
92.3 0.44 3.98e-63 3.41e-63 2.78e-63
92.4 0.44 3.17e-63 2.72e-63 2.22e-63
92.5 0.44 2.52e-63 2.17e-63 1.77e-63
92.6 0.44 2.01e-63 1.73e-63 1.41e-63
92.7 0.44 1.6e-63 1.38e-63 1.12e-63
92.8 0.44 1.28e-63 1.1e-63 8.93e-64
92.9 0.44 1.02e-63 8.73e-64 7.12e-64
93 0.44 8.1e-64 6.96e-64 5.67e-64
93.1 0.44 6.45e-64 5.54e-64 4.52e-64
93.2 0.44 5.14e-64 4.42e-64 3.6e-64
93.3 0.44 4.1e-64 3.52e-64 2.87e-64
93.4 0.44 3.26e-64 2.8e-64 2.28e-64
93.5 0.44 2.6e-64 2.23e-64 1.82e-64
93.6 0.44 2.07e-64 1.78e-64 1.45e-64
93.7 0.44 1.65e-64 1.42e-64 1.16e-64
93.8 0.44 1.32e-64 1.13e-64 9.2e-65
93.9 0.44 1.05e-64 9e-65 7.33e-65
94 0.44 8.35e-65 7.17e-65 5.84e-65
94.1 0.44 6.65e-65 5.71e-65 4.65e-65
94.2 0.44 5.3e-65 4.55e-65 3.71e-65
94.3 0.44 4.22e-65 3.62e-65 2.95e-65
94.4 0.44 3.36e-65 2.89e-65 2.35e-65
94.5 0.44 2.68e-65 2.3e-65 1.88e-65
94.6 0.44 2.13e-65 1.83e-65 1.49e-65
94.7 0.44 1.7e-65 1.46e-65 1.19e-65
94.8 0.44 1.35e-65 1.16e-65 9.48e-66
94.9 0.44 1.08e-65 9.27e-66 7.55e-66
95 0.44 8.6e-66 7.38e-66 6.02e-66
95.1 0.44 6.85e-66 5.88e-66 4.8e-66
95.2 0.44 5.46e-66 4.69e-66 3.82e-66
95.3 0.44 4.35e-66 3.73e-66 3.04e-66
95.4 0.44 3.46e-66 2.97e-66 2.42e-66
95.5 0.44 2.76e-66 2.37e-66 1.93e-66
95.6 0.44 2.2e-66 1.89e-66 1.54e-66
95.7 0.44 1.75e-66 1.5e-66 1.23e-66
95.8 0.44 1.4e-66 1.2e-66 9.77e-67
95.9 0.44 1.11e-66 9.55e-67 7.78e-67
96 0.44 8.86e-67 7.61e-67 6.2e-67
96.1 0.44 7.06e-67 6.06e-67 4.94e-67
96.2 0.44 5.62e-67 4.83e-67 3.94e-67
96.3 0.44 4.48e-67 3.85e-67 3.14e-67
96.4 0.44 3.57e-67 3.07e-67 2.5e-67
96.5 0.44 2.84e-67 2.44e-67 1.99e-67
96.6 0.44 2.27e-67 1.95e-67 1.59e-67
96.7 0.44 1.81e-67 1.55e-67 1.26e-67
96.8 0.44 1.44e-67 1.23e-67 1.01e-67
96.9 0.44 1.15e-67 9.84e-68 8.02e-68
97 0.44 9.13e-68 7.84e-68 6.39e-68
97.1 0.44 7.27e-68 6.24e-68 5.09e-68
97.2 0.44 5.79e-68 4.98e-68 4.06e-68
97.3 0.44 4.62e-68 3.96e-68 3.23e-68
97.4 0.44 3.68e-68 3.16e-68 2.57e-68
97.5 0.44 2.93e-68 2.52e-68 2.05e-68
97.6 0.44 2.33e-68 2e-68 1.63e-68
97.7 0.44 1.86e-68 1.6e-68 1.3e-68
97.8 0.44 1.48e-68 1.27e-68 1.04e-68
97.9 0.44 1.18e-68 1.01e-68 8.26e-69
98 0.44 9.41e-69 8.08e-69 6.58e-69
98.1 0.44 7.49e-69 6.43e-69 5.24e-69
98.2 0.44 5.97e-69 5.13e-69 4.18e-69
98.3 0.44 4.76e-69 4.08e-69 3.33e-69
98.4 0.44 3.79e-69 3.25e-69 2.65e-69
98.5 0.44 3.02e-69 2.59e-69 2.11e-69
98.6 0.44 2.41e-69 2.07e-69 1.68e-69
98.7 0.44 1.92e-69 1.65e-69 1.34e-69
98.8 0.44 1.53e-69 1.31e-69 1.07e-69
98.9 0.44 1.22e-69 1.04e-69 8.51e-70
99 0.44 9.69e-70 8.32e-70 6.78e-70
99.1 0.44 7.72e-70 6.63e-70 5.4e-70
99.2 0.44 6.15e-70 5.28e-70 4.3e-70
99.3 0.44 4.9e-70 4.21e-70 3.43e-70
99.4 0.44 3.9e-70 3.35e-70 2.73e-70
99.5 0.44 3.11e-70 2.67e-70 2.18e-70
99.6 0.44 2.48e-70 2.13e-70 1.73e-70
99.7 0.44 1.97e-70 1.7e-70 1.38e-70
99.8 0.44 1.57e-70 1.35e-70 1.1e-70
99.9 0.44 1.25e-70 1.08e-70 8.77e-71
