-25 0.66 1.18e-14 1.59e-14 6.15e-15
-24.9 0.66 1.37e-14 1.85e-14 7.15e-15
-24.8 0.66 1.6e-14 2.15e-14 8.32e-15
-24.7 0.66 1.86e-14 2.5e-14 9.69e-15
-24.6 0.66 2.16e-14 2.91e-14 1.13e-14
-24.5 0.66 2.52e-14 3.38e-14 1.31e-14
-24.4 0.66 2.93e-14 3.94e-14 1.53e-14
-24.3 0.66 3.41e-14 4.58e-14 1.78e-14
-24.2 0.66 3.97e-14 5.33e-14 2.07e-14
-24.1 0.66 4.62e-14 6.2e-14 2.4e-14
-24 0.66 5.37e-14 7.22e-14 2.8e-14
-23.9 0.66 6.25e-14 8.4e-14 3.25e-14
-23.8 0.66 7.27e-14 9.78e-14 3.79e-14
-23.7 0.66 8.46e-14 1.14e-13 4.41e-14
-23.6 0.66 9.84e-14 1.32e-13 5.13e-14
-23.5 0.66 1.15e-13 1.54e-13 5.97e-14
-23.4 0.66 1.33e-13 1.79e-13 6.94e-14
-23.3 0.66 1.55e-13 2.09e-13 8.08e-14
-23.2 0.66 1.8e-13 2.43e-13 9.4e-14
-23.1 0.66 2.1e-13 2.82e-13 1.09e-13
-23 0.66 2.44e-13 3.29e-13 1.27e-13
-22.9 0.66 2.84e-13 3.82e-13 1.48e-13
-22.8 0.66 3.31e-13 4.45e-13 1.72e-13
-22.7 0.66 3.85e-13 5.18e-13 2.01e-13
-22.6 0.66 4.48e-13 6.02e-13 2.33e-13
-22.5 0.66 5.21e-13 7.01e-13 2.72e-13
-22.4 0.66 6.07e-13 8.15e-13 3.16e-13
-22.3 0.66 7.06e-13 9.49e-13 3.68e-13
-22.2 0.66 8.21e-13 1.1e-12 4.28e-13
-22.1 0.66 9.56e-13 1.28e-12 4.98e-13
-22 0.66 1.11e-12 1.49e-12 5.79e-13
-21.9 0.66 1.29e-12 1.74e-12 6.74e-13
-21.8 0.66 1.51e-12 2.02e-12 7.84e-13
-21.7 0.66 1.75e-12 2.35e-12 9.12e-13
-21.6 0.66 2.04e-12 2.74e-12 1.06e-12
-21.5 0.66 2.37e-12 3.19e-12 1.24e-12
-21.4 0.66 2.76e-12 3.71e-12 1.44e-12
-21.3 0.66 3.21e-12 4.32e-12 1.67e-12
-21.2 0.66 3.74e-12 5.02e-12 1.95e-12
-21.1 0.66 4.35e-12 5.85e-12 2.26e-12
-21 0.66 5.06e-12 6.8e-12 2.64e-12
-20.9 0.66 5.89e-12 7.91e-12 3.07e-12
-20.8 0.66 6.85e-12 9.21e-12 3.57e-12
-18.6 0.66 1.92e-10 2.58e-10 1e-10
-18.5 0.66 2.23e-10 3e-10 1.16e-10
-18.4 0.66 2.6e-10 3.5e-10 1.35e-10
-18.3 0.66 3.03e-10 4.07e-10 1.58e-10
-18.2 0.66 3.52e-10 4.73e-10 1.83e-10
-18.1 0.66 4.1e-10 5.51e-10 2.13e-10
-18 0.66 4.77e-10 6.41e-10 2.48e-10
-17.9 0.66 5.55e-10 7.46e-10 2.89e-10
-17.8 0.66 6.45e-10 8.68e-10 3.36e-10
-17.7 0.66 7.51e-10 1.01e-09 3.91e-10
-17.6 0.66 8.74e-10 1.17e-09 4.55e-10
-17.5 0.66 1.02e-09 1.37e-09 5.3e-10
-17.4 0.66 1.18e-09 1.59e-09 6.16e-10
-17.3 0.66 1.38e-09 1.85e-09 7.17e-10
-17.2 0.66 1.6e-09 2.15e-09 8.34e-10
-17.1 0.66 1.86e-09 2.51e-09 9.71e-10
-17 0.66 2.17e-09 2.92e-09 1.13e-09
-16.9 0.66 2.52e-09 3.39e-09 1.31e-09
-16.8 0.66 2.94e-09 3.95e-09 1.53e-09
-16.7 0.66 3.42e-09 4.59e-09 1.78e-09
-16.6 0.66 3.98e-09 5.34e-09 2.07e-09
-16.5 0.66 4.63e-09 6.22e-09 2.41e-09
-16.4 0.66 5.38e-09 7.24e-09 2.8e-09
-16.3 0.66 6.26e-09 8.42e-09 3.26e-09
-16.2 0.66 7.29e-09 9.8e-09 3.8e-09
-16.1 0.66 8.48e-09 1.14e-08 4.42e-09
-16 0.66 9.87e-09 1.33e-08 5.14e-09
-15.9 0.66 1.15e-08 1.54e-08 5.98e-09
-15.8 0.66 1.34e-08 1.8e-08 6.96e-09
-15.7 0.66 1.55e-08 2.09e-08 8.1e-09
-15.6 0.66 1.81e-08 2.43e-08 9.42e-09
-15.5 0.66 2.1e-08 2.83e-08 1.1e-08
-15.4 0.66 2.45e-08 3.29e-08 1.28e-08
-15.3 0.66 2.85e-08 3.83e-08 1.48e-08
-15.2 0.66 3.32e-08 4.46e-08 1.73e-08
-15.1 0.66 3.86e-08 5.19e-08 2.01e-08
-15 0.66 4.49e-08 6.04e-08 2.34e-08
-14.9 0.66 5.22e-08 7.02e-08 2.72e-08
-14.8 0.66 6.08e-08 8.17e-08 3.17e-08
-14.7 0.66 7.07e-08 9.51e-08 3.68e-08
-14.6 0.66 8.23e-08 1.11e-07 4.29e-08
-14.5 0.66 9.58e-08 1.29e-07 4.99e-08
-14.4 0.66 1.11e-07 1.5e-07 5.8e-08
-14.3 0.66 1.3e-07 1.74e-07 6.75e-08
-14.2 0.66 1.51e-07 2.03e-07 7.86e-08
-14.1 0.66 1.76e-07 2.36e-07 9.14e-08
-14 0.66 2.04e-07 2.75e-07 1.06e-07
-13.9 0.66 2.38e-07 3.2e-07 1.24e-07
-13.8 0.66 2.77e-07 3.72e-07 1.44e-07
-13.7 0.66 3.22e-07 4.33e-07 1.68e-07
-13.6 0.66 3.74e-07 5.03e-07 1.95e-07
-13.5 0.66 4.36e-07 5.86e-07 2.27e-07
-13.4 0.66 5.07e-07 6.82e-07 2.64e-07
-13.3 0.66 5.9e-07 7.93e-07 3.07e-07
-13.2 0.66 6.86e-07 9.23e-07 3.58e-07
-13.1 0.66 7.99e-07 1.07e-06 4.16e-07
-13 0.66 9.29e-07 1.25e-06 4.84e-07
-12.9 0.66 1.08e-06 1.45e-06 5.63e-07
-12.8 0.66 1.26e-06 1.69e-06 6.56e-07
-12.7 0.66 1.46e-06 1.97e-06 7.63e-07
-12.6 0.66 1.7e-06 2.29e-06 8.88e-07
-12.5 0.66 1.98e-06 2.67e-06 1.03e-06
-12.4 0.66 2.31e-06 3.1e-06 1.2e-06
-12.3 0.66 2.68e-06 3.61e-06 1.4e-06
-12.2 0.66 3.12e-06 4.2e-06 1.63e-06
-12.1 0.66 3.63e-06 4.89e-06 1.89e-06
-12 0.66 4.23e-06 5.69e-06 2.2e-06
-11.9 0.66 4.92e-06 6.62e-06 2.56e-06
-11.8 0.66 5.73e-06 7.7e-06 2.98e-06
-11.7 0.66 6.66e-06 8.96e-06 3.47e-06
-11.6 0.66 7.75e-06 1.04e-05 4.04e-06
-11.5 0.66 9.02e-06 1.21e-05 4.7e-06
-11.4 0.66 1.05e-05 1.41e-05 5.47e-06
-11.3 0.66 1.22e-05 1.64e-05 6.36e-06
-11.2 0.66 1.42e-05 1.91e-05 7.4e-06
-11.1 0.66 1.65e-05 2.22e-05 8.61e-06
-11 0.66 1.92e-05 2.59e-05 1e-05
-10.9 0.66 2.24e-05 3.01e-05 1.17e-05
-10.8 0.66 2.6e-05 3.5e-05 1.36e-05
-10.7 0.66 3.03e-05 4.07e-05 1.58e-05
-10.6 0.66 3.53e-05 4.74e-05 1.84e-05
-10.5 0.66 4.1e-05 5.52e-05 2.14e-05
-10.4 0.66 4.77e-05 6.42e-05 2.49e-05
-10.3 0.66 5.56e-05 7.47e-05 2.89e-05
-10.2 0.66 6.46e-05 8.69e-05 3.37e-05
-10.1 0.66 7.52e-05 0.000101 3.91e-05
-10 0.66 8.75e-05 0.000118 4.55e-05
-9.9 0.66 0.000102 0.000137 5.3e-05
-9.8 0.66 0.000118 0.000159 6.16e-05
-9.7 0.66 0.000138 0.000185 7.17e-05
-9.6 0.66 0.00016 0.000215 8.34e-05
-9.5 0.66 0.000186 0.00025 9.7e-05
-9.4 0.66 0.000217 0.000291 0.000113
-9.3 0.66 0.000252 0.000339 0.000131
-9.2 0.66 0.000293 0.000394 0.000153
-9.1 0.66 0.000341 0.000458 0.000177
-9 0.66 0.000397 0.000532 0.000206
-8.9 0.66 0.000462 0.000619 0.00024
-8.8 0.66 0.000537 0.000719 0.000279
-8.7 0.66 0.000624 0.000836 0.000324
-8.6 0.66 0.000726 0.000971 0.000376
-8.5 0.66 0.000843 0.00113 0.000437
-8.4 0.66 0.00098 0.00131 0.000507
-8.3 0.66 0.00114 0.00152 0.000588
-8.2 0.66 0.00132 0.00176 0.000683
-8.1 0.66 0.00154 0.00205 0.000792
-8 0.66 0.00178 0.00237 0.000917
-7.9 0.66 0.00207 0.00275 0.00106
-7.8 0.66 0.0024 0.00318 0.00123
-7.7 0.66 0.00279 0.00368 0.00142
-7.6 0.66 0.00323 0.00425 0.00164
-7.5 0.66 0.00374 0.00491 0.0019
-7.4 0.66 0.00433 0.00566 0.00218
-7.3 0.66 0.00501 0.00652 0.00251
-7.2 0.66 0.00579 0.00749 0.00289
-7.1 0.66 0.00668 0.0086 0.00331
-7 0.66 0.0077 0.00985 0.00379
-6.9 0.66 0.00887 0.0113 0.00432
-6.8 0.66 0.0102 0.0128 0.00492
-6.7 0.66 0.0117 0.0146 0.00558
-6.6 0.66 0.0134 0.0166 0.00631
-6.5 0.66 0.0154 0.0187 0.00711
-6.4 0.66 0.0176 0.0211 0.00797
-6.3 0.66 0.02 0.0237 0.0089
-6.2 0.66 0.0228 0.0265 0.00989
-6.1 0.66 0.0259 0.0295 0.0109
-6 0.66 0.0293 0.0328 0.012
-5.9 0.66 0.0331 0.0363 0.0135
-5.8 0.66 0.0374 0.0401 0.0154
-5.7 0.66 0.0422 0.0443 0.0175
-5.6 0.66 0.0474 0.0489 0.0201
-5.5 0.66 0.0534 0.0541 0.023
-5.4 0.66 0.06 0.0603 0.0266
-5.3 0.66 0.0677 0.0679 0.0309
-5.2 0.66 0.0766 0.078 0.0364
-5.1 0.66 0.0875 0.0925 0.0437
-5 0.66 0.102 0.116 0.0541
-4.9 0.66 0.123 0.161 0.0719
-4.8 0.66 0.17 0.279 0.114
-4.7 0.66 0.562 1.43 0.502
-4.6 0.66 -0.0455 0.153 0.415
-4.5 0.66 0.0423 0.0765 0.176
-4.4 0.66 0.0721 0.0575 0.111
-4.3 0.66 0.0902 0.0465 0.0802
-4.2 0.66 0.105 0.044 0.0635
-4.1 0.66 0.117 0.0433 0.0524
-4 0.66 0.127 0.0431 0.0439
-3.9 0.66 0.135 0.0424 0.0363
-3.8 0.66 0.142 0.0406 0.0286
-3.7 0.66 0.156 0.0402 0.0298
-3.6 0.66 0.163 0.0391 0.0241
-3.5 0.66 0.169 0.0363 0.0173
-3.4 0.66 0.172 0.0312 0.0137
-3.3 0.66 0.162 0.0355 0.0591
-3.2 0.66 0.164 0.025 0.0663
-3.1 0.66 0.166 0.0289 0.067
-3 0.66 0.151 0.0532 0.0638
-2.9 0.66 0.16 0.0543 0.0812
-2.8 0.66 0.174 0.0495 0.0929
-2.7 0.66 0.196 0.0373 0.0541
-2.6 0.66 0.222 0.05 0.087
-2.5 0.66 0.286 0.171 0.0991
-2.4 0.66 0.311 0.161 0.0589
-2.3 0.66 0.289 0.0962 0.0579
-2.2 0.66 0.305 0.0822 0.0331
-2.1 0.66 0.309 0.0318 0.0213
-2 0.66 0.324 0.0237 0.0247
-1.9 0.66 0.352 0.124 0.0497
-1.8 0.66 0.344 0.041 0.0221
-1.7 0.66 0.345 0.0419 0.0176
-1.6 0.66 0.35 0.0287 0.0197
-1.5 0.66 0.332 0.026 0.0362
-1.4 0.66 0.342 0.0278 0.0736
-1.3 0.66 0.375 0.00584 0.0162
-1.2 0.66 0.388 0.0106 0.0194
-1.1 0.66 0.402 0.0107 0.0145
-1 0.66 0.419 0.0132 0.00667
-0.9 0.66 0.43 0.00715 0.00308
-0.8 0.66 0.442 0.0153 0.00624
-0.7 0.66 0.456 0.0132 0.0101
-0.6 0.66 0.465 0.00759 0.00523
-0.5 0.66 0.475 0.0075 0.00665
-0.4 0.66 0.485 0.00939 0.0136
-0.3 0.66 0.496 0.0127 0.0192
-0.2 0.66 0.507 0.0103 0.017
-0.1 0.66 0.52 0.0029 0.00708
3.02e-14 0.66 0.531 0.0108 0.0167
0.1 0.66 0.549 0.0213 0.0132
0.2 0.66 0.575 0.102 0.0671
0.3 0.66 0.58 0.028 0.0105
0.4 0.66 0.592 0.0165 0.0107
0.5 0.66 0.639 0.0859 0.0446
0.6 0.66 0.622 0.0705 0.0392
0.7 0.66 0.613 0.0334 0.0456
0.8 0.66 0.616 0.0286 0.0586
0.9 0.66 0.62 0.023 0.0616
1 0.66 0.611 0.0669 0.154
1.1 0.66 0.606 0.0599 0.148
1.2 0.66 0.651 0.0265 0.0343
1.3 0.66 0.656 0.0319 0.0793
1.4 0.66 0.671 0.0433 0.0969
1.5 0.66 0.689 0.0614 0.0992
1.6 0.66 0.669 0.0555 0.153
1.7 0.66 0.693 0.0819 0.149
1.8 0.66 0.746 0.0666 0.0451
1.9 0.66 0.766 0.0713 0.0261
2 0.66 0.782 0.069 0.0308
2.1 0.66 0.793 0.0621 0.0342
2.2 0.66 0.801 0.0525 0.0343
2.3 0.66 0.806 0.0419 0.0318
2.4 0.66 0.81 0.0315 0.0278
2.5 0.66 0.812 0.0236 0.0229
2.6 0.66 0.814 0.0215 0.018
2.7 0.66 0.809 0.0251 0.0117
2.8 0.66 0.812 0.0206 0.0131
2.9 0.66 0.815 0.0163 0.0135
3 0.66 0.819 0.0125 0.0131
3.1 0.66 0.823 0.00935 0.0123
3.2 0.66 0.825 0.00445 0.0089
3.3 0.66 0.829 0.00439 0.00799
3.4 0.66 0.833 0.00411 0.00697
3.5 0.66 0.837 0.0037 0.0059
3.6 0.66 0.841 0.00321 0.00484
3.7 0.66 0.844 0.0027 0.00382
3.8 0.66 0.847 0.00221 0.00287
3.9 0.66 0.85 0.00175 0.00199
4 0.66 0.853 0.00133 0.00117
4.1 0.66 0.855 0.000949 0.00136
4.2 0.66 0.857 0.0013 0.00216
4.3 0.66 0.859 0.00177 0.00295
4.4 0.66 0.86 0.00227 0.00374
4.5 0.66 0.861 0.00316 0.00482
4.6 0.66 0.862 0.0038 0.00567
4.7 0.66 0.863 0.00473 0.00672
4.8 0.66 0.862 0.00632 0.00829
4.9 0.66 0.86 0.00995 0.0115
5 0.66 0.844 0.0263 0.0263
5.1 0.66 0.912 0.067 0.0415
5.2 0.66 0.886 0.0279 0.0143
5.3 0.66 0.891 0.0499 0.0191
5.4 0.66 0.867 0.0103 0.0224
5.5 0.66 0.872 0.00368 0.0056
5.6 0.66 0.873 0.002 0.00241
5.7 0.66 0.874 0.00123 0.00125
5.8 0.66 0.874 0.000793 0.00071
5.9 0.66 0.875 0.000527 0.000428
6 0.66 0.875 0.000362 0.000262
6.1 0.66 0.875 0.000253 0.000163
6.2 0.66 0.875 0.000178 0.000102
6.3 0.66 0.875 0.000127 6.57e-05
6.4 0.66 0.875 9.13e-05 5.49e-05
6.5 0.66 0.875 6.6e-05 4.57e-05
6.6 0.66 0.875 4.8e-05 3.8e-05
6.7 0.66 0.875 3.93e-05 2.74e-05
6.8 0.66 0.876 2.93e-05 2.27e-05
6.9 0.66 0.876 2.2e-05 1.88e-05
7 0.66 0.876 1.66e-05 1.55e-05
7.1 0.66 0.876 1.26e-05 1.28e-05
7.2 0.66 0.876 9.66e-06 1.05e-05
7.3 0.66 0.876 7.44e-06 8.51e-06
7.4 0.66 0.876 5.76e-06 6.88e-06
7.5 0.66 0.876 4.49e-06 5.49e-06
7.6 0.66 0.876 3.53e-06 4.32e-06
7.7 0.66 0.876 2.79e-06 3.32e-06
7.8 0.66 0.876 2.22e-06 2.48e-06
7.9 0.66 0.876 1.77e-06 1.76e-06
8 0.66 0.876 1.44e-06 1.59e-06
8.1 0.66 0.876 1.17e-06 1.46e-06
8.2 0.66 0.876 9.55e-07 1.35e-06
8.3 0.66 0.876 7.85e-07 1.24e-06
8.4 0.66 0.876 6.5e-07 1.16e-06
8.5 0.66 0.876 8.07e-07 1.09e-06
8.6 0.66 0.876 1.05e-06 1.03e-06
8.7 0.66 0.876 1.26e-06 9.82e-07
8.8 0.66 0.876 1.43e-06 9.4e-07
8.9 0.66 0.876 1.58e-06 9.6e-07
9 0.66 0.876 2.35e-06 2.8e-06
9.1 0.66 0.876 2.48e-06 2.84e-06
9.2 0.66 0.876 2.6e-06 2.88e-06
9.3 0.66 0.876 2.7e-06 2.9e-06
9.4 0.66 0.876 2.78e-06 2.92e-06
9.5 0.66 0.876 2.85e-06 2.95e-06
9.6 0.66 0.876 2.91e-06 2.96e-06
9.7 0.66 0.876 2.97e-06 2.98e-06
9.8 0.66 0.876 3.01e-06 3e-06
9.9 0.66 0.876 3.05e-06 3.01e-06
10 0.66 0.876 3.08e-06 3.01e-06
10.1 0.66 0.876 3.11e-06 3.02e-06
10.2 0.66 0.876 3.14e-06 3.02e-06
10.3 0.66 0.876 3.16e-06 3.04e-06
10.4 0.66 0.876 3.18e-06 3.04e-06
10.5 0.66 0.876 3.19e-06 3.04e-06
10.6 0.66 0.876 3.21e-06 3.05e-06
10.7 0.66 0.876 3.22e-06 3.05e-06
10.8 0.66 0.876 3.23e-06 3.06e-06
10.9 0.66 0.876 3.23e-06 3.06e-06
11 0.66 0.876 3.24e-06 3.06e-06
11.1 0.66 0.876 3.25e-06 3.06e-06
11.2 0.66 0.876 3.26e-06 3.06e-06
11.3 0.66 0.876 3.26e-06 3.07e-06
11.4 0.66 0.876 3.27e-06 3.06e-06
11.5 0.66 0.876 3.27e-06 3.07e-06
11.6 0.66 0.876 3.27e-06 3.07e-06
11.7 0.66 0.876 3.27e-06 3.07e-06
11.8 0.66 0.876 3.27e-06 3.07e-06
11.9 0.66 0.876 3.28e-06 3.07e-06
12 0.66 0.876 3.28e-06 3.07e-06
12.1 0.66 0.876 3.28e-06 3.07e-06
12.2 0.66 0.876 3.28e-06 3.07e-06
12.3 0.66 0.876 3.28e-06 3.07e-06
12.4 0.66 0.876 3.28e-06 3.07e-06
12.5 0.66 0.876 3.28e-06 3.07e-06
12.6 0.66 0.876 3.28e-06 3.08e-06
12.7 0.66 0.876 3.28e-06 3.07e-06
12.8 0.66 0.876 3.28e-06 3.08e-06
12.9 0.66 0.876 3.28e-06 3.08e-06
13 0.66 0.876 3.28e-06 3.08e-06
13.1 0.66 0.876 3.28e-06 3.08e-06
13.2 0.66 0.876 3.28e-06 3.08e-06
13.3 0.66 0.876 3.28e-06 3.07e-06
13.4 0.66 0.876 3.28e-06 3.08e-06
13.5 0.66 0.876 3.28e-06 3.07e-06
13.6 0.66 0.876 3.28e-06 3.07e-06
13.7 0.66 0.876 3.28e-06 3.07e-06
13.8 0.66 0.876 3.28e-06 3.07e-06
13.9 0.66 0.876 3.28e-06 3.07e-06
14 0.66 0.876 3.28e-06 3.07e-06
14.1 0.66 0.876 3.28e-06 3.07e-06
14.2 0.66 0.876 3.27e-06 3.07e-06
14.3 0.66 0.876 3.27e-06 3.07e-06
14.4 0.66 0.876 3.27e-06 3.07e-06
14.5 0.66 0.876 3.27e-06 3.07e-06
14.6 0.66 0.876 3.27e-06 3.06e-06
14.7 0.66 0.876 3.26e-06 3.07e-06
14.8 0.66 0.876 3.26e-06 3.06e-06
14.9 0.66 0.876 3.25e-06 3.06e-06
15 0.66 0.876 3.24e-06 3.06e-06
15.1 0.66 0.876 3.23e-06 3.06e-06
15.2 0.66 0.876 3.23e-06 3.06e-06
15.3 0.66 0.876 3.22e-06 3.05e-06
15.4 0.66 0.876 3.21e-06 3.05e-06
15.5 0.66 0.876 3.19e-06 3.04e-06
15.6 0.66 0.876 3.18e-06 3.04e-06
15.7 0.66 0.876 3.16e-06 3.04e-06
15.8 0.66 0.876 3.14e-06 3.02e-06
15.9 0.66 0.876 3.11e-06 3.02e-06
16 0.66 0.876 3.08e-06 3.01e-06
16.1 0.66 0.876 3.05e-06 3.01e-06
16.2 0.66 0.876 3.01e-06 3e-06
16.3 0.66 0.876 2.97e-06 2.98e-06
16.4 0.66 0.876 2.91e-06 2.96e-06
16.5 0.66 0.876 2.85e-06 2.95e-06
16.6 0.66 0.876 2.78e-06 2.92e-06
16.7 0.66 0.876 2.7e-06 2.9e-06
16.8 0.66 0.876 2.6e-06 2.88e-06
16.9 0.66 0.876 2.48e-06 2.84e-06
17 0.66 0.876 2.35e-06 2.8e-06
17.1 0.66 0.876 1.58e-06 9.6e-07
17.2 0.66 0.876 1.43e-06 9.4e-07
17.3 0.66 0.876 1.26e-06 9.82e-07
17.4 0.66 0.876 1.05e-06 1.03e-06
17.5 0.66 0.876 8.07e-07 1.09e-06
17.6 0.66 0.876 6.5e-07 1.16e-06
17.7 0.66 0.876 7.85e-07 1.24e-06
17.8 0.66 0.876 9.55e-07 1.35e-06
17.9 0.66 0.876 1.17e-06 1.46e-06
18 0.66 0.876 1.44e-06 1.59e-06
18.1 0.66 0.876 1.77e-06 1.76e-06
18.2 0.66 0.876 2.22e-06 2.48e-06
18.3 0.66 0.876 2.79e-06 3.32e-06
18.4 0.66 0.876 3.53e-06 4.32e-06
18.5 0.66 0.876 4.49e-06 5.49e-06
18.6 0.66 0.876 5.76e-06 6.88e-06
18.7 0.66 0.876 7.44e-06 8.51e-06
18.8 0.66 0.876 9.66e-06 1.05e-05
18.9 0.66 0.876 1.26e-05 1.28e-05
19 0.66 0.876 1.66e-05 1.55e-05
19.1 0.66 0.876 2.2e-05 1.88e-05
19.2 0.66 0.876 2.93e-05 2.27e-05
19.3 0.66 0.875 3.93e-05 2.74e-05
19.4 0.66 0.875 4.8e-05 3.8e-05
19.5 0.66 0.875 6.6e-05 4.57e-05
19.6 0.66 0.875 9.13e-05 5.49e-05
19.7 0.66 0.875 0.000127 6.57e-05
19.8 0.66 0.875 0.000178 0.000102
19.9 0.66 0.875 0.000253 0.000163
20 0.66 0.875 0.000362 0.000262
20.1 0.66 0.875 0.000527 0.000428
20.2 0.66 0.874 0.000793 0.00071
20.3 0.66 0.874 0.00123 0.00125
20.4 0.66 0.873 0.002 0.00241
20.5 0.66 0.872 0.00368 0.0056
20.6 0.66 0.867 0.0103 0.0224
20.7 0.66 0.891 0.0499 0.0191
20.8 0.66 0.886 0.0279 0.0143
20.9 0.66 0.912 0.067 0.0415
21 0.66 0.844 0.0263 0.0263
21.1 0.66 0.86 0.00995 0.0115
21.2 0.66 0.862 0.00632 0.00829
21.3 0.66 0.863 0.00473 0.00672
21.4 0.66 0.862 0.0038 0.00567
21.5 0.66 0.861 0.00316 0.00482
21.6 0.66 0.86 0.00227 0.00374
21.7 0.66 0.859 0.00177 0.00295
21.8 0.66 0.857 0.0013 0.00216
21.9 0.66 0.855 0.000949 0.00136
22 0.66 0.853 0.00133 0.00117
22.1 0.66 0.85 0.00175 0.00199
22.2 0.66 0.847 0.00221 0.00287
22.3 0.66 0.844 0.0027 0.00382
22.4 0.66 0.841 0.00321 0.00484
22.5 0.66 0.837 0.0037 0.0059
22.6 0.66 0.833 0.00411 0.00697
22.7 0.66 0.829 0.00439 0.00799
22.8 0.66 0.825 0.00445 0.0089
22.9 0.66 0.823 0.00935 0.0123
23 0.66 0.819 0.0125 0.0131
23.1 0.66 0.815 0.0163 0.0135
23.2 0.66 0.812 0.0206 0.0131
23.3 0.66 0.809 0.0251 0.0117
23.4 0.66 0.814 0.0215 0.018
23.5 0.66 0.812 0.0236 0.0229
23.6 0.66 0.81 0.0315 0.0278
23.7 0.66 0.806 0.0419 0.0318
23.8 0.66 0.801 0.0525 0.0343
23.9 0.66 0.793 0.0621 0.0342
24 0.66 0.782 0.069 0.0308
24.1 0.66 0.766 0.0713 0.0261
24.2 0.66 0.746 0.0666 0.0451
24.3 0.66 0.693 0.0819 0.149
24.4 0.66 0.669 0.0555 0.153
24.5 0.66 0.689 0.0614 0.0992
24.6 0.66 0.671 0.0433 0.0969
24.7 0.66 0.656 0.0319 0.0793
24.8 0.66 0.651 0.0265 0.0343
24.9 0.66 0.606 0.0599 0.148
25 0.66 0.611 0.0669 0.154
25.1 0.66 0.62 0.023 0.0616
25.2 0.66 0.616 0.0286 0.0586
25.3 0.66 0.613 0.0334 0.0456
25.4 0.66 0.622 0.0705 0.0392
25.5 0.66 0.639 0.0859 0.0446
25.6 0.66 0.592 0.0165 0.0107
25.7 0.66 0.58 0.028 0.0105
25.8 0.66 0.575 0.102 0.0671
25.9 0.66 0.549 0.0213 0.0132
26 0.66 0.531 0.0108 0.0167
26.1 0.66 0.52 0.0029 0.00708
26.2 0.66 0.507 0.0103 0.017
26.3 0.66 0.496 0.0127 0.0192
26.4 0.66 0.485 0.00939 0.0136
26.5 0.66 0.475 0.0075 0.00665
26.6 0.66 0.465 0.00759 0.00523
26.7 0.66 0.456 0.0132 0.0101
26.8 0.66 0.442 0.0153 0.00624
26.9 0.66 0.43 0.00715 0.00308
27 0.66 0.419 0.0132 0.00667
27.1 0.66 0.402 0.0107 0.0145
27.2 0.66 0.388 0.0106 0.0194
27.3 0.66 0.375 0.00584 0.0162
27.4 0.66 0.342 0.0278 0.0736
27.5 0.66 0.332 0.026 0.0362
27.6 0.66 0.35 0.0287 0.0197
27.7 0.66 0.345 0.0419 0.0176
27.8 0.66 0.344 0.041 0.0221
27.9 0.66 0.352 0.124 0.0497
28 0.66 0.324 0.0237 0.0247
28.1 0.66 0.309 0.0318 0.0213
28.2 0.66 0.305 0.0822 0.0331
28.3 0.66 0.289 0.0962 0.0579
28.4 0.66 0.311 0.161 0.0589
28.5 0.66 0.286 0.171 0.0991
28.6 0.66 0.222 0.05 0.087
28.7 0.66 0.196 0.0373 0.0541
28.8 0.66 0.174 0.0495 0.0929
28.9 0.66 0.16 0.0543 0.0812
29 0.66 0.151 0.0532 0.0638
29.1 0.66 0.166 0.0289 0.067
29.2 0.66 0.164 0.025 0.0663
29.3 0.66 0.162 0.0355 0.0591
29.4 0.66 0.172 0.0312 0.0137
29.5 0.66 0.169 0.0363 0.0173
29.6 0.66 0.163 0.0391 0.0241
29.7 0.66 0.156 0.0402 0.0298
29.8 0.66 0.142 0.0406 0.0286
29.9 0.66 0.135 0.0424 0.0363
30 0.66 0.127 0.0431 0.0439
30.1 0.66 0.117 0.0433 0.0524
30.2 0.66 0.105 0.044 0.0635
30.3 0.66 0.0902 0.0465 0.0802
30.4 0.66 0.0721 0.0575 0.111
30.5 0.66 0.0423 0.0765 0.176
30.6 0.66 -0.0455 0.153 0.415
30.7 0.66 0.562 1.43 0.502
30.8 0.66 0.17 0.279 0.114
30.9 0.66 0.123 0.161 0.0719
31 0.66 0.102 0.116 0.0541
31.1 0.66 0.0875 0.0925 0.0437
31.2 0.66 0.0766 0.078 0.0364
31.3 0.66 0.0677 0.0679 0.0309
31.4 0.66 0.06 0.0603 0.0266
31.5 0.66 0.0534 0.0541 0.023
31.6 0.66 0.0474 0.0489 0.0201
31.7 0.66 0.0422 0.0443 0.0175
31.8 0.66 0.0374 0.0401 0.0154
31.9 0.66 0.0331 0.0363 0.0135
32 0.66 0.0293 0.0328 0.012
32.1 0.66 0.0259 0.0295 0.0109
32.2 0.66 0.0228 0.0265 0.00989
32.3 0.66 0.02 0.0237 0.0089
32.4 0.66 0.0176 0.0211 0.00797
32.5 0.66 0.0154 0.0187 0.00711
32.6 0.66 0.0134 0.0166 0.00631
32.7 0.66 0.0117 0.0146 0.00558
32.8 0.66 0.0102 0.0128 0.00492
32.9 0.66 0.00887 0.0113 0.00432
33 0.66 0.0077 0.00985 0.00379
33.1 0.66 0.00668 0.0086 0.00331
33.2 0.66 0.00579 0.00749 0.00289
33.3 0.66 0.00501 0.00652 0.00251
33.4 0.66 0.00433 0.00566 0.00218
33.5 0.66 0.00374 0.00491 0.0019
33.6 0.66 0.00323 0.00425 0.00164
33.7 0.66 0.00279 0.00368 0.00142
33.8 0.66 0.0024 0.00318 0.00123
33.9 0.66 0.00207 0.00275 0.00106
34 0.66 0.00178 0.00237 0.000917
34.1 0.66 0.00154 0.00205 0.000792
34.2 0.66 0.00132 0.00176 0.000683
34.3 0.66 0.00114 0.00152 0.000588
34.4 0.66 0.00098 0.00131 0.000507
34.5 0.66 0.000843 0.00113 0.000437
34.6 0.66 0.000726 0.000971 0.000376
34.7 0.66 0.000624 0.000836 0.000324
34.8 0.66 0.000537 0.000719 0.000279
34.9 0.66 0.000462 0.000619 0.00024
35 0.66 0.000397 0.000532 0.000206
35.1 0.66 0.000341 0.000458 0.000177
35.2 0.66 0.000293 0.000394 0.000153
35.3 0.66 0.000252 0.000339 0.000131
35.4 0.66 0.000217 0.000291 0.000113
35.5 0.66 0.000186 0.00025 9.7e-05
35.6 0.66 0.00016 0.000215 8.34e-05
35.7 0.66 0.000138 0.000185 7.17e-05
35.8 0.66 0.000118 0.000159 6.16e-05
35.9 0.66 0.000102 0.000137 5.3e-05
36 0.66 8.75e-05 0.000118 4.55e-05
36.1 0.66 7.52e-05 0.000101 3.91e-05
36.2 0.66 6.46e-05 8.69e-05 3.37e-05
36.3 0.66 5.56e-05 7.47e-05 2.89e-05
36.4 0.66 4.77e-05 6.42e-05 2.49e-05
36.5 0.66 4.1e-05 5.52e-05 2.14e-05
36.6 0.66 3.53e-05 4.74e-05 1.84e-05
36.7 0.66 3.03e-05 4.07e-05 1.58e-05
36.8 0.66 2.6e-05 3.5e-05 1.36e-05
36.9 0.66 2.24e-05 3.01e-05 1.17e-05
37 0.66 1.92e-05 2.59e-05 1e-05
37.1 0.66 1.65e-05 2.22e-05 8.61e-06
37.2 0.66 1.42e-05 1.91e-05 7.4e-06
37.3 0.66 1.22e-05 1.64e-05 6.36e-06
37.4 0.66 1.05e-05 1.41e-05 5.47e-06
37.5 0.66 9.02e-06 1.21e-05 4.7e-06
37.6 0.66 7.75e-06 1.04e-05 4.04e-06
37.7 0.66 6.66e-06 8.96e-06 3.47e-06
37.8 0.66 5.73e-06 7.7e-06 2.98e-06
37.9 0.66 4.92e-06 6.62e-06 2.56e-06
38 0.66 4.23e-06 5.69e-06 2.2e-06
38.1 0.66 3.63e-06 4.89e-06 1.89e-06
38.2 0.66 3.12e-06 4.2e-06 1.63e-06
38.3 0.66 2.68e-06 3.61e-06 1.4e-06
38.4 0.66 2.31e-06 3.1e-06 1.2e-06
38.5 0.66 1.98e-06 2.67e-06 1.03e-06
38.6 0.66 1.7e-06 2.29e-06 8.88e-07
38.7 0.66 1.46e-06 1.97e-06 7.63e-07
38.8 0.66 1.26e-06 1.69e-06 6.56e-07
38.9 0.66 1.08e-06 1.45e-06 5.63e-07
39 0.66 9.29e-07 1.25e-06 4.84e-07
39.1 0.66 7.99e-07 1.07e-06 4.16e-07
39.2 0.66 6.86e-07 9.23e-07 3.58e-07
39.3 0.66 5.9e-07 7.93e-07 3.07e-07
39.4 0.66 5.07e-07 6.82e-07 2.64e-07
39.5 0.66 4.36e-07 5.86e-07 2.27e-07
39.6 0.66 3.74e-07 5.03e-07 1.95e-07
39.7 0.66 3.22e-07 4.33e-07 1.68e-07
39.8 0.66 2.77e-07 3.72e-07 1.44e-07
39.9 0.66 2.38e-07 3.2e-07 1.24e-07
40 0.66 2.04e-07 2.75e-07 1.06e-07
40.1 0.66 1.76e-07 2.36e-07 9.14e-08
40.2 0.66 1.51e-07 2.03e-07 7.86e-08
40.3 0.66 1.3e-07 1.74e-07 6.75e-08
40.4 0.66 1.11e-07 1.5e-07 5.8e-08
40.5 0.66 9.58e-08 1.29e-07 4.99e-08
40.6 0.66 8.23e-08 1.11e-07 4.29e-08
40.7 0.66 7.07e-08 9.51e-08 3.68e-08
40.8 0.66 6.08e-08 8.17e-08 3.17e-08
40.9 0.66 5.22e-08 7.02e-08 2.72e-08
41 0.66 4.49e-08 6.04e-08 2.34e-08
41.1 0.66 3.86e-08 5.19e-08 2.01e-08
41.2 0.66 3.32e-08 4.46e-08 1.73e-08
41.3 0.66 2.85e-08 3.83e-08 1.48e-08
41.4 0.66 2.45e-08 3.29e-08 1.28e-08
41.5 0.66 2.1e-08 2.83e-08 1.1e-08
41.6 0.66 1.81e-08 2.43e-08 9.42e-09
41.7 0.66 1.55e-08 2.09e-08 8.1e-09
41.8 0.66 1.34e-08 1.8e-08 6.96e-09
41.9 0.66 1.15e-08 1.54e-08 5.98e-09
42 0.66 9.87e-09 1.33e-08 5.14e-09
42.1 0.66 8.48e-09 1.14e-08 4.42e-09
42.2 0.66 7.29e-09 9.8e-09 3.8e-09
42.3 0.66 6.26e-09 8.42e-09 3.26e-09
42.4 0.66 5.38e-09 7.24e-09 2.8e-09
42.5 0.66 4.63e-09 6.22e-09 2.41e-09
42.6 0.66 3.98e-09 5.34e-09 2.07e-09
42.7 0.66 3.42e-09 4.59e-09 1.78e-09
42.8 0.66 2.94e-09 3.95e-09 1.53e-09
42.9 0.66 2.52e-09 3.39e-09 1.31e-09
43 0.66 2.17e-09 2.92e-09 1.13e-09
43.1 0.66 1.86e-09 2.51e-09 9.71e-10
43.2 0.66 1.6e-09 2.15e-09 8.34e-10
43.3 0.66 1.38e-09 1.85e-09 7.17e-10
43.4 0.66 1.18e-09 1.59e-09 6.16e-10
43.5 0.66 1.02e-09 1.37e-09 5.3e-10
43.6 0.66 8.74e-10 1.17e-09 4.55e-10
43.7 0.66 7.51e-10 1.01e-09 3.91e-10
43.8 0.66 6.45e-10 8.68e-10 3.36e-10
43.9 0.66 5.55e-10 7.46e-10 2.89e-10
44 0.66 4.77e-10 6.41e-10 2.48e-10
44.1 0.66 4.1e-10 5.51e-10 2.13e-10
44.2 0.66 3.52e-10 4.73e-10 1.83e-10
44.3 0.66 3.03e-10 4.07e-10 1.58e-10
44.4 0.66 2.6e-10 3.5e-10 1.35e-10
44.5 0.66 2.23e-10 3e-10 1.16e-10
44.6 0.66 1.92e-10 2.58e-10 1e-10
46.8 0.66 6.85e-12 9.21e-12 3.57e-12
46.9 0.66 5.89e-12 7.91e-12 3.07e-12
47 0.66 5.06e-12 6.8e-12 2.64e-12
47.1 0.66 4.35e-12 5.85e-12 2.26e-12
47.2 0.66 3.74e-12 5.02e-12 1.95e-12
47.3 0.66 3.21e-12 4.32e-12 1.67e-12
47.4 0.66 2.76e-12 3.71e-12 1.44e-12
47.5 0.66 2.37e-12 3.19e-12 1.24e-12
47.6 0.66 2.04e-12 2.74e-12 1.06e-12
47.7 0.66 1.75e-12 2.35e-12 9.12e-13
47.8 0.66 1.51e-12 2.02e-12 7.84e-13
47.9 0.66 1.29e-12 1.74e-12 6.74e-13
48 0.66 1.11e-12 1.49e-12 5.79e-13
48.1 0.66 9.56e-13 1.28e-12 4.98e-13
48.2 0.66 8.21e-13 1.1e-12 4.28e-13
48.3 0.66 7.06e-13 9.49e-13 3.68e-13
48.4 0.66 6.07e-13 8.15e-13 3.16e-13
48.5 0.66 5.21e-13 7.01e-13 2.72e-13
48.6 0.66 4.48e-13 6.02e-13 2.33e-13
48.7 0.66 3.85e-13 5.18e-13 2.01e-13
48.8 0.66 3.31e-13 4.45e-13 1.72e-13
48.9 0.66 2.84e-13 3.82e-13 1.48e-13
49 0.66 2.44e-13 3.29e-13 1.27e-13
49.1 0.66 2.1e-13 2.82e-13 1.09e-13
49.2 0.66 1.8e-13 2.43e-13 9.4e-14
49.3 0.66 1.55e-13 2.09e-13 8.08e-14
49.4 0.66 1.33e-13 1.79e-13 6.94e-14
49.5 0.66 1.15e-13 1.54e-13 5.97e-14
49.6 0.66 9.84e-14 1.32e-13 5.13e-14
49.7 0.66 8.46e-14 1.14e-13 4.41e-14
49.8 0.66 7.27e-14 9.78e-14 3.79e-14
49.9 0.66 6.25e-14 8.4e-14 3.25e-14
50 0.66 5.37e-14 7.22e-14 2.8e-14
50.1 0.66 4.62e-14 6.2e-14 2.4e-14
50.2 0.66 3.97e-14 5.33e-14 2.07e-14
50.3 0.66 3.41e-14 4.58e-14 1.78e-14
50.4 0.66 2.93e-14 3.94e-14 1.53e-14
50.5 0.66 2.52e-14 3.38e-14 1.31e-14
50.6 0.66 2.16e-14 2.91e-14 1.13e-14
50.7 0.66 1.86e-14 2.5e-14 9.69e-15
50.8 0.66 1.6e-14 2.15e-14 8.32e-15
50.9 0.66 1.37e-14 1.85e-14 7.15e-15
51 0.66 1.18e-14 1.59e-14 6.15e-15
51.1 0.66 1.01e-14 1.36e-14 5.28e-15
51.2 0.66 8.72e-15 1.17e-14 4.54e-15
51.3 0.66 7.49e-15 1.01e-14 3.9e-15
51.4 0.66 6.44e-15 8.66e-15 3.35e-15
51.5 0.66 5.53e-15 7.44e-15 2.88e-15
51.6 0.66 4.76e-15 6.39e-15 2.48e-15
51.7 0.66 4.09e-15 5.49e-15 2.13e-15
51.8 0.66 3.51e-15 4.72e-15 1.83e-15
51.9 0.66 3.02e-15 4.06e-15 1.57e-15
52 0.66 2.59e-15 3.49e-15 1.35e-15
52.1 0.66 2.23e-15 3e-15 1.16e-15
52.2 0.66 1.92e-15 2.58e-15 9.98e-16
52.3 0.66 1.65e-15 2.21e-15 8.58e-16
52.4 0.66 1.41e-15 1.9e-15 7.37e-16
52.5 0.66 1.22e-15 1.63e-15 6.33e-16
52.6 0.66 1.05e-15 1.41e-15 5.44e-16
52.7 0.66 8.98e-16 1.21e-15 4.68e-16
52.8 0.66 7.72e-16 1.04e-15 4.02e-16
52.9 0.66 6.63e-16 8.92e-16 3.46e-16
53 0.66 5.7e-16 7.66e-16 2.97e-16
53.1 0.66 4.9e-16 6.59e-16 2.55e-16
53.2 0.66 4.21e-16 5.66e-16 2.19e-16
53.3 0.66 3.62e-16 4.86e-16 1.88e-16
53.4 0.66 3.11e-16 4.18e-16 1.62e-16
53.5 0.66 2.67e-16 3.59e-16 1.39e-16
53.6 0.66 2.3e-16 3.09e-16 1.2e-16
53.7 0.66 1.97e-16 2.65e-16 1.03e-16
53.8 0.66 1.7e-16 2.28e-16 8.84e-17
53.9 0.66 1.46e-16 1.96e-16 7.59e-17
54 0.66 1.25e-16 1.68e-16 6.53e-17
54.1 0.66 1.08e-16 1.45e-16 5.61e-17
54.2 0.66 9.25e-17 1.24e-16 4.82e-17
54.3 0.66 7.95e-17 1.07e-16 4.14e-17
54.4 0.66 6.83e-17 9.19e-17 3.56e-17
54.5 0.66 5.87e-17 7.9e-17 3.06e-17
54.6 0.66 5.05e-17 6.79e-17 2.63e-17
54.7 0.66 4.34e-17 5.83e-17 2.26e-17
54.8 0.66 3.73e-17 5.01e-17 1.94e-17
54.9 0.66 3.2e-17 4.31e-17 1.67e-17
55 0.66 2.75e-17 3.7e-17 1.43e-17
55.1 0.66 2.37e-17 3.18e-17 1.23e-17
55.2 0.66 2.03e-17 2.73e-17 1.06e-17
55.3 0.66 1.75e-17 2.35e-17 9.1e-18
55.4 0.66 1.5e-17 2.02e-17 7.82e-18
55.5 0.66 1.29e-17 1.74e-17 6.72e-18
55.6 0.66 1.11e-17 1.49e-17 5.78e-18
55.7 0.66 9.53e-18 1.28e-17 4.97e-18
55.8 0.66 8.19e-18 1.1e-17 4.27e-18
55.9 0.66 7.04e-18 9.47e-18 3.67e-18
56 0.66 6.05e-18 8.14e-18 3.15e-18
56.1 0.66 5.2e-18 6.99e-18 2.71e-18
56.2 0.66 4.47e-18 6.01e-18 2.33e-18
56.3 0.66 3.84e-18 5.16e-18 2e-18
56.4 0.66 3.3e-18 4.44e-18 1.72e-18
56.5 0.66 2.84e-18 3.81e-18 1.48e-18
56.6 0.66 2.44e-18 3.28e-18 1.27e-18
56.7 0.66 2.1e-18 2.82e-18 1.09e-18
56.8 0.66 1.8e-18 2.42e-18 9.38e-19
56.9 0.66 1.55e-18 2.08e-18 8.06e-19
57 0.66 1.33e-18 1.79e-18 6.93e-19
57.1 0.66 1.14e-18 1.54e-18 5.95e-19
57.2 0.66 9.82e-19 1.32e-18 5.12e-19
57.3 0.66 8.44e-19 1.13e-18 4.4e-19
57.4 0.66 7.26e-19 9.75e-19 3.78e-19
57.5 0.66 6.24e-19 8.38e-19 3.25e-19
57.6 0.66 5.36e-19 7.2e-19 2.79e-19
57.7 0.66 4.61e-19 6.19e-19 2.4e-19
57.8 0.66 3.96e-19 5.32e-19 2.06e-19
57.9 0.66 3.4e-19 4.57e-19 1.77e-19
58 0.66 2.92e-19 3.93e-19 1.52e-19
58.1 0.66 2.51e-19 3.38e-19 1.31e-19
58.2 0.66 2.16e-19 2.9e-19 1.12e-19
58.3 0.66 1.86e-19 2.49e-19 9.66e-20
58.4 0.66 1.59e-19 2.14e-19 8.31e-20
58.5 0.66 1.37e-19 1.84e-19 7.14e-20
58.6 0.66 1.18e-19 1.58e-19 6.13e-20
58.7 0.66 1.01e-19 1.36e-19 5.27e-20
58.8 0.66 8.7e-20 1.17e-19 4.53e-20
58.9 0.66 7.47e-20 1e-19 3.89e-20
59 0.66 6.42e-20 8.64e-20 3.35e-20
59.1 0.66 5.52e-20 7.42e-20 2.88e-20
59.2 0.66 4.74e-20 6.38e-20 2.47e-20
59.3 0.66 4.08e-20 5.48e-20 2.12e-20
59.4 0.66 3.5e-20 4.71e-20 1.83e-20
59.5 0.66 3.01e-20 4.05e-20 1.57e-20
59.6 0.66 2.59e-20 3.48e-20 1.35e-20
59.7 0.66 2.22e-20 2.99e-20 1.16e-20
59.8 0.66 1.91e-20 2.57e-20 9.96e-21
59.9 0.66 1.64e-20 2.21e-20 8.56e-21
60 0.66 1.41e-20 1.9e-20 7.35e-21
60.1 0.66 1.21e-20 1.63e-20 6.32e-21
60.2 0.66 1.04e-20 1.4e-20 5.43e-21
60.3 0.66 8.96e-21 1.2e-20 4.67e-21
60.4 0.66 7.7e-21 1.04e-20 4.01e-21
60.5 0.66 6.62e-21 8.9e-21 3.45e-21
60.6 0.66 5.69e-21 7.65e-21 2.96e-21
60.7 0.66 4.89e-21 6.57e-21 2.55e-21
60.8 0.66 4.2e-21 5.65e-21 2.19e-21
60.9 0.66 3.61e-21 4.85e-21 1.88e-21
61 0.66 3.1e-21 4.17e-21 1.62e-21
61.1 0.66 2.67e-21 3.59e-21 1.39e-21
61.2 0.66 2.29e-21 3.08e-21 1.19e-21
61.3 0.66 1.97e-21 2.65e-21 1.03e-21
61.4 0.66 1.69e-21 2.28e-21 8.82e-22
61.5 0.66 1.45e-21 1.96e-21 7.58e-22
61.6 0.66 1.25e-21 1.68e-21 6.51e-22
61.7 0.66 1.07e-21 1.44e-21 5.6e-22
61.8 0.66 9.23e-22 1.24e-21 4.81e-22
61.9 0.66 7.93e-22 1.07e-21 4.13e-22
62 0.66 6.82e-22 9.17e-22 3.55e-22
62.1 0.66 5.86e-22 7.88e-22 3.05e-22
62.2 0.66 5.04e-22 6.77e-22 2.62e-22
62.3 0.66 4.33e-22 5.82e-22 2.25e-22
62.4 0.66 3.72e-22 5e-22 1.94e-22
62.5 0.66 3.2e-22 4.3e-22 1.67e-22
62.6 0.66 2.75e-22 3.69e-22 1.43e-22
62.7 0.66 2.36e-22 3.17e-22 1.23e-22
62.8 0.66 2.03e-22 2.73e-22 1.06e-22
62.9 0.66 1.74e-22 2.34e-22 9.08e-23
63 0.66 1.5e-22 2.01e-22 7.81e-23
63.1 0.66 1.29e-22 1.73e-22 6.71e-23
63.2 0.66 1.11e-22 1.49e-22 5.77e-23
63.3 0.66 9.51e-23 1.28e-22 4.96e-23
63.4 0.66 8.18e-23 1.1e-22 4.26e-23
63.5 0.66 7.03e-23 9.45e-23 3.66e-23
63.6 0.66 6.04e-23 8.12e-23 3.15e-23
63.7 0.66 5.19e-23 6.98e-23 2.7e-23
63.8 0.66 4.46e-23 6e-23 2.32e-23
63.9 0.66 3.83e-23 5.15e-23 2e-23
64 0.66 3.29e-23 4.43e-23 1.72e-23
64.1 0.66 2.83e-23 3.81e-23 1.47e-23
64.2 0.66 2.43e-23 3.27e-23 1.27e-23
64.3 0.66 2.09e-23 2.81e-23 1.09e-23
64.4 0.66 1.8e-23 2.42e-23 9.36e-24
64.5 0.66 1.54e-23 2.08e-23 8.04e-24
64.6 0.66 1.33e-23 1.78e-23 6.91e-24
64.7 0.66 1.14e-23 1.53e-23 5.94e-24
64.8 0.66 9.8e-24 1.32e-23 5.11e-24
64.9 0.66 8.42e-24 1.13e-23 4.39e-24
65 0.66 7.24e-24 9.73e-24 3.77e-24
65.1 0.66 6.22e-24 8.36e-24 3.24e-24
65.2 0.66 5.35e-24 7.19e-24 2.78e-24
65.3 0.66 4.59e-24 6.18e-24 2.39e-24
65.4 0.66 3.95e-24 5.31e-24 2.06e-24
65.5 0.66 3.39e-24 4.56e-24 1.77e-24
65.6 0.66 2.92e-24 3.92e-24 1.52e-24
65.7 0.66 2.51e-24 3.37e-24 1.31e-24
65.8 0.66 2.15e-24 2.9e-24 1.12e-24
65.9 0.66 1.85e-24 2.49e-24 9.64e-25
66 0.66 1.59e-24 2.14e-24 8.29e-25
66.1 0.66 1.37e-24 1.84e-24 7.12e-25
66.2 0.66 1.18e-24 1.58e-24 6.12e-25
66.3 0.66 1.01e-24 1.36e-24 5.26e-25
66.4 0.66 8.68e-25 1.17e-24 4.52e-25
66.5 0.66 7.46e-25 1e-24 3.88e-25
66.6 0.66 6.41e-25 8.62e-25 3.34e-25
66.7 0.66 5.51e-25 7.41e-25 2.87e-25
66.8 0.66 4.73e-25 6.36e-25 2.47e-25
66.9 0.66 4.07e-25 5.47e-25 2.12e-25
67 0.66 3.5e-25 4.7e-25 1.82e-25
67.1 0.66 3e-25 4.04e-25 1.57e-25
67.2 0.66 2.58e-25 3.47e-25 1.35e-25
67.3 0.66 2.22e-25 2.98e-25 1.16e-25
67.4 0.66 1.91e-25 2.56e-25 9.93e-26
67.5 0.66 1.64e-25 2.2e-25 8.54e-26
67.6 0.66 1.41e-25 1.89e-25 7.34e-26
67.7 0.66 1.21e-25 1.63e-25 6.31e-26
67.8 0.66 1.04e-25 1.4e-25 5.42e-26
67.9 0.66 8.94e-26 1.2e-25 4.66e-26
68 0.66 7.68e-26 1.03e-25 4e-26
68.1 0.66 6.6e-26 8.88e-26 3.44e-26
68.2 0.66 5.68e-26 7.63e-26 2.96e-26
68.3 0.66 4.88e-26 6.56e-26 2.54e-26
68.4 0.66 4.19e-26 5.64e-26 2.18e-26
68.5 0.66 3.6e-26 4.84e-26 1.88e-26
68.6 0.66 3.1e-26 4.16e-26 1.61e-26
68.7 0.66 2.66e-26 3.58e-26 1.39e-26
68.8 0.66 2.29e-26 3.07e-26 1.19e-26
68.9 0.66 1.97e-26 2.64e-26 1.02e-26
69 0.66 1.69e-26 2.27e-26 8.8e-27
69.1 0.66 1.45e-26 1.95e-26 7.56e-27
69.2 0.66 1.25e-26 1.68e-26 6.5e-27
69.3 0.66 1.07e-26 1.44e-26 5.58e-27
69.4 0.66 9.21e-27 1.24e-26 4.8e-27
69.5 0.66 7.92e-27 1.06e-26 4.12e-27
69.6 0.66 6.8e-27 9.15e-27 3.54e-27
69.7 0.66 5.85e-27 7.86e-27 3.05e-27
69.8 0.66 5.03e-27 6.76e-27 2.62e-27
69.9 0.66 4.32e-27 5.81e-27 2.25e-27
70 0.66 3.71e-27 4.99e-27 1.93e-27
70.1 0.66 3.19e-27 4.29e-27 1.66e-27
70.2 0.66 2.74e-27 3.69e-27 1.43e-27
70.3 0.66 2.36e-27 3.17e-27 1.23e-27
70.4 0.66 2.02e-27 2.72e-27 1.05e-27
70.5 0.66 1.74e-27 2.34e-27 9.06e-28
70.6 0.66 1.5e-27 2.01e-27 7.79e-28
70.7 0.66 1.29e-27 1.73e-27 6.69e-28
70.8 0.66 1.1e-27 1.48e-27 5.75e-28
70.9 0.66 9.49e-28 1.28e-27 4.94e-28
71 0.66 8.16e-28 1.1e-27 4.25e-28
71.1 0.66 7.01e-28 9.42e-28 3.65e-28
71.2 0.66 6.02e-28 8.1e-28 3.14e-28
71.3 0.66 5.18e-28 6.96e-28 2.7e-28
71.4 0.66 4.45e-28 5.98e-28 2.32e-28
71.5 0.66 3.82e-28 5.14e-28 1.99e-28
71.6 0.66 3.29e-28 4.42e-28 1.71e-28
71.7 0.66 2.82e-28 3.8e-28 1.47e-28
71.8 0.66 2.43e-28 3.26e-28 1.26e-28
71.9 0.66 2.09e-28 2.8e-28 1.09e-28
72 0.66 1.79e-28 2.41e-28 9.34e-29
72.1 0.66 1.54e-28 2.07e-28 8.03e-29
72.2 0.66 1.32e-28 1.78e-28 6.9e-29
72.3 0.66 1.14e-28 1.53e-28 5.93e-29
72.4 0.66 9.78e-29 1.31e-28 5.09e-29
72.5 0.66 8.4e-29 1.13e-28 4.38e-29
72.6 0.66 7.22e-29 9.71e-29 3.76e-29
72.7 0.66 6.21e-29 8.35e-29 3.23e-29
72.8 0.66 5.33e-29 7.17e-29 2.78e-29
72.9 0.66 4.58e-29 6.16e-29 2.39e-29
73 0.66 3.94e-29 5.3e-29 2.05e-29
73.1 0.66 3.39e-29 4.55e-29 1.76e-29
73.2 0.66 2.91e-29 3.91e-29 1.52e-29
73.3 0.66 2.5e-29 3.36e-29 1.3e-29
73.4 0.66 2.15e-29 2.89e-29 1.12e-29
73.5 0.66 1.85e-29 2.48e-29 9.62e-30
73.6 0.66 1.59e-29 2.13e-29 8.27e-30
73.7 0.66 1.36e-29 1.83e-29 7.11e-30
73.8 0.66 1.17e-29 1.58e-29 6.11e-30
73.9 0.66 1.01e-29 1.35e-29 5.25e-30
74 0.66 8.66e-30 1.16e-29 4.51e-30
74.1 0.66 7.44e-30 1e-29 3.88e-30
74.2 0.66 6.4e-30 8.6e-30 3.33e-30
74.3 0.66 5.5e-30 7.39e-30 2.86e-30
74.4 0.66 4.72e-30 6.35e-30 2.46e-30
74.5 0.66 4.06e-30 5.46e-30 2.11e-30
74.6 0.66 3.49e-30 4.69e-30 1.82e-30
74.7 0.66 3e-30 4.03e-30 1.56e-30
74.8 0.66 2.58e-30 3.46e-30 1.34e-30
74.9 0.66 2.21e-30 2.98e-30 1.15e-30
75 0.66 1.9e-30 2.56e-30 9.91e-31
75.1 0.66 1.64e-30 2.2e-30 8.52e-31
75.2 0.66 1.41e-30 1.89e-30 7.32e-31
75.3 0.66 1.21e-30 1.62e-30 6.29e-31
75.4 0.66 1.04e-30 1.4e-30 5.41e-31
75.5 0.66 8.92e-31 1.2e-30 4.65e-31
75.6 0.66 7.67e-31 1.03e-30 3.99e-31
75.7 0.66 6.59e-31 8.86e-31 3.43e-31
75.8 0.66 5.66e-31 7.61e-31 2.95e-31
75.9 0.66 4.87e-31 6.54e-31 2.54e-31
76 0.66 4.18e-31 5.62e-31 2.18e-31
76.1 0.66 3.59e-31 4.83e-31 1.87e-31
76.2 0.66 3.09e-31 4.15e-31 1.61e-31
76.3 0.66 2.65e-31 3.57e-31 1.38e-31
76.4 0.66 2.28e-31 3.07e-31 1.19e-31
76.5 0.66 1.96e-31 2.64e-31 1.02e-31
76.6 0.66 1.69e-31 2.27e-31 8.78e-32
76.7 0.66 1.45e-31 1.95e-31 7.54e-32
76.8 0.66 1.24e-31 1.67e-31 6.48e-32
76.9 0.66 1.07e-31 1.44e-31 5.57e-32
77 0.66 9.19e-32 1.24e-31 4.79e-32
77.1 0.66 7.9e-32 1.06e-31 4.11e-32
77.2 0.66 6.79e-32 9.13e-32 3.54e-32
77.3 0.66 5.83e-32 7.84e-32 3.04e-32
77.4 0.66 5.01e-32 6.74e-32 2.61e-32
77.5 0.66 4.31e-32 5.79e-32 2.24e-32
77.6 0.66 3.7e-32 4.98e-32 1.93e-32
77.7 0.66 3.18e-32 4.28e-32 1.66e-32
77.8 0.66 2.74e-32 3.68e-32 1.42e-32
77.9 0.66 2.35e-32 3.16e-32 1.22e-32
78 0.66 2.02e-32 2.72e-32 1.05e-32
78.1 0.66 1.74e-32 2.33e-32 9.04e-33
78.2 0.66 1.49e-32 2.01e-32 7.77e-33
78.3 0.66 1.28e-32 1.72e-32 6.68e-33
78.4 0.66 1.1e-32 1.48e-32 5.74e-33
78.5 0.66 9.47e-33 1.27e-32 4.93e-33
78.6 0.66 8.14e-33 1.09e-32 4.24e-33
78.7 0.66 6.99e-33 9.4e-33 3.64e-33
78.8 0.66 6.01e-33 8.08e-33 3.13e-33
78.9 0.66 5.17e-33 6.95e-33 2.69e-33
79 0.66 4.44e-33 5.97e-33 2.31e-33
79.1 0.66 3.82e-33 5.13e-33 1.99e-33
79.2 0.66 3.28e-33 4.41e-33 1.71e-33
79.3 0.66 2.82e-33 3.79e-33 1.47e-33
79.4 0.66 2.42e-33 3.26e-33 1.26e-33
79.5 0.66 2.08e-33 2.8e-33 1.08e-33
79.6 0.66 1.79e-33 2.4e-33 9.32e-34
79.7 0.66 1.54e-33 2.07e-33 8.01e-34
79.8 0.66 1.32e-33 1.78e-33 6.88e-34
79.9 0.66 1.14e-33 1.53e-33 5.91e-34
80 0.66 9.76e-34 1.31e-33 5.08e-34
80.1 0.66 8.39e-34 1.13e-33 4.37e-34
80.2 0.66 7.21e-34 9.69e-34 3.75e-34
80.3 0.66 6.19e-34 8.33e-34 3.23e-34
80.4 0.66 5.32e-34 7.16e-34 2.77e-34
80.5 0.66 4.57e-34 6.15e-34 2.38e-34
80.6 0.66 3.93e-34 5.29e-34 2.05e-34
80.7 0.66 3.38e-34 4.54e-34 1.76e-34
80.8 0.66 2.9e-34 3.9e-34 1.51e-34
80.9 0.66 2.5e-34 3.35e-34 1.3e-34
81 0.66 2.14e-34 2.88e-34 1.12e-34
81.1 0.66 1.84e-34 2.48e-34 9.6e-35
81.2 0.66 1.58e-34 2.13e-34 8.25e-35
81.3 0.66 1.36e-34 1.83e-34 7.09e-35
81.4 0.66 1.17e-34 1.57e-34 6.09e-35
81.5 0.66 1.01e-34 1.35e-34 5.24e-35
81.6 0.66 8.64e-35 1.16e-34 4.5e-35
81.7 0.66 7.43e-35 9.98e-35 3.87e-35
81.8 0.66 6.38e-35 8.58e-35 3.32e-35
81.9 0.66 5.48e-35 7.37e-35 2.86e-35
82 0.66 4.71e-35 6.34e-35 2.45e-35
82.1 0.66 4.05e-35 5.45e-35 2.11e-35
82.2 0.66 3.48e-35 4.68e-35 1.81e-35
82.3 0.66 2.99e-35 4.02e-35 1.56e-35
82.4 0.66 2.57e-35 3.46e-35 1.34e-35
82.5 0.66 2.21e-35 2.97e-35 1.15e-35
82.6 0.66 1.9e-35 2.55e-35 9.89e-36
82.7 0.66 1.63e-35 2.19e-35 8.5e-36
82.8 0.66 1.4e-35 1.89e-35 7.31e-36
82.9 0.66 1.21e-35 1.62e-35 6.28e-36
83 0.66 1.04e-35 1.39e-35 5.4e-36
83.1 0.66 8.9e-36 1.2e-35 4.64e-36
83.2 0.66 7.65e-36 1.03e-35 3.98e-36
83.3 0.66 6.57e-36 8.84e-36 3.42e-36
83.4 0.66 5.65e-36 7.6e-36 2.94e-36
83.5 0.66 4.86e-36 6.53e-36 2.53e-36
83.6 0.66 4.17e-36 5.61e-36 2.17e-36
83.7 0.66 3.59e-36 4.82e-36 1.87e-36
83.8 0.66 3.08e-36 4.14e-36 1.61e-36
83.9 0.66 2.65e-36 3.56e-36 1.38e-36
84 0.66 2.28e-36 3.06e-36 1.19e-36
84.1 0.66 1.96e-36 2.63e-36 1.02e-36
84.2 0.66 1.68e-36 2.26e-36 8.76e-37
84.3 0.66 1.44e-36 1.94e-36 7.53e-37
84.4 0.66 1.24e-36 1.67e-36 6.47e-37
84.5 0.66 1.07e-36 1.43e-36 5.56e-37
84.6 0.66 9.17e-37 1.23e-36 4.78e-37
84.7 0.66 7.88e-37 1.06e-36 4.11e-37
84.8 0.66 6.77e-37 9.11e-37 3.53e-37
84.9 0.66 5.82e-37 7.83e-37 3.03e-37
85 0.66 5e-37 6.73e-37 2.61e-37
85.1 0.66 4.3e-37 5.78e-37 2.24e-37
85.2 0.66 3.7e-37 4.97e-37 1.92e-37
85.3 0.66 3.18e-37 4.27e-37 1.65e-37
85.4 0.66 2.73e-37 3.67e-37 1.42e-37
85.5 0.66 2.35e-37 3.15e-37 1.22e-37
85.6 0.66 2.02e-37 2.71e-37 1.05e-37
85.7 0.66 1.73e-37 2.33e-37 9.02e-38
85.8 0.66 1.49e-37 2e-37 7.75e-38
85.9 0.66 1.28e-37 1.72e-37 6.66e-38
86 0.66 1.1e-37 1.48e-37 5.73e-38
86.1 0.66 9.45e-38 1.27e-37 4.92e-38
86.2 0.66 8.12e-38 1.09e-37 4.23e-38
86.3 0.66 6.98e-38 9.38e-38 3.64e-38
86.4 0.66 6e-38 8.06e-38 3.12e-38
86.5 0.66 5.15e-38 6.93e-38 2.69e-38
86.6 0.66 4.43e-38 5.96e-38 2.31e-38
86.7 0.66 3.81e-38 5.12e-38 1.98e-38
86.8 0.66 3.27e-38 4.4e-38 1.7e-38
86.9 0.66 2.81e-38 3.78e-38 1.46e-38
87 0.66 2.42e-38 3.25e-38 1.26e-38
87.1 0.66 2.08e-38 2.79e-38 1.08e-38
87.2 0.66 1.78e-38 2.4e-38 9.3e-39
87.3 0.66 1.53e-38 2.06e-38 7.99e-39
87.4 0.66 1.32e-38 1.77e-38 6.87e-39
87.5 0.66 1.13e-38 1.52e-38 5.9e-39
87.6 0.66 9.74e-39 1.31e-38 5.07e-39
87.7 0.66 8.37e-39 1.12e-38 4.36e-39
87.8 0.66 7.19e-39 9.67e-39 3.75e-39
87.9 0.66 6.18e-39 8.31e-39 3.22e-39
88 0.66 5.31e-39 7.14e-39 2.77e-39
88.1 0.66 4.56e-39 6.14e-39 2.38e-39
88.2 0.66 3.92e-39 5.27e-39 2.04e-39
88.3 0.66 3.37e-39 4.53e-39 1.76e-39
88.4 0.66 2.9e-39 3.89e-39 1.51e-39
88.5 0.66 2.49e-39 3.35e-39 1.3e-39
88.6 0.66 2.14e-39 2.88e-39 1.11e-39
88.7 0.66 1.84e-39 2.47e-39 9.58e-40
88.8 0.66 1.58e-39 2.12e-39 8.23e-40
88.9 0.66 1.36e-39 1.83e-39 7.07e-40
89 0.66 1.17e-39 1.57e-39 6.08e-40
89.1 0.66 1e-39 1.35e-39 5.23e-40
89.2 0.66 8.62e-40 1.16e-39 4.49e-40
89.3 0.66 7.41e-40 9.96e-40 3.86e-40
89.4 0.66 6.37e-40 8.56e-40 3.32e-40
89.5 0.66 5.47e-40 7.36e-40 2.85e-40
89.6 0.66 4.7e-40 6.32e-40 2.45e-40
89.7 0.66 4.04e-40 5.43e-40 2.11e-40
89.8 0.66 3.47e-40 4.67e-40 1.81e-40
89.9 0.66 2.98e-40 4.01e-40 1.55e-40
90 0.66 2.57e-40 3.45e-40 1.34e-40
90.1 0.66 2.2e-40 2.96e-40 1.15e-40
90.2 0.66 1.89e-40 2.55e-40 9.87e-41
90.3 0.66 1.63e-40 2.19e-40 8.48e-41
90.4 0.66 1.4e-40 1.88e-40 7.29e-41
90.5 0.66 1.2e-40 1.62e-40 6.26e-41
90.6 0.66 1.03e-40 1.39e-40 5.38e-41
90.7 0.66 8.88e-41 1.19e-40 4.63e-41
90.8 0.66 7.63e-41 1.03e-40 3.98e-41
90.9 0.66 6.56e-41 8.82e-41 3.42e-41
91 0.66 5.64e-41 7.58e-41 2.94e-41
91.1 0.66 4.85e-41 6.51e-41 2.52e-41
91.2 0.66 4.16e-41 5.6e-41 2.17e-41
91.3 0.66 3.58e-41 4.81e-41 1.86e-41
91.4 0.66 3.08e-41 4.13e-41 1.6e-41
91.5 0.66 2.64e-41 3.55e-41 1.38e-41
91.6 0.66 2.27e-41 3.05e-41 1.18e-41
91.7 0.66 1.95e-41 2.62e-41 1.02e-41
91.8 0.66 1.68e-41 2.26e-41 8.74e-42
91.9 0.66 1.44e-41 1.94e-41 7.51e-42
92 0.66 1.24e-41 1.67e-41 6.45e-42
92.1 0.66 1.06e-41 1.43e-41 5.55e-42
92.2 0.66 9.15e-42 1.23e-41 4.77e-42
92.3 0.66 7.86e-42 1.06e-41 4.1e-42
92.4 0.66 6.76e-42 9.09e-42 3.52e-42
92.5 0.66 5.81e-42 7.81e-42 3.03e-42
92.6 0.66 4.99e-42 6.71e-42 2.6e-42
92.7 0.66 4.29e-42 5.77e-42 2.23e-42
92.8 0.66 3.69e-42 4.96e-42 1.92e-42
92.9 0.66 3.17e-42 4.26e-42 1.65e-42
93 0.66 2.72e-42 3.66e-42 1.42e-42
93.1 0.66 2.34e-42 3.15e-42 1.22e-42
93.2 0.66 2.01e-42 2.7e-42 1.05e-42
93.3 0.66 1.73e-42 2.32e-42 9e-43
93.4 0.66 1.49e-42 2e-42 7.74e-43
93.5 0.66 1.28e-42 1.72e-42 6.65e-43
93.6 0.66 1.1e-42 1.47e-42 5.71e-43
93.7 0.66 9.43e-43 1.27e-42 4.91e-43
93.8 0.66 8.1e-43 1.09e-42 4.22e-43
93.9 0.66 6.96e-43 9.36e-43 3.63e-43
94 0.66 5.98e-43 8.05e-43 3.12e-43
94.1 0.66 5.14e-43 6.91e-43 2.68e-43
94.2 0.66 4.42e-43 5.94e-43 2.3e-43
94.3 0.66 3.8e-43 5.11e-43 1.98e-43
94.4 0.66 3.26e-43 4.39e-43 1.7e-43
94.5 0.66 2.81e-43 3.77e-43 1.46e-43
94.6 0.66 2.41e-43 3.24e-43 1.26e-43
94.7 0.66 2.07e-43 2.79e-43 1.08e-43
94.8 0.66 1.78e-43 2.39e-43 9.28e-44
94.9 0.66 1.53e-43 2.06e-43 7.97e-44
95 0.66 1.32e-43 1.77e-43 6.85e-44
95.1 0.66 1.13e-43 1.52e-43 5.89e-44
95.2 0.66 9.71e-44 1.31e-43 5.06e-44
95.3 0.66 8.35e-44 1.12e-43 4.35e-44
95.4 0.66 7.17e-44 9.65e-44 3.74e-44
95.5 0.66 6.17e-44 8.29e-44 3.21e-44
95.6 0.66 5.3e-44 7.12e-44 2.76e-44
95.7 0.66 4.55e-44 6.12e-44 2.37e-44
95.8 0.66 3.91e-44 5.26e-44 2.04e-44
95.9 0.66 3.36e-44 4.52e-44 1.75e-44
96 0.66 2.89e-44 3.89e-44 1.51e-44
96.1 0.66 2.48e-44 3.34e-44 1.29e-44
96.2 0.66 2.13e-44 2.87e-44 1.11e-44
96.3 0.66 1.83e-44 2.47e-44 9.56e-45
96.4 0.66 1.58e-44 2.12e-44 8.21e-45
96.5 0.66 1.36e-44 1.82e-44 7.06e-45
96.6 0.66 1.16e-44 1.57e-44 6.07e-45
96.7 0.66 1e-44 1.35e-44 5.21e-45
96.8 0.66 8.6e-45 1.16e-44 4.48e-45
96.9 0.66 7.39e-45 9.94e-45 3.85e-45
97 0.66 6.35e-45 8.54e-45 3.31e-45
97.1 0.66 5.46e-45 7.34e-45 2.84e-45
97.2 0.66 4.69e-45 6.31e-45 2.44e-45
97.3 0.66 4.03e-45 5.42e-45 2.1e-45
97.4 0.66 3.47e-45 4.66e-45 1.81e-45
97.5 0.66 2.98e-45 4e-45 1.55e-45
97.6 0.66 2.56e-45 3.44e-45 1.33e-45
97.7 0.66 2.2e-45 2.96e-45 1.15e-45
97.8 0.66 1.89e-45 2.54e-45 9.85e-46
97.9 0.66 1.62e-45 2.18e-45 8.46e-46
98 0.66 1.4e-45 1.88e-45 7.27e-46
98.1 0.66 1.2e-45 1.61e-45 6.25e-46
98.2 0.66 1.03e-45 1.39e-45 5.37e-46
98.3 0.66 8.86e-46 1.19e-45 4.62e-46
98.4 0.66 7.62e-46 1.02e-45 3.97e-46
98.5 0.66 6.55e-46 8.8e-46 3.41e-46
98.6 0.66 5.63e-46 7.56e-46 2.93e-46
98.7 0.66 4.83e-46 6.5e-46 2.52e-46
98.8 0.66 4.15e-46 5.59e-46 2.16e-46
98.9 0.66 3.57e-46 4.8e-46 1.86e-46
99 0.66 3.07e-46 4.13e-46 1.6e-46
99.1 0.66 2.64e-46 3.55e-46 1.37e-46
99.2 0.66 2.27e-46 3.05e-46 1.18e-46
99.3 0.66 1.95e-46 2.62e-46 1.01e-46
99.4 0.66 1.67e-46 2.25e-46 8.72e-47
99.5 0.66 1.44e-46 1.93e-46 7.49e-47
99.6 0.66 1.24e-46 1.66e-46 6.44e-47
99.7 0.66 1.06e-46 1.43e-46 5.53e-47
99.8 0.66 9.13e-47 1.23e-46 4.76e-47
99.9 0.66 7.85e-47 1.05e-46 4.09e-47
