-25 0.6 2.61e-17 2.09e-16 5.42e-16
-24.9 0.6 3.08e-17 2.47e-16 6.41e-16
-24.8 0.6 3.64e-17 2.92e-16 7.57e-16
-24.7 0.6 4.3e-17 3.45e-16 8.94e-16
-24.6 0.6 5.09e-17 4.08e-16 1.06e-15
-24.5 0.6 6.01e-17 4.82e-16 1.25e-15
-24.4 0.6 7.1e-17 5.69e-16 1.47e-15
-24.3 0.6 8.38e-17 6.72e-16 1.74e-15
-24.2 0.6 9.9e-17 7.94e-16 2.06e-15
-24.1 0.6 1.17e-16 9.38e-16 2.43e-15
-24 0.6 1.38e-16 1.11e-15 2.87e-15
-23.9 0.6 1.63e-16 1.31e-15 3.39e-15
-23.8 0.6 1.93e-16 1.55e-15 4.01e-15
-23.7 0.6 2.28e-16 1.83e-15 4.73e-15
-23.6 0.6 2.69e-16 2.16e-15 5.59e-15
-23.5 0.6 3.18e-16 2.55e-15 6.61e-15
-23.4 0.6 3.76e-16 3.01e-15 7.81e-15
-23.3 0.6 4.44e-16 3.56e-15 9.22e-15
-23.2 0.6 5.24e-16 4.2e-15 1.09e-14
-23.1 0.6 6.2e-16 4.97e-15 1.29e-14
-23 0.6 7.32e-16 5.87e-15 1.52e-14
-22.9 0.6 8.65e-16 6.93e-15 1.8e-14
-22.8 0.6 1.02e-15 8.19e-15 2.12e-14
-22.7 0.6 1.21e-15 9.68e-15 2.51e-14
-22.6 0.6 1.43e-15 1.14e-14 2.96e-14
-22.5 0.6 1.68e-15 1.35e-14 3.5e-14
-22.4 0.6 1.99e-15 1.6e-14 4.13e-14
-22.3 0.6 2.35e-15 1.88e-14 4.88e-14
-22.2 0.6 2.78e-15 2.23e-14 5.77e-14
-22.1 0.6 3.28e-15 2.63e-14 6.81e-14
-22 0.6 3.87e-15 3.11e-14 8.05e-14
-21.9 0.6 4.58e-15 3.67e-14 9.51e-14
-21.8 0.6 5.41e-15 4.34e-14 1.12e-13
-21.7 0.6 6.39e-15 5.12e-14 1.33e-13
-21.6 0.6 7.55e-15 6.05e-14 1.57e-13
-21.5 0.6 8.92e-15 7.15e-14 1.85e-13
-21.4 0.6 1.05e-14 8.45e-14 2.19e-13
-21.3 0.6 1.24e-14 9.98e-14 2.59e-13
-21.2 0.6 1.47e-14 1.18e-13 3.05e-13
-21.1 0.6 1.74e-14 1.39e-13 3.61e-13
-21 0.6 2.05e-14 1.65e-13 4.26e-13
-20.9 0.6 2.42e-14 1.94e-13 5.04e-13
-20.8 0.6 2.86e-14 2.3e-13 5.95e-13
-20.7 0.6 3.38e-14 2.71e-13 7.03e-13
-20.6 0.6 4e-14 3.2e-13 8.3e-13
-20.5 0.6 4.72e-14 3.79e-13 9.81e-13
-20.4 0.6 5.58e-14 4.47e-13 1.16e-12
-20.3 0.6 6.59e-14 5.28e-13 1.37e-12
-20.2 0.6 7.78e-14 6.24e-13 1.62e-12
-20.1 0.6 9.19e-14 7.37e-13 1.91e-12
-20 0.6 1.09e-13 8.71e-13 2.26e-12
-19.9 0.6 1.28e-13 1.03e-12 2.67e-12
-19.8 0.6 1.52e-13 1.22e-12 3.15e-12
-19.7 0.6 1.79e-13 1.44e-12 3.72e-12
-19.6 0.6 2.12e-13 1.7e-12 4.4e-12
-19.5 0.6 2.5e-13 2e-12 5.19e-12
-19.4 0.6 2.95e-13 2.37e-12 6.13e-12
-19.3 0.6 3.49e-13 2.8e-12 7.25e-12
-19.2 0.6 4.12e-13 3.3e-12 8.56e-12
-15.9 0.6 1.01e-10 8.08e-10 2.09e-09
-15.8 0.6 1.19e-10 9.55e-10 2.47e-09
-15.7 0.6 1.41e-10 1.13e-09 2.92e-09
-15.6 0.6 1.66e-10 1.33e-09 3.45e-09
-15.5 0.6 1.96e-10 1.57e-09 4.08e-09
-15.4 0.6 2.32e-10 1.86e-09 4.82e-09
-15.3 0.6 2.74e-10 2.2e-09 5.69e-09
-15.2 0.6 3.24e-10 2.6e-09 6.73e-09
-15.1 0.6 3.83e-10 3.07e-09 7.95e-09
-15 0.6 4.52e-10 3.62e-09 9.39e-09
-14.9 0.6 5.34e-10 4.28e-09 1.11e-08
-14.8 0.6 6.31e-10 5.06e-09 1.31e-08
-14.7 0.6 7.45e-10 5.97e-09 1.55e-08
-14.6 0.6 8.8e-10 7.06e-09 1.83e-08
-14.5 0.6 1.04e-09 8.34e-09 2.16e-08
-14.4 0.6 1.23e-09 9.85e-09 2.55e-08
-14.3 0.6 1.45e-09 1.16e-08 3.01e-08
-14.2 0.6 1.71e-09 1.37e-08 3.56e-08
-14.1 0.6 2.03e-09 1.62e-08 4.21e-08
-14 0.6 2.39e-09 1.92e-08 4.97e-08
-13.9 0.6 2.83e-09 2.27e-08 5.87e-08
-13.8 0.6 3.34e-09 2.68e-08 6.94e-08
-13.7 0.6 3.94e-09 3.16e-08 8.19e-08
-13.6 0.6 4.66e-09 3.74e-08 9.68e-08
-13.5 0.6 5.51e-09 4.41e-08 1.14e-07
-13.4 0.6 6.5e-09 5.21e-08 1.35e-07
-13.3 0.6 7.68e-09 6.16e-08 1.6e-07
-13.2 0.6 9.08e-09 7.28e-08 1.89e-07
-13.1 0.6 1.07e-08 8.6e-08 2.23e-07
-13 0.6 1.27e-08 1.02e-07 2.63e-07
-12.9 0.6 1.5e-08 1.2e-07 3.11e-07
-12.8 0.6 1.77e-08 1.42e-07 3.67e-07
-12.7 0.6 2.09e-08 1.67e-07 4.34e-07
-12.6 0.6 2.47e-08 1.98e-07 5.13e-07
-12.5 0.6 2.91e-08 2.34e-07 6.06e-07
-12.4 0.6 3.44e-08 2.76e-07 7.15e-07
-12.3 0.6 4.07e-08 3.26e-07 8.45e-07
-12.2 0.6 4.81e-08 3.85e-07 9.98e-07
-12.1 0.6 5.68e-08 4.55e-07 1.18e-06
-12 0.6 6.71e-08 5.38e-07 1.39e-06
-11.9 0.6 7.92e-08 6.35e-07 1.65e-06
-11.8 0.6 9.36e-08 7.51e-07 1.94e-06
-11.7 0.6 1.11e-07 8.87e-07 2.3e-06
-11.6 0.6 1.31e-07 1.05e-06 2.71e-06
-11.5 0.6 1.54e-07 1.24e-06 3.21e-06
-11.4 0.6 1.82e-07 1.46e-06 3.79e-06
-11.3 0.6 2.15e-07 1.73e-06 4.47e-06
-11.2 0.6 2.54e-07 2.04e-06 5.29e-06
-11.1 0.6 3.01e-07 2.41e-06 6.24e-06
-11 0.6 3.55e-07 2.85e-06 7.38e-06
-10.9 0.6 4.19e-07 3.36e-06 8.71e-06
-10.8 0.6 4.95e-07 3.97e-06 1.03e-05
-10.7 0.6 5.85e-07 4.69e-06 1.22e-05
-10.6 0.6 6.91e-07 5.55e-06 1.44e-05
-10.5 0.6 8.17e-07 6.55e-06 1.7e-05
-10.4 0.6 9.65e-07 7.74e-06 2.01e-05
-10.3 0.6 1.14e-06 9.14e-06 2.37e-05
-10.2 0.6 1.35e-06 1.08e-05 2.8e-05
-10.1 0.6 1.59e-06 1.28e-05 3.31e-05
-10 0.6 1.88e-06 1.51e-05 3.91e-05
-9.9 0.6 2.22e-06 1.78e-05 4.61e-05
-9.8 0.6 2.62e-06 2.1e-05 5.45e-05
-9.7 0.6 3.1e-06 2.48e-05 6.44e-05
-9.6 0.6 3.66e-06 2.94e-05 7.61e-05
-9.5 0.6 4.32e-06 3.47e-05 8.99e-05
-9.4 0.6 5.1e-06 4.1e-05 0.000106
-9.3 0.6 6.02e-06 4.84e-05 0.000125
-9.2 0.6 7.11e-06 5.71e-05 0.000148
-9.1 0.6 8.39e-06 6.75e-05 0.000175
-9 0.6 9.91e-06 7.97e-05 0.000207
-8.9 0.6 1.17e-05 9.42e-05 0.000244
-8.8 0.6 1.38e-05 0.000111 0.000289
-8.7 0.6 1.63e-05 0.000131 0.000341
-8.6 0.6 1.92e-05 0.000155 0.000403
-8.5 0.6 2.27e-05 0.000183 0.000476
-8.4 0.6 2.67e-05 0.000216 0.000562
-8.3 0.6 3.15e-05 0.000256 0.000664
-8.2 0.6 3.71e-05 0.000302 0.000784
-8.1 0.6 4.37e-05 0.000356 0.000927
-8 0.6 5.15e-05 0.00042 0.00109
-7.9 0.6 6.06e-05 0.000496 0.00129
-7.8 0.6 7.12e-05 0.000586 0.00153
-7.7 0.6 8.36e-05 0.000691 0.0018
-7.6 0.6 9.81e-05 0.000815 0.00213
-7.5 0.6 0.000115 0.000961 0.00252
-7.4 0.6 0.000134 0.00113 0.00297
-7.3 0.6 0.000157 0.00134 0.00351
-7.2 0.6 0.000183 0.00157 0.00415
-7.1 0.6 0.000213 0.00185 0.0049
-7 0.6 0.000246 0.00218 0.00579
-6.9 0.6 0.000284 0.00256 0.00684
-6.8 0.6 0.000327 0.00302 0.00807
-6.7 0.6 0.000374 0.00358 0.00953
-6.6 0.6 0.000426 0.00424 0.0113
-6.5 0.6 0.000481 0.00502 0.0133
-6.4 0.6 0.000539 0.00594 0.0157
-6.3 0.6 0.000599 0.00704 0.0185
-6.2 0.6 0.000659 0.00834 0.0218
-6.1 0.6 0.000716 0.00988 0.0257
-6 0.6 0.000768 0.0117 0.0302
-5.9 0.6 0.000817 0.0138 0.0355
-5.8 0.6 0.00209 0.0175 0.0428
-5.7 0.6 0.00235 0.0206 0.0501
-5.6 0.6 0.00268 0.0241 0.0583
-5.5 0.6 0.00313 0.0282 0.0675
-5.4 0.6 0.00378 0.0327 0.0775
-5.3 0.6 0.00481 0.0376 0.0881
-5.2 0.6 0.00904 0.0444 0.101
-5.1 0.6 0.0119 0.0496 0.111
-5 0.6 0.016 0.0542 0.119
-4.9 0.6 0.0217 0.058 0.125
-4.8 0.6 0.0292 0.0604 0.126
-4.7 0.6 0.0386 0.0614 0.124
-4.6 0.6 0.0489 0.0588 0.118
-4.5 0.6 0.0614 0.058 0.111
-4.4 0.6 0.0745 0.0585 0.102
-4.3 0.6 0.0877 0.0599 0.0924
-4.2 0.6 0.1 0.0614 0.0829
-4.1 0.6 0.112 0.0627 0.0733
-4 0.6 0.125 0.0586 0.0661
-3.9 0.6 0.136 0.0607 0.0587
-3.8 0.6 0.146 0.0618 0.0505
-3.7 0.6 0.152 0.0611 0.0408
-3.6 0.6 0.156 0.0575 0.0289
-3.5 0.6 0.175 0.0562 0.0326
-3.4 0.6 0.178 0.0527 0.0223
-3.3 0.6 0.179 0.0456 0.026
-3.2 0.6 0.157 0.0537 0.102
-3.1 0.6 0.153 0.0395 0.116
-3 0.6 0.15 0.0522 0.118
-2.9 0.6 0.152 0.0601 0.103
-2.8 0.6 0.13 0.0913 0.141
-2.7 0.6 0.151 0.0798 0.163
-2.6 0.6 0.18 0.0594 0.097
-2.5 0.6 0.201 0.0484 0.106
-2.4 0.6 0.343 0.346 0.168
-2.3 0.6 0.378 0.309 0.12
-2.2 0.6 0.325 0.183 0.081
-2.1 0.6 0.339 0.134 0.0605
-2 0.6 0.34 0.0481 0.0498
-1.9 0.6 0.389 0.257 0.0934
-1.8 0.6 0.361 0.242 0.158
-1.7 0.6 0.352 0.0927 0.055
-1.6 0.6 0.337 0.0782 0.0522
-1.5 0.6 0.322 0.0511 0.103
-1.4 0.6 0.292 0.0692 0.168
-1.3 0.6 0.355 0.0173 0.0475
-1.2 0.6 0.371 0.0351 0.0616
-1.1 0.6 0.392 0.129 0.137
-1 0.6 0.409 0.0258 0.0226
-0.9 0.6 0.426 0.0142 0.00738
-0.8 0.6 0.44 0.0441 0.0241
-0.7 0.6 0.45 0.0565 0.0344
-0.6 0.6 0.462 0.0409 0.0307
-0.5 0.6 0.469 0.0104 0.00743
-0.4 0.6 0.476 0.0213 0.0265
-0.3 0.6 0.483 0.0416 0.055
-0.2 0.6 0.492 0.0441 0.0627
-0.1 0.6 0.503 0.0266 0.0453
3.02e-14 0.6 0.518 0.00628 0.00832
0.1 0.6 0.536 0.0356 0.0339
0.2 0.6 0.554 0.183 0.168
0.3 0.6 0.58 0.0843 0.0453
0.4 0.6 0.599 0.0708 0.0261
0.5 0.6 0.679 0.248 0.0929
0.6 0.6 0.618 0.0557 0.0188
0.7 0.6 0.616 0.0782 0.0692
0.8 0.6 0.61 0.0789 0.107
0.9 0.6 0.603 0.0575 0.124
1 0.6 0.588 0.17 0.29
1.1 0.6 0.605 0.056 0.0885
1.2 0.6 0.618 0.0543 0.0573
1.3 0.6 0.64 0.044 0.0802
1.4 0.6 0.637 0.0666 0.179
1.5 0.6 0.697 0.066 0.0777
1.6 0.6 0.619 0.108 0.294
1.7 0.6 0.658 0.151 0.277
1.8 0.6 0.748 0.117 0.0796
1.9 0.6 0.782 0.0743 0.0455
2 0.6 0.797 0.112 0.0527
2.1 0.6 0.809 0.0957 0.0569
2.2 0.6 0.815 0.0767 0.0552
2.3 0.6 0.816 0.0577 0.0494
2.4 0.6 0.816 0.0423 0.0414
2.5 0.6 0.802 0.0516 0.0205
2.6 0.6 0.802 0.0443 0.0158
2.7 0.6 0.803 0.0361 0.0184
2.8 0.6 0.805 0.0282 0.0191
2.9 0.6 0.807 0.0212 0.0186
3 0.6 0.806 0.00494 0.0131
3.1 0.6 0.81 0.00547 0.0119
3.2 0.6 0.815 0.00544 0.0105
3.3 0.6 0.819 0.00503 0.00883
3.4 0.6 0.823 0.00441 0.00716
3.5 0.6 0.827 0.00369 0.00557
3.6 0.6 0.83 0.00295 0.00412
3.7 0.6 0.834 0.00225 0.00285
3.8 0.6 0.837 0.0016 0.0018
3.9 0.6 0.84 0.00102 0.000957
4 0.6 0.843 0.00106 0.00126
4.1 0.6 0.845 0.00122 0.00144
4.2 0.6 0.848 0.0013 0.00147
4.3 0.6 0.85 0.00174 0.00169
4.4 0.6 0.852 0.00162 0.00151
4.5 0.6 0.853 0.00149 0.00133
4.6 0.6 0.855 0.00134 0.00116
4.7 0.6 0.856 0.00119 0.00102
4.8 0.6 0.857 0.00104 0.000913
4.9 0.6 0.858 0.000898 0.00084
5 0.6 0.859 0.000763 0.000796
5.1 0.6 0.86 0.000645 0.000774
5.2 0.6 0.86 0.000547 0.00077
5.3 0.6 0.861 0.000471 0.000783
5.4 0.6 0.861 0.00042 0.00082
5.5 0.6 0.862 0.000399 0.000901
5.6 0.6 0.862 0.000527 0.00108
5.7 0.6 0.862 0.00067 0.00163
5.8 0.6 0.859 0.00363 0.0106
5.9 0.6 0.863 0.00137 0.000509
6 0.6 0.863 0.000501 0.000217
6.1 0.6 0.863 0.000256 0.000132
6.2 0.6 0.863 0.000149 9.24e-05
6.3 0.6 0.863 9.33e-05 6.95e-05
6.4 0.6 0.863 6.1e-05 5.46e-05
6.5 0.6 0.864 4.13e-05 4.41e-05
6.6 0.6 0.864 2.88e-05 3.63e-05
6.7 0.6 0.864 2.07e-05 3.03e-05
6.8 0.6 0.864 1.89e-05 2.21e-05
6.9 0.6 0.864 1.48e-05 1.88e-05
7 0.6 0.864 1.2e-05 1.62e-05
7.1 0.6 0.864 9.99e-06 1.4e-05
7.2 0.6 0.864 8.56e-06 1.23e-05
7.3 0.6 0.864 7.54e-06 1.08e-05
7.4 0.6 0.864 6.8e-06 9.6e-06
7.5 0.6 0.864 6.25e-06 8.58e-06
7.6 0.6 0.864 5.85e-06 7.73e-06
7.7 0.6 0.864 5.56e-06 7.01e-06
7.8 0.6 0.864 5.33e-06 6.42e-06
7.9 0.6 0.864 5.16e-06 5.92e-06
8 0.6 0.864 5.04e-06 5.49e-06
8.1 0.6 0.864 4.94e-06 5.13e-06
8.2 0.6 0.864 4.86e-06 4.83e-06
8.3 0.6 0.864 4.81e-06 4.57e-06
8.4 0.6 0.864 4.76e-06 4.36e-06
8.5 0.6 0.864 4.72e-06 4.17e-06
8.6 0.6 0.864 4.69e-06 4.02e-06
8.7 0.6 0.864 4.67e-06 3.89e-06
8.8 0.6 0.864 4.65e-06 3.78e-06
8.9 0.6 0.864 4.64e-06 3.69e-06
9 0.6 0.864 4.63e-06 3.61e-06
9.1 0.6 0.864 4.61e-06 3.54e-06
9.2 0.6 0.864 4.6e-06 3.49e-06
9.3 0.6 0.864 4.6e-06 3.44e-06
9.4 0.6 0.864 4.59e-06 3.4e-06
9.5 0.6 0.864 4.59e-06 3.36e-06
9.6 0.6 0.864 4.59e-06 3.33e-06
9.7 0.6 0.864 4.59e-06 3.31e-06
9.8 0.6 0.864 4.58e-06 3.29e-06
9.9 0.6 0.864 4.59e-06 3.27e-06
10 0.6 0.864 4.58e-06 3.26e-06
10.1 0.6 0.864 4.58e-06 3.25e-06
10.2 0.6 0.864 4.58e-06 3.23e-06
10.3 0.6 0.864 4.58e-06 3.23e-06
10.4 0.6 0.864 4.58e-06 3.22e-06
10.5 0.6 0.864 4.57e-06 3.21e-06
10.6 0.6 0.864 4.57e-06 3.2e-06
10.7 0.6 0.864 4.57e-06 3.2e-06
10.8 0.6 0.864 4.57e-06 3.19e-06
10.9 0.6 0.864 4.57e-06 3.19e-06
11 0.6 0.864 4.57e-06 3.2e-06
11.1 0.6 0.864 4.57e-06 3.19e-06
11.2 0.6 0.864 4.57e-06 3.19e-06
11.3 0.6 0.864 4.57e-06 3.19e-06
11.4 0.6 0.864 4.57e-06 3.18e-06
11.5 0.6 0.864 4.57e-06 3.18e-06
11.6 0.6 0.864 4.57e-06 3.18e-06
11.7 0.6 0.864 4.57e-06 3.18e-06
11.8 0.6 0.864 4.57e-06 3.18e-06
11.9 0.6 0.864 4.57e-06 3.18e-06
12 0.6 0.864 4.57e-06 3.18e-06
12.1 0.6 0.864 4.57e-06 3.18e-06
12.2 0.6 0.864 4.57e-06 3.18e-06
12.3 0.6 0.864 4.57e-06 3.18e-06
12.4 0.6 0.864 4.57e-06 3.18e-06
12.5 0.6 0.864 4.57e-06 3.18e-06
12.6 0.6 0.864 4.57e-06 3.18e-06
12.7 0.6 0.864 4.57e-06 3.18e-06
12.8 0.6 0.864 4.57e-06 3.18e-06
12.9 0.6 0.864 4.57e-06 3.18e-06
13 0.6 0.864 4.57e-06 3.18e-06
13.1 0.6 0.864 4.57e-06 3.18e-06
13.2 0.6 0.864 4.57e-06 3.18e-06
13.3 0.6 0.864 4.57e-06 3.18e-06
13.4 0.6 0.864 4.57e-06 3.18e-06
13.5 0.6 0.864 4.57e-06 3.18e-06
13.6 0.6 0.864 4.57e-06 3.18e-06
13.7 0.6 0.864 4.57e-06 3.18e-06
13.8 0.6 0.864 4.57e-06 3.18e-06
13.9 0.6 0.864 4.57e-06 3.18e-06
14 0.6 0.864 4.57e-06 3.18e-06
14.1 0.6 0.864 4.57e-06 3.18e-06
14.2 0.6 0.864 4.57e-06 3.18e-06
14.3 0.6 0.864 4.57e-06 3.18e-06
14.4 0.6 0.864 4.57e-06 3.18e-06
14.5 0.6 0.864 4.57e-06 3.18e-06
14.6 0.6 0.864 4.57e-06 3.18e-06
14.7 0.6 0.864 4.57e-06 3.19e-06
14.8 0.6 0.864 4.57e-06 3.19e-06
14.9 0.6 0.864 4.57e-06 3.19e-06
15 0.6 0.864 4.57e-06 3.2e-06
15.1 0.6 0.864 4.57e-06 3.19e-06
15.2 0.6 0.864 4.57e-06 3.19e-06
15.3 0.6 0.864 4.57e-06 3.2e-06
15.4 0.6 0.864 4.57e-06 3.2e-06
15.5 0.6 0.864 4.57e-06 3.21e-06
15.6 0.6 0.864 4.58e-06 3.22e-06
15.7 0.6 0.864 4.58e-06 3.23e-06
15.8 0.6 0.864 4.58e-06 3.23e-06
15.9 0.6 0.864 4.58e-06 3.25e-06
16 0.6 0.864 4.58e-06 3.26e-06
16.1 0.6 0.864 4.59e-06 3.27e-06
16.2 0.6 0.864 4.58e-06 3.29e-06
16.3 0.6 0.864 4.59e-06 3.31e-06
16.4 0.6 0.864 4.59e-06 3.33e-06
16.5 0.6 0.864 4.59e-06 3.36e-06
16.6 0.6 0.864 4.59e-06 3.4e-06
16.7 0.6 0.864 4.6e-06 3.44e-06
16.8 0.6 0.864 4.6e-06 3.49e-06
16.9 0.6 0.864 4.61e-06 3.54e-06
17 0.6 0.864 4.63e-06 3.61e-06
17.1 0.6 0.864 4.64e-06 3.69e-06
17.2 0.6 0.864 4.65e-06 3.78e-06
17.3 0.6 0.864 4.67e-06 3.89e-06
17.4 0.6 0.864 4.69e-06 4.02e-06
17.5 0.6 0.864 4.72e-06 4.17e-06
17.6 0.6 0.864 4.76e-06 4.36e-06
17.7 0.6 0.864 4.81e-06 4.57e-06
17.8 0.6 0.864 4.86e-06 4.83e-06
17.9 0.6 0.864 4.94e-06 5.13e-06
18 0.6 0.864 5.04e-06 5.49e-06
18.1 0.6 0.864 5.16e-06 5.92e-06
18.2 0.6 0.864 5.33e-06 6.42e-06
18.3 0.6 0.864 5.56e-06 7.01e-06
18.4 0.6 0.864 5.85e-06 7.73e-06
18.5 0.6 0.864 6.25e-06 8.58e-06
18.6 0.6 0.864 6.8e-06 9.6e-06
18.7 0.6 0.864 7.54e-06 1.08e-05
18.8 0.6 0.864 8.56e-06 1.23e-05
18.9 0.6 0.864 9.99e-06 1.4e-05
19 0.6 0.864 1.2e-05 1.62e-05
19.1 0.6 0.864 1.48e-05 1.88e-05
19.2 0.6 0.864 1.89e-05 2.21e-05
19.3 0.6 0.864 2.07e-05 3.03e-05
19.4 0.6 0.864 2.88e-05 3.63e-05
19.5 0.6 0.864 4.13e-05 4.41e-05
19.6 0.6 0.863 6.1e-05 5.46e-05
19.7 0.6 0.863 9.33e-05 6.95e-05
19.8 0.6 0.863 0.000149 9.24e-05
19.9 0.6 0.863 0.000256 0.000132
20 0.6 0.863 0.000501 0.000217
20.1 0.6 0.863 0.00137 0.000509
20.2 0.6 0.859 0.00363 0.0106
20.3 0.6 0.862 0.00067 0.00163
20.4 0.6 0.862 0.000527 0.00108
20.5 0.6 0.862 0.000399 0.000901
20.6 0.6 0.861 0.00042 0.00082
20.7 0.6 0.861 0.000471 0.000783
20.8 0.6 0.86 0.000547 0.00077
20.9 0.6 0.86 0.000645 0.000774
21 0.6 0.859 0.000763 0.000796
21.1 0.6 0.858 0.000898 0.00084
21.2 0.6 0.857 0.00104 0.000913
21.3 0.6 0.856 0.00119 0.00102
21.4 0.6 0.855 0.00134 0.00116
21.5 0.6 0.853 0.00149 0.00133
21.6 0.6 0.852 0.00162 0.00151
21.7 0.6 0.85 0.00174 0.00169
21.8 0.6 0.848 0.0013 0.00147
21.9 0.6 0.845 0.00122 0.00144
22 0.6 0.843 0.00106 0.00126
22.1 0.6 0.84 0.00102 0.000957
22.2 0.6 0.837 0.0016 0.0018
22.3 0.6 0.834 0.00225 0.00285
22.4 0.6 0.83 0.00295 0.00412
22.5 0.6 0.827 0.00369 0.00557
22.6 0.6 0.823 0.00441 0.00716
22.7 0.6 0.819 0.00503 0.00883
22.8 0.6 0.815 0.00544 0.0105
22.9 0.6 0.81 0.00547 0.0119
23 0.6 0.806 0.00494 0.0131
23.1 0.6 0.807 0.0212 0.0186
23.2 0.6 0.805 0.0282 0.0191
23.3 0.6 0.803 0.0361 0.0184
23.4 0.6 0.802 0.0443 0.0158
23.5 0.6 0.802 0.0516 0.0205
23.6 0.6 0.816 0.0423 0.0414
23.7 0.6 0.816 0.0577 0.0494
23.8 0.6 0.815 0.0767 0.0552
23.9 0.6 0.809 0.0957 0.0569
24 0.6 0.797 0.112 0.0527
24.1 0.6 0.782 0.0743 0.0455
24.2 0.6 0.748 0.117 0.0796
24.3 0.6 0.658 0.151 0.277
24.4 0.6 0.619 0.108 0.294
24.5 0.6 0.697 0.066 0.0777
24.6 0.6 0.637 0.0666 0.179
24.7 0.6 0.64 0.044 0.0802
24.8 0.6 0.618 0.0543 0.0573
24.9 0.6 0.605 0.056 0.0885
25 0.6 0.588 0.17 0.29
25.1 0.6 0.603 0.0575 0.124
25.2 0.6 0.61 0.0789 0.107
25.3 0.6 0.616 0.0782 0.0692
25.4 0.6 0.618 0.0557 0.0188
25.5 0.6 0.679 0.248 0.0929
25.6 0.6 0.599 0.0708 0.0261
25.7 0.6 0.58 0.0843 0.0453
25.8 0.6 0.554 0.183 0.168
25.9 0.6 0.536 0.0356 0.0339
26 0.6 0.518 0.00628 0.00832
26.1 0.6 0.503 0.0266 0.0453
26.2 0.6 0.492 0.0441 0.0627
26.3 0.6 0.483 0.0416 0.055
26.4 0.6 0.476 0.0213 0.0265
26.5 0.6 0.469 0.0104 0.00743
26.6 0.6 0.462 0.0409 0.0307
26.7 0.6 0.45 0.0565 0.0344
26.8 0.6 0.44 0.0441 0.0241
26.9 0.6 0.426 0.0142 0.00738
27 0.6 0.409 0.0258 0.0226
27.1 0.6 0.392 0.129 0.137
27.2 0.6 0.371 0.0351 0.0616
27.3 0.6 0.355 0.0173 0.0475
27.4 0.6 0.292 0.0692 0.168
27.5 0.6 0.322 0.0511 0.103
27.6 0.6 0.337 0.0782 0.0522
27.7 0.6 0.352 0.0927 0.055
27.8 0.6 0.361 0.242 0.158
27.9 0.6 0.389 0.257 0.0934
28 0.6 0.34 0.0481 0.0498
28.1 0.6 0.339 0.134 0.0605
28.2 0.6 0.325 0.183 0.081
28.3 0.6 0.378 0.309 0.12
28.4 0.6 0.343 0.346 0.168
28.5 0.6 0.201 0.0484 0.106
28.6 0.6 0.18 0.0594 0.097
28.7 0.6 0.151 0.0798 0.163
28.8 0.6 0.13 0.0913 0.141
28.9 0.6 0.152 0.0601 0.103
29 0.6 0.15 0.0522 0.118
29.1 0.6 0.153 0.0395 0.116
29.2 0.6 0.157 0.0537 0.102
29.3 0.6 0.179 0.0456 0.026
29.4 0.6 0.178 0.0527 0.0223
29.5 0.6 0.175 0.0562 0.0326
29.6 0.6 0.156 0.0575 0.0289
29.7 0.6 0.152 0.0611 0.0408
29.8 0.6 0.146 0.0618 0.0505
29.9 0.6 0.136 0.0607 0.0587
30 0.6 0.125 0.0586 0.0661
30.1 0.6 0.112 0.0627 0.0733
30.2 0.6 0.1 0.0614 0.0829
30.3 0.6 0.0877 0.0599 0.0924
30.4 0.6 0.0745 0.0585 0.102
30.5 0.6 0.0614 0.058 0.111
30.6 0.6 0.0489 0.0588 0.118
30.7 0.6 0.0386 0.0614 0.124
30.8 0.6 0.0292 0.0604 0.126
30.9 0.6 0.0217 0.058 0.125
31 0.6 0.016 0.0542 0.119
31.1 0.6 0.0119 0.0496 0.111
31.2 0.6 0.00904 0.0444 0.101
31.3 0.6 0.00481 0.0376 0.0881
31.4 0.6 0.00378 0.0327 0.0775
31.5 0.6 0.00313 0.0282 0.0675
31.6 0.6 0.00268 0.0241 0.0583
31.7 0.6 0.00235 0.0206 0.0501
31.8 0.6 0.00209 0.0175 0.0428
31.9 0.6 0.000817 0.0138 0.0355
32 0.6 0.000768 0.0117 0.0302
32.1 0.6 0.000716 0.00988 0.0257
32.2 0.6 0.000659 0.00834 0.0218
32.3 0.6 0.000599 0.00704 0.0185
32.4 0.6 0.000539 0.00594 0.0157
32.5 0.6 0.000481 0.00502 0.0133
32.6 0.6 0.000426 0.00424 0.0113
32.7 0.6 0.000374 0.00358 0.00953
32.8 0.6 0.000327 0.00302 0.00807
32.9 0.6 0.000284 0.00256 0.00684
33 0.6 0.000246 0.00218 0.00579
33.1 0.6 0.000213 0.00185 0.0049
33.2 0.6 0.000183 0.00157 0.00415
33.3 0.6 0.000157 0.00134 0.00351
33.4 0.6 0.000134 0.00113 0.00297
33.5 0.6 0.000115 0.000961 0.00252
33.6 0.6 9.81e-05 0.000815 0.00213
33.7 0.6 8.36e-05 0.000691 0.0018
33.8 0.6 7.12e-05 0.000586 0.00153
33.9 0.6 6.06e-05 0.000496 0.00129
34 0.6 5.15e-05 0.00042 0.00109
34.1 0.6 4.37e-05 0.000356 0.000927
34.2 0.6 3.71e-05 0.000302 0.000784
34.3 0.6 3.15e-05 0.000256 0.000664
34.4 0.6 2.67e-05 0.000216 0.000562
34.5 0.6 2.27e-05 0.000183 0.000476
34.6 0.6 1.92e-05 0.000155 0.000403
34.7 0.6 1.63e-05 0.000131 0.000341
34.8 0.6 1.38e-05 0.000111 0.000289
34.9 0.6 1.17e-05 9.42e-05 0.000244
35 0.6 9.91e-06 7.97e-05 0.000207
35.1 0.6 8.39e-06 6.75e-05 0.000175
35.2 0.6 7.11e-06 5.71e-05 0.000148
35.3 0.6 6.02e-06 4.84e-05 0.000125
35.4 0.6 5.1e-06 4.1e-05 0.000106
35.5 0.6 4.32e-06 3.47e-05 8.99e-05
35.6 0.6 3.66e-06 2.94e-05 7.61e-05
35.7 0.6 3.1e-06 2.48e-05 6.44e-05
35.8 0.6 2.62e-06 2.1e-05 5.45e-05
35.9 0.6 2.22e-06 1.78e-05 4.61e-05
36 0.6 1.88e-06 1.51e-05 3.91e-05
36.1 0.6 1.59e-06 1.28e-05 3.31e-05
36.2 0.6 1.35e-06 1.08e-05 2.8e-05
36.3 0.6 1.14e-06 9.14e-06 2.37e-05
36.4 0.6 9.65e-07 7.74e-06 2.01e-05
36.5 0.6 8.17e-07 6.55e-06 1.7e-05
36.6 0.6 6.91e-07 5.55e-06 1.44e-05
36.7 0.6 5.85e-07 4.69e-06 1.22e-05
36.8 0.6 4.95e-07 3.97e-06 1.03e-05
36.9 0.6 4.19e-07 3.36e-06 8.71e-06
37 0.6 3.55e-07 2.85e-06 7.38e-06
37.1 0.6 3.01e-07 2.41e-06 6.24e-06
37.2 0.6 2.54e-07 2.04e-06 5.29e-06
37.3 0.6 2.15e-07 1.73e-06 4.47e-06
37.4 0.6 1.82e-07 1.46e-06 3.79e-06
37.5 0.6 1.54e-07 1.24e-06 3.21e-06
37.6 0.6 1.31e-07 1.05e-06 2.71e-06
37.7 0.6 1.11e-07 8.87e-07 2.3e-06
37.8 0.6 9.36e-08 7.51e-07 1.94e-06
37.9 0.6 7.92e-08 6.35e-07 1.65e-06
38 0.6 6.71e-08 5.38e-07 1.39e-06
38.1 0.6 5.68e-08 4.55e-07 1.18e-06
38.2 0.6 4.81e-08 3.85e-07 9.98e-07
38.3 0.6 4.07e-08 3.26e-07 8.45e-07
38.4 0.6 3.44e-08 2.76e-07 7.15e-07
38.5 0.6 2.91e-08 2.34e-07 6.06e-07
38.6 0.6 2.47e-08 1.98e-07 5.13e-07
38.7 0.6 2.09e-08 1.67e-07 4.34e-07
38.8 0.6 1.77e-08 1.42e-07 3.67e-07
38.9 0.6 1.5e-08 1.2e-07 3.11e-07
39 0.6 1.27e-08 1.02e-07 2.63e-07
39.1 0.6 1.07e-08 8.6e-08 2.23e-07
39.2 0.6 9.08e-09 7.28e-08 1.89e-07
39.3 0.6 7.68e-09 6.16e-08 1.6e-07
39.4 0.6 6.5e-09 5.21e-08 1.35e-07
39.5 0.6 5.51e-09 4.41e-08 1.14e-07
39.6 0.6 4.66e-09 3.74e-08 9.68e-08
39.7 0.6 3.94e-09 3.16e-08 8.19e-08
39.8 0.6 3.34e-09 2.68e-08 6.94e-08
39.9 0.6 2.83e-09 2.27e-08 5.87e-08
40 0.6 2.39e-09 1.92e-08 4.97e-08
40.1 0.6 2.03e-09 1.62e-08 4.21e-08
40.2 0.6 1.71e-09 1.37e-08 3.56e-08
40.3 0.6 1.45e-09 1.16e-08 3.01e-08
40.4 0.6 1.23e-09 9.85e-09 2.55e-08
40.5 0.6 1.04e-09 8.34e-09 2.16e-08
40.6 0.6 8.8e-10 7.06e-09 1.83e-08
40.7 0.6 7.45e-10 5.97e-09 1.55e-08
40.8 0.6 6.31e-10 5.06e-09 1.31e-08
40.9 0.6 5.34e-10 4.28e-09 1.11e-08
41 0.6 4.52e-10 3.62e-09 9.39e-09
41.1 0.6 3.83e-10 3.07e-09 7.95e-09
41.2 0.6 3.24e-10 2.6e-09 6.73e-09
41.3 0.6 2.74e-10 2.2e-09 5.69e-09
41.4 0.6 2.32e-10 1.86e-09 4.82e-09
41.5 0.6 1.96e-10 1.57e-09 4.08e-09
41.6 0.6 1.66e-10 1.33e-09 3.45e-09
41.7 0.6 1.41e-10 1.13e-09 2.92e-09
41.8 0.6 1.19e-10 9.55e-10 2.47e-09
41.9 0.6 1.01e-10 8.08e-10 2.09e-09
45.2 0.6 4.12e-13 3.3e-12 8.56e-12
45.3 0.6 3.49e-13 2.8e-12 7.25e-12
45.4 0.6 2.95e-13 2.37e-12 6.13e-12
45.5 0.6 2.5e-13 2e-12 5.19e-12
45.6 0.6 2.12e-13 1.7e-12 4.4e-12
45.7 0.6 1.79e-13 1.44e-12 3.72e-12
45.8 0.6 1.52e-13 1.22e-12 3.15e-12
45.9 0.6 1.28e-13 1.03e-12 2.67e-12
46 0.6 1.09e-13 8.71e-13 2.26e-12
46.1 0.6 9.19e-14 7.37e-13 1.91e-12
46.2 0.6 7.78e-14 6.24e-13 1.62e-12
46.3 0.6 6.59e-14 5.28e-13 1.37e-12
46.4 0.6 5.58e-14 4.47e-13 1.16e-12
46.5 0.6 4.72e-14 3.79e-13 9.81e-13
46.6 0.6 4e-14 3.2e-13 8.3e-13
46.7 0.6 3.38e-14 2.71e-13 7.03e-13
46.8 0.6 2.86e-14 2.3e-13 5.95e-13
46.9 0.6 2.42e-14 1.94e-13 5.04e-13
47 0.6 2.05e-14 1.65e-13 4.26e-13
47.1 0.6 1.74e-14 1.39e-13 3.61e-13
47.2 0.6 1.47e-14 1.18e-13 3.05e-13
47.3 0.6 1.24e-14 9.98e-14 2.59e-13
47.4 0.6 1.05e-14 8.45e-14 2.19e-13
47.5 0.6 8.92e-15 7.15e-14 1.85e-13
47.6 0.6 7.55e-15 6.05e-14 1.57e-13
47.7 0.6 6.39e-15 5.12e-14 1.33e-13
47.8 0.6 5.41e-15 4.34e-14 1.12e-13
47.9 0.6 4.58e-15 3.67e-14 9.51e-14
48 0.6 3.87e-15 3.11e-14 8.05e-14
48.1 0.6 3.28e-15 2.63e-14 6.81e-14
48.2 0.6 2.78e-15 2.23e-14 5.77e-14
48.3 0.6 2.35e-15 1.88e-14 4.88e-14
48.4 0.6 1.99e-15 1.6e-14 4.13e-14
48.5 0.6 1.68e-15 1.35e-14 3.5e-14
48.6 0.6 1.43e-15 1.14e-14 2.96e-14
48.7 0.6 1.21e-15 9.68e-15 2.51e-14
48.8 0.6 1.02e-15 8.19e-15 2.12e-14
48.9 0.6 8.65e-16 6.93e-15 1.8e-14
49 0.6 7.32e-16 5.87e-15 1.52e-14
49.1 0.6 6.2e-16 4.97e-15 1.29e-14
49.2 0.6 5.24e-16 4.2e-15 1.09e-14
49.3 0.6 4.44e-16 3.56e-15 9.22e-15
49.4 0.6 3.76e-16 3.01e-15 7.81e-15
49.5 0.6 3.18e-16 2.55e-15 6.61e-15
49.6 0.6 2.69e-16 2.16e-15 5.59e-15
49.7 0.6 2.28e-16 1.83e-15 4.73e-15
49.8 0.6 1.93e-16 1.55e-15 4.01e-15
49.9 0.6 1.63e-16 1.31e-15 3.39e-15
50 0.6 1.38e-16 1.11e-15 2.87e-15
50.1 0.6 1.17e-16 9.38e-16 2.43e-15
50.2 0.6 9.9e-17 7.94e-16 2.06e-15
50.3 0.6 8.38e-17 6.72e-16 1.74e-15
50.4 0.6 7.1e-17 5.69e-16 1.47e-15
50.5 0.6 6.01e-17 4.82e-16 1.25e-15
50.6 0.6 5.09e-17 4.08e-16 1.06e-15
50.7 0.6 4.3e-17 3.45e-16 8.94e-16
50.8 0.6 3.64e-17 2.92e-16 7.57e-16
50.9 0.6 3.08e-17 2.47e-16 6.41e-16
51 0.6 2.61e-17 2.09e-16 5.42e-16
51.1 0.6 2.21e-17 1.77e-16 4.59e-16
51.2 0.6 1.87e-17 1.5e-16 3.89e-16
51.3 0.6 1.58e-17 1.27e-16 3.29e-16
51.4 0.6 1.34e-17 1.07e-16 2.78e-16
51.5 0.6 1.13e-17 9.1e-17 2.36e-16
51.6 0.6 9.6e-18 7.7e-17 2e-16
51.7 0.6 8.13e-18 6.52e-17 1.69e-16
51.8 0.6 6.88e-18 5.52e-17 1.43e-16
51.9 0.6 5.83e-18 4.67e-17 1.21e-16
52 0.6 4.93e-18 3.95e-17 1.02e-16
52.1 0.6 4.17e-18 3.35e-17 8.67e-17
52.2 0.6 3.53e-18 2.83e-17 7.34e-17
52.3 0.6 2.99e-18 2.4e-17 6.21e-17
52.4 0.6 2.53e-18 2.03e-17 5.26e-17
52.5 0.6 2.14e-18 1.72e-17 4.45e-17
52.6 0.6 1.81e-18 1.45e-17 3.77e-17
52.7 0.6 1.54e-18 1.23e-17 3.19e-17
52.8 0.6 1.3e-18 1.04e-17 2.7e-17
52.9 0.6 1.1e-18 8.82e-18 2.29e-17
53 0.6 9.31e-19 7.47e-18 1.94e-17
53.1 0.6 7.88e-19 6.32e-18 1.64e-17
53.2 0.6 6.67e-19 5.35e-18 1.39e-17
53.3 0.6 5.65e-19 4.53e-18 1.17e-17
53.4 0.6 4.78e-19 3.83e-18 9.93e-18
53.5 0.6 4.05e-19 3.25e-18 8.41e-18
53.6 0.6 3.43e-19 2.75e-18 7.12e-18
53.7 0.6 2.9e-19 2.33e-18 6.03e-18
53.8 0.6 2.46e-19 1.97e-18 5.1e-18
53.9 0.6 2.08e-19 1.67e-18 4.32e-18
54 0.6 1.76e-19 1.41e-18 3.65e-18
54.1 0.6 1.49e-19 1.19e-18 3.09e-18
54.2 0.6 1.26e-19 1.01e-18 2.62e-18
54.3 0.6 1.07e-19 8.56e-19 2.22e-18
54.4 0.6 9.03e-20 7.24e-19 1.88e-18
54.5 0.6 7.65e-20 6.13e-19 1.59e-18
54.6 0.6 6.47e-20 5.19e-19 1.34e-18
54.7 0.6 5.48e-20 4.39e-19 1.14e-18
54.8 0.6 4.64e-20 3.72e-19 9.63e-19
54.9 0.6 3.93e-20 3.15e-19 8.15e-19
55 0.6 3.32e-20 2.66e-19 6.9e-19
55.1 0.6 2.81e-20 2.26e-19 5.84e-19
55.2 0.6 2.38e-20 1.91e-19 4.95e-19
55.3 0.6 2.02e-20 1.62e-19 4.19e-19
55.4 0.6 1.71e-20 1.37e-19 3.54e-19
55.5 0.6 1.44e-20 1.16e-19 3e-19
55.6 0.6 1.22e-20 9.8e-20 2.54e-19
55.7 0.6 1.03e-20 8.3e-20 2.15e-19
55.8 0.6 8.76e-21 7.02e-20 1.82e-19
55.9 0.6 7.41e-21 5.94e-20 1.54e-19
56 0.6 6.28e-21 5.03e-20 1.3e-19
56.1 0.6 5.31e-21 4.26e-20 1.1e-19
56.2 0.6 4.5e-21 3.61e-20 9.34e-20
56.3 0.6 3.81e-21 3.05e-20 7.91e-20
56.4 0.6 3.22e-21 2.58e-20 6.69e-20
56.5 0.6 2.73e-21 2.19e-20 5.67e-20
56.6 0.6 2.31e-21 1.85e-20 4.8e-20
56.7 0.6 1.95e-21 1.57e-20 4.06e-20
56.8 0.6 1.65e-21 1.33e-20 3.44e-20
56.9 0.6 1.4e-21 1.12e-20 2.91e-20
57 0.6 1.19e-21 9.5e-21 2.46e-20
57.1 0.6 1e-21 8.05e-21 2.08e-20
57.2 0.6 8.49e-22 6.81e-21 1.76e-20
57.3 0.6 7.19e-22 5.76e-21 1.49e-20
57.4 0.6 6.09e-22 4.88e-21 1.26e-20
57.5 0.6 5.15e-22 4.13e-21 1.07e-20
57.6 0.6 4.36e-22 3.5e-21 9.06e-21
57.7 0.6 3.69e-22 2.96e-21 7.67e-21
57.8 0.6 3.12e-22 2.51e-21 6.49e-21
57.9 0.6 2.64e-22 2.12e-21 5.49e-21
58 0.6 2.24e-22 1.8e-21 4.65e-21
58.1 0.6 1.9e-22 1.52e-21 3.94e-21
58.2 0.6 1.6e-22 1.29e-21 3.33e-21
58.3 0.6 1.36e-22 1.09e-21 2.82e-21
58.4 0.6 1.15e-22 9.22e-22 2.39e-21
58.5 0.6 9.73e-23 7.8e-22 2.02e-21
58.6 0.6 8.24e-23 6.6e-22 1.71e-21
58.7 0.6 6.97e-23 5.59e-22 1.45e-21
58.8 0.6 5.9e-23 4.73e-22 1.23e-21
58.9 0.6 5e-23 4.01e-22 1.04e-21
59 0.6 4.23e-23 3.39e-22 8.78e-22
59.1 0.6 3.58e-23 2.87e-22 7.44e-22
59.2 0.6 3.03e-23 2.43e-22 6.29e-22
59.3 0.6 2.56e-23 2.06e-22 5.33e-22
59.4 0.6 2.17e-23 1.74e-22 4.51e-22
59.5 0.6 1.84e-23 1.47e-22 3.82e-22
59.6 0.6 1.56e-23 1.25e-22 3.23e-22
59.7 0.6 1.32e-23 1.06e-22 2.74e-22
59.8 0.6 1.11e-23 8.94e-23 2.32e-22
59.9 0.6 9.44e-24 7.57e-23 1.96e-22
60 0.6 7.99e-24 6.4e-23 1.66e-22
60.1 0.6 6.76e-24 5.42e-23 1.4e-22
60.2 0.6 5.72e-24 4.59e-23 1.19e-22
60.3 0.6 4.84e-24 3.88e-23 1.01e-22
60.4 0.6 4.1e-24 3.29e-23 8.52e-23
60.5 0.6 3.47e-24 2.78e-23 7.21e-23
60.6 0.6 2.94e-24 2.36e-23 6.1e-23
60.7 0.6 2.49e-24 1.99e-23 5.17e-23
60.8 0.6 2.11e-24 1.69e-23 4.37e-23
60.9 0.6 1.78e-24 1.43e-23 3.7e-23
61 0.6 1.51e-24 1.21e-23 3.13e-23
61.1 0.6 1.28e-24 1.02e-23 2.65e-23
61.2 0.6 1.08e-24 8.67e-24 2.25e-23
61.3 0.6 9.15e-25 7.34e-24 1.9e-23
61.4 0.6 7.74e-25 6.21e-24 1.61e-23
61.5 0.6 6.56e-25 5.26e-24 1.36e-23
61.6 0.6 5.55e-25 4.45e-24 1.15e-23
61.7 0.6 4.7e-25 3.77e-24 9.76e-24
61.8 0.6 3.98e-25 3.19e-24 8.26e-24
61.9 0.6 3.37e-25 2.7e-24 6.99e-24
62 0.6 2.85e-25 2.28e-24 5.92e-24
62.1 0.6 2.41e-25 1.93e-24 5.01e-24
62.2 0.6 2.04e-25 1.64e-24 4.24e-24
62.3 0.6 1.73e-25 1.39e-24 3.59e-24
62.4 0.6 1.46e-25 1.17e-24 3.04e-24
62.5 0.6 1.24e-25 9.93e-25 2.57e-24
62.6 0.6 1.05e-25 8.4e-25 2.18e-24
62.7 0.6 8.87e-26 7.11e-25 1.84e-24
62.8 0.6 7.51e-26 6.02e-25 1.56e-24
62.9 0.6 6.36e-26 5.1e-25 1.32e-24
63 0.6 5.38e-26 4.32e-25 1.12e-24
63.1 0.6 4.56e-26 3.65e-25 9.46e-25
63.2 0.6 3.86e-26 3.09e-25 8.01e-25
63.3 0.6 3.26e-26 2.62e-25 6.78e-25
63.4 0.6 2.76e-26 2.22e-25 5.74e-25
63.5 0.6 2.34e-26 1.88e-25 4.86e-25
63.6 0.6 1.98e-26 1.59e-25 4.11e-25
63.7 0.6 1.68e-26 1.34e-25 3.48e-25
63.8 0.6 1.42e-26 1.14e-25 2.95e-25
63.9 0.6 1.2e-26 9.63e-26 2.49e-25
64 0.6 1.02e-26 8.15e-26 2.11e-25
64.1 0.6 8.6e-27 6.9e-26 1.79e-25
64.2 0.6 7.28e-27 5.84e-26 1.51e-25
64.3 0.6 6.16e-27 4.94e-26 1.28e-25
64.4 0.6 5.22e-27 4.18e-26 1.08e-25
64.5 0.6 4.42e-27 3.54e-26 9.18e-26
64.6 0.6 3.74e-27 3e-26 7.77e-26
64.7 0.6 3.17e-27 2.54e-26 6.58e-26
64.8 0.6 2.68e-27 2.15e-26 5.57e-26
64.9 0.6 2.27e-27 1.82e-26 4.71e-26
65 0.6 1.92e-27 1.54e-26 3.99e-26
65.1 0.6 1.63e-27 1.3e-26 3.38e-26
65.2 0.6 1.38e-27 1.1e-26 2.86e-26
65.3 0.6 1.16e-27 9.34e-27 2.42e-26
65.4 0.6 9.86e-28 7.9e-27 2.05e-26
65.5 0.6 8.34e-28 6.69e-27 1.73e-26
65.6 0.6 7.06e-28 5.66e-27 1.47e-26
65.7 0.6 5.98e-28 4.79e-27 1.24e-26
65.8 0.6 5.06e-28 4.06e-27 1.05e-26
65.9 0.6 4.28e-28 3.43e-27 8.9e-27
66 0.6 3.63e-28 2.91e-27 7.53e-27
66.1 0.6 3.07e-28 2.46e-27 6.38e-27
66.2 0.6 2.6e-28 2.08e-27 5.4e-27
66.3 0.6 2.2e-28 1.76e-27 4.57e-27
66.4 0.6 1.86e-28 1.49e-27 3.87e-27
66.5 0.6 1.58e-28 1.26e-27 3.27e-27
66.6 0.6 1.33e-28 1.07e-27 2.77e-27
66.7 0.6 1.13e-28 9.05e-28 2.35e-27
66.8 0.6 9.56e-29 7.66e-28 1.99e-27
66.9 0.6 8.09e-29 6.49e-28 1.68e-27
67 0.6 6.85e-29 5.49e-28 1.42e-27
67.1 0.6 5.8e-29 4.65e-28 1.2e-27
67.2 0.6 4.91e-29 3.93e-28 1.02e-27
67.3 0.6 4.15e-29 3.33e-28 8.63e-28
67.4 0.6 3.52e-29 2.82e-28 7.3e-28
67.5 0.6 2.98e-29 2.39e-28 6.18e-28
67.6 0.6 2.52e-29 2.02e-28 5.23e-28
67.7 0.6 2.13e-29 1.71e-28 4.43e-28
67.8 0.6 1.81e-29 1.45e-28 3.75e-28
67.9 0.6 1.53e-29 1.23e-28 3.17e-28
68 0.6 1.29e-29 1.04e-28 2.69e-28
68.1 0.6 1.09e-29 8.78e-29 2.27e-28
68.2 0.6 9.27e-30 7.43e-29 1.93e-28
68.3 0.6 7.85e-30 6.29e-29 1.63e-28
68.4 0.6 6.64e-30 5.33e-29 1.38e-28
68.5 0.6 5.62e-30 4.51e-29 1.17e-28
68.6 0.6 4.76e-30 3.82e-29 9.89e-29
68.7 0.6 4.03e-30 3.23e-29 8.37e-29
68.8 0.6 3.41e-30 2.73e-29 7.08e-29
68.9 0.6 2.89e-30 2.31e-29 6e-29
69 0.6 2.44e-30 1.96e-29 5.08e-29
69.1 0.6 2.07e-30 1.66e-29 4.3e-29
69.2 0.6 1.75e-30 1.4e-29 3.64e-29
69.3 0.6 1.48e-30 1.19e-29 3.08e-29
69.4 0.6 1.25e-30 1.01e-29 2.61e-29
69.5 0.6 1.06e-30 8.51e-30 2.21e-29
69.6 0.6 8.99e-31 7.21e-30 1.87e-29
69.7 0.6 7.61e-31 6.1e-30 1.58e-29
69.8 0.6 6.44e-31 5.16e-30 1.34e-29
69.9 0.6 5.45e-31 4.37e-30 1.13e-29
70 0.6 4.61e-31 3.7e-30 9.59e-30
70.1 0.6 3.91e-31 3.13e-30 8.12e-30
70.2 0.6 3.31e-31 2.65e-30 6.87e-30
70.3 0.6 2.8e-31 2.24e-30 5.81e-30
70.4 0.6 2.37e-31 1.9e-30 4.92e-30
70.5 0.6 2.01e-31 1.61e-30 4.17e-30
70.6 0.6 1.7e-31 1.36e-30 3.53e-30
70.7 0.6 1.44e-31 1.15e-30 2.99e-30
70.8 0.6 1.22e-31 9.75e-31 2.53e-30
70.9 0.6 1.03e-31 8.26e-31 2.14e-30
71 0.6 8.72e-32 6.99e-31 1.81e-30
71.1 0.6 7.38e-32 5.92e-31 1.53e-30
71.2 0.6 6.25e-32 5.01e-31 1.3e-30
71.3 0.6 5.29e-32 4.24e-31 1.1e-30
71.4 0.6 4.47e-32 3.59e-31 9.3e-31
71.5 0.6 3.79e-32 3.04e-31 7.87e-31
71.6 0.6 3.21e-32 2.57e-31 6.66e-31
71.7 0.6 2.71e-32 2.18e-31 5.64e-31
71.8 0.6 2.3e-32 1.84e-31 4.77e-31
71.9 0.6 1.94e-32 1.56e-31 4.04e-31
72 0.6 1.65e-32 1.32e-31 3.42e-31
72.1 0.6 1.39e-32 1.12e-31 2.89e-31
72.2 0.6 1.18e-32 9.46e-32 2.45e-31
72.3 0.6 9.98e-33 8.01e-32 2.07e-31
72.4 0.6 8.45e-33 6.78e-32 1.76e-31
72.5 0.6 7.15e-33 5.74e-32 1.49e-31
72.6 0.6 6.06e-33 4.86e-32 1.26e-31
72.7 0.6 5.13e-33 4.11e-32 1.06e-31
72.8 0.6 4.34e-33 3.48e-32 9.01e-32
72.9 0.6 3.67e-33 2.95e-32 7.63e-32
73 0.6 3.11e-33 2.49e-32 6.46e-32
73.1 0.6 2.63e-33 2.11e-32 5.47e-32
73.2 0.6 2.23e-33 1.79e-32 4.63e-32
73.3 0.6 1.89e-33 1.51e-32 3.92e-32
73.4 0.6 1.6e-33 1.28e-32 3.32e-32
73.5 0.6 1.35e-33 1.08e-32 2.81e-32
73.6 0.6 1.14e-33 9.17e-33 2.38e-32
73.7 0.6 9.68e-34 7.76e-33 2.01e-32
73.8 0.6 8.2e-34 6.57e-33 1.7e-32
73.9 0.6 6.94e-34 5.56e-33 1.44e-32
74 0.6 5.87e-34 4.71e-33 1.22e-32
74.1 0.6 4.97e-34 3.99e-33 1.03e-32
74.2 0.6 4.21e-34 3.37e-33 8.74e-33
74.3 0.6 3.56e-34 2.86e-33 7.4e-33
74.4 0.6 3.02e-34 2.42e-33 6.26e-33
74.5 0.6 2.55e-34 2.05e-33 5.3e-33
74.6 0.6 2.16e-34 1.73e-33 4.49e-33
74.7 0.6 1.83e-34 1.47e-33 3.8e-33
74.8 0.6 1.55e-34 1.24e-33 3.22e-33
74.9 0.6 1.31e-34 1.05e-33 2.72e-33
75 0.6 1.11e-34 8.89e-34 2.3e-33
75.1 0.6 9.39e-35 7.53e-34 1.95e-33
75.2 0.6 7.95e-35 6.37e-34 1.65e-33
75.3 0.6 6.73e-35 5.39e-34 1.4e-33
75.4 0.6 5.69e-35 4.57e-34 1.18e-33
75.5 0.6 4.82e-35 3.87e-34 1e-33
75.6 0.6 4.08e-35 3.27e-34 8.48e-34
75.7 0.6 3.45e-35 2.77e-34 7.18e-34
75.8 0.6 2.92e-35 2.34e-34 6.07e-34
75.9 0.6 2.47e-35 1.98e-34 5.14e-34
76 0.6 2.09e-35 1.68e-34 4.35e-34
76.1 0.6 1.77e-35 1.42e-34 3.68e-34
76.2 0.6 1.5e-35 1.2e-34 3.12e-34
76.3 0.6 1.27e-35 1.02e-34 2.64e-34
76.4 0.6 1.08e-35 8.62e-35 2.23e-34
76.5 0.6 9.1e-36 7.3e-35 1.89e-34
76.6 0.6 7.71e-36 6.18e-35 1.6e-34
76.7 0.6 6.52e-36 5.23e-35 1.36e-34
76.8 0.6 5.52e-36 4.43e-35 1.15e-34
76.9 0.6 4.67e-36 3.75e-35 9.71e-35
77 0.6 3.96e-36 3.17e-35 8.22e-35
77.1 0.6 3.35e-36 2.69e-35 6.96e-35
77.2 0.6 2.84e-36 2.27e-35 5.89e-35
77.3 0.6 2.4e-36 1.92e-35 4.99e-35
77.4 0.6 2.03e-36 1.63e-35 4.22e-35
77.5 0.6 1.72e-36 1.38e-35 3.57e-35
77.6 0.6 1.46e-36 1.17e-35 3.02e-35
77.7 0.6 1.23e-36 9.88e-36 2.56e-35
77.8 0.6 1.04e-36 8.36e-36 2.17e-35
77.9 0.6 8.83e-37 7.08e-36 1.83e-35
78 0.6 7.47e-37 5.99e-36 1.55e-35
78.1 0.6 6.33e-37 5.07e-36 1.31e-35
78.2 0.6 5.36e-37 4.29e-36 1.11e-35
78.3 0.6 4.53e-37 3.63e-36 9.42e-36
78.4 0.6 3.84e-37 3.08e-36 7.97e-36
78.5 0.6 3.25e-37 2.6e-36 6.75e-36
78.6 0.6 2.75e-37 2.2e-36 5.71e-36
78.7 0.6 2.33e-37 1.87e-36 4.84e-36
78.8 0.6 1.97e-37 1.58e-36 4.09e-36
78.9 0.6 1.67e-37 1.34e-36 3.46e-36
79 0.6 1.41e-37 1.13e-36 2.93e-36
79.1 0.6 1.19e-37 9.58e-37 2.48e-36
79.2 0.6 1.01e-37 8.11e-37 2.1e-36
79.3 0.6 8.56e-38 6.87e-37 1.78e-36
79.4 0.6 7.25e-38 5.81e-37 1.51e-36
79.5 0.6 6.13e-38 4.92e-37 1.27e-36
79.6 0.6 5.19e-38 4.16e-37 1.08e-36
79.7 0.6 4.4e-38 3.52e-37 9.13e-37
79.8 0.6 3.72e-38 2.98e-37 7.73e-37
79.9 0.6 3.15e-38 2.53e-37 6.54e-37
80 0.6 2.67e-38 2.14e-37 5.54e-37
80.1 0.6 2.26e-38 1.81e-37 4.69e-37
80.2 0.6 1.91e-38 1.53e-37 3.97e-37
80.3 0.6 1.62e-38 1.3e-37 3.36e-37
80.4 0.6 1.37e-38 1.1e-37 2.84e-37
80.5 0.6 1.16e-38 9.29e-38 2.41e-37
80.6 0.6 9.81e-39 7.86e-38 2.04e-37
80.7 0.6 8.3e-39 6.66e-38 1.72e-37
80.8 0.6 7.03e-39 5.64e-38 1.46e-37
80.9 0.6 5.95e-39 4.77e-38 1.24e-37
81 0.6 5.04e-39 4.04e-38 1.05e-37
81.1 0.6 4.26e-39 3.42e-38 8.86e-38
81.2 0.6 3.61e-39 2.89e-38 7.5e-38
81.3 0.6 3.05e-39 2.45e-38 6.35e-38
81.4 0.6 2.59e-39 2.07e-38 5.37e-38
81.5 0.6 2.19e-39 1.75e-38 4.55e-38
81.6 0.6 1.85e-39 1.49e-38 3.85e-38
81.7 0.6 1.57e-39 1.26e-38 3.26e-38
81.8 0.6 1.33e-39 1.06e-38 2.76e-38
81.9 0.6 1.12e-39 9.01e-39 2.33e-38
82 0.6 9.51e-40 7.63e-39 1.98e-38
82.1 0.6 8.05e-40 6.46e-39 1.67e-38
82.2 0.6 6.82e-40 5.46e-39 1.42e-38
82.3 0.6 5.77e-40 4.63e-39 1.2e-38
82.4 0.6 4.88e-40 3.92e-39 1.01e-38
82.5 0.6 4.13e-40 3.31e-39 8.59e-39
82.6 0.6 3.5e-40 2.81e-39 7.27e-39
82.7 0.6 2.96e-40 2.37e-39 6.15e-39
82.8 0.6 2.51e-40 2.01e-39 5.21e-39
82.9 0.6 2.12e-40 1.7e-39 4.41e-39
83 0.6 1.8e-40 1.44e-39 3.73e-39
83.1 0.6 1.52e-40 1.22e-39 3.16e-39
83.2 0.6 1.29e-40 1.03e-39 2.67e-39
83.3 0.6 1.09e-40 8.74e-40 2.26e-39
83.4 0.6 9.22e-41 7.4e-40 1.92e-39
83.5 0.6 7.81e-41 6.26e-40 1.62e-39
83.6 0.6 6.61e-41 5.3e-40 1.37e-39
83.7 0.6 5.59e-41 4.49e-40 1.16e-39
83.8 0.6 4.74e-41 3.8e-40 9.84e-40
83.9 0.6 4.01e-41 3.21e-40 8.33e-40
84 0.6 3.39e-41 2.72e-40 7.05e-40
84.1 0.6 2.87e-41 2.3e-40 5.97e-40
84.2 0.6 2.43e-41 1.95e-40 5.05e-40
84.3 0.6 2.06e-41 1.65e-40 4.28e-40
84.4 0.6 1.74e-41 1.4e-40 3.62e-40
84.5 0.6 1.47e-41 1.18e-40 3.06e-40
84.6 0.6 1.25e-41 1e-40 2.59e-40
84.7 0.6 1.06e-41 8.47e-41 2.2e-40
84.8 0.6 8.94e-42 7.17e-41 1.86e-40
84.9 0.6 7.57e-42 6.07e-41 1.57e-40
85 0.6 6.41e-42 5.14e-41 1.33e-40
85.1 0.6 5.42e-42 4.35e-41 1.13e-40
85.2 0.6 4.59e-42 3.68e-41 9.54e-41
85.3 0.6 3.89e-42 3.12e-41 8.08e-41
85.4 0.6 3.29e-42 2.64e-41 6.84e-41
85.5 0.6 2.79e-42 2.23e-41 5.79e-41
85.6 0.6 2.36e-42 1.89e-41 4.9e-41
85.7 0.6 2e-42 1.6e-41 4.15e-41
85.8 0.6 1.69e-42 1.35e-41 3.51e-41
85.9 0.6 1.43e-42 1.15e-41 2.97e-41
86 0.6 1.21e-42 9.71e-42 2.51e-41
86.1 0.6 1.02e-42 8.22e-42 2.13e-41
86.2 0.6 8.67e-43 6.95e-42 1.8e-41
86.3 0.6 7.34e-43 5.89e-42 1.53e-41
86.4 0.6 6.21e-43 4.98e-42 1.29e-41
86.5 0.6 5.26e-43 4.22e-42 1.09e-41
86.6 0.6 4.45e-43 3.57e-42 9.25e-42
86.7 0.6 3.77e-43 3.02e-42 7.83e-42
86.8 0.6 3.19e-43 2.56e-42 6.63e-42
86.9 0.6 2.7e-43 2.17e-42 5.61e-42
87 0.6 2.29e-43 1.83e-42 4.75e-42
87.1 0.6 1.94e-43 1.55e-42 4.02e-42
87.2 0.6 1.64e-43 1.31e-42 3.4e-42
87.3 0.6 1.39e-43 1.11e-42 2.88e-42
87.4 0.6 1.17e-43 9.41e-43 2.44e-42
87.5 0.6 9.94e-44 7.97e-43 2.06e-42
87.6 0.6 8.41e-44 6.74e-43 1.75e-42
87.7 0.6 7.12e-44 5.71e-43 1.48e-42
87.8 0.6 6.03e-44 4.83e-43 1.25e-42
87.9 0.6 5.1e-44 4.09e-43 1.06e-42
88 0.6 4.32e-44 3.46e-43 8.97e-43
88.1 0.6 3.66e-44 2.93e-43 7.59e-43
88.2 0.6 3.09e-44 2.48e-43 6.43e-43
88.3 0.6 2.62e-44 2.1e-43 5.44e-43
88.4 0.6 2.22e-44 1.78e-43 4.61e-43
88.5 0.6 1.88e-44 1.5e-43 3.9e-43
88.6 0.6 1.59e-44 1.27e-43 3.3e-43
88.7 0.6 1.34e-44 1.08e-43 2.79e-43
88.8 0.6 1.14e-44 9.13e-44 2.36e-43
88.9 0.6 9.63e-45 7.73e-44 2e-43
89 0.6 8.16e-45 6.54e-44 1.69e-43
89.1 0.6 6.9e-45 5.54e-44 1.43e-43
89.2 0.6 5.84e-45 4.69e-44 1.21e-43
89.3 0.6 4.95e-45 3.97e-44 1.03e-43
89.4 0.6 4.19e-45 3.36e-44 8.7e-44
89.5 0.6 3.54e-45 2.84e-44 7.36e-44
89.6 0.6 3e-45 2.41e-44 6.23e-44
89.7 0.6 2.54e-45 2.04e-44 5.28e-44
89.8 0.6 2.15e-45 1.72e-44 4.47e-44
89.9 0.6 1.82e-45 1.46e-44 3.78e-44
90 0.6 1.54e-45 1.24e-44 3.2e-44
90.1 0.6 1.3e-45 1.05e-44 2.71e-44
90.2 0.6 1.1e-45 8.85e-45 2.29e-44
90.3 0.6 9.34e-46 7.49e-45 1.94e-44
90.4 0.6 7.91e-46 6.34e-45 1.64e-44
90.5 0.6 6.69e-46 5.37e-45 1.39e-44
90.6 0.6 5.67e-46 4.54e-45 1.18e-44
90.7 0.6 4.8e-46 3.85e-45 9.97e-45
90.8 0.6 4.06e-46 3.26e-45 8.44e-45
90.9 0.6 3.44e-46 2.76e-45 7.14e-45
91 0.6 2.91e-46 2.33e-45 6.04e-45
91.1 0.6 2.46e-46 1.97e-45 5.12e-45
91.2 0.6 2.08e-46 1.67e-45 4.33e-45
91.3 0.6 1.76e-46 1.42e-45 3.67e-45
91.4 0.6 1.49e-46 1.2e-45 3.1e-45
91.5 0.6 1.26e-46 1.01e-45 2.63e-45
91.6 0.6 1.07e-46 8.58e-46 2.22e-45
91.7 0.6 9.06e-47 7.26e-46 1.88e-45
91.8 0.6 7.67e-47 6.15e-46 1.59e-45
91.9 0.6 6.49e-47 5.21e-46 1.35e-45
92 0.6 5.5e-47 4.41e-46 1.14e-45
92.1 0.6 4.65e-47 3.73e-46 9.66e-46
92.2 0.6 3.94e-47 3.16e-46 8.18e-46
92.3 0.6 3.33e-47 2.67e-46 6.92e-46
92.4 0.6 2.82e-47 2.26e-46 5.86e-46
92.5 0.6 2.39e-47 1.92e-46 4.96e-46
92.6 0.6 2.02e-47 1.62e-46 4.2e-46
92.7 0.6 1.71e-47 1.37e-46 3.56e-46
92.8 0.6 1.45e-47 1.16e-46 3.01e-46
92.9 0.6 1.23e-47 9.83e-47 2.55e-46
93 0.6 1.04e-47 8.32e-47 2.16e-46
93.1 0.6 8.79e-48 7.04e-47 1.83e-46
93.2 0.6 7.44e-48 5.96e-47 1.55e-46
93.3 0.6 6.3e-48 5.05e-47 1.31e-46
93.4 0.6 5.33e-48 4.27e-47 1.11e-46
93.5 0.6 4.51e-48 3.62e-47 9.37e-47
93.6 0.6 3.82e-48 3.06e-47 7.93e-47
93.7 0.6 3.23e-48 2.59e-47 6.71e-47
93.8 0.6 2.74e-48 2.19e-47 5.68e-47
93.9 0.6 2.32e-48 1.86e-47 4.81e-47
94 0.6 1.96e-48 1.57e-47 4.07e-47
94.1 0.6 1.66e-48 1.33e-47 3.45e-47
94.2 0.6 1.4e-48 1.13e-47 2.92e-47
94.3 0.6 1.19e-48 9.53e-48 2.47e-47
94.4 0.6 1.01e-48 8.07e-48 2.09e-47
94.5 0.6 8.52e-49 6.83e-48 1.77e-47
94.6 0.6 7.21e-49 5.78e-48 1.5e-47
94.7 0.6 6.1e-49 4.9e-48 1.27e-47
94.8 0.6 5.17e-49 4.14e-48 1.07e-47
94.9 0.6 4.37e-49 3.51e-48 9.09e-48
95 0.6 3.7e-49 2.97e-48 7.69e-48
95.1 0.6 3.13e-49 2.51e-48 6.51e-48
95.2 0.6 2.65e-49 2.13e-48 5.51e-48
95.3 0.6 2.25e-49 1.8e-48 4.67e-48
95.4 0.6 1.9e-49 1.52e-48 3.95e-48
95.5 0.6 1.61e-49 1.29e-48 3.34e-48
95.6 0.6 1.36e-49 1.09e-48 2.83e-48
95.7 0.6 1.15e-49 9.25e-49 2.4e-48
95.8 0.6 9.76e-50 7.83e-49 2.03e-48
95.9 0.6 8.26e-50 6.62e-49 1.72e-48
96 0.6 6.99e-50 5.61e-49 1.45e-48
96.1 0.6 5.92e-50 4.75e-49 1.23e-48
96.2 0.6 5.01e-50 4.02e-49 1.04e-48
96.3 0.6 4.24e-50 3.4e-49 8.81e-49
96.4 0.6 3.59e-50 2.88e-49 7.46e-49
96.5 0.6 3.04e-50 2.44e-49 6.31e-49
96.6 0.6 2.57e-50 2.06e-49 5.35e-49
96.7 0.6 2.18e-50 1.75e-49 4.52e-49
96.8 0.6 1.84e-50 1.48e-49 3.83e-49
96.9 0.6 1.56e-50 1.25e-49 3.24e-49
97 0.6 1.32e-50 1.06e-49 2.74e-49
97.1 0.6 1.12e-50 8.97e-50 2.32e-49
97.2 0.6 9.46e-51 7.59e-50 1.97e-49
97.3 0.6 8.01e-51 6.42e-50 1.66e-49
97.4 0.6 6.78e-51 5.44e-50 1.41e-49
97.5 0.6 5.74e-51 4.6e-50 1.19e-49
97.6 0.6 4.86e-51 3.9e-50 1.01e-49
97.7 0.6 4.11e-51 3.3e-50 8.55e-50
97.8 0.6 3.48e-51 2.79e-50 7.23e-50
97.9 0.6 2.95e-51 2.36e-50 6.12e-50
98 0.6 2.49e-51 2e-50 5.18e-50
98.1 0.6 2.11e-51 1.69e-50 4.39e-50
98.2 0.6 1.79e-51 1.43e-50 3.71e-50
98.3 0.6 1.51e-51 1.21e-50 3.14e-50
98.4 0.6 1.28e-51 1.03e-50 2.66e-50
98.5 0.6 1.08e-51 8.69e-51 2.25e-50
98.6 0.6 9.18e-52 7.36e-51 1.91e-50
98.7 0.6 7.77e-52 6.23e-51 1.61e-50
98.8 0.6 6.58e-52 5.27e-51 1.37e-50
98.9 0.6 5.57e-52 4.46e-51 1.16e-50
99 0.6 4.71e-52 3.78e-51 9.79e-51
99.1 0.6 3.99e-52 3.2e-51 8.29e-51
99.2 0.6 3.38e-52 2.71e-51 7.01e-51
99.3 0.6 2.86e-52 2.29e-51 5.94e-51
99.4 0.6 2.42e-52 1.94e-51 5.03e-51
99.5 0.6 2.05e-52 1.64e-51 4.25e-51
99.6 0.6 1.73e-52 1.39e-51 3.6e-51
99.7 0.6 1.47e-52 1.18e-51 3.05e-51
99.8 0.6 1.24e-52 9.96e-52 2.58e-51
99.9 0.6 1.05e-52 8.43e-52 2.18e-51
