-25 0.78 9.54e-13 2.32e-13 1.75e-13
-24.9 0.78 1.08e-12 2.63e-13 1.99e-13
-24.8 0.78 1.23e-12 2.99e-13 2.27e-13
-24.7 0.78 1.4e-12 3.4e-13 2.58e-13
-24.6 0.78 1.59e-12 3.87e-13 2.93e-13
-24.5 0.78 1.81e-12 4.4e-13 3.33e-13
-24.4 0.78 2.06e-12 5e-13 3.79e-13
-24.3 0.78 2.34e-12 5.68e-13 4.3e-13
-24.2 0.78 2.66e-12 6.46e-13 4.89e-13
-24.1 0.78 3.02e-12 7.34e-13 5.56e-13
-24 0.78 3.44e-12 8.35e-13 6.32e-13
-23.9 0.78 3.91e-12 9.49e-13 7.19e-13
-23.8 0.78 4.44e-12 1.08e-12 8.17e-13
-23.7 0.78 5.05e-12 1.23e-12 9.29e-13
-23.6 0.78 5.74e-12 1.39e-12 1.06e-12
-23.5 0.78 6.53e-12 1.58e-12 1.2e-12
-23.4 0.78 7.42e-12 1.8e-12 1.36e-12
-23.3 0.78 8.43e-12 2.05e-12 1.55e-12
-23.2 0.78 9.59e-12 2.33e-12 1.76e-12
-20 0.78 5.8e-10 1.41e-10 1.07e-10
-19.9 0.78 6.59e-10 1.6e-10 1.21e-10
-19.8 0.78 7.49e-10 1.82e-10 1.38e-10
-19.7 0.78 8.52e-10 2.07e-10 1.57e-10
-19.6 0.78 9.69e-10 2.35e-10 1.78e-10
-19.5 0.78 1.1e-09 2.67e-10 2.03e-10
-19.4 0.78 1.25e-09 3.04e-10 2.3e-10
-19.3 0.78 1.42e-09 3.45e-10 2.62e-10
-19.2 0.78 1.62e-09 3.93e-10 2.98e-10
-19.1 0.78 1.84e-09 4.46e-10 3.38e-10
-19 0.78 2.09e-09 5.07e-10 3.84e-10
-18.9 0.78 2.38e-09 5.77e-10 4.37e-10
-18.8 0.78 2.7e-09 6.56e-10 4.97e-10
-18.7 0.78 3.07e-09 7.46e-10 5.65e-10
-18.6 0.78 3.49e-09 8.48e-10 6.42e-10
-18.5 0.78 3.97e-09 9.63e-10 7.3e-10
-18.4 0.78 4.51e-09 1.1e-09 8.3e-10
-18.3 0.78 5.13e-09 1.25e-09 9.43e-10
-18.2 0.78 5.83e-09 1.42e-09 1.07e-09
-18.1 0.78 6.63e-09 1.61e-09 1.22e-09
-18 0.78 7.53e-09 1.83e-09 1.39e-09
-17.9 0.78 8.56e-09 2.08e-09 1.58e-09
-17.8 0.78 9.74e-09 2.36e-09 1.79e-09
-17.7 0.78 1.11e-08 2.69e-09 2.04e-09
-17.6 0.78 1.26e-08 3.05e-09 2.31e-09
-17.5 0.78 1.43e-08 3.47e-09 2.63e-09
-17.4 0.78 1.63e-08 3.95e-09 2.99e-09
-17.3 0.78 1.85e-08 4.49e-09 3.4e-09
-17.2 0.78 2.1e-08 5.1e-09 3.86e-09
-17.1 0.78 2.39e-08 5.8e-09 4.39e-09
-17 0.78 2.72e-08 6.59e-09 4.99e-09
-16.9 0.78 3.09e-08 7.49e-09 5.68e-09
-16.8 0.78 3.51e-08 8.52e-09 6.45e-09
-16.7 0.78 3.99e-08 9.68e-09 7.34e-09
-16.6 0.78 4.53e-08 1.1e-08 8.34e-09
-16.5 0.78 5.15e-08 1.25e-08 9.48e-09
-16.4 0.78 5.86e-08 1.42e-08 1.08e-08
-16.3 0.78 6.66e-08 1.62e-08 1.23e-08
-16.2 0.78 7.57e-08 1.84e-08 1.39e-08
-16.1 0.78 8.61e-08 2.09e-08 1.58e-08
-16 0.78 9.78e-08 2.38e-08 1.8e-08
-15.9 0.78 1.11e-07 2.7e-08 2.05e-08
-15.8 0.78 1.26e-07 3.07e-08 2.33e-08
-15.7 0.78 1.44e-07 3.49e-08 2.64e-08
-15.6 0.78 1.63e-07 3.97e-08 3.01e-08
-15.5 0.78 1.86e-07 4.51e-08 3.42e-08
-15.4 0.78 2.11e-07 5.13e-08 3.88e-08
-15.3 0.78 2.4e-07 5.83e-08 4.42e-08
-15.2 0.78 2.73e-07 6.63e-08 5.02e-08
-15.1 0.78 3.1e-07 7.53e-08 5.71e-08
-15 0.78 3.53e-07 8.56e-08 6.49e-08
-14.9 0.78 4.01e-07 9.73e-08 7.37e-08
-14.8 0.78 4.56e-07 1.11e-07 8.38e-08
-14.7 0.78 5.18e-07 1.26e-07 9.53e-08
-14.6 0.78 5.89e-07 1.43e-07 1.08e-07
-14.5 0.78 6.69e-07 1.63e-07 1.23e-07
-14.4 0.78 7.61e-07 1.85e-07 1.4e-07
-14.3 0.78 8.65e-07 2.1e-07 1.59e-07
-14.2 0.78 9.83e-07 2.39e-07 1.81e-07
-14.1 0.78 1.12e-06 2.71e-07 2.06e-07
-14 0.78 1.27e-06 3.09e-07 2.34e-07
-13.9 0.78 1.44e-06 3.51e-07 2.66e-07
-13.8 0.78 1.64e-06 3.99e-07 3.02e-07
-13.7 0.78 1.87e-06 4.53e-07 3.43e-07
-13.6 0.78 2.12e-06 5.15e-07 3.9e-07
-13.5 0.78 2.41e-06 5.86e-07 4.44e-07
-13.4 0.78 2.74e-06 6.66e-07 5.05e-07
-13.3 0.78 3.12e-06 7.57e-07 5.74e-07
-13.2 0.78 3.54e-06 8.61e-07 6.52e-07
-13.1 0.78 4.03e-06 9.78e-07 7.41e-07
-13 0.78 4.58e-06 1.11e-06 8.42e-07
-12.9 0.78 5.21e-06 1.26e-06 9.58e-07
-12.8 0.78 5.92e-06 1.44e-06 1.09e-06
-12.7 0.78 6.73e-06 1.63e-06 1.24e-06
-12.6 0.78 7.65e-06 1.86e-06 1.41e-06
-12.5 0.78 8.7e-06 2.11e-06 1.6e-06
-12.4 0.78 9.88e-06 2.4e-06 1.82e-06
-12.3 0.78 1.12e-05 2.73e-06 2.07e-06
-12.2 0.78 1.28e-05 3.1e-06 2.35e-06
-12.1 0.78 1.45e-05 3.52e-06 2.67e-06
-12 0.78 1.65e-05 4.01e-06 3.04e-06
-11.9 0.78 1.88e-05 4.55e-06 3.45e-06
-11.8 0.78 2.13e-05 5.18e-06 3.92e-06
-11.7 0.78 2.42e-05 5.89e-06 4.46e-06
-11.6 0.78 2.76e-05 6.69e-06 5.07e-06
-11.5 0.78 3.13e-05 7.6e-06 5.76e-06
-11.4 0.78 3.56e-05 8.64e-06 6.55e-06
-11.3 0.78 4.05e-05 9.83e-06 7.44e-06
-11.2 0.78 4.6e-05 1.12e-05 8.46e-06
-11.1 0.78 5.23e-05 1.27e-05 9.61e-06
-11 0.78 5.95e-05 1.44e-05 1.09e-05
-10.9 0.78 6.76e-05 1.64e-05 1.24e-05
-10.8 0.78 7.68e-05 1.86e-05 1.41e-05
-10.7 0.78 8.74e-05 2.12e-05 1.6e-05
-10.6 0.78 9.93e-05 2.41e-05 1.82e-05
-10.5 0.78 0.000113 2.74e-05 2.07e-05
-10.4 0.78 0.000128 3.11e-05 2.35e-05
-10.3 0.78 0.000146 3.53e-05 2.67e-05
-10.2 0.78 0.000166 4.02e-05 3.04e-05
-10.1 0.78 0.000188 4.56e-05 3.45e-05
-10 0.78 0.000214 5.19e-05 3.92e-05
-9.9 0.78 0.000243 5.89e-05 4.46e-05
-9.8 0.78 0.000277 6.69e-05 5.06e-05
-9.7 0.78 0.000314 7.6e-05 5.75e-05
-9.6 0.78 0.000357 8.64e-05 6.52e-05
-9.5 0.78 0.000406 9.81e-05 7.41e-05
-9.4 0.78 0.000461 0.000111 8.41e-05
-9.3 0.78 0.000524 0.000127 9.54e-05
-9.2 0.78 0.000596 0.000144 0.000108
-9.1 0.78 0.000677 0.000163 0.000123
-9 0.78 0.000769 0.000185 0.000139
-8.9 0.78 0.000873 0.00021 0.000158
-8.8 0.78 0.000992 0.000238 0.000179
-8.7 0.78 0.00113 0.00027 0.000203
-8.6 0.78 0.00128 0.000306 0.000229
-8.5 0.78 0.00145 0.000347 0.00026
-8.4 0.78 0.00165 0.000393 0.000294
-8.3 0.78 0.00187 0.000445 0.000332
-8.2 0.78 0.00212 0.000503 0.000375
-8.1 0.78 0.00241 0.000569 0.000422
-8 0.78 0.00273 0.000643 0.000476
-7.9 0.78 0.0031 0.000726 0.000536
-7.8 0.78 0.00351 0.000819 0.000602
-7.7 0.78 0.00398 0.000923 0.000676
-7.6 0.78 0.00451 0.00104 0.000757
-7.5 0.78 0.00511 0.00117 0.000846
-7.4 0.78 0.00578 0.00131 0.000943
-7.3 0.78 0.00654 0.00147 0.00105
-7.2 0.78 0.00739 0.00165 0.00116
-7.1 0.78 0.00834 0.00184 0.00129
-7 0.78 0.00942 0.00205 0.00142
-6.9 0.78 0.0106 0.00228 0.00155
-6.8 0.78 0.012 0.00253 0.00169
-6.7 0.78 0.0135 0.0028 0.00184
-6.6 0.78 0.0151 0.00309 0.00198
-6.5 0.78 0.017 0.0034 0.00211
-6.4 0.78 0.019 0.00372 0.00224
-6.3 0.78 0.0213 0.00407 0.00235
-6.2 0.78 0.0238 0.00444 0.00243
-6.1 0.78 0.0266 0.00482 0.00249
-6 0.78 0.0296 0.00523 0.0025
-5.9 0.78 0.0329 0.00566 0.00291
-5.8 0.78 0.0365 0.00613 0.00361
-5.7 0.78 0.0405 0.00665 0.00444
-5.6 0.78 0.0447 0.00725 0.00542
-5.5 0.78 0.0493 0.00798 0.00655
-5.4 0.78 0.0543 0.00891 0.00785
-5.3 0.78 0.0595 0.0103 0.00926
-5.2 0.78 0.0654 0.0119 0.0111
-5.1 0.78 0.0719 0.0145 0.0133
-5 0.78 0.0792 0.0187 0.0161
-4.9 0.78 0.0878 0.0266 0.02
-4.8 0.78 0.1 0.0446 0.0272
-4.7 0.78 0.131 0.12 0.0535
-4.6 0.78 0.0216 0.0861 0.231
-4.5 0.78 0.084 0.032 0.0647
-4.4 0.78 0.0992 0.025 0.0398
-4.3 0.78 0.109 0.0226 0.0295
-4.2 0.78 0.118 0.0214 0.0234
-4.1 0.78 0.128 0.0209 0.0219
-4 0.78 0.136 0.0211 0.0192
-3.9 0.78 0.144 0.0208 0.0167
-3.8 0.78 0.151 0.02 0.014
-3.7 0.78 0.153 0.0231 0.0133
-3.6 0.78 0.159 0.0211 0.018
-3.5 0.78 0.165 0.0179 0.0218
-3.4 0.78 0.171 0.0135 0.0242
-3.3 0.78 0.169 0.0175 0.0166
-3.2 0.78 0.176 0.02 0.0232
-3.1 0.78 0.184 0.0212 0.0291
-3 0.78 0.194 0.0206 0.0333
-2.9 0.78 0.206 0.0182 0.0349
-2.8 0.78 0.22 0.0141 0.0335
-2.7 0.78 0.246 0.0468 0.0394
-2.6 0.78 0.261 0.0484 0.0303
-2.5 0.78 0.255 0.00874 0.0207
-2.4 0.78 0.275 0.0279 0.0231
-2.3 0.78 0.288 0.0256 0.0167
-2.2 0.78 0.296 0.00904 0.00556
-2.1 0.78 0.322 0.031 0.0175
-2 0.78 0.33 0.0341 0.0161
-1.9 0.78 0.338 0.0305 0.0106
-1.8 0.78 0.343 0.00836 0.00413
-1.7 0.78 0.352 0.0138 0.00959
-1.6 0.78 0.36 0.00381 0.00603
-1.5 0.78 0.373 0.00393 0.00437
-1.4 0.78 0.385 0.000641 0.000524
-1.3 0.78 0.396 0.000576 0.000804
-1.2 0.78 0.406 0.00424 0.00665
-1.1 0.78 0.419 0.00109 0.000777
-1 0.78 0.43 0.00181 0.00171
-0.9 0.78 0.444 0.000967 0.000539
-0.8 0.78 0.455 0.000615 0.000336
-0.7 0.78 0.467 0.000723 0.000345
-0.6 0.78 0.479 0.00115 0.00119
-0.5 0.78 0.49 0.00114 0.00193
-0.4 0.78 0.502 0.00115 0.00224
-0.3 0.78 0.514 0.000872 0.00177
-0.2 0.78 0.526 0.000368 0.000626
-0.1 0.78 0.538 0.000789 0.000424
3.02e-14 0.78 0.554 0.014 0.00567
0.1 0.78 0.562 0.00192 0.00111
0.2 0.78 0.574 0.00154 0.00106
0.3 0.78 0.585 0.00322 0.00226
0.4 0.78 0.598 0.0131 0.00893
0.5 0.78 0.614 0.0134 0.00648
0.6 0.78 0.622 0.0192 0.015
0.7 0.78 0.625 0.00619 0.0164
0.8 0.78 0.635 0.00775 0.0166
0.9 0.78 0.638 0.0161 0.0472
1 0.78 0.645 0.0201 0.0484
1.1 0.78 0.653 0.0227 0.0443
1.2 0.78 0.681 0.00533 0.0126
1.3 0.78 0.689 0.0145 0.0301
1.4 0.78 0.701 0.0215 0.0331
1.5 0.78 0.714 0.0266 0.0325
1.6 0.78 0.733 0.022 0.00774
1.7 0.78 0.725 0.0285 0.0484
1.8 0.78 0.739 0.0344 0.0445
1.9 0.78 0.752 0.0367 0.0375
2 0.78 0.773 0.0281 0.012
2.1 0.78 0.783 0.0269 0.0137
2.2 0.78 0.791 0.0245 0.0142
2.3 0.78 0.798 0.0212 0.0139
2.4 0.78 0.805 0.0175 0.0128
2.5 0.78 0.81 0.0138 0.0113
2.6 0.78 0.815 0.0104 0.00952
2.7 0.78 0.82 0.00802 0.00769
2.8 0.78 0.824 0.00712 0.00593
2.9 0.78 0.828 0.00607 0.00433
3 0.78 0.833 0.00802 0.00396
3.1 0.78 0.838 0.00713 0.00286
3.2 0.78 0.839 0.00491 0.00697
3.3 0.78 0.843 0.0038 0.00661
3.4 0.78 0.847 0.00288 0.00613
3.5 0.78 0.851 0.00214 0.00559
3.6 0.78 0.854 0.00174 0.00501
3.7 0.78 0.858 0.00168 0.00443
3.8 0.78 0.861 0.00157 0.00386
3.9 0.78 0.864 0.00144 0.00332
4 0.78 0.867 0.00128 0.00281
4.1 0.78 0.87 0.00113 0.00232
4.2 0.78 0.872 0.00129 0.00154
4.3 0.78 0.874 0.00116 0.00107
4.4 0.78 0.875 0.00122 0.00131
4.5 0.78 0.875 0.00367 0.00903
4.6 0.78 0.882 0.00731 0.00301
4.7 0.78 0.881 0.00426 0.00414
4.8 0.78 0.887 0.00945 0.00441
4.9 0.78 0.886 0.00199 0.00164
5 0.78 0.886 0.00109 0.00115
5.1 0.78 0.887 0.000739 0.000896
5.2 0.78 0.888 0.000551 0.000723
5.3 0.78 0.889 0.000432 0.000594
5.4 0.78 0.889 0.00035 0.000493
5.5 0.78 0.89 0.000289 0.000412
5.6 0.78 0.89 0.000269 0.000319
5.7 0.78 0.891 0.000228 0.000268
5.8 0.78 0.891 0.000196 0.000226
5.9 0.78 0.892 0.00017 0.00019
6 0.78 0.892 0.000149 0.000159
6.1 0.78 0.892 0.000132 0.000134
6.2 0.78 0.893 0.000119 0.000112
6.3 0.78 0.893 0.00011 9.45e-05
6.4 0.78 0.893 0.000105 8.03e-05
6.5 0.78 0.893 0.000106 7e-05
6.6 0.78 0.893 0.000121 6.56e-05
6.7 0.78 0.894 0.000186 8.1e-05
6.8 0.78 0.891 0.00246 0.0073
6.9 0.78 0.894 6.07e-05 0.000104
7 0.78 0.894 3.43e-05 3.84e-05
7.1 0.78 0.894 2.37e-05 1.82e-05
7.2 0.78 0.894 1.94e-05 9.97e-06
7.3 0.78 0.894 1.48e-05 8.99e-06
7.4 0.78 0.894 1.13e-05 7.68e-06
7.5 0.78 0.894 8.65e-06 6.31e-06
7.6 0.78 0.894 6.55e-06 5e-06
7.7 0.78 0.894 4.89e-06 3.79e-06
7.8 0.78 0.894 3.54e-06 2.7e-06
7.9 0.78 0.894 2.47e-06 1.72e-06
8 0.78 0.894 1.59e-06 1.19e-06
8.1 0.78 0.894 8.77e-07 9.63e-07
8.2 0.78 0.894 5.83e-07 7.67e-07
8.3 0.78 0.894 1.18e-06 5.93e-07
8.4 0.78 0.894 1.69e-06 6.7e-07
8.5 0.78 0.894 2.76e-06 2.16e-06
8.6 0.78 0.894 3.23e-06 2.25e-06
8.7 0.78 0.894 3.63e-06 2.34e-06
8.8 0.78 0.894 3.99e-06 2.42e-06
8.9 0.78 0.894 4.31e-06 2.48e-06
9 0.78 0.894 4.59e-06 2.55e-06
9.1 0.78 0.894 4.82e-06 2.61e-06
9.2 0.78 0.894 5.04e-06 2.65e-06
9.3 0.78 0.895 5.22e-06 2.7e-06
9.4 0.78 0.895 5.38e-06 2.74e-06
9.5 0.78 0.895 5.53e-06 2.77e-06
9.6 0.78 0.895 5.66e-06 2.8e-06
9.7 0.78 0.895 5.76e-06 2.83e-06
9.8 0.78 0.895 5.86e-06 2.86e-06
9.9 0.78 0.895 5.95e-06 2.87e-06
10 0.78 0.895 6.02e-06 2.89e-06
10.1 0.78 0.895 6.09e-06 2.91e-06
10.2 0.78 0.895 6.15e-06 2.92e-06
10.3 0.78 0.895 6.19e-06 2.93e-06
10.4 0.78 0.895 6.24e-06 2.95e-06
10.5 0.78 0.895 6.28e-06 2.96e-06
10.6 0.78 0.895 6.32e-06 2.97e-06
10.7 0.78 0.895 6.34e-06 2.98e-06
10.8 0.78 0.895 6.37e-06 2.98e-06
10.9 0.78 0.895 6.4e-06 2.99e-06
11 0.78 0.895 6.42e-06 2.99e-06
11.1 0.78 0.895 6.43e-06 3e-06
11.2 0.78 0.895 6.45e-06 3.01e-06
11.3 0.78 0.895 6.46e-06 3.01e-06
11.4 0.78 0.895 6.47e-06 3.01e-06
11.5 0.78 0.895 6.49e-06 3.01e-06
11.6 0.78 0.895 6.49e-06 3.01e-06
11.7 0.78 0.895 6.51e-06 3.01e-06
11.8 0.78 0.895 6.51e-06 3.02e-06
11.9 0.78 0.895 6.51e-06 3.02e-06
12 0.78 0.895 6.52e-06 3.02e-06
12.1 0.78 0.895 6.53e-06 3.02e-06
12.2 0.78 0.895 6.53e-06 3.03e-06
12.3 0.78 0.895 6.53e-06 3.02e-06
12.4 0.78 0.895 6.54e-06 3.03e-06
12.5 0.78 0.895 6.54e-06 3.02e-06
12.6 0.78 0.895 6.54e-06 3.03e-06
12.7 0.78 0.895 6.54e-06 3.03e-06
12.8 0.78 0.895 6.54e-06 3.03e-06
12.9 0.78 0.895 6.54e-06 3.03e-06
13 0.78 0.895 6.54e-06 3.03e-06
13.1 0.78 0.895 6.54e-06 3.03e-06
13.2 0.78 0.895 6.54e-06 3.03e-06
13.3 0.78 0.895 6.54e-06 3.03e-06
13.4 0.78 0.895 6.54e-06 3.03e-06
13.5 0.78 0.895 6.54e-06 3.02e-06
13.6 0.78 0.895 6.54e-06 3.03e-06
13.7 0.78 0.895 6.53e-06 3.02e-06
13.8 0.78 0.895 6.53e-06 3.03e-06
13.9 0.78 0.895 6.53e-06 3.02e-06
14 0.78 0.895 6.52e-06 3.02e-06
14.1 0.78 0.895 6.51e-06 3.02e-06
14.2 0.78 0.895 6.51e-06 3.02e-06
14.3 0.78 0.895 6.51e-06 3.01e-06
14.4 0.78 0.895 6.49e-06 3.01e-06
14.5 0.78 0.895 6.49e-06 3.01e-06
14.6 0.78 0.895 6.47e-06 3.01e-06
14.7 0.78 0.895 6.46e-06 3.01e-06
14.8 0.78 0.895 6.45e-06 3.01e-06
14.9 0.78 0.895 6.43e-06 3e-06
15 0.78 0.895 6.42e-06 2.99e-06
15.1 0.78 0.895 6.4e-06 2.99e-06
15.2 0.78 0.895 6.37e-06 2.98e-06
15.3 0.78 0.895 6.34e-06 2.98e-06
15.4 0.78 0.895 6.32e-06 2.97e-06
15.5 0.78 0.895 6.28e-06 2.96e-06
15.6 0.78 0.895 6.24e-06 2.95e-06
15.7 0.78 0.895 6.19e-06 2.93e-06
15.8 0.78 0.895 6.15e-06 2.92e-06
15.9 0.78 0.895 6.09e-06 2.91e-06
16 0.78 0.895 6.02e-06 2.89e-06
16.1 0.78 0.895 5.95e-06 2.87e-06
16.2 0.78 0.895 5.86e-06 2.86e-06
16.3 0.78 0.895 5.76e-06 2.83e-06
16.4 0.78 0.895 5.66e-06 2.8e-06
16.5 0.78 0.895 5.53e-06 2.77e-06
16.6 0.78 0.895 5.38e-06 2.74e-06
16.7 0.78 0.895 5.22e-06 2.7e-06
16.8 0.78 0.894 5.04e-06 2.65e-06
16.9 0.78 0.894 4.82e-06 2.61e-06
17 0.78 0.894 4.59e-06 2.55e-06
17.1 0.78 0.894 4.31e-06 2.48e-06
17.2 0.78 0.894 3.99e-06 2.42e-06
17.3 0.78 0.894 3.63e-06 2.34e-06
17.4 0.78 0.894 3.23e-06 2.25e-06
17.5 0.78 0.894 2.76e-06 2.16e-06
17.6 0.78 0.894 1.69e-06 6.7e-07
17.7 0.78 0.894 1.18e-06 5.93e-07
17.8 0.78 0.894 5.83e-07 7.67e-07
17.9 0.78 0.894 8.77e-07 9.63e-07
18 0.78 0.894 1.59e-06 1.19e-06
18.1 0.78 0.894 2.47e-06 1.72e-06
18.2 0.78 0.894 3.54e-06 2.7e-06
18.3 0.78 0.894 4.89e-06 3.79e-06
18.4 0.78 0.894 6.55e-06 5e-06
18.5 0.78 0.894 8.65e-06 6.31e-06
18.6 0.78 0.894 1.13e-05 7.68e-06
18.7 0.78 0.894 1.48e-05 8.99e-06
18.8 0.78 0.894 1.94e-05 9.97e-06
18.9 0.78 0.894 2.37e-05 1.82e-05
19 0.78 0.894 3.43e-05 3.84e-05
19.1 0.78 0.894 6.07e-05 0.000104
19.2 0.78 0.891 0.00246 0.0073
19.3 0.78 0.894 0.000186 8.1e-05
19.4 0.78 0.893 0.000121 6.56e-05
19.5 0.78 0.893 0.000106 7e-05
19.6 0.78 0.893 0.000105 8.03e-05
19.7 0.78 0.893 0.00011 9.45e-05
19.8 0.78 0.893 0.000119 0.000112
19.9 0.78 0.892 0.000132 0.000134
20 0.78 0.892 0.000149 0.000159
20.1 0.78 0.892 0.00017 0.00019
20.2 0.78 0.891 0.000196 0.000226
20.3 0.78 0.891 0.000228 0.000268
20.4 0.78 0.89 0.000269 0.000319
20.5 0.78 0.89 0.000289 0.000412
20.6 0.78 0.889 0.00035 0.000493
20.7 0.78 0.889 0.000432 0.000594
20.8 0.78 0.888 0.000551 0.000723
20.9 0.78 0.887 0.000739 0.000896
21 0.78 0.886 0.00109 0.00115
21.1 0.78 0.886 0.00199 0.00164
21.2 0.78 0.887 0.00945 0.00441
21.3 0.78 0.881 0.00426 0.00414
21.4 0.78 0.882 0.00731 0.00301
21.5 0.78 0.875 0.00367 0.00903
21.6 0.78 0.875 0.00122 0.00131
21.7 0.78 0.874 0.00116 0.00107
21.8 0.78 0.872 0.00129 0.00154
21.9 0.78 0.87 0.00113 0.00232
22 0.78 0.867 0.00128 0.00281
22.1 0.78 0.864 0.00144 0.00332
22.2 0.78 0.861 0.00157 0.00386
22.3 0.78 0.858 0.00168 0.00443
22.4 0.78 0.854 0.00174 0.00501
22.5 0.78 0.851 0.00214 0.00559
22.6 0.78 0.847 0.00288 0.00613
22.7 0.78 0.843 0.0038 0.00661
22.8 0.78 0.839 0.00491 0.00697
22.9 0.78 0.838 0.00713 0.00286
23 0.78 0.833 0.00802 0.00396
23.1 0.78 0.828 0.00607 0.00433
23.2 0.78 0.824 0.00712 0.00593
23.3 0.78 0.82 0.00802 0.00769
23.4 0.78 0.815 0.0104 0.00952
23.5 0.78 0.81 0.0138 0.0113
23.6 0.78 0.805 0.0175 0.0128
23.7 0.78 0.798 0.0212 0.0139
23.8 0.78 0.791 0.0245 0.0142
23.9 0.78 0.783 0.0269 0.0137
24 0.78 0.773 0.0281 0.012
24.1 0.78 0.752 0.0367 0.0375
24.2 0.78 0.739 0.0344 0.0445
24.3 0.78 0.725 0.0285 0.0484
24.4 0.78 0.733 0.022 0.00774
24.5 0.78 0.714 0.0266 0.0325
24.6 0.78 0.701 0.0215 0.0331
24.7 0.78 0.689 0.0145 0.0301
24.8 0.78 0.681 0.00533 0.0126
24.9 0.78 0.653 0.0227 0.0443
25 0.78 0.645 0.0201 0.0484
25.1 0.78 0.638 0.0161 0.0472
25.2 0.78 0.635 0.00775 0.0166
25.3 0.78 0.625 0.00619 0.0164
25.4 0.78 0.622 0.0192 0.015
25.5 0.78 0.614 0.0134 0.00648
25.6 0.78 0.598 0.0131 0.00893
25.7 0.78 0.585 0.00322 0.00226
25.8 0.78 0.574 0.00154 0.00106
25.9 0.78 0.562 0.00192 0.00111
26 0.78 0.554 0.014 0.00567
26.1 0.78 0.538 0.000789 0.000424
26.2 0.78 0.526 0.000368 0.000626
26.3 0.78 0.514 0.000872 0.00177
26.4 0.78 0.502 0.00115 0.00224
26.5 0.78 0.49 0.00114 0.00193
26.6 0.78 0.479 0.00115 0.00119
26.7 0.78 0.467 0.000723 0.000345
26.8 0.78 0.455 0.000615 0.000336
26.9 0.78 0.444 0.000967 0.000539
27 0.78 0.43 0.00181 0.00171
27.1 0.78 0.419 0.00109 0.000777
27.2 0.78 0.406 0.00424 0.00665
27.3 0.78 0.396 0.000576 0.000804
27.4 0.78 0.385 0.000641 0.000524
27.5 0.78 0.373 0.00393 0.00437
27.6 0.78 0.36 0.00381 0.00603
27.7 0.78 0.352 0.0138 0.00959
27.8 0.78 0.343 0.00836 0.00413
27.9 0.78 0.338 0.0305 0.0106
28 0.78 0.33 0.0341 0.0161
28.1 0.78 0.322 0.031 0.0175
28.2 0.78 0.296 0.00904 0.00556
28.3 0.78 0.288 0.0256 0.0167
28.4 0.78 0.275 0.0279 0.0231
28.5 0.78 0.255 0.00874 0.0207
28.6 0.78 0.261 0.0484 0.0303
28.7 0.78 0.246 0.0468 0.0394
28.8 0.78 0.22 0.0141 0.0335
28.9 0.78 0.206 0.0182 0.0349
29 0.78 0.194 0.0206 0.0333
29.1 0.78 0.184 0.0212 0.0291
29.2 0.78 0.176 0.02 0.0232
29.3 0.78 0.169 0.0175 0.0166
29.4 0.78 0.171 0.0135 0.0242
29.5 0.78 0.165 0.0179 0.0218
29.6 0.78 0.159 0.0211 0.018
29.7 0.78 0.153 0.0231 0.0133
29.8 0.78 0.151 0.02 0.014
29.9 0.78 0.144 0.0208 0.0167
30 0.78 0.136 0.0211 0.0192
30.1 0.78 0.128 0.0209 0.0219
30.2 0.78 0.118 0.0214 0.0234
30.3 0.78 0.109 0.0226 0.0295
30.4 0.78 0.0992 0.025 0.0398
30.5 0.78 0.084 0.032 0.0647
30.6 0.78 0.0216 0.0861 0.231
30.7 0.78 0.131 0.12 0.0535
30.8 0.78 0.1 0.0446 0.0272
30.9 0.78 0.0878 0.0266 0.02
31 0.78 0.0792 0.0187 0.0161
31.1 0.78 0.0719 0.0145 0.0133
31.2 0.78 0.0654 0.0119 0.0111
31.3 0.78 0.0595 0.0103 0.00926
31.4 0.78 0.0543 0.00891 0.00785
31.5 0.78 0.0493 0.00798 0.00655
31.6 0.78 0.0447 0.00725 0.00542
31.7 0.78 0.0405 0.00665 0.00444
31.8 0.78 0.0365 0.00613 0.00361
31.9 0.78 0.0329 0.00566 0.00291
32 0.78 0.0296 0.00523 0.0025
32.1 0.78 0.0266 0.00482 0.00249
32.2 0.78 0.0238 0.00444 0.00243
32.3 0.78 0.0213 0.00407 0.00235
32.4 0.78 0.019 0.00372 0.00224
32.5 0.78 0.017 0.0034 0.00211
32.6 0.78 0.0151 0.00309 0.00198
32.7 0.78 0.0135 0.0028 0.00184
32.8 0.78 0.012 0.00253 0.00169
32.9 0.78 0.0106 0.00228 0.00155
33 0.78 0.00942 0.00205 0.00142
33.1 0.78 0.00834 0.00184 0.00129
33.2 0.78 0.00739 0.00165 0.00116
33.3 0.78 0.00654 0.00147 0.00105
33.4 0.78 0.00578 0.00131 0.000943
33.5 0.78 0.00511 0.00117 0.000846
33.6 0.78 0.00451 0.00104 0.000757
33.7 0.78 0.00398 0.000923 0.000676
33.8 0.78 0.00351 0.000819 0.000602
33.9 0.78 0.0031 0.000726 0.000536
34 0.78 0.00273 0.000643 0.000476
34.1 0.78 0.00241 0.000569 0.000422
34.2 0.78 0.00212 0.000503 0.000375
34.3 0.78 0.00187 0.000445 0.000332
34.4 0.78 0.00165 0.000393 0.000294
34.5 0.78 0.00145 0.000347 0.00026
34.6 0.78 0.00128 0.000306 0.000229
34.7 0.78 0.00113 0.00027 0.000203
34.8 0.78 0.000992 0.000238 0.000179
34.9 0.78 0.000873 0.00021 0.000158
35 0.78 0.000769 0.000185 0.000139
35.1 0.78 0.000677 0.000163 0.000123
35.2 0.78 0.000596 0.000144 0.000108
35.3 0.78 0.000524 0.000127 9.54e-05
35.4 0.78 0.000461 0.000111 8.41e-05
35.5 0.78 0.000406 9.81e-05 7.41e-05
35.6 0.78 0.000357 8.64e-05 6.52e-05
35.7 0.78 0.000314 7.6e-05 5.75e-05
35.8 0.78 0.000277 6.69e-05 5.06e-05
35.9 0.78 0.000243 5.89e-05 4.46e-05
36 0.78 0.000214 5.19e-05 3.92e-05
36.1 0.78 0.000188 4.56e-05 3.45e-05
36.2 0.78 0.000166 4.02e-05 3.04e-05
36.3 0.78 0.000146 3.53e-05 2.67e-05
36.4 0.78 0.000128 3.11e-05 2.35e-05
36.5 0.78 0.000113 2.74e-05 2.07e-05
36.6 0.78 9.93e-05 2.41e-05 1.82e-05
36.7 0.78 8.74e-05 2.12e-05 1.6e-05
36.8 0.78 7.68e-05 1.86e-05 1.41e-05
36.9 0.78 6.76e-05 1.64e-05 1.24e-05
37 0.78 5.95e-05 1.44e-05 1.09e-05
37.1 0.78 5.23e-05 1.27e-05 9.61e-06
37.2 0.78 4.6e-05 1.12e-05 8.46e-06
37.3 0.78 4.05e-05 9.83e-06 7.44e-06
37.4 0.78 3.56e-05 8.64e-06 6.55e-06
37.5 0.78 3.13e-05 7.6e-06 5.76e-06
37.6 0.78 2.76e-05 6.69e-06 5.07e-06
37.7 0.78 2.42e-05 5.89e-06 4.46e-06
37.8 0.78 2.13e-05 5.18e-06 3.92e-06
37.9 0.78 1.88e-05 4.55e-06 3.45e-06
38 0.78 1.65e-05 4.01e-06 3.04e-06
38.1 0.78 1.45e-05 3.52e-06 2.67e-06
38.2 0.78 1.28e-05 3.1e-06 2.35e-06
38.3 0.78 1.12e-05 2.73e-06 2.07e-06
38.4 0.78 9.88e-06 2.4e-06 1.82e-06
38.5 0.78 8.7e-06 2.11e-06 1.6e-06
38.6 0.78 7.65e-06 1.86e-06 1.41e-06
38.7 0.78 6.73e-06 1.63e-06 1.24e-06
38.8 0.78 5.92e-06 1.44e-06 1.09e-06
38.9 0.78 5.21e-06 1.26e-06 9.58e-07
39 0.78 4.58e-06 1.11e-06 8.42e-07
39.1 0.78 4.03e-06 9.78e-07 7.41e-07
39.2 0.78 3.54e-06 8.61e-07 6.52e-07
39.3 0.78 3.12e-06 7.57e-07 5.74e-07
39.4 0.78 2.74e-06 6.66e-07 5.05e-07
39.5 0.78 2.41e-06 5.86e-07 4.44e-07
39.6 0.78 2.12e-06 5.15e-07 3.9e-07
39.7 0.78 1.87e-06 4.53e-07 3.43e-07
39.8 0.78 1.64e-06 3.99e-07 3.02e-07
39.9 0.78 1.44e-06 3.51e-07 2.66e-07
40 0.78 1.27e-06 3.09e-07 2.34e-07
40.1 0.78 1.12e-06 2.71e-07 2.06e-07
40.2 0.78 9.83e-07 2.39e-07 1.81e-07
40.3 0.78 8.65e-07 2.1e-07 1.59e-07
40.4 0.78 7.61e-07 1.85e-07 1.4e-07
40.5 0.78 6.69e-07 1.63e-07 1.23e-07
40.6 0.78 5.89e-07 1.43e-07 1.08e-07
40.7 0.78 5.18e-07 1.26e-07 9.53e-08
40.8 0.78 4.56e-07 1.11e-07 8.38e-08
40.9 0.78 4.01e-07 9.73e-08 7.37e-08
41 0.78 3.53e-07 8.56e-08 6.49e-08
41.1 0.78 3.1e-07 7.53e-08 5.71e-08
41.2 0.78 2.73e-07 6.63e-08 5.02e-08
41.3 0.78 2.4e-07 5.83e-08 4.42e-08
41.4 0.78 2.11e-07 5.13e-08 3.88e-08
41.5 0.78 1.86e-07 4.51e-08 3.42e-08
41.6 0.78 1.63e-07 3.97e-08 3.01e-08
41.7 0.78 1.44e-07 3.49e-08 2.64e-08
41.8 0.78 1.26e-07 3.07e-08 2.33e-08
41.9 0.78 1.11e-07 2.7e-08 2.05e-08
42 0.78 9.78e-08 2.38e-08 1.8e-08
42.1 0.78 8.61e-08 2.09e-08 1.58e-08
42.2 0.78 7.57e-08 1.84e-08 1.39e-08
42.3 0.78 6.66e-08 1.62e-08 1.23e-08
42.4 0.78 5.86e-08 1.42e-08 1.08e-08
42.5 0.78 5.15e-08 1.25e-08 9.48e-09
42.6 0.78 4.53e-08 1.1e-08 8.34e-09
42.7 0.78 3.99e-08 9.68e-09 7.34e-09
42.8 0.78 3.51e-08 8.52e-09 6.45e-09
42.9 0.78 3.09e-08 7.49e-09 5.68e-09
43 0.78 2.72e-08 6.59e-09 4.99e-09
43.1 0.78 2.39e-08 5.8e-09 4.39e-09
43.2 0.78 2.1e-08 5.1e-09 3.86e-09
43.3 0.78 1.85e-08 4.49e-09 3.4e-09
43.4 0.78 1.63e-08 3.95e-09 2.99e-09
43.5 0.78 1.43e-08 3.47e-09 2.63e-09
43.6 0.78 1.26e-08 3.05e-09 2.31e-09
43.7 0.78 1.11e-08 2.69e-09 2.04e-09
43.8 0.78 9.74e-09 2.36e-09 1.79e-09
43.9 0.78 8.56e-09 2.08e-09 1.58e-09
44 0.78 7.53e-09 1.83e-09 1.39e-09
44.1 0.78 6.63e-09 1.61e-09 1.22e-09
44.2 0.78 5.83e-09 1.42e-09 1.07e-09
44.3 0.78 5.13e-09 1.25e-09 9.43e-10
44.4 0.78 4.51e-09 1.1e-09 8.3e-10
44.5 0.78 3.97e-09 9.63e-10 7.3e-10
44.6 0.78 3.49e-09 8.48e-10 6.42e-10
44.7 0.78 3.07e-09 7.46e-10 5.65e-10
44.8 0.78 2.7e-09 6.56e-10 4.97e-10
44.9 0.78 2.38e-09 5.77e-10 4.37e-10
45 0.78 2.09e-09 5.07e-10 3.84e-10
45.1 0.78 1.84e-09 4.46e-10 3.38e-10
45.2 0.78 1.62e-09 3.93e-10 2.98e-10
45.3 0.78 1.42e-09 3.45e-10 2.62e-10
45.4 0.78 1.25e-09 3.04e-10 2.3e-10
45.5 0.78 1.1e-09 2.67e-10 2.03e-10
45.6 0.78 9.69e-10 2.35e-10 1.78e-10
45.7 0.78 8.52e-10 2.07e-10 1.57e-10
45.8 0.78 7.49e-10 1.82e-10 1.38e-10
45.9 0.78 6.59e-10 1.6e-10 1.21e-10
46 0.78 5.8e-10 1.41e-10 1.07e-10
49.2 0.78 9.59e-12 2.33e-12 1.76e-12
49.3 0.78 8.43e-12 2.05e-12 1.55e-12
49.4 0.78 7.42e-12 1.8e-12 1.36e-12
49.5 0.78 6.53e-12 1.58e-12 1.2e-12
49.6 0.78 5.74e-12 1.39e-12 1.06e-12
49.7 0.78 5.05e-12 1.23e-12 9.29e-13
49.8 0.78 4.44e-12 1.08e-12 8.17e-13
49.9 0.78 3.91e-12 9.49e-13 7.19e-13
50 0.78 3.44e-12 8.35e-13 6.32e-13
50.1 0.78 3.02e-12 7.34e-13 5.56e-13
50.2 0.78 2.66e-12 6.46e-13 4.89e-13
50.3 0.78 2.34e-12 5.68e-13 4.3e-13
50.4 0.78 2.06e-12 5e-13 3.79e-13
50.5 0.78 1.81e-12 4.4e-13 3.33e-13
50.6 0.78 1.59e-12 3.87e-13 2.93e-13
50.7 0.78 1.4e-12 3.4e-13 2.58e-13
50.8 0.78 1.23e-12 2.99e-13 2.27e-13
50.9 0.78 1.08e-12 2.63e-13 1.99e-13
51 0.78 9.54e-13 2.32e-13 1.75e-13
51.1 0.78 8.39e-13 2.04e-13 1.54e-13
51.2 0.78 7.38e-13 1.79e-13 1.36e-13
51.3 0.78 6.49e-13 1.58e-13 1.19e-13
51.4 0.78 5.71e-13 1.39e-13 1.05e-13
51.5 0.78 5.02e-13 1.22e-13 9.24e-14
51.6 0.78 4.42e-13 1.07e-13 8.13e-14
51.7 0.78 3.89e-13 9.44e-14 7.15e-14
51.8 0.78 3.42e-13 8.3e-14 6.29e-14
51.9 0.78 3.01e-13 7.3e-14 5.53e-14
52 0.78 2.65e-13 6.43e-14 4.87e-14
52.1 0.78 2.33e-13 5.65e-14 4.28e-14
52.2 0.78 2.05e-13 4.97e-14 3.77e-14
52.3 0.78 1.8e-13 4.37e-14 3.31e-14
52.4 0.78 1.58e-13 3.85e-14 2.92e-14
52.5 0.78 1.39e-13 3.38e-14 2.56e-14
52.6 0.78 1.23e-13 2.98e-14 2.26e-14
52.7 0.78 1.08e-13 2.62e-14 1.98e-14
52.8 0.78 9.49e-14 2.3e-14 1.75e-14
52.9 0.78 8.35e-14 2.03e-14 1.54e-14
53 0.78 7.34e-14 1.78e-14 1.35e-14
53.1 0.78 6.46e-14 1.57e-14 1.19e-14
53.2 0.78 5.68e-14 1.38e-14 1.05e-14
53.3 0.78 5e-14 1.21e-14 9.19e-15
53.4 0.78 4.4e-14 1.07e-14 8.09e-15
53.5 0.78 3.87e-14 9.39e-15 7.12e-15
53.6 0.78 3.4e-14 8.26e-15 6.26e-15
53.7 0.78 2.99e-14 7.27e-15 5.51e-15
53.8 0.78 2.63e-14 6.39e-15 4.84e-15
53.9 0.78 2.32e-14 5.62e-15 4.26e-15
54 0.78 2.04e-14 4.95e-15 3.75e-15
54.1 0.78 1.79e-14 4.35e-15 3.3e-15
54.2 0.78 1.58e-14 3.83e-15 2.9e-15
54.3 0.78 1.39e-14 3.37e-15 2.55e-15
54.4 0.78 1.22e-14 2.96e-15 2.24e-15
54.5 0.78 1.07e-14 2.61e-15 1.97e-15
54.6 0.78 9.44e-15 2.29e-15 1.74e-15
54.7 0.78 8.31e-15 2.02e-15 1.53e-15
54.8 0.78 7.31e-15 1.77e-15 1.34e-15
54.9 0.78 6.43e-15 1.56e-15 1.18e-15
55 0.78 5.65e-15 1.37e-15 1.04e-15
55.1 0.78 4.97e-15 1.21e-15 9.15e-16
55.2 0.78 4.37e-15 1.06e-15 8.05e-16
55.3 0.78 3.85e-15 9.34e-16 7.08e-16
55.4 0.78 3.39e-15 8.22e-16 6.23e-16
55.5 0.78 2.98e-15 7.23e-16 5.48e-16
55.6 0.78 2.62e-15 6.36e-16 4.82e-16
55.7 0.78 2.3e-15 5.6e-16 4.24e-16
55.8 0.78 2.03e-15 4.92e-16 3.73e-16
55.9 0.78 1.78e-15 4.33e-16 3.28e-16
56 0.78 1.57e-15 3.81e-16 2.89e-16
56.1 0.78 1.38e-15 3.35e-16 2.54e-16
56.2 0.78 1.21e-15 2.95e-16 2.23e-16
56.3 0.78 1.07e-15 2.59e-16 1.96e-16
56.4 0.78 9.39e-16 2.28e-16 1.73e-16
56.5 0.78 8.26e-16 2.01e-16 1.52e-16
56.6 0.78 7.27e-16 1.76e-16 1.34e-16
56.7 0.78 6.39e-16 1.55e-16 1.18e-16
56.8 0.78 5.62e-16 1.37e-16 1.03e-16
56.9 0.78 4.95e-16 1.2e-16 9.1e-17
57 0.78 4.35e-16 1.06e-16 8.01e-17
57.1 0.78 3.83e-16 9.3e-17 7.04e-17
57.2 0.78 3.37e-16 8.18e-17 6.2e-17
57.3 0.78 2.96e-16 7.19e-17 5.45e-17
57.4 0.78 2.61e-16 6.33e-17 4.79e-17
57.5 0.78 2.29e-16 5.57e-17 4.22e-17
57.6 0.78 2.02e-16 4.9e-17 3.71e-17
57.7 0.78 1.77e-16 4.31e-17 3.26e-17
57.8 0.78 1.56e-16 3.79e-17 2.87e-17
57.9 0.78 1.37e-16 3.33e-17 2.53e-17
58 0.78 1.21e-16 2.93e-17 2.22e-17
58.1 0.78 1.06e-16 2.58e-17 1.95e-17
58.2 0.78 9.35e-17 2.27e-17 1.72e-17
58.3 0.78 8.22e-17 2e-17 1.51e-17
58.4 0.78 7.23e-17 1.76e-17 1.33e-17
58.5 0.78 6.36e-17 1.54e-17 1.17e-17
58.6 0.78 5.6e-17 1.36e-17 1.03e-17
58.7 0.78 4.92e-17 1.2e-17 9.06e-18
58.8 0.78 4.33e-17 1.05e-17 7.97e-18
58.9 0.78 3.81e-17 9.25e-18 7.01e-18
59 0.78 3.35e-17 8.14e-18 6.16e-18
59.1 0.78 2.95e-17 7.16e-18 5.42e-18
59.2 0.78 2.59e-17 6.3e-18 4.77e-18
59.3 0.78 2.28e-17 5.54e-18 4.2e-18
59.4 0.78 2.01e-17 4.87e-18 3.69e-18
59.5 0.78 1.77e-17 4.29e-18 3.25e-18
59.6 0.78 1.55e-17 3.77e-18 2.86e-18
59.7 0.78 1.37e-17 3.32e-18 2.51e-18
59.8 0.78 1.2e-17 2.92e-18 2.21e-18
59.9 0.78 1.06e-17 2.57e-18 1.94e-18
60 0.78 9.3e-18 2.26e-18 1.71e-18
60.1 0.78 8.18e-18 1.99e-18 1.5e-18
60.2 0.78 7.19e-18 1.75e-18 1.32e-18
60.3 0.78 6.33e-18 1.54e-18 1.16e-18
60.4 0.78 5.57e-18 1.35e-18 1.02e-18
60.5 0.78 4.9e-18 1.19e-18 9.01e-19
60.6 0.78 4.31e-18 1.05e-18 7.92e-19
60.7 0.78 3.79e-18 9.2e-19 6.97e-19
60.8 0.78 3.33e-18 8.09e-19 6.13e-19
60.9 0.78 2.93e-18 7.12e-19 5.39e-19
61 0.78 2.58e-18 6.26e-19 4.75e-19
61.1 0.78 2.27e-18 5.51e-19 4.17e-19
61.2 0.78 2e-18 4.85e-19 3.67e-19
61.3 0.78 1.76e-18 4.26e-19 3.23e-19
61.4 0.78 1.54e-18 3.75e-19 2.84e-19
61.5 0.78 1.36e-18 3.3e-19 2.5e-19
61.6 0.78 1.2e-18 2.9e-19 2.2e-19
61.7 0.78 1.05e-18 2.55e-19 1.93e-19
61.8 0.78 9.25e-19 2.25e-19 1.7e-19
61.9 0.78 8.14e-19 1.98e-19 1.5e-19
62 0.78 7.16e-19 1.74e-19 1.32e-19
62.1 0.78 6.3e-19 1.53e-19 1.16e-19
62.2 0.78 5.54e-19 1.34e-19 1.02e-19
62.3 0.78 4.87e-19 1.18e-19 8.96e-20
62.4 0.78 4.29e-19 1.04e-19 7.88e-20
62.5 0.78 3.77e-19 9.15e-20 6.94e-20
62.6 0.78 3.32e-19 8.05e-20 6.1e-20
62.7 0.78 2.92e-19 7.08e-20 5.37e-20
62.8 0.78 2.57e-19 6.23e-20 4.72e-20
62.9 0.78 2.26e-19 5.48e-20 4.15e-20
63 0.78 1.99e-19 4.82e-20 3.65e-20
63.1 0.78 1.75e-19 4.24e-20 3.21e-20
63.2 0.78 1.54e-19 3.73e-20 2.83e-20
63.3 0.78 1.35e-19 3.28e-20 2.49e-20
63.4 0.78 1.19e-19 2.89e-20 2.19e-20
63.5 0.78 1.05e-19 2.54e-20 1.92e-20
63.6 0.78 9.2e-20 2.23e-20 1.69e-20
63.7 0.78 8.1e-20 1.97e-20 1.49e-20
63.8 0.78 7.12e-20 1.73e-20 1.31e-20
63.9 0.78 6.26e-20 1.52e-20 1.15e-20
64 0.78 5.51e-20 1.34e-20 1.01e-20
64.1 0.78 4.85e-20 1.18e-20 8.92e-21
64.2 0.78 4.26e-20 1.04e-20 7.84e-21
64.3 0.78 3.75e-20 9.11e-21 6.9e-21
64.4 0.78 3.3e-20 8.01e-21 6.07e-21
64.5 0.78 2.9e-20 7.05e-21 5.34e-21
64.6 0.78 2.55e-20 6.2e-21 4.7e-21
64.7 0.78 2.25e-20 5.45e-21 4.13e-21
64.8 0.78 1.98e-20 4.8e-21 3.63e-21
64.9 0.78 1.74e-20 4.22e-21 3.2e-21
65 0.78 1.53e-20 3.71e-21 2.81e-21
65.1 0.78 1.35e-20 3.27e-21 2.47e-21
65.2 0.78 1.18e-20 2.87e-21 2.18e-21
65.3 0.78 1.04e-20 2.53e-21 1.91e-21
65.4 0.78 9.16e-21 2.22e-21 1.68e-21
65.5 0.78 8.05e-21 1.96e-21 1.48e-21
65.6 0.78 7.09e-21 1.72e-21 1.3e-21
65.7 0.78 6.23e-21 1.51e-21 1.15e-21
65.8 0.78 5.48e-21 1.33e-21 1.01e-21
65.9 0.78 4.82e-21 1.17e-21 8.87e-22
66 0.78 4.24e-21 1.03e-21 7.8e-22
66.1 0.78 3.73e-21 9.06e-22 6.87e-22
66.2 0.78 3.28e-21 7.97e-22 6.04e-22
66.3 0.78 2.89e-21 7.01e-22 5.31e-22
66.4 0.78 2.54e-21 6.17e-22 4.67e-22
66.5 0.78 2.23e-21 5.43e-22 4.11e-22
66.6 0.78 1.97e-21 4.77e-22 3.62e-22
66.7 0.78 1.73e-21 4.2e-22 3.18e-22
66.8 0.78 1.52e-21 3.69e-22 2.8e-22
66.9 0.78 1.34e-21 3.25e-22 2.46e-22
67 0.78 1.18e-21 2.86e-22 2.17e-22
67.1 0.78 1.04e-21 2.51e-22 1.9e-22
67.2 0.78 9.11e-22 2.21e-22 1.68e-22
67.3 0.78 8.01e-22 1.95e-22 1.47e-22
67.4 0.78 7.05e-22 1.71e-22 1.3e-22
67.5 0.78 6.2e-22 1.51e-22 1.14e-22
67.6 0.78 5.45e-22 1.32e-22 1e-22
67.7 0.78 4.8e-22 1.17e-22 8.83e-23
67.8 0.78 4.22e-22 1.02e-22 7.76e-23
67.9 0.78 3.71e-22 9.02e-23 6.83e-23
68 0.78 3.27e-22 7.93e-23 6.01e-23
68.1 0.78 2.87e-22 6.98e-23 5.29e-23
68.2 0.78 2.53e-22 6.14e-23 4.65e-23
68.3 0.78 2.22e-22 5.4e-23 4.09e-23
68.4 0.78 1.96e-22 4.75e-23 3.6e-23
68.5 0.78 1.72e-22 4.18e-23 3.16e-23
68.6 0.78 1.51e-22 3.67e-23 2.78e-23
68.7 0.78 1.33e-22 3.23e-23 2.45e-23
68.8 0.78 1.17e-22 2.84e-23 2.15e-23
68.9 0.78 1.03e-22 2.5e-23 1.9e-23
69 0.78 9.06e-23 2.2e-23 1.67e-23
69.1 0.78 7.97e-23 1.94e-23 1.47e-23
69.2 0.78 7.01e-23 1.7e-23 1.29e-23
69.3 0.78 6.17e-23 1.5e-23 1.13e-23
69.4 0.78 5.43e-23 1.32e-23 9.98e-24
69.5 0.78 4.77e-23 1.16e-23 8.78e-24
69.6 0.78 4.2e-23 1.02e-23 7.73e-24
69.7 0.78 3.69e-23 8.97e-24 6.8e-24
69.8 0.78 3.25e-23 7.89e-24 5.98e-24
69.9 0.78 2.86e-23 6.94e-24 5.26e-24
70 0.78 2.51e-23 6.11e-24 4.63e-24
70.1 0.78 2.21e-23 5.37e-24 4.07e-24
70.2 0.78 1.95e-23 4.72e-24 3.58e-24
70.3 0.78 1.71e-23 4.16e-24 3.15e-24
70.4 0.78 1.51e-23 3.66e-24 2.77e-24
70.5 0.78 1.32e-23 3.22e-24 2.44e-24
70.6 0.78 1.17e-23 2.83e-24 2.14e-24
70.7 0.78 1.03e-23 2.49e-24 1.89e-24
70.8 0.78 9.02e-24 2.19e-24 1.66e-24
70.9 0.78 7.93e-24 1.93e-24 1.46e-24
71 0.78 6.98e-24 1.69e-24 1.28e-24
71.1 0.78 6.14e-24 1.49e-24 1.13e-24
71.2 0.78 5.4e-24 1.31e-24 9.93e-25
71.3 0.78 4.75e-24 1.15e-24 8.74e-25
71.4 0.78 4.18e-24 1.01e-24 7.69e-25
71.5 0.78 3.68e-24 8.92e-25 6.76e-25
71.6 0.78 3.23e-24 7.85e-25 5.95e-25
71.7 0.78 2.84e-24 6.91e-25 5.23e-25
71.8 0.78 2.5e-24 6.07e-25 4.6e-25
71.9 0.78 2.2e-24 5.34e-25 4.05e-25
72 0.78 1.94e-24 4.7e-25 3.56e-25
72.1 0.78 1.7e-24 4.14e-25 3.13e-25
72.2 0.78 1.5e-24 3.64e-25 2.76e-25
72.3 0.78 1.32e-24 3.2e-25 2.42e-25
72.4 0.78 1.16e-24 2.81e-25 2.13e-25
72.5 0.78 1.02e-24 2.48e-25 1.88e-25
72.6 0.78 8.97e-25 2.18e-25 1.65e-25
72.7 0.78 7.89e-25 1.92e-25 1.45e-25
72.8 0.78 6.94e-25 1.69e-25 1.28e-25
72.9 0.78 6.11e-25 1.48e-25 1.12e-25
73 0.78 5.37e-25 1.3e-25 9.88e-26
73.1 0.78 4.73e-25 1.15e-25 8.69e-26
73.2 0.78 4.16e-25 1.01e-25 7.65e-26
73.3 0.78 3.66e-25 8.88e-26 6.73e-26
73.4 0.78 3.22e-25 7.81e-26 5.92e-26
73.5 0.78 2.83e-25 6.87e-26 5.21e-26
73.6 0.78 2.49e-25 6.04e-26 4.58e-26
73.7 0.78 2.19e-25 5.32e-26 4.03e-26
73.8 0.78 1.93e-25 4.68e-26 3.54e-26
73.9 0.78 1.69e-25 4.11e-26 3.12e-26
74 0.78 1.49e-25 3.62e-26 2.74e-26
74.1 0.78 1.31e-25 3.18e-26 2.41e-26
74.2 0.78 1.15e-25 2.8e-26 2.12e-26
74.3 0.78 1.01e-25 2.46e-26 1.87e-26
74.4 0.78 8.93e-26 2.17e-26 1.64e-26
74.5 0.78 7.85e-26 1.91e-26 1.44e-26
74.6 0.78 6.91e-26 1.68e-26 1.27e-26
74.7 0.78 6.08e-26 1.48e-26 1.12e-26
74.8 0.78 5.34e-26 1.3e-26 9.83e-27
74.9 0.78 4.7e-26 1.14e-26 8.65e-27
75 0.78 4.14e-26 1e-26 7.61e-27
75.1 0.78 3.64e-26 8.83e-27 6.69e-27
75.2 0.78 3.2e-26 7.77e-27 5.89e-27
75.3 0.78 2.82e-26 6.84e-27 5.18e-27
75.4 0.78 2.48e-26 6.01e-27 4.56e-27
75.5 0.78 2.18e-26 5.29e-27 4.01e-27
75.6 0.78 1.92e-26 4.65e-27 3.53e-27
75.7 0.78 1.69e-26 4.09e-27 3.1e-27
75.8 0.78 1.48e-26 3.6e-27 2.73e-27
75.9 0.78 1.3e-26 3.17e-27 2.4e-27
76 0.78 1.15e-26 2.79e-27 2.11e-27
76.1 0.78 1.01e-26 2.45e-27 1.86e-27
76.2 0.78 8.88e-27 2.16e-27 1.63e-27
76.3 0.78 7.81e-27 1.9e-27 1.44e-27
76.4 0.78 6.87e-27 1.67e-27 1.26e-27
76.5 0.78 6.04e-27 1.47e-27 1.11e-27
76.6 0.78 5.32e-27 1.29e-27 9.78e-28
76.7 0.78 4.68e-27 1.14e-27 8.6e-28
76.8 0.78 4.11e-27 9.99e-28 7.57e-28
76.9 0.78 3.62e-27 8.79e-28 6.66e-28
77 0.78 3.18e-27 7.73e-28 5.86e-28
77.1 0.78 2.8e-27 6.8e-28 5.15e-28
77.2 0.78 2.46e-27 5.98e-28 4.53e-28
77.3 0.78 2.17e-27 5.26e-28 3.99e-28
77.4 0.78 1.91e-27 4.63e-28 3.51e-28
77.5 0.78 1.68e-27 4.07e-28 3.09e-28
77.6 0.78 1.48e-27 3.58e-28 2.71e-28
77.7 0.78 1.3e-27 3.15e-28 2.39e-28
77.8 0.78 1.14e-27 2.77e-28 2.1e-28
77.9 0.78 1e-27 2.44e-28 1.85e-28
78 0.78 8.83e-28 2.15e-28 1.63e-28
78.1 0.78 7.77e-28 1.89e-28 1.43e-28
78.2 0.78 6.84e-28 1.66e-28 1.26e-28
78.3 0.78 6.01e-28 1.46e-28 1.11e-28
78.4 0.78 5.29e-28 1.28e-28 9.73e-29
78.5 0.78 4.65e-28 1.13e-28 8.56e-29
78.6 0.78 4.09e-28 9.94e-29 7.53e-29
78.7 0.78 3.6e-28 8.74e-29 6.62e-29
78.8 0.78 3.17e-28 7.69e-29 5.83e-29
78.9 0.78 2.79e-28 6.77e-29 5.13e-29
79 0.78 2.45e-28 5.95e-29 4.51e-29
79.1 0.78 2.16e-28 5.24e-29 3.97e-29
79.2 0.78 1.9e-28 4.61e-29 3.49e-29
79.3 0.78 1.67e-28 4.05e-29 3.07e-29
79.4 0.78 1.47e-28 3.56e-29 2.7e-29
79.5 0.78 1.29e-28 3.14e-29 2.38e-29
79.6 0.78 1.14e-28 2.76e-29 2.09e-29
79.7 0.78 9.99e-29 2.43e-29 1.84e-29
79.8 0.78 8.79e-29 2.13e-29 1.62e-29
79.9 0.78 7.73e-29 1.88e-29 1.42e-29
80 0.78 6.8e-29 1.65e-29 1.25e-29
80.1 0.78 5.98e-29 1.45e-29 1.1e-29
80.2 0.78 5.26e-29 1.28e-29 9.68e-30
80.3 0.78 4.63e-29 1.12e-29 8.52e-30
80.4 0.78 4.07e-29 9.89e-30 7.49e-30
80.5 0.78 3.58e-29 8.7e-30 6.59e-30
80.6 0.78 3.15e-29 7.65e-30 5.8e-30
80.7 0.78 2.77e-29 6.73e-30 5.1e-30
80.8 0.78 2.44e-29 5.92e-30 4.49e-30
80.9 0.78 2.15e-29 5.21e-30 3.95e-30
81 0.78 1.89e-29 4.58e-30 3.47e-30
81.1 0.78 1.66e-29 4.03e-30 3.05e-30
81.2 0.78 1.46e-29 3.55e-30 2.69e-30
81.3 0.78 1.28e-29 3.12e-30 2.36e-30
81.4 0.78 1.13e-29 2.74e-30 2.08e-30
81.5 0.78 9.94e-30 2.41e-30 1.83e-30
81.6 0.78 8.75e-30 2.12e-30 1.61e-30
81.7 0.78 7.69e-30 1.87e-30 1.42e-30
81.8 0.78 6.77e-30 1.64e-30 1.24e-30
81.9 0.78 5.95e-30 1.45e-30 1.1e-30
82 0.78 5.24e-30 1.27e-30 9.63e-31
82.1 0.78 4.61e-30 1.12e-30 8.47e-31
82.2 0.78 4.05e-30 9.84e-31 7.45e-31
82.3 0.78 3.56e-30 8.65e-31 6.56e-31
82.4 0.78 3.14e-30 7.61e-31 5.77e-31
82.5 0.78 2.76e-30 6.7e-31 5.07e-31
82.6 0.78 2.43e-30 5.89e-31 4.46e-31
82.7 0.78 2.13e-30 5.18e-31 3.93e-31
82.8 0.78 1.88e-30 4.56e-31 3.45e-31
82.9 0.78 1.65e-30 4.01e-31 3.04e-31
83 0.78 1.45e-30 3.53e-31 2.67e-31
83.1 0.78 1.28e-30 3.1e-31 2.35e-31
83.2 0.78 1.12e-30 2.73e-31 2.07e-31
83.3 0.78 9.89e-31 2.4e-31 1.82e-31
83.4 0.78 8.7e-31 2.11e-31 1.6e-31
83.5 0.78 7.65e-31 1.86e-31 1.41e-31
83.6 0.78 6.73e-31 1.63e-31 1.24e-31
83.7 0.78 5.92e-31 1.44e-31 1.09e-31
83.8 0.78 5.21e-31 1.26e-31 9.58e-32
83.9 0.78 4.58e-31 1.11e-31 8.43e-32
84 0.78 4.03e-31 9.79e-32 7.42e-32
84.1 0.78 3.55e-31 8.61e-32 6.52e-32
84.2 0.78 3.12e-31 7.57e-32 5.74e-32
84.3 0.78 2.74e-31 6.66e-32 5.05e-32
84.4 0.78 2.41e-31 5.86e-32 4.44e-32
84.5 0.78 2.12e-31 5.16e-32 3.91e-32
84.6 0.78 1.87e-31 4.54e-32 3.44e-32
84.7 0.78 1.64e-31 3.99e-32 3.02e-32
84.8 0.78 1.45e-31 3.51e-32 2.66e-32
84.9 0.78 1.27e-31 3.09e-32 2.34e-32
85 0.78 1.12e-31 2.72e-32 2.06e-32
85.1 0.78 9.84e-32 2.39e-32 1.81e-32
85.2 0.78 8.66e-32 2.1e-32 1.59e-32
85.3 0.78 7.61e-32 1.85e-32 1.4e-32
85.4 0.78 6.7e-32 1.63e-32 1.23e-32
85.5 0.78 5.89e-32 1.43e-32 1.08e-32
85.6 0.78 5.18e-32 1.26e-32 9.53e-33
85.7 0.78 4.56e-32 1.11e-32 8.39e-33
85.8 0.78 4.01e-32 9.74e-33 7.38e-33
85.9 0.78 3.53e-32 8.57e-33 6.49e-33
86 0.78 3.1e-32 7.54e-33 5.71e-33
86.1 0.78 2.73e-32 6.63e-33 5.02e-33
86.2 0.78 2.4e-32 5.83e-33 4.42e-33
86.3 0.78 2.11e-32 5.13e-33 3.89e-33
86.4 0.78 1.86e-32 4.51e-33 3.42e-33
86.5 0.78 1.63e-32 3.97e-33 3.01e-33
86.6 0.78 1.44e-32 3.49e-33 2.65e-33
86.7 0.78 1.27e-32 3.07e-33 2.33e-33
86.8 0.78 1.11e-32 2.7e-33 2.05e-33
86.9 0.78 9.79e-33 2.38e-33 1.8e-33
87 0.78 8.61e-33 2.09e-33 1.58e-33
87.1 0.78 7.58e-33 1.84e-33 1.39e-33
87.2 0.78 6.66e-33 1.62e-33 1.23e-33
87.3 0.78 5.86e-33 1.42e-33 1.08e-33
87.4 0.78 5.16e-33 1.25e-33 9.49e-34
87.5 0.78 4.54e-33 1.1e-33 8.34e-34
87.6 0.78 3.99e-33 9.69e-34 7.34e-34
87.7 0.78 3.51e-33 8.52e-34 6.46e-34
87.8 0.78 3.09e-33 7.5e-34 5.68e-34
87.9 0.78 2.72e-33 6.6e-34 5e-34
88 0.78 2.39e-33 5.8e-34 4.4e-34
88.1 0.78 2.1e-33 5.1e-34 3.87e-34
88.2 0.78 1.85e-33 4.49e-34 3.4e-34
88.3 0.78 1.63e-33 3.95e-34 2.99e-34
88.4 0.78 1.43e-33 3.47e-34 2.63e-34
88.5 0.78 1.26e-33 3.06e-34 2.32e-34
88.6 0.78 1.11e-33 2.69e-34 2.04e-34
88.7 0.78 9.74e-34 2.36e-34 1.79e-34
88.8 0.78 8.57e-34 2.08e-34 1.58e-34
88.9 0.78 7.54e-34 1.83e-34 1.39e-34
89 0.78 6.63e-34 1.61e-34 1.22e-34
89.1 0.78 5.83e-34 1.42e-34 1.07e-34
89.2 0.78 5.13e-34 1.25e-34 9.44e-35
89.3 0.78 4.51e-34 1.1e-34 8.3e-35
89.4 0.78 3.97e-34 9.64e-35 7.3e-35
89.5 0.78 3.49e-34 8.48e-35 6.42e-35
89.6 0.78 3.07e-34 7.46e-35 5.65e-35
89.7 0.78 2.7e-34 6.56e-35 4.97e-35
89.8 0.78 2.38e-34 5.77e-35 4.37e-35
89.9 0.78 2.09e-34 5.08e-35 3.85e-35
90 0.78 1.84e-34 4.47e-35 3.38e-35
90.1 0.78 1.62e-34 3.93e-35 2.98e-35
90.2 0.78 1.42e-34 3.46e-35 2.62e-35
90.3 0.78 1.25e-34 3.04e-35 2.3e-35
90.4 0.78 1.1e-34 2.67e-35 2.03e-35
90.5 0.78 9.69e-35 2.35e-35 1.78e-35
90.6 0.78 8.52e-35 2.07e-35 1.57e-35
90.7 0.78 7.5e-35 1.82e-35 1.38e-35
90.8 0.78 6.6e-35 1.6e-35 1.21e-35
90.9 0.78 5.8e-35 1.41e-35 1.07e-35
91 0.78 5.1e-35 1.24e-35 9.39e-36
91.1 0.78 4.49e-35 1.09e-35 8.26e-36
91.2 0.78 3.95e-35 9.59e-36 7.27e-36
91.3 0.78 3.47e-35 8.44e-36 6.39e-36
91.4 0.78 3.06e-35 7.42e-36 5.62e-36
91.5 0.78 2.69e-35 6.53e-36 4.95e-36
91.6 0.78 2.37e-35 5.74e-36 4.35e-36
91.7 0.78 2.08e-35 5.05e-36 3.83e-36
91.8 0.78 1.83e-35 4.44e-36 3.37e-36
91.9 0.78 1.61e-35 3.91e-36 2.96e-36
92 0.78 1.42e-35 3.44e-36 2.61e-36
92.1 0.78 1.25e-35 3.02e-36 2.29e-36
92.2 0.78 1.1e-35 2.66e-36 2.02e-36
92.3 0.78 9.64e-36 2.34e-36 1.77e-36
92.4 0.78 8.48e-36 2.06e-36 1.56e-36
92.5 0.78 7.46e-36 1.81e-36 1.37e-36
92.6 0.78 6.56e-36 1.59e-36 1.21e-36
92.7 0.78 5.77e-36 1.4e-36 1.06e-36
92.8 0.78 5.08e-36 1.23e-36 9.34e-37
92.9 0.78 4.47e-36 1.08e-36 8.22e-37
93 0.78 3.93e-36 9.54e-37 7.23e-37
93.1 0.78 3.46e-36 8.39e-37 6.36e-37
93.2 0.78 3.04e-36 7.38e-37 5.59e-37
93.3 0.78 2.68e-36 6.49e-37 4.92e-37
93.4 0.78 2.35e-36 5.71e-37 4.33e-37
93.5 0.78 2.07e-36 5.03e-37 3.81e-37
93.6 0.78 1.82e-36 4.42e-37 3.35e-37
93.7 0.78 1.6e-36 3.89e-37 2.95e-37
93.8 0.78 1.41e-36 3.42e-37 2.59e-37
93.9 0.78 1.24e-36 3.01e-37 2.28e-37
94 0.78 1.09e-36 2.65e-37 2.01e-37
94.1 0.78 9.59e-37 2.33e-37 1.76e-37
94.2 0.78 8.44e-37 2.05e-37 1.55e-37
94.3 0.78 7.42e-37 1.8e-37 1.37e-37
94.4 0.78 6.53e-37 1.59e-37 1.2e-37
94.5 0.78 5.74e-37 1.39e-37 1.06e-37
94.6 0.78 5.05e-37 1.23e-37 9.29e-38
94.7 0.78 4.44e-37 1.08e-37 8.18e-38
94.8 0.78 3.91e-37 9.49e-38 7.19e-38
94.9 0.78 3.44e-37 8.35e-38 6.33e-38
95 0.78 3.03e-37 7.35e-38 5.57e-38
95.1 0.78 2.66e-37 6.46e-38 4.9e-38
95.2 0.78 2.34e-37 5.68e-38 4.31e-38
95.3 0.78 2.06e-37 5e-38 3.79e-38
95.4 0.78 1.81e-37 4.4e-38 3.33e-38
95.5 0.78 1.59e-37 3.87e-38 2.93e-38
95.6 0.78 1.4e-37 3.4e-38 2.58e-38
95.7 0.78 1.23e-37 2.99e-38 2.27e-38
95.8 0.78 1.08e-37 2.63e-38 2e-38
95.9 0.78 9.54e-38 2.32e-38 1.76e-38
96 0.78 8.39e-38 2.04e-38 1.54e-38
96.1 0.78 7.38e-38 1.79e-38 1.36e-38
96.2 0.78 6.5e-38 1.58e-38 1.19e-38
96.3 0.78 5.71e-38 1.39e-38 1.05e-38
96.4 0.78 5.03e-38 1.22e-38 9.25e-39
96.5 0.78 4.42e-38 1.07e-38 8.13e-39
96.6 0.78 3.89e-38 9.44e-39 7.16e-39
96.7 0.78 3.42e-38 8.31e-39 6.29e-39
96.8 0.78 3.01e-38 7.31e-39 5.54e-39
96.9 0.78 2.65e-38 6.43e-39 4.87e-39
97 0.78 2.33e-38 5.66e-39 4.28e-39
97.1 0.78 2.05e-38 4.97e-39 3.77e-39
97.2 0.78 1.8e-38 4.38e-39 3.32e-39
97.3 0.78 1.59e-38 3.85e-39 2.92e-39
97.4 0.78 1.39e-38 3.39e-39 2.57e-39
97.5 0.78 1.23e-38 2.98e-39 2.26e-39
97.6 0.78 1.08e-38 2.62e-39 1.99e-39
97.7 0.78 9.49e-39 2.31e-39 1.75e-39
97.8 0.78 8.35e-39 2.03e-39 1.54e-39
97.9 0.78 7.35e-39 1.78e-39 1.35e-39
98 0.78 6.46e-39 1.57e-39 1.19e-39
98.1 0.78 5.69e-39 1.38e-39 1.05e-39
98.2 0.78 5e-39 1.21e-39 9.2e-40
98.3 0.78 4.4e-39 1.07e-39 8.09e-40
98.4 0.78 3.87e-39 9.4e-40 7.12e-40
98.5 0.78 3.4e-39 8.27e-40 6.26e-40
98.6 0.78 2.99e-39 7.27e-40 5.51e-40
98.7 0.78 2.63e-39 6.4e-40 4.85e-40
98.8 0.78 2.32e-39 5.63e-40 4.26e-40
98.9 0.78 2.04e-39 4.95e-40 3.75e-40
99 0.78 1.79e-39 4.35e-40 3.3e-40
99.1 0.78 1.58e-39 3.83e-40 2.9e-40
99.2 0.78 1.39e-39 3.37e-40 2.55e-40
99.3 0.78 1.22e-39 2.96e-40 2.25e-40
99.4 0.78 1.07e-39 2.61e-40 1.98e-40
99.5 0.78 9.45e-40 2.29e-40 1.74e-40
99.6 0.78 8.31e-40 2.02e-40 1.53e-40
99.7 0.78 7.31e-40 1.77e-40 1.34e-40
99.8 0.78 6.43e-40 1.56e-40 1.18e-40
99.9 0.78 5.66e-40 1.37e-40 1.04e-40
