-25 1.2 1.08e-08 1.79e-10 2.87e-10
-24.9 1.2 1.17e-08 1.94e-10 3.12e-10
-24.8 1.2 1.27e-08 2.11e-10 3.39e-10
-24.7 1.2 1.38e-08 2.29e-10 3.68e-10
-24.6 1.2 1.5e-08 2.49e-10 4e-10
-24.5 1.2 1.64e-08 2.71e-10 4.35e-10
-24.4 1.2 1.78e-08 2.95e-10 4.73e-10
-24.3 1.2 1.93e-08 3.2e-10 5.14e-10
-24.2 1.2 2.1e-08 3.48e-10 5.59e-10
-24.1 1.2 2.28e-08 3.78e-10 6.07e-10
-24 1.2 2.48e-08 4.11e-10 6.6e-10
-23.9 1.2 2.7e-08 4.47e-10 7.17e-10
-23.8 1.2 2.93e-08 4.86e-10 7.8e-10
-23.7 1.2 3.18e-08 5.28e-10 8.48e-10
-23.6 1.2 3.46e-08 5.74e-10 9.21e-10
-23.5 1.2 3.76e-08 6.23e-10 1e-09
-23.4 1.2 4.09e-08 6.78e-10 1.09e-09
-23.3 1.2 4.44e-08 7.37e-10 1.18e-09
-23.2 1.2 4.83e-08 8.01e-10 1.29e-09
-23.1 1.2 5.25e-08 8.7e-10 1.4e-09
-23 1.2 5.71e-08 9.46e-10 1.52e-09
-22.9 1.2 6.2e-08 1.03e-09 1.65e-09
-22.8 1.2 6.74e-08 1.12e-09 1.79e-09
-22.7 1.2 7.33e-08 1.21e-09 1.95e-09
-22.6 1.2 7.96e-08 1.32e-09 2.12e-09
-22.5 1.2 8.66e-08 1.43e-09 2.3e-09
-22.4 1.2 9.41e-08 1.56e-09 2.5e-09
-22.3 1.2 1.02e-07 1.69e-09 2.72e-09
-22.2 1.2 1.11e-07 1.84e-09 2.96e-09
-22.1 1.2 1.21e-07 2e-09 3.22e-09
-22 1.2 1.31e-07 2.18e-09 3.49e-09
-21.9 1.2 1.43e-07 2.37e-09 3.8e-09
-21.8 1.2 1.55e-07 2.57e-09 4.13e-09
-21.7 1.2 1.69e-07 2.79e-09 4.49e-09
-21.6 1.2 1.83e-07 3.04e-09 4.88e-09
-21.5 1.2 1.99e-07 3.3e-09 5.3e-09
-21.4 1.2 2.16e-07 3.59e-09 5.76e-09
-21.3 1.2 2.35e-07 3.9e-09 6.26e-09
-21.2 1.2 2.56e-07 4.24e-09 6.81e-09
-21.1 1.2 2.78e-07 4.61e-09 7.4e-09
-21 1.2 3.02e-07 5.01e-09 8.04e-09
-20.9 1.2 3.28e-07 5.44e-09 8.74e-09
-20.8 1.2 3.57e-07 5.92e-09 9.5e-09
-20.7 1.2 3.88e-07 6.43e-09 1.03e-08
-20.6 1.2 4.22e-07 6.99e-09 1.12e-08
-20.5 1.2 4.58e-07 7.6e-09 1.22e-08
-20.4 1.2 4.98e-07 8.26e-09 1.33e-08
-20.3 1.2 5.41e-07 8.97e-09 1.44e-08
-20.2 1.2 5.88e-07 9.75e-09 1.57e-08
-20.1 1.2 6.4e-07 1.06e-08 1.7e-08
-20 1.2 6.95e-07 1.15e-08 1.85e-08
-19.9 1.2 7.56e-07 1.25e-08 2.01e-08
-19.8 1.2 8.21e-07 1.36e-08 2.19e-08
-19.7 1.2 8.93e-07 1.48e-08 2.38e-08
-19.6 1.2 9.7e-07 1.61e-08 2.58e-08
-19.5 1.2 1.05e-06 1.75e-08 2.81e-08
-19.4 1.2 1.15e-06 1.9e-08 3.05e-08
-19.3 1.2 1.25e-06 2.06e-08 3.32e-08
-19.2 1.2 1.35e-06 2.24e-08 3.6e-08
-19.1 1.2 1.47e-06 2.44e-08 3.92e-08
-19 1.2 1.6e-06 2.65e-08 4.26e-08
-18.9 1.2 1.74e-06 2.88e-08 4.63e-08
-18.8 1.2 1.89e-06 3.13e-08 5.03e-08
-18.7 1.2 2.05e-06 3.4e-08 5.47e-08
-18.6 1.2 2.23e-06 3.7e-08 5.94e-08
-18.5 1.2 2.43e-06 4.02e-08 6.46e-08
-18.4 1.2 2.64e-06 4.37e-08 7.02e-08
-18.3 1.2 2.87e-06 4.75e-08 7.63e-08
-18.2 1.2 3.12e-06 5.16e-08 8.29e-08
-18.1 1.2 3.39e-06 5.61e-08 9.01e-08
-18 1.2 3.68e-06 6.1e-08 9.8e-08
-17.9 1.2 4e-06 6.63e-08 1.06e-07
-17.8 1.2 4.35e-06 7.2e-08 1.16e-07
-17.7 1.2 4.73e-06 7.83e-08 1.26e-07
-17.6 1.2 5.14e-06 8.51e-08 1.37e-07
-17.5 1.2 5.58e-06 9.25e-08 1.49e-07
-17.4 1.2 6.07e-06 1.01e-07 1.61e-07
-17.3 1.2 6.6e-06 1.09e-07 1.76e-07
-17.2 1.2 7.17e-06 1.19e-07 1.91e-07
-17.1 1.2 7.79e-06 1.29e-07 2.07e-07
-17 1.2 8.47e-06 1.4e-07 2.25e-07
-16.9 1.2 9.21e-06 1.52e-07 2.45e-07
-16.8 1.2 1e-05 1.66e-07 2.66e-07
-16.7 1.2 1.09e-05 1.8e-07 2.89e-07
-16.6 1.2 1.18e-05 1.96e-07 3.14e-07
-16.5 1.2 1.28e-05 2.13e-07 3.42e-07
-16.4 1.2 1.4e-05 2.31e-07 3.71e-07
-16.3 1.2 1.52e-05 2.51e-07 4.04e-07
-16.2 1.2 1.65e-05 2.73e-07 4.39e-07
-16.1 1.2 1.79e-05 2.97e-07 4.77e-07
-16 1.2 1.95e-05 3.23e-07 5.18e-07
-15.9 1.2 2.12e-05 3.51e-07 5.63e-07
-15.8 1.2 2.3e-05 3.81e-07 6.12e-07
-15.7 1.2 2.5e-05 4.14e-07 6.65e-07
-15.6 1.2 2.72e-05 4.5e-07 7.23e-07
-15.5 1.2 2.96e-05 4.89e-07 7.86e-07
-15.4 1.2 3.21e-05 5.32e-07 8.54e-07
-15.3 1.2 3.49e-05 5.78e-07 9.28e-07
-15.2 1.2 3.8e-05 6.28e-07 1.01e-06
-15.1 1.2 4.12e-05 6.83e-07 1.1e-06
-15 1.2 4.48e-05 7.42e-07 1.19e-06
-14.9 1.2 4.87e-05 8.06e-07 1.29e-06
-14.8 1.2 5.3e-05 8.76e-07 1.41e-06
-14.7 1.2 5.76e-05 9.52e-07 1.53e-06
-14.6 1.2 6.26e-05 1.03e-06 1.66e-06
-14.5 1.2 6.8e-05 1.12e-06 1.8e-06
-14.4 1.2 7.39e-05 1.22e-06 1.96e-06
-14.3 1.2 8.03e-05 1.33e-06 2.13e-06
-14.2 1.2 8.73e-05 1.44e-06 2.32e-06
-14.1 1.2 9.49e-05 1.57e-06 2.52e-06
-14 1.2 0.000103 1.7e-06 2.73e-06
-13.9 1.2 0.000112 1.85e-06 2.97e-06
-13.8 1.2 0.000122 2.01e-06 3.23e-06
-13.7 1.2 0.000132 2.18e-06 3.51e-06
-13.6 1.2 0.000144 2.37e-06 3.81e-06
-13.5 1.2 0.000156 2.58e-06 4.14e-06
-13.4 1.2 0.00017 2.8e-06 4.49e-06
-13.3 1.2 0.000185 3.04e-06 4.88e-06
-13.2 1.2 0.000201 3.3e-06 5.3e-06
-13.1 1.2 0.000218 3.59e-06 5.76e-06
-13 1.2 0.000237 3.9e-06 6.25e-06
-12.9 1.2 0.000258 4.23e-06 6.79e-06
-12.8 1.2 0.00028 4.59e-06 7.37e-06
-12.7 1.2 0.000304 4.99e-06 8e-06
-12.6 1.2 0.000331 5.42e-06 8.69e-06
-12.5 1.2 0.00036 5.88e-06 9.43e-06
-12.4 1.2 0.000391 6.38e-06 1.02e-05
-12.3 1.2 0.000425 6.93e-06 1.11e-05
-12.2 1.2 0.000461 7.52e-06 1.21e-05
-12.1 1.2 0.000501 8.16e-06 1.31e-05
-12 1.2 0.000545 8.85e-06 1.42e-05
-11.9 1.2 0.000592 9.6e-06 1.54e-05
-11.8 1.2 0.000643 1.04e-05 1.67e-05
-11.7 1.2 0.000699 1.13e-05 1.81e-05
-11.6 1.2 0.00076 1.22e-05 1.96e-05
-11.5 1.2 0.000826 1.33e-05 2.13e-05
-11.4 1.2 0.000897 1.44e-05 2.3e-05
-11.3 1.2 0.000975 1.56e-05 2.49e-05
-11.2 1.2 0.00106 1.69e-05 2.7e-05
-11.1 1.2 0.00115 1.83e-05 2.92e-05
-11 1.2 0.00125 1.98e-05 3.16e-05
-10.9 1.2 0.00136 2.14e-05 3.42e-05
-10.8 1.2 0.00147 2.31e-05 3.7e-05
-10.7 1.2 0.0016 2.5e-05 4e-05
-10.6 1.2 0.00174 2.7e-05 4.32e-05
-10.5 1.2 0.00189 2.92e-05 4.66e-05
-10.4 1.2 0.00205 3.15e-05 5.03e-05
-10.3 1.2 0.00223 3.4e-05 5.42e-05
-10.2 1.2 0.00242 3.66e-05 5.84e-05
-10.1 1.2 0.00263 3.95e-05 6.28e-05
-10 1.2 0.00285 4.25e-05 6.75e-05
-9.9 1.2 0.0031 4.57e-05 7.26e-05
-9.8 1.2 0.00336 4.91e-05 7.79e-05
-9.7 1.2 0.00365 5.27e-05 8.35e-05
-9.6 1.2 0.00396 5.65e-05 8.93e-05
-9.5 1.2 0.0043 6.05e-05 9.55e-05
-9.4 1.2 0.00467 6.48e-05 0.000102
-9.3 1.2 0.00506 6.92e-05 0.000109
-9.2 1.2 0.00549 7.38e-05 0.000115
-9.1 1.2 0.00596 7.86e-05 0.000123
-9 1.2 0.00646 8.35e-05 0.00013
-8.9 1.2 0.007 8.86e-05 0.000137
-8.8 1.2 0.00759 9.39e-05 0.000144
-8.7 1.2 0.00823 9.92e-05 0.000151
-8.6 1.2 0.00891 0.000105 0.000158
-8.5 1.2 0.00965 0.00011 0.000165
-8.4 1.2 0.0105 0.000115 0.000171
-8.3 1.2 0.0113 0.00012 0.000176
-8.2 1.2 0.0122 0.000126 0.00018
-8.1 1.2 0.0132 0.00013 0.000183
-8 1.2 0.0143 0.000135 0.000185
-7.9 1.2 0.0155 0.000139 0.000185
-7.8 1.2 0.0167 0.000143 0.000183
-7.7 1.2 0.0181 0.000147 0.000178
-7.6 1.2 0.0195 0.00015 0.00017
-7.5 1.2 0.021 0.000153 0.000159
-7.4 1.2 0.0227 0.000156 0.000144
-7.3 1.2 0.0245 0.000159 0.000124
-7.2 1.2 0.0263 0.000162 0.000124
-7.1 1.2 0.0284 0.000166 0.000162
-7 1.2 0.0305 0.000186 0.000194
-6.9 1.2 0.0328 0.000191 0.000249
-6.8 1.2 0.0352 0.000199 0.000312
-6.7 1.2 0.0378 0.000213 0.000384
-6.6 1.2 0.0406 0.000237 0.000465
-6.5 1.2 0.0435 0.000276 0.000555
-6.4 1.2 0.0466 0.000337 0.000658
-6.3 1.2 0.0498 0.000435 0.000776
-6.2 1.2 0.0533 0.000587 0.000917
-6.1 1.2 0.057 0.000806 0.00113
-6 1.2 0.0609 0.00122 0.00141
-5.9 1.2 0.0652 0.00212 0.00185
-5.8 1.2 0.0703 0.00484 0.0029
-5.7 1.2 0.0977 0.0739 0.0261
-5.6 1.2 0.0744 0.00362 0.0076
-5.5 1.2 0.0803 0.00246 0.00394
-5.4 1.2 0.0863 0.00239 0.00358
-5.3 1.2 0.0917 0.00244 0.00316
-5.2 1.2 0.0972 0.00256 0.00294
-5.1 1.2 0.103 0.00269 0.00282
-5 1.2 0.109 0.00283 0.00274
-4.9 1.2 0.115 0.00295 0.00267
-4.8 1.2 0.12 0.00347 0.00217
-4.7 1.2 0.127 0.00358 0.00203
-4.6 1.2 0.133 0.00363 0.00187
-4.5 1.2 0.14 0.00362 0.00168
-4.4 1.2 0.145 0.00153 0.00137
-4.3 1.2 0.152 0.00112 0.00144
-4.2 1.2 0.159 0.000656 0.00145
-4.1 1.2 0.167 0.000602 0.000811
-4 1.2 0.174 0.00152 0.00202
-3.9 1.2 0.182 0.00116 0.00264
-3.8 1.2 0.19 0.00133 0.00137
-3.7 1.2 0.198 0.0015 0.00176
-3.6 1.2 0.207 0.00162 0.00209
-3.5 1.2 0.215 0.00168 0.00235
-3.4 1.2 0.224 0.00168 0.00252
-3.3 1.2 0.234 0.00111 0.00311
-3.2 1.2 0.243 0.00122 0.00312
-3.1 1.2 0.254 0.00138 0.000794
-3 1.2 0.262 0.00168 0.00234
-2.9 1.2 0.271 0.00181 0.00257
-2.8 1.2 0.282 0.0015 0.0032
-2.7 1.2 0.292 0.00167 0.00336
-2.6 1.2 0.303 0.00109 0.00107
-2.5 1.2 0.313 0.00104 0.000712
-2.4 1.2 0.324 0.000666 0.0004
-2.3 1.2 0.334 0.000179 0.000444
-2.2 1.2 0.345 0.000502 0.000473
-2.1 1.2 0.355 0.000753 0.000508
-2 1.2 0.366 0.000386 0.00027
-1.9 1.2 0.377 0.000403 0.000202
-1.8 1.2 0.388 0.00116 0.000546
-1.7 1.2 0.399 0.00114 0.000541
-1.6 1.2 0.41 0.00107 0.000531
-1.5 1.2 0.421 0.00096 0.000515
-1.4 1.2 0.432 0.000832 0.000498
-1.3 1.2 0.443 0.000688 0.00048
-1.2 1.2 0.454 0.000528 0.000466
-1.1 1.2 0.465 0.000289 0.000521
-1 1.2 0.476 0.000341 0.000391
-0.9 1.2 0.488 0.000241 0.000306
-0.8 1.2 0.498 0.000596 0.00113
-0.7 1.2 0.51 0.000545 0.00112
-0.6 1.2 0.521 0.000496 0.00111
-0.5 1.2 0.532 0.000709 0.000902
-0.4 1.2 0.543 0.000707 0.00088
-0.3 1.2 0.554 0.000687 0.000842
-0.2 1.2 0.565 0.000651 0.000785
-0.1 1.2 0.576 0.000601 0.000705
3.02e-14 1.2 0.587 0.00054 0.0006
0.1 1.2 0.597 0.00047 0.000466
0.2 1.2 0.61 0.00168 0.00129
0.3 1.2 0.619 0.0024 0.00338
0.4 1.2 0.629 0.0023 0.00352
0.5 1.2 0.639 0.00209 0.00355
0.6 1.2 0.649 0.0015 0.00279
0.7 1.2 0.659 0.00151 0.00263
0.8 1.2 0.669 0.00146 0.00236
0.9 1.2 0.678 0.00136 0.002
1 1.2 0.688 0.00121 0.00154
1.1 1.2 0.698 0.001 0.00102
1.2 1.2 0.709 0.00318 0.00226
1.3 1.2 0.718 0.00336 0.00214
1.4 1.2 0.727 0.00346 0.00196
1.5 1.2 0.736 0.00347 0.0017
1.6 1.2 0.745 0.00279 0.00159
1.7 1.2 0.753 0.00269 0.00162
1.8 1.2 0.761 0.00253 0.00161
1.9 1.2 0.769 0.00232 0.00156
2 1.2 0.775 0.000578 0.00102
2.1 1.2 0.784 0.00335 0.00189
2.2 1.2 0.791 0.00326 0.00158
2.3 1.2 0.798 0.00311 0.00127
2.4 1.2 0.805 0.00289 0.000967
2.5 1.2 0.812 0.00222 0.0014
2.6 1.2 0.818 0.00201 0.00132
2.7 1.2 0.824 0.00177 0.00122
2.8 1.2 0.83 0.00154 0.0011
2.9 1.2 0.835 0.0013 0.000977
3 1.2 0.841 0.00108 0.00085
3.1 1.2 0.846 0.000868 0.000725
3.2 1.2 0.851 0.000675 0.000604
3.3 1.2 0.855 0.000502 0.00049
3.4 1.2 0.86 0.00101 0.00044
3.5 1.2 0.864 0.000751 0.000518
3.6 1.2 0.868 0.00064 0.000454
3.7 1.2 0.872 0.000538 0.000393
3.8 1.2 0.876 0.000446 0.000335
3.9 1.2 0.879 0.000364 0.000283
4 1.2 0.883 0.000293 0.000235
4.1 1.2 0.886 0.000232 0.000193
4.2 1.2 0.889 0.000179 0.000156
4.3 1.2 0.892 0.000136 0.000125
4.4 1.2 0.894 9.93e-05 9.78e-05
4.5 1.2 0.897 8.04e-05 7.52e-05
4.6 1.2 0.899 6.68e-05 5.66e-05
4.7 1.2 0.901 5.5e-05 4.13e-05
4.8 1.2 0.903 4.5e-05 2.9e-05
4.9 1.2 0.905 6.41e-05 2.85e-05
5 1.2 0.907 5.84e-05 2.16e-05
5.1 1.2 0.909 5.31e-05 2.43e-05
5.2 1.2 0.91 4.83e-05 2.83e-05
5.3 1.2 0.912 4.42e-05 3.04e-05
5.4 1.2 0.913 4.09e-05 3.08e-05
5.5 1.2 0.914 3.9e-05 2.93e-05
5.6 1.2 0.915 4.01e-05 2.58e-05
5.7 1.2 0.917 6.61e-05 0.000112
5.8 1.2 0.918 7.77e-05 5.55e-05
5.9 1.2 0.919 3.6e-05 3.94e-05
6 1.2 0.919 2.64e-05 3.37e-05
6.1 1.2 0.92 2.28e-05 2.93e-05
6.2 1.2 0.921 2.23e-05 2.43e-05
6.3 1.2 0.922 3.03e-05 4.42e-05
6.4 1.2 0.922 6.55e-05 4.6e-05
6.5 1.2 0.923 2.2e-05 2.93e-05
6.6 1.2 0.924 1.42e-05 2.47e-05
6.7 1.2 0.924 1.08e-05 2.18e-05
6.8 1.2 0.925 8.9e-06 1.94e-05
6.9 1.2 0.925 7.57e-06 1.74e-05
7 1.2 0.925 6.57e-06 1.56e-05
7.1 1.2 0.926 5.79e-06 1.4e-05
7.2 1.2 0.926 5.13e-06 1.26e-05
7.3 1.2 0.927 4.57e-06 1.13e-05
7.4 1.2 0.927 4.08e-06 1e-05
7.5 1.2 0.927 3.65e-06 8.92e-06
7.6 1.2 0.927 3.27e-06 7.9e-06
7.7 1.2 0.928 2.93e-06 6.97e-06
7.8 1.2 0.928 2.64e-06 6.11e-06
7.9 1.2 0.928 2.39e-06 5.32e-06
8 1.2 0.928 2.18e-06 4.61e-06
8.1 1.2 0.928 2.02e-06 3.97e-06
8.2 1.2 0.928 1.97e-06 3.41e-06
8.3 1.2 0.929 2.19e-06 2.98e-06
8.4 1.2 0.929 4.63e-06 3.35e-06
8.5 1.2 0.929 1.57e-06 1.47e-06
8.6 1.2 0.929 9.22e-07 9.18e-07
8.7 1.2 0.929 7.28e-07 5.53e-07
8.8 1.2 0.929 4.68e-07 2.82e-07
8.9 1.2 0.929 2.48e-07 1.33e-07
9 1.2 0.929 2.22e-07 1.97e-07
9.1 1.2 0.929 5.73e-07 3.77e-07
9.2 1.2 0.93 8.25e-07 4.45e-07
9.3 1.2 0.93 1.06e-06 5.1e-07
9.4 1.2 0.93 1.27e-06 5.57e-07
9.5 1.2 0.93 1.47e-06 6.08e-07
9.6 1.2 0.93 3.95e-07 2.05e-07
9.7 1.2 0.93 5.22e-07 4.58e-07
9.8 1.2 0.93 7.12e-07 6.87e-07
9.9 1.2 0.93 1.04e-06 9.05e-07
10 1.2 0.93 1.33e-06 1.1e-06
10.1 1.2 0.93 1.61e-06 1.27e-06
10.2 1.2 0.93 1.87e-06 1.44e-06
10.3 1.2 0.93 2.09e-06 1.59e-06
10.4 1.2 0.93 2.3e-06 1.73e-06
10.5 1.2 0.93 2.5e-06 1.86e-06
10.6 1.2 0.93 2.67e-06 1.98e-06
10.7 1.2 0.93 2.84e-06 2.09e-06
10.8 1.2 0.93 2.99e-06 2.19e-06
10.9 1.2 0.93 3.12e-06 2.28e-06
11 1.2 0.93 3.24e-06 2.37e-06
11.1 1.2 0.93 3.36e-06 2.44e-06
11.2 1.2 0.93 3.46e-06 2.51e-06
11.3 1.2 0.93 3.55e-06 2.57e-06
11.4 1.2 0.93 3.64e-06 2.64e-06
11.5 1.2 0.93 3.72e-06 2.69e-06
11.6 1.2 0.93 3.79e-06 2.74e-06
11.7 1.2 0.93 3.86e-06 2.78e-06
11.8 1.2 0.93 3.91e-06 2.82e-06
11.9 1.2 0.93 4.52e-06 2.3e-06
12 1.2 0.93 4.58e-06 2.32e-06
12.1 1.2 0.93 4.62e-06 2.34e-06
12.2 1.2 0.93 4.66e-06 2.36e-06
12.3 1.2 0.93 4.7e-06 2.37e-06
12.4 1.2 0.93 4.73e-06 2.39e-06
12.5 1.2 0.93 4.76e-06 2.4e-06
12.6 1.2 0.93 4.78e-06 2.41e-06
12.7 1.2 0.93 4.79e-06 2.41e-06
12.8 1.2 0.93 4.81e-06 2.42e-06
12.9 1.2 0.93 4.81e-06 2.42e-06
13 1.2 0.93 4.81e-06 2.43e-06
13.1 1.2 0.93 4.81e-06 2.42e-06
13.2 1.2 0.93 4.81e-06 2.42e-06
13.3 1.2 0.93 4.79e-06 2.41e-06
13.4 1.2 0.93 4.78e-06 2.41e-06
13.5 1.2 0.93 4.76e-06 2.4e-06
13.6 1.2 0.93 4.73e-06 2.39e-06
13.7 1.2 0.93 4.7e-06 2.37e-06
13.8 1.2 0.93 4.66e-06 2.36e-06
13.9 1.2 0.93 4.62e-06 2.34e-06
14 1.2 0.93 4.58e-06 2.32e-06
14.1 1.2 0.93 4.52e-06 2.3e-06
14.2 1.2 0.93 3.91e-06 2.82e-06
14.3 1.2 0.93 3.86e-06 2.78e-06
14.4 1.2 0.93 3.79e-06 2.74e-06
14.5 1.2 0.93 3.72e-06 2.69e-06
14.6 1.2 0.93 3.64e-06 2.64e-06
14.7 1.2 0.93 3.55e-06 2.57e-06
14.8 1.2 0.93 3.46e-06 2.51e-06
14.9 1.2 0.93 3.36e-06 2.44e-06
15 1.2 0.93 3.24e-06 2.37e-06
15.1 1.2 0.93 3.12e-06 2.28e-06
15.2 1.2 0.93 2.99e-06 2.19e-06
15.3 1.2 0.93 2.84e-06 2.09e-06
15.4 1.2 0.93 2.67e-06 1.98e-06
15.5 1.2 0.93 2.5e-06 1.86e-06
15.6 1.2 0.93 2.3e-06 1.73e-06
15.7 1.2 0.93 2.09e-06 1.59e-06
15.8 1.2 0.93 1.87e-06 1.44e-06
15.9 1.2 0.93 1.61e-06 1.27e-06
16 1.2 0.93 1.33e-06 1.1e-06
16.1 1.2 0.93 1.04e-06 9.05e-07
16.2 1.2 0.93 7.12e-07 6.87e-07
16.3 1.2 0.93 5.22e-07 4.58e-07
16.4 1.2 0.93 3.95e-07 2.05e-07
16.5 1.2 0.93 1.47e-06 6.08e-07
16.6 1.2 0.93 1.27e-06 5.57e-07
16.7 1.2 0.93 1.06e-06 5.1e-07
16.8 1.2 0.93 8.25e-07 4.45e-07
16.9 1.2 0.929 5.73e-07 3.77e-07
17 1.2 0.929 2.22e-07 1.97e-07
17.1 1.2 0.929 2.48e-07 1.33e-07
17.2 1.2 0.929 4.68e-07 2.82e-07
17.3 1.2 0.929 7.28e-07 5.53e-07
17.4 1.2 0.929 9.22e-07 9.18e-07
17.5 1.2 0.929 1.57e-06 1.47e-06
17.6 1.2 0.929 4.63e-06 3.35e-06
17.7 1.2 0.929 2.19e-06 2.98e-06
17.8 1.2 0.928 1.97e-06 3.41e-06
17.9 1.2 0.928 2.02e-06 3.97e-06
18 1.2 0.928 2.18e-06 4.61e-06
18.1 1.2 0.928 2.39e-06 5.32e-06
18.2 1.2 0.928 2.64e-06 6.11e-06
18.3 1.2 0.928 2.93e-06 6.97e-06
18.4 1.2 0.927 3.27e-06 7.9e-06
18.5 1.2 0.927 3.65e-06 8.92e-06
18.6 1.2 0.927 4.08e-06 1e-05
18.7 1.2 0.927 4.57e-06 1.13e-05
18.8 1.2 0.926 5.13e-06 1.26e-05
18.9 1.2 0.926 5.79e-06 1.4e-05
19 1.2 0.925 6.57e-06 1.56e-05
19.1 1.2 0.925 7.57e-06 1.74e-05
19.2 1.2 0.925 8.9e-06 1.94e-05
19.3 1.2 0.924 1.08e-05 2.18e-05
19.4 1.2 0.924 1.42e-05 2.47e-05
19.5 1.2 0.923 2.2e-05 2.93e-05
19.6 1.2 0.922 6.55e-05 4.6e-05
19.7 1.2 0.922 3.03e-05 4.42e-05
19.8 1.2 0.921 2.23e-05 2.43e-05
19.9 1.2 0.92 2.28e-05 2.93e-05
20 1.2 0.919 2.64e-05 3.37e-05
20.1 1.2 0.919 3.6e-05 3.94e-05
20.2 1.2 0.918 7.77e-05 5.55e-05
20.3 1.2 0.917 6.61e-05 0.000112
20.4 1.2 0.915 4.01e-05 2.58e-05
20.5 1.2 0.914 3.9e-05 2.93e-05
20.6 1.2 0.913 4.09e-05 3.08e-05
20.7 1.2 0.912 4.42e-05 3.04e-05
20.8 1.2 0.91 4.83e-05 2.83e-05
20.9 1.2 0.909 5.31e-05 2.43e-05
21 1.2 0.907 5.84e-05 2.16e-05
21.1 1.2 0.905 6.41e-05 2.85e-05
21.2 1.2 0.903 4.5e-05 2.9e-05
21.3 1.2 0.901 5.5e-05 4.13e-05
21.4 1.2 0.899 6.68e-05 5.66e-05
21.5 1.2 0.897 8.04e-05 7.52e-05
21.6 1.2 0.894 9.93e-05 9.78e-05
21.7 1.2 0.892 0.000136 0.000125
21.8 1.2 0.889 0.000179 0.000156
21.9 1.2 0.886 0.000232 0.000193
22 1.2 0.883 0.000293 0.000235
22.1 1.2 0.879 0.000364 0.000283
22.2 1.2 0.876 0.000446 0.000335
22.3 1.2 0.872 0.000538 0.000393
22.4 1.2 0.868 0.00064 0.000454
22.5 1.2 0.864 0.000751 0.000518
22.6 1.2 0.86 0.00101 0.00044
22.7 1.2 0.855 0.000502 0.00049
22.8 1.2 0.851 0.000675 0.000604
22.9 1.2 0.846 0.000868 0.000725
23 1.2 0.841 0.00108 0.00085
23.1 1.2 0.835 0.0013 0.000977
23.2 1.2 0.83 0.00154 0.0011
23.3 1.2 0.824 0.00177 0.00122
23.4 1.2 0.818 0.00201 0.00132
23.5 1.2 0.812 0.00222 0.0014
23.6 1.2 0.805 0.00289 0.000967
23.7 1.2 0.798 0.00311 0.00127
23.8 1.2 0.791 0.00326 0.00158
23.9 1.2 0.784 0.00335 0.00189
24 1.2 0.775 0.000578 0.00102
24.1 1.2 0.769 0.00232 0.00156
24.2 1.2 0.761 0.00253 0.00161
24.3 1.2 0.753 0.00269 0.00162
24.4 1.2 0.745 0.00279 0.00159
24.5 1.2 0.736 0.00347 0.0017
24.6 1.2 0.727 0.00346 0.00196
24.7 1.2 0.718 0.00336 0.00214
24.8 1.2 0.709 0.00318 0.00226
24.9 1.2 0.698 0.001 0.00102
25 1.2 0.688 0.00121 0.00154
25.1 1.2 0.678 0.00136 0.002
25.2 1.2 0.669 0.00146 0.00236
25.3 1.2 0.659 0.00151 0.00263
25.4 1.2 0.649 0.0015 0.00279
25.5 1.2 0.639 0.00209 0.00355
25.6 1.2 0.629 0.0023 0.00352
25.7 1.2 0.619 0.0024 0.00338
25.8 1.2 0.61 0.00168 0.00129
25.9 1.2 0.597 0.00047 0.000466
26 1.2 0.587 0.00054 0.0006
26.1 1.2 0.576 0.000601 0.000705
26.2 1.2 0.565 0.000651 0.000785
26.3 1.2 0.554 0.000687 0.000842
26.4 1.2 0.543 0.000707 0.00088
26.5 1.2 0.532 0.000709 0.000902
26.6 1.2 0.521 0.000496 0.00111
26.7 1.2 0.51 0.000545 0.00112
26.8 1.2 0.498 0.000596 0.00113
26.9 1.2 0.488 0.000241 0.000306
27 1.2 0.476 0.000341 0.000391
27.1 1.2 0.465 0.000289 0.000521
27.2 1.2 0.454 0.000528 0.000466
27.3 1.2 0.443 0.000688 0.00048
27.4 1.2 0.432 0.000832 0.000498
27.5 1.2 0.421 0.00096 0.000515
27.6 1.2 0.41 0.00107 0.000531
27.7 1.2 0.399 0.00114 0.000541
27.8 1.2 0.388 0.00116 0.000546
27.9 1.2 0.377 0.000403 0.000202
28 1.2 0.366 0.000386 0.00027
28.1 1.2 0.355 0.000753 0.000508
28.2 1.2 0.345 0.000502 0.000473
28.3 1.2 0.334 0.000179 0.000444
28.4 1.2 0.324 0.000666 0.0004
28.5 1.2 0.313 0.00104 0.000712
28.6 1.2 0.303 0.00109 0.00107
28.7 1.2 0.292 0.00167 0.00336
28.8 1.2 0.282 0.0015 0.0032
28.9 1.2 0.271 0.00181 0.00257
29 1.2 0.262 0.00168 0.00234
29.1 1.2 0.254 0.00138 0.000794
29.2 1.2 0.243 0.00122 0.00312
29.3 1.2 0.234 0.00111 0.00311
29.4 1.2 0.224 0.00168 0.00252
29.5 1.2 0.215 0.00168 0.00235
29.6 1.2 0.207 0.00162 0.00209
29.7 1.2 0.198 0.0015 0.00176
29.8 1.2 0.19 0.00133 0.00137
29.9 1.2 0.182 0.00116 0.00264
30 1.2 0.174 0.00152 0.00202
30.1 1.2 0.167 0.000602 0.000811
30.2 1.2 0.159 0.000656 0.00145
30.3 1.2 0.152 0.00112 0.00144
30.4 1.2 0.145 0.00153 0.00137
30.5 1.2 0.14 0.00362 0.00168
30.6 1.2 0.133 0.00363 0.00187
30.7 1.2 0.127 0.00358 0.00203
30.8 1.2 0.12 0.00347 0.00217
30.9 1.2 0.115 0.00295 0.00267
31 1.2 0.109 0.00283 0.00274
31.1 1.2 0.103 0.00269 0.00282
31.2 1.2 0.0972 0.00256 0.00294
31.3 1.2 0.0917 0.00244 0.00316
31.4 1.2 0.0863 0.00239 0.00358
31.5 1.2 0.0803 0.00246 0.00394
31.6 1.2 0.0744 0.00362 0.0076
31.7 1.2 0.0977 0.0739 0.0261
31.8 1.2 0.0703 0.00484 0.0029
31.9 1.2 0.0652 0.00212 0.00185
32 1.2 0.0609 0.00122 0.00141
32.1 1.2 0.057 0.000806 0.00113
32.2 1.2 0.0533 0.000587 0.000917
32.3 1.2 0.0498 0.000435 0.000776
32.4 1.2 0.0466 0.000337 0.000658
32.5 1.2 0.0435 0.000276 0.000555
32.6 1.2 0.0406 0.000237 0.000465
32.7 1.2 0.0378 0.000213 0.000384
32.8 1.2 0.0352 0.000199 0.000312
32.9 1.2 0.0328 0.000191 0.000249
33 1.2 0.0305 0.000186 0.000194
33.1 1.2 0.0284 0.000166 0.000162
33.2 1.2 0.0263 0.000162 0.000124
33.3 1.2 0.0245 0.000159 0.000124
33.4 1.2 0.0227 0.000156 0.000144
33.5 1.2 0.021 0.000153 0.000159
33.6 1.2 0.0195 0.00015 0.00017
33.7 1.2 0.0181 0.000147 0.000178
33.8 1.2 0.0167 0.000143 0.000183
33.9 1.2 0.0155 0.000139 0.000185
34 1.2 0.0143 0.000135 0.000185
34.1 1.2 0.0132 0.00013 0.000183
34.2 1.2 0.0122 0.000126 0.00018
34.3 1.2 0.0113 0.00012 0.000176
34.4 1.2 0.0105 0.000115 0.000171
34.5 1.2 0.00965 0.00011 0.000165
34.6 1.2 0.00891 0.000105 0.000158
34.7 1.2 0.00823 9.92e-05 0.000151
34.8 1.2 0.00759 9.39e-05 0.000144
34.9 1.2 0.007 8.86e-05 0.000137
35 1.2 0.00646 8.35e-05 0.00013
35.1 1.2 0.00596 7.86e-05 0.000123
35.2 1.2 0.00549 7.38e-05 0.000115
35.3 1.2 0.00506 6.92e-05 0.000109
35.4 1.2 0.00467 6.48e-05 0.000102
35.5 1.2 0.0043 6.05e-05 9.55e-05
35.6 1.2 0.00396 5.65e-05 8.93e-05
35.7 1.2 0.00365 5.27e-05 8.35e-05
35.8 1.2 0.00336 4.91e-05 7.79e-05
35.9 1.2 0.0031 4.57e-05 7.26e-05
36 1.2 0.00285 4.25e-05 6.75e-05
36.1 1.2 0.00263 3.95e-05 6.28e-05
36.2 1.2 0.00242 3.66e-05 5.84e-05
36.3 1.2 0.00223 3.4e-05 5.42e-05
36.4 1.2 0.00205 3.15e-05 5.03e-05
36.5 1.2 0.00189 2.92e-05 4.66e-05
36.6 1.2 0.00174 2.7e-05 4.32e-05
36.7 1.2 0.0016 2.5e-05 4e-05
36.8 1.2 0.00147 2.31e-05 3.7e-05
36.9 1.2 0.00136 2.14e-05 3.42e-05
37 1.2 0.00125 1.98e-05 3.16e-05
37.1 1.2 0.00115 1.83e-05 2.92e-05
37.2 1.2 0.00106 1.69e-05 2.7e-05
37.3 1.2 0.000975 1.56e-05 2.49e-05
37.4 1.2 0.000897 1.44e-05 2.3e-05
37.5 1.2 0.000826 1.33e-05 2.13e-05
37.6 1.2 0.00076 1.22e-05 1.96e-05
37.7 1.2 0.000699 1.13e-05 1.81e-05
37.8 1.2 0.000643 1.04e-05 1.67e-05
37.9 1.2 0.000592 9.6e-06 1.54e-05
38 1.2 0.000545 8.85e-06 1.42e-05
38.1 1.2 0.000501 8.16e-06 1.31e-05
38.2 1.2 0.000461 7.52e-06 1.21e-05
38.3 1.2 0.000425 6.93e-06 1.11e-05
38.4 1.2 0.000391 6.38e-06 1.02e-05
38.5 1.2 0.00036 5.88e-06 9.43e-06
38.6 1.2 0.000331 5.42e-06 8.69e-06
38.7 1.2 0.000304 4.99e-06 8e-06
38.8 1.2 0.00028 4.59e-06 7.37e-06
38.9 1.2 0.000258 4.23e-06 6.79e-06
39 1.2 0.000237 3.9e-06 6.25e-06
39.1 1.2 0.000218 3.59e-06 5.76e-06
39.2 1.2 0.000201 3.3e-06 5.3e-06
39.3 1.2 0.000185 3.04e-06 4.88e-06
39.4 1.2 0.00017 2.8e-06 4.49e-06
39.5 1.2 0.000156 2.58e-06 4.14e-06
39.6 1.2 0.000144 2.37e-06 3.81e-06
39.7 1.2 0.000132 2.18e-06 3.51e-06
39.8 1.2 0.000122 2.01e-06 3.23e-06
39.9 1.2 0.000112 1.85e-06 2.97e-06
40 1.2 0.000103 1.7e-06 2.73e-06
40.1 1.2 9.49e-05 1.57e-06 2.52e-06
40.2 1.2 8.73e-05 1.44e-06 2.32e-06
40.3 1.2 8.03e-05 1.33e-06 2.13e-06
40.4 1.2 7.39e-05 1.22e-06 1.96e-06
40.5 1.2 6.8e-05 1.12e-06 1.8e-06
40.6 1.2 6.26e-05 1.03e-06 1.66e-06
40.7 1.2 5.76e-05 9.52e-07 1.53e-06
40.8 1.2 5.3e-05 8.76e-07 1.41e-06
40.9 1.2 4.87e-05 8.06e-07 1.29e-06
41 1.2 4.48e-05 7.42e-07 1.19e-06
41.1 1.2 4.12e-05 6.83e-07 1.1e-06
41.2 1.2 3.8e-05 6.28e-07 1.01e-06
41.3 1.2 3.49e-05 5.78e-07 9.28e-07
41.4 1.2 3.21e-05 5.32e-07 8.54e-07
41.5 1.2 2.96e-05 4.89e-07 7.86e-07
41.6 1.2 2.72e-05 4.5e-07 7.23e-07
41.7 1.2 2.5e-05 4.14e-07 6.65e-07
41.8 1.2 2.3e-05 3.81e-07 6.12e-07
41.9 1.2 2.12e-05 3.51e-07 5.63e-07
42 1.2 1.95e-05 3.23e-07 5.18e-07
42.1 1.2 1.79e-05 2.97e-07 4.77e-07
42.2 1.2 1.65e-05 2.73e-07 4.39e-07
42.3 1.2 1.52e-05 2.51e-07 4.04e-07
42.4 1.2 1.4e-05 2.31e-07 3.71e-07
42.5 1.2 1.28e-05 2.13e-07 3.42e-07
42.6 1.2 1.18e-05 1.96e-07 3.14e-07
42.7 1.2 1.09e-05 1.8e-07 2.89e-07
42.8 1.2 1e-05 1.66e-07 2.66e-07
42.9 1.2 9.21e-06 1.52e-07 2.45e-07
43 1.2 8.47e-06 1.4e-07 2.25e-07
43.1 1.2 7.79e-06 1.29e-07 2.07e-07
43.2 1.2 7.17e-06 1.19e-07 1.91e-07
43.3 1.2 6.6e-06 1.09e-07 1.76e-07
43.4 1.2 6.07e-06 1.01e-07 1.61e-07
43.5 1.2 5.58e-06 9.25e-08 1.49e-07
43.6 1.2 5.14e-06 8.51e-08 1.37e-07
43.7 1.2 4.73e-06 7.83e-08 1.26e-07
43.8 1.2 4.35e-06 7.2e-08 1.16e-07
43.9 1.2 4e-06 6.63e-08 1.06e-07
44 1.2 3.68e-06 6.1e-08 9.8e-08
44.1 1.2 3.39e-06 5.61e-08 9.01e-08
44.2 1.2 3.12e-06 5.16e-08 8.29e-08
44.3 1.2 2.87e-06 4.75e-08 7.63e-08
44.4 1.2 2.64e-06 4.37e-08 7.02e-08
44.5 1.2 2.43e-06 4.02e-08 6.46e-08
44.6 1.2 2.23e-06 3.7e-08 5.94e-08
44.7 1.2 2.05e-06 3.4e-08 5.47e-08
44.8 1.2 1.89e-06 3.13e-08 5.03e-08
44.9 1.2 1.74e-06 2.88e-08 4.63e-08
45 1.2 1.6e-06 2.65e-08 4.26e-08
45.1 1.2 1.47e-06 2.44e-08 3.92e-08
45.2 1.2 1.35e-06 2.24e-08 3.6e-08
45.3 1.2 1.25e-06 2.06e-08 3.32e-08
45.4 1.2 1.15e-06 1.9e-08 3.05e-08
45.5 1.2 1.05e-06 1.75e-08 2.81e-08
45.6 1.2 9.7e-07 1.61e-08 2.58e-08
45.7 1.2 8.93e-07 1.48e-08 2.38e-08
45.8 1.2 8.21e-07 1.36e-08 2.19e-08
45.9 1.2 7.56e-07 1.25e-08 2.01e-08
46 1.2 6.95e-07 1.15e-08 1.85e-08
46.1 1.2 6.4e-07 1.06e-08 1.7e-08
46.2 1.2 5.88e-07 9.75e-09 1.57e-08
46.3 1.2 5.41e-07 8.97e-09 1.44e-08
46.4 1.2 4.98e-07 8.26e-09 1.33e-08
46.5 1.2 4.58e-07 7.6e-09 1.22e-08
46.6 1.2 4.22e-07 6.99e-09 1.12e-08
46.7 1.2 3.88e-07 6.43e-09 1.03e-08
46.8 1.2 3.57e-07 5.92e-09 9.5e-09
46.9 1.2 3.28e-07 5.44e-09 8.74e-09
47 1.2 3.02e-07 5.01e-09 8.04e-09
47.1 1.2 2.78e-07 4.61e-09 7.4e-09
47.2 1.2 2.56e-07 4.24e-09 6.81e-09
47.3 1.2 2.35e-07 3.9e-09 6.26e-09
47.4 1.2 2.16e-07 3.59e-09 5.76e-09
47.5 1.2 1.99e-07 3.3e-09 5.3e-09
47.6 1.2 1.83e-07 3.04e-09 4.88e-09
47.7 1.2 1.69e-07 2.79e-09 4.49e-09
47.8 1.2 1.55e-07 2.57e-09 4.13e-09
47.9 1.2 1.43e-07 2.37e-09 3.8e-09
48 1.2 1.31e-07 2.18e-09 3.49e-09
48.1 1.2 1.21e-07 2e-09 3.22e-09
48.2 1.2 1.11e-07 1.84e-09 2.96e-09
48.3 1.2 1.02e-07 1.69e-09 2.72e-09
48.4 1.2 9.41e-08 1.56e-09 2.5e-09
48.5 1.2 8.66e-08 1.43e-09 2.3e-09
48.6 1.2 7.96e-08 1.32e-09 2.12e-09
48.7 1.2 7.33e-08 1.21e-09 1.95e-09
48.8 1.2 6.74e-08 1.12e-09 1.79e-09
48.9 1.2 6.2e-08 1.03e-09 1.65e-09
49 1.2 5.71e-08 9.46e-10 1.52e-09
49.1 1.2 5.25e-08 8.7e-10 1.4e-09
49.2 1.2 4.83e-08 8.01e-10 1.29e-09
49.3 1.2 4.44e-08 7.37e-10 1.18e-09
49.4 1.2 4.09e-08 6.78e-10 1.09e-09
49.5 1.2 3.76e-08 6.23e-10 1e-09
49.6 1.2 3.46e-08 5.74e-10 9.21e-10
49.7 1.2 3.18e-08 5.28e-10 8.48e-10
49.8 1.2 2.93e-08 4.86e-10 7.8e-10
49.9 1.2 2.7e-08 4.47e-10 7.17e-10
50 1.2 2.48e-08 4.11e-10 6.6e-10
50.1 1.2 2.28e-08 3.78e-10 6.07e-10
50.2 1.2 2.1e-08 3.48e-10 5.59e-10
50.3 1.2 1.93e-08 3.2e-10 5.14e-10
50.4 1.2 1.78e-08 2.95e-10 4.73e-10
50.5 1.2 1.64e-08 2.71e-10 4.35e-10
50.6 1.2 1.5e-08 2.49e-10 4e-10
50.7 1.2 1.38e-08 2.29e-10 3.68e-10
50.8 1.2 1.27e-08 2.11e-10 3.39e-10
50.9 1.2 1.17e-08 1.94e-10 3.12e-10
51 1.2 1.08e-08 1.79e-10 2.87e-10
51.1 1.2 9.92e-09 1.64e-10 2.64e-10
51.2 1.2 9.12e-09 1.51e-10 2.43e-10
51.3 1.2 8.39e-09 1.39e-10 2.23e-10
51.4 1.2 7.72e-09 1.28e-10 2.06e-10
51.5 1.2 7.11e-09 1.18e-10 1.89e-10
51.6 1.2 6.54e-09 1.08e-10 1.74e-10
55.1 1.2 3.54e-10 5.86e-12 9.42e-12
55.2 1.2 3.25e-10 5.39e-12 8.66e-12
55.3 1.2 2.99e-10 4.96e-12 7.97e-12
55.4 1.2 2.76e-10 4.57e-12 7.33e-12
55.5 1.2 2.53e-10 4.2e-12 6.75e-12
55.6 1.2 2.33e-10 3.86e-12 6.21e-12
55.7 1.2 2.15e-10 3.56e-12 5.71e-12
55.8 1.2 1.97e-10 3.27e-12 5.25e-12
55.9 1.2 1.82e-10 3.01e-12 4.83e-12
56 1.2 1.67e-10 2.77e-12 4.45e-12
56.1 1.2 1.54e-10 2.55e-12 4.09e-12
56.2 1.2 1.41e-10 2.34e-12 3.76e-12
56.3 1.2 1.3e-10 2.16e-12 3.46e-12
56.4 1.2 1.2e-10 1.98e-12 3.19e-12
56.5 1.2 1.1e-10 1.83e-12 2.93e-12
56.6 1.2 1.01e-10 1.68e-12 2.7e-12
59.4 1.2 9.83e-12 1.63e-13 2.62e-13
59.5 1.2 9.04e-12 1.5e-13 2.41e-13
59.6 1.2 8.32e-12 1.38e-13 2.21e-13
59.7 1.2 7.65e-12 1.27e-13 2.04e-13
59.8 1.2 7.04e-12 1.17e-13 1.87e-13
59.9 1.2 6.48e-12 1.07e-13 1.72e-13
60 1.2 5.96e-12 9.88e-14 1.59e-13
60.1 1.2 5.48e-12 9.09e-14 1.46e-13
60.2 1.2 5.05e-12 8.36e-14 1.34e-13
60.3 1.2 4.64e-12 7.69e-14 1.24e-13
60.4 1.2 4.27e-12 7.08e-14 1.14e-13
60.5 1.2 3.93e-12 6.51e-14 1.05e-13
60.6 1.2 3.62e-12 5.99e-14 9.62e-14
60.7 1.2 3.33e-12 5.51e-14 8.85e-14
60.8 1.2 3.06e-12 5.07e-14 8.15e-14
60.9 1.2 2.82e-12 4.67e-14 7.49e-14
61 1.2 2.59e-12 4.29e-14 6.9e-14
61.1 1.2 2.38e-12 3.95e-14 6.34e-14
61.2 1.2 2.19e-12 3.63e-14 5.84e-14
61.3 1.2 2.02e-12 3.34e-14 5.37e-14
61.4 1.2 1.86e-12 3.08e-14 4.94e-14
61.5 1.2 1.71e-12 2.83e-14 4.55e-14
61.6 1.2 1.57e-12 2.6e-14 4.18e-14
61.7 1.2 1.45e-12 2.4e-14 3.85e-14
61.8 1.2 1.33e-12 2.2e-14 3.54e-14
61.9 1.2 1.22e-12 2.03e-14 3.26e-14
62 1.2 1.13e-12 1.87e-14 3e-14
62.1 1.2 1.04e-12 1.72e-14 2.76e-14
62.2 1.2 9.53e-13 1.58e-14 2.54e-14
62.3 1.2 8.77e-13 1.45e-14 2.33e-14
62.4 1.2 8.07e-13 1.34e-14 2.15e-14
62.5 1.2 7.42e-13 1.23e-14 1.98e-14
62.6 1.2 6.83e-13 1.13e-14 1.82e-14
62.7 1.2 6.28e-13 1.04e-14 1.67e-14
62.8 1.2 5.78e-13 9.58e-15 1.54e-14
62.9 1.2 5.32e-13 8.81e-15 1.42e-14
63 1.2 4.89e-13 8.11e-15 1.3e-14
63.1 1.2 4.5e-13 7.46e-15 1.2e-14
63.2 1.2 4.14e-13 6.86e-15 1.1e-14
63.3 1.2 3.81e-13 6.32e-15 1.01e-14
63.4 1.2 3.51e-13 5.81e-15 9.33e-15
63.5 1.2 3.23e-13 5.35e-15 8.59e-15
63.6 1.2 2.97e-13 4.92e-15 7.9e-15
63.7 1.2 2.73e-13 4.53e-15 7.27e-15
63.8 1.2 2.51e-13 4.16e-15 6.69e-15
63.9 1.2 2.31e-13 3.83e-15 6.15e-15
64 1.2 2.13e-13 3.52e-15 5.66e-15
64.1 1.2 1.96e-13 3.24e-15 5.21e-15
64.2 1.2 1.8e-13 2.98e-15 4.79e-15
64.3 1.2 1.66e-13 2.74e-15 4.41e-15
64.4 1.2 1.52e-13 2.53e-15 4.06e-15
64.5 1.2 1.4e-13 2.32e-15 3.73e-15
64.6 1.2 1.29e-13 2.14e-15 3.43e-15
64.7 1.2 1.19e-13 1.97e-15 3.16e-15
64.8 1.2 1.09e-13 1.81e-15 2.91e-15
64.9 1.2 1e-13 1.66e-15 2.67e-15
65 1.2 9.24e-14 1.53e-15 2.46e-15
65.1 1.2 8.5e-14 1.41e-15 2.26e-15
65.2 1.2 7.82e-14 1.3e-15 2.08e-15
65.3 1.2 7.2e-14 1.19e-15 1.92e-15
65.4 1.2 6.62e-14 1.1e-15 1.76e-15
65.5 1.2 6.09e-14 1.01e-15 1.62e-15
65.6 1.2 5.61e-14 9.29e-16 1.49e-15
65.7 1.2 5.16e-14 8.55e-16 1.37e-15
65.8 1.2 4.75e-14 7.86e-16 1.26e-15
65.9 1.2 4.37e-14 7.24e-16 1.16e-15
66 1.2 4.02e-14 6.66e-16 1.07e-15
66.1 1.2 3.7e-14 6.12e-16 9.84e-16
66.2 1.2 3.4e-14 5.63e-16 9.05e-16
66.3 1.2 3.13e-14 5.18e-16 8.33e-16
66.4 1.2 2.88e-14 4.77e-16 7.66e-16
66.5 1.2 2.65e-14 4.39e-16 7.05e-16
66.6 1.2 2.44e-14 4.04e-16 6.48e-16
66.7 1.2 2.24e-14 3.71e-16 5.97e-16
66.8 1.2 2.06e-14 3.42e-16 5.49e-16
66.9 1.2 1.9e-14 3.14e-16 5.05e-16
67 1.2 1.75e-14 2.89e-16 4.65e-16
67.1 1.2 1.61e-14 2.66e-16 4.27e-16
67.2 1.2 1.48e-14 2.45e-16 3.93e-16
67.3 1.2 1.36e-14 2.25e-16 3.62e-16
67.4 1.2 1.25e-14 2.07e-16 3.33e-16
67.5 1.2 1.15e-14 1.91e-16 3.06e-16
67.6 1.2 1.06e-14 1.75e-16 2.82e-16
67.7 1.2 9.74e-15 1.61e-16 2.59e-16
67.8 1.2 8.96e-15 1.49e-16 2.39e-16
67.9 1.2 8.25e-15 1.37e-16 2.19e-16
68 1.2 7.59e-15 1.26e-16 2.02e-16
68.1 1.2 6.98e-15 1.16e-16 1.86e-16
68.2 1.2 6.42e-15 1.06e-16 1.71e-16
68.3 1.2 5.91e-15 9.79e-17 1.57e-16
68.4 1.2 5.44e-15 9.01e-17 1.45e-16
68.5 1.2 5e-15 8.29e-17 1.33e-16
68.6 1.2 4.6e-15 7.63e-17 1.22e-16
68.7 1.2 4.23e-15 7.02e-17 1.13e-16
68.8 1.2 3.9e-15 6.46e-17 1.04e-16
68.9 1.2 3.58e-15 5.94e-17 9.54e-17
69 1.2 3.3e-15 5.46e-17 8.78e-17
69.1 1.2 3.03e-15 5.03e-17 8.07e-17
69.2 1.2 2.79e-15 4.63e-17 7.43e-17
69.3 1.2 2.57e-15 4.26e-17 6.83e-17
69.4 1.2 2.36e-15 3.92e-17 6.29e-17
69.5 1.2 2.17e-15 3.6e-17 5.79e-17
69.6 1.2 2e-15 3.31e-17 5.32e-17
69.7 1.2 1.84e-15 3.05e-17 4.9e-17
69.8 1.2 1.69e-15 2.81e-17 4.51e-17
69.9 1.2 1.56e-15 2.58e-17 4.15e-17
70 1.2 1.43e-15 2.37e-17 3.81e-17
70.1 1.2 1.32e-15 2.18e-17 3.51e-17
70.2 1.2 1.21e-15 2.01e-17 3.23e-17
70.3 1.2 1.12e-15 1.85e-17 2.97e-17
70.4 1.2 1.03e-15 1.7e-17 2.73e-17
70.5 1.2 9.45e-16 1.57e-17 2.51e-17
70.6 1.2 8.69e-16 1.44e-17 2.31e-17
70.7 1.2 8e-16 1.33e-17 2.13e-17
70.8 1.2 7.36e-16 1.22e-17 1.96e-17
70.9 1.2 6.77e-16 1.12e-17 1.8e-17
71 1.2 6.23e-16 1.03e-17 1.66e-17
71.1 1.2 5.73e-16 9.5e-18 1.52e-17
71.2 1.2 5.27e-16 8.74e-18 1.4e-17
71.3 1.2 4.85e-16 8.04e-18 1.29e-17
71.4 1.2 4.46e-16 7.39e-18 1.19e-17
71.5 1.2 4.11e-16 6.8e-18 1.09e-17
71.6 1.2 3.78e-16 6.26e-18 1.01e-17
71.7 1.2 3.48e-16 5.76e-18 9.25e-18
71.8 1.2 3.2e-16 5.3e-18 8.51e-18
71.9 1.2 2.94e-16 4.88e-18 7.83e-18
72 1.2 2.71e-16 4.49e-18 7.2e-18
72.1 1.2 2.49e-16 4.13e-18 6.63e-18
72.2 1.2 2.29e-16 3.8e-18 6.1e-18
72.3 1.2 2.11e-16 3.49e-18 5.61e-18
72.4 1.2 1.94e-16 3.21e-18 5.16e-18
72.5 1.2 1.78e-16 2.96e-18 4.75e-18
72.6 1.2 1.64e-16 2.72e-18 4.37e-18
72.7 1.2 1.51e-16 2.5e-18 4.02e-18
72.8 1.2 1.39e-16 2.3e-18 3.7e-18
72.9 1.2 1.28e-16 2.12e-18 3.4e-18
73 1.2 1.18e-16 1.95e-18 3.13e-18
73.1 1.2 1.08e-16 1.79e-18 2.88e-18
73.2 1.2 9.96e-17 1.65e-18 2.65e-18
73.3 1.2 9.16e-17 1.52e-18 2.44e-18
73.4 1.2 8.43e-17 1.4e-18 2.24e-18
73.5 1.2 7.75e-17 1.29e-18 2.06e-18
73.6 1.2 7.13e-17 1.18e-18 1.9e-18
73.7 1.2 6.56e-17 1.09e-18 1.75e-18
73.8 1.2 6.04e-17 1e-18 1.61e-18
73.9 1.2 5.56e-17 9.21e-19 1.48e-18
74 1.2 5.11e-17 8.47e-19 1.36e-18
74.1 1.2 4.7e-17 7.79e-19 1.25e-18
74.2 1.2 4.33e-17 7.17e-19 1.15e-18
74.3 1.2 3.98e-17 6.6e-19 1.06e-18
74.4 1.2 3.66e-17 6.07e-19 9.75e-19
74.5 1.2 3.37e-17 5.58e-19 8.97e-19
74.6 1.2 3.1e-17 5.14e-19 8.25e-19
74.7 1.2 2.85e-17 4.73e-19 7.59e-19
74.8 1.2 2.62e-17 4.35e-19 6.99e-19
74.9 1.2 2.41e-17 4e-19 6.43e-19
75 1.2 2.22e-17 3.68e-19 5.91e-19
75.1 1.2 2.04e-17 3.39e-19 5.44e-19
75.2 1.2 1.88e-17 3.12e-19 5.01e-19
75.3 1.2 1.73e-17 2.87e-19 4.61e-19
75.4 1.2 1.59e-17 2.64e-19 4.24e-19
75.5 1.2 1.46e-17 2.43e-19 3.9e-19
75.6 1.2 1.35e-17 2.23e-19 3.59e-19
75.7 1.2 1.24e-17 2.05e-19 3.3e-19
75.8 1.2 1.14e-17 1.89e-19 3.04e-19
75.9 1.2 1.05e-17 1.74e-19 2.79e-19
76 1.2 9.66e-18 1.6e-19 2.57e-19
76.1 1.2 8.88e-18 1.47e-19 2.36e-19
76.2 1.2 8.17e-18 1.35e-19 2.18e-19
76.3 1.2 7.52e-18 1.25e-19 2e-19
76.4 1.2 6.92e-18 1.15e-19 1.84e-19
76.5 1.2 6.37e-18 1.05e-19 1.69e-19
76.6 1.2 5.86e-18 9.7e-20 1.56e-19
76.7 1.2 5.39e-18 8.93e-20 1.43e-19
76.8 1.2 4.96e-18 8.22e-20 1.32e-19
76.9 1.2 4.56e-18 7.56e-20 1.21e-19
77 1.2 4.2e-18 6.95e-20 1.12e-19
77.1 1.2 3.86e-18 6.4e-20 1.03e-19
77.2 1.2 3.55e-18 5.89e-20 9.45e-20
77.3 1.2 3.27e-18 5.42e-20 8.7e-20
77.4 1.2 3.01e-18 4.98e-20 8e-20
77.5 1.2 2.77e-18 4.58e-20 7.36e-20
77.6 1.2 2.55e-18 4.22e-20 6.77e-20
77.7 1.2 2.34e-18 3.88e-20 6.23e-20
77.8 1.2 2.15e-18 3.57e-20 5.73e-20
77.9 1.2 1.98e-18 3.28e-20 5.28e-20
78 1.2 1.82e-18 3.02e-20 4.85e-20
78.1 1.2 1.68e-18 2.78e-20 4.47e-20
78.2 1.2 1.54e-18 2.56e-20 4.11e-20
78.3 1.2 1.42e-18 2.35e-20 3.78e-20
78.4 1.2 1.31e-18 2.17e-20 3.48e-20
78.5 1.2 1.2e-18 1.99e-20 3.2e-20
78.6 1.2 1.11e-18 1.83e-20 2.94e-20
78.7 1.2 1.02e-18 1.69e-20 2.71e-20
78.8 1.2 9.36e-19 1.55e-20 2.49e-20
78.9 1.2 8.61e-19 1.43e-20 2.29e-20
79 1.2 7.93e-19 1.31e-20 2.11e-20
79.1 1.2 7.29e-19 1.21e-20 1.94e-20
79.2 1.2 6.71e-19 1.11e-20 1.79e-20
79.3 1.2 6.17e-19 1.02e-20 1.64e-20
79.4 1.2 5.68e-19 9.41e-21 1.51e-20
79.5 1.2 5.22e-19 8.66e-21 1.39e-20
79.6 1.2 4.81e-19 7.97e-21 1.28e-20
79.7 1.2 4.42e-19 7.33e-21 1.18e-20
79.8 1.2 4.07e-19 6.74e-21 1.08e-20
79.9 1.2 3.74e-19 6.2e-21 9.96e-21
80 1.2 3.44e-19 5.71e-21 9.17e-21
80.1 1.2 3.17e-19 5.25e-21 8.43e-21
80.2 1.2 2.92e-19 4.83e-21 7.76e-21
80.3 1.2 2.68e-19 4.45e-21 7.14e-21
80.4 1.2 2.47e-19 4.09e-21 6.57e-21
80.5 1.2 2.27e-19 3.76e-21 6.04e-21
80.6 1.2 2.09e-19 3.46e-21 5.56e-21
80.7 1.2 1.92e-19 3.19e-21 5.12e-21
80.8 1.2 1.77e-19 2.93e-21 4.71e-21
80.9 1.2 1.63e-19 2.7e-21 4.33e-21
81 1.2 1.5e-19 2.48e-21 3.98e-21
81.1 1.2 1.38e-19 2.28e-21 3.67e-21
81.2 1.2 1.27e-19 2.1e-21 3.37e-21
81.3 1.2 1.17e-19 1.93e-21 3.1e-21
81.4 1.2 1.07e-19 1.78e-21 2.85e-21
81.5 1.2 9.87e-20 1.64e-21 2.63e-21
81.6 1.2 9.08e-20 1.5e-21 2.42e-21
81.7 1.2 8.35e-20 1.38e-21 2.22e-21
81.8 1.2 7.69e-20 1.27e-21 2.05e-21
81.9 1.2 7.07e-20 1.17e-21 1.88e-21
82 1.2 6.51e-20 1.08e-21 1.73e-21
82.1 1.2 5.99e-20 9.92e-22 1.59e-21
82.2 1.2 5.51e-20 9.13e-22 1.47e-21
82.3 1.2 5.07e-20 8.4e-22 1.35e-21
82.4 1.2 4.66e-20 7.73e-22 1.24e-21
82.5 1.2 4.29e-20 7.11e-22 1.14e-21
82.6 1.2 3.95e-20 6.54e-22 1.05e-21
82.7 1.2 3.63e-20 6.02e-22 9.66e-22
82.8 1.2 3.34e-20 5.54e-22 8.89e-22
82.9 1.2 3.07e-20 5.09e-22 8.18e-22
83 1.2 2.83e-20 4.69e-22 7.53e-22
83.1 1.2 2.6e-20 4.31e-22 6.92e-22
83.2 1.2 2.39e-20 3.97e-22 6.37e-22
83.3 1.2 2.2e-20 3.65e-22 5.86e-22
83.4 1.2 2.03e-20 3.36e-22 5.39e-22
83.5 1.2 1.86e-20 3.09e-22 4.96e-22
83.6 1.2 1.71e-20 2.84e-22 4.56e-22
83.7 1.2 1.58e-20 2.61e-22 4.2e-22
83.8 1.2 1.45e-20 2.41e-22 3.86e-22
83.9 1.2 1.34e-20 2.21e-22 3.55e-22
84 1.2 1.23e-20 2.04e-22 3.27e-22
84.1 1.2 1.13e-20 1.87e-22 3.01e-22
84.2 1.2 1.04e-20 1.72e-22 2.77e-22
84.3 1.2 9.57e-21 1.59e-22 2.55e-22
84.4 1.2 8.8e-21 1.46e-22 2.34e-22
84.5 1.2 8.1e-21 1.34e-22 2.16e-22
84.6 1.2 7.45e-21 1.24e-22 1.98e-22
84.7 1.2 6.86e-21 1.14e-22 1.83e-22
84.8 1.2 6.31e-21 1.05e-22 1.68e-22
84.9 1.2 5.8e-21 9.62e-23 1.54e-22
85 1.2 5.34e-21 8.85e-23 1.42e-22
85.1 1.2 4.91e-21 8.14e-23 1.31e-22
85.2 1.2 4.52e-21 7.49e-23 1.2e-22
85.3 1.2 4.16e-21 6.89e-23 1.11e-22
85.4 1.2 3.83e-21 6.34e-23 1.02e-22
85.5 1.2 3.52e-21 5.83e-23 9.37e-23
85.6 1.2 3.24e-21 5.37e-23 8.62e-23
85.7 1.2 2.98e-21 4.94e-23 7.93e-23
85.8 1.2 2.74e-21 4.54e-23 7.3e-23
85.9 1.2 2.52e-21 4.18e-23 6.71e-23
86 1.2 2.32e-21 3.85e-23 6.18e-23
86.1 1.2 2.14e-21 3.54e-23 5.68e-23
86.2 1.2 1.96e-21 3.26e-23 5.23e-23
86.3 1.2 1.81e-21 3e-23 4.81e-23
86.4 1.2 1.66e-21 2.76e-23 4.43e-23
86.5 1.2 1.53e-21 2.54e-23 4.07e-23
86.6 1.2 1.41e-21 2.33e-23 3.75e-23
86.7 1.2 1.3e-21 2.15e-23 3.45e-23
86.8 1.2 1.19e-21 1.97e-23 3.17e-23
86.9 1.2 1.1e-21 1.82e-23 2.92e-23
87 1.2 1.01e-21 1.67e-23 2.68e-23
87.1 1.2 9.28e-22 1.54e-23 2.47e-23
87.2 1.2 8.54e-22 1.41e-23 2.27e-23
87.3 1.2 7.86e-22 1.3e-23 2.09e-23
87.4 1.2 7.23e-22 1.2e-23 1.92e-23
87.5 1.2 6.65e-22 1.1e-23 1.77e-23
87.6 1.2 6.12e-22 1.01e-23 1.63e-23
87.7 1.2 5.63e-22 9.33e-24 1.5e-23
87.8 1.2 5.18e-22 8.58e-24 1.38e-23
87.9 1.2 4.76e-22 7.9e-24 1.27e-23
88 1.2 4.38e-22 7.26e-24 1.17e-23
88.1 1.2 4.03e-22 6.68e-24 1.07e-23
88.2 1.2 3.71e-22 6.15e-24 9.88e-24
88.3 1.2 3.41e-22 5.66e-24 9.09e-24
88.4 1.2 3.14e-22 5.21e-24 8.36e-24
88.5 1.2 2.89e-22 4.79e-24 7.69e-24
88.6 1.2 2.66e-22 4.41e-24 7.08e-24
88.7 1.2 2.45e-22 4.05e-24 6.51e-24
88.8 1.2 2.25e-22 3.73e-24 5.99e-24
88.9 1.2 2.07e-22 3.43e-24 5.51e-24
89 1.2 1.91e-22 3.16e-24 5.07e-24
89.1 1.2 1.75e-22 2.9e-24 4.66e-24
89.2 1.2 1.61e-22 2.67e-24 4.29e-24
89.3 1.2 1.48e-22 2.46e-24 3.95e-24
89.4 1.2 1.37e-22 2.26e-24 3.63e-24
89.5 1.2 1.26e-22 2.08e-24 3.34e-24
89.6 1.2 1.16e-22 1.91e-24 3.08e-24
89.7 1.2 1.06e-22 1.76e-24 2.83e-24
89.8 1.2 9.78e-23 1.62e-24 2.6e-24
89.9 1.2 9e-23 1.49e-24 2.4e-24
90 1.2 8.28e-23 1.37e-24 2.2e-24
90.1 1.2 7.62e-23 1.26e-24 2.03e-24
90.2 1.2 7.01e-23 1.16e-24 1.87e-24
90.3 1.2 6.45e-23 1.07e-24 1.72e-24
90.4 1.2 5.93e-23 9.83e-25 1.58e-24
90.5 1.2 5.46e-23 9.05e-25 1.45e-24
90.6 1.2 5.02e-23 8.32e-25 1.34e-24
90.7 1.2 4.62e-23 7.66e-25 1.23e-24
90.8 1.2 4.25e-23 7.04e-25 1.13e-24
90.9 1.2 3.91e-23 6.48e-25 1.04e-24
91 1.2 3.6e-23 5.96e-25 9.58e-25
91.1 1.2 3.31e-23 5.49e-25 8.81e-25
91.2 1.2 3.05e-23 5.05e-25 8.11e-25
91.3 1.2 2.8e-23 4.64e-25 7.46e-25
91.4 1.2 2.58e-23 4.27e-25 6.86e-25
91.5 1.2 2.37e-23 3.93e-25 6.31e-25
91.6 1.2 2.18e-23 3.62e-25 5.81e-25
91.7 1.2 2.01e-23 3.33e-25 5.34e-25
91.8 1.2 1.85e-23 3.06e-25 4.92e-25
91.9 1.2 1.7e-23 2.82e-25 4.52e-25
92 1.2 1.56e-23 2.59e-25 4.16e-25
92.1 1.2 1.44e-23 2.38e-25 3.83e-25
92.2 1.2 1.32e-23 2.19e-25 3.52e-25
92.3 1.2 1.22e-23 2.02e-25 3.24e-25
92.4 1.2 1.12e-23 1.86e-25 2.98e-25
92.5 1.2 1.03e-23 1.71e-25 2.74e-25
92.6 1.2 9.48e-24 1.57e-25 2.52e-25
92.7 1.2 8.73e-24 1.45e-25 2.32e-25
92.8 1.2 8.03e-24 1.33e-25 2.14e-25
92.9 1.2 7.39e-24 1.22e-25 1.97e-25
93 1.2 6.8e-24 1.13e-25 1.81e-25
93.1 1.2 6.25e-24 1.04e-25 1.66e-25
93.2 1.2 5.75e-24 9.53e-26 1.53e-25
93.3 1.2 5.29e-24 8.77e-26 1.41e-25
93.4 1.2 4.87e-24 8.07e-26 1.3e-25
93.5 1.2 4.48e-24 7.42e-26 1.19e-25
93.6 1.2 4.12e-24 6.83e-26 1.1e-25
93.7 1.2 3.79e-24 6.28e-26 1.01e-25
93.8 1.2 3.49e-24 5.78e-26 9.29e-26
93.9 1.2 3.21e-24 5.32e-26 8.54e-26
94 1.2 2.95e-24 4.89e-26 7.86e-26
94.1 1.2 2.72e-24 4.5e-26 7.23e-26
94.2 1.2 2.5e-24 4.14e-26 6.65e-26
94.3 1.2 2.3e-24 3.81e-26 6.12e-26
94.4 1.2 2.12e-24 3.51e-26 5.63e-26
94.5 1.2 1.95e-24 3.23e-26 5.18e-26
94.6 1.2 1.79e-24 2.97e-26 4.77e-26
94.7 1.2 1.65e-24 2.73e-26 4.39e-26
94.8 1.2 1.52e-24 2.51e-26 4.04e-26
94.9 1.2 1.4e-24 2.31e-26 3.71e-26
95 1.2 1.28e-24 2.13e-26 3.42e-26
95.1 1.2 1.18e-24 1.96e-26 3.14e-26
95.2 1.2 1.09e-24 1.8e-26 2.89e-26
95.3 1.2 1e-24 1.66e-26 2.66e-26
95.4 1.2 9.2e-25 1.52e-26 2.45e-26
95.5 1.2 8.46e-25 1.4e-26 2.25e-26
95.6 1.2 7.79e-25 1.29e-26 2.07e-26
95.7 1.2 7.16e-25 1.19e-26 1.91e-26
95.8 1.2 6.59e-25 1.09e-26 1.75e-26
95.9 1.2 6.06e-25 1e-26 1.61e-26
96 1.2 5.58e-25 9.24e-27 1.48e-26
96.1 1.2 5.13e-25 8.51e-27 1.37e-26
96.2 1.2 4.72e-25 7.83e-27 1.26e-26
96.3 1.2 4.34e-25 7.2e-27 1.16e-26
96.4 1.2 4e-25 6.62e-27 1.06e-26
96.5 1.2 3.68e-25 6.09e-27 9.79e-27
96.6 1.2 3.38e-25 5.61e-27 9.01e-27
96.7 1.2 3.11e-25 5.16e-27 8.29e-27
96.8 1.2 2.86e-25 4.75e-27 7.62e-27
96.9 1.2 2.64e-25 4.37e-27 7.01e-27
97 1.2 2.42e-25 4.02e-27 6.45e-27
97.1 1.2 2.23e-25 3.7e-27 5.94e-27
97.2 1.2 2.05e-25 3.4e-27 5.46e-27
97.3 1.2 1.89e-25 3.13e-27 5.03e-27
97.4 1.2 1.74e-25 2.88e-27 4.62e-27
97.5 1.2 1.6e-25 2.65e-27 4.25e-27
97.6 1.2 1.47e-25 2.44e-27 3.91e-27
97.7 1.2 1.35e-25 2.24e-27 3.6e-27
97.8 1.2 1.24e-25 2.06e-27 3.31e-27
97.9 1.2 1.15e-25 1.9e-27 3.05e-27
98 1.2 1.05e-25 1.75e-27 2.8e-27
98.1 1.2 9.69e-26 1.61e-27 2.58e-27
98.2 1.2 8.92e-26 1.48e-27 2.37e-27
98.3 1.2 8.21e-26 1.36e-27 2.18e-27
98.4 1.2 7.55e-26 1.25e-27 2.01e-27
98.5 1.2 6.95e-26 1.15e-27 1.85e-27
98.6 1.2 6.39e-26 1.06e-27 1.7e-27
98.7 1.2 5.88e-26 9.74e-28 1.56e-27
98.8 1.2 5.41e-26 8.96e-28 1.44e-27
98.9 1.2 4.98e-26 8.25e-28 1.32e-27
99 1.2 4.58e-26 7.59e-28 1.22e-27
99.1 1.2 4.21e-26 6.98e-28 1.12e-27
99.2 1.2 3.88e-26 6.42e-28 1.03e-27
99.3 1.2 3.57e-26 5.91e-28 9.49e-28
99.4 1.2 3.28e-26 5.44e-28 8.73e-28
99.5 1.2 3.02e-26 5e-28 8.03e-28
99.6 1.2 2.78e-26 4.6e-28 7.39e-28
99.7 1.2 2.56e-26 4.23e-28 6.8e-28
99.8 1.2 2.35e-26 3.9e-28 6.26e-28
99.9 1.2 2.16e-26 3.58e-28 5.76e-28
