-25 10 0.144 1.5e-08 5e-09
-24.9 10 0.145 1e-08 1e-08
-24.8 10 0.146 1e-08 1e-08
-24.7 10 0.147 7.5e-09 2.5e-09
-24.6 10 0.149 1e-08 1e-08
-24.5 10 0.15 2.75e-08 2.25e-08
-24.4 10 0.151 3.5e-08 2.5e-08
-24.3 10 0.152 3.5e-08 2.5e-08
-24.2 10 0.154 4.75e-08 2.25e-08
-24.1 10 0.155 3e-08 1e-08
-24 10 0.156 1.5e-08 1.5e-08
-23.9 10 0.158 3.75e-08 4.25e-08
-23.8 10 0.159 1.5e-08 1.5e-08
-23.7 10 0.16 1.25e-08 7.5e-09
-23.6 10 0.162 1.5e-08 5e-09
-23.5 10 0.163 1.5e-08 5e-09
-23.4 10 0.164 1.5e-08 5e-09
-23.3 10 0.166 1.5e-08 5e-09
-23.2 10 0.167 1.5e-08 5e-09
-23.1 10 0.168 1.5e-08 5e-09
-23 10 0.17 1.5e-08 5e-09
-22.9 10 0.171 1.25e-08 7.5e-09
-22.8 10 0.173 1.5e-08 5e-09
-22.7 10 0.174 7.5e-09 2.5e-09
-22.6 10 0.176 1.5e-08 5e-09
-22.5 10 0.177 1.25e-08 7.5e-09
-22.4 10 0.178 7.5e-09 2.5e-09
-22.3 10 0.18 7.5e-09 2.5e-09
-22.2 10 0.181 1.5e-08 5e-09
-22.1 10 0.183 1.5e-08 5e-09
-22 10 0.184 7.5e-09 2.5e-09
-21.9 10 0.186 7.5e-09 2.5e-09
-21.8 10 0.187 7.5e-09 2.5e-09
-21.7 10 0.189 7.5e-09 2.5e-09
-21.6 10 0.19 1.5e-08 5e-09
-21.5 10 0.192 7.5e-09 2.5e-09
-21.4 10 0.193 1.5e-08 5e-09
-21.3 10 0.195 1e-08 1e-08
-21.2 10 0.196 7.5e-09 2.5e-09
-21.1 10 0.198 7.5e-09 2.5e-09
-21 10 0.2 1.5e-08 5e-09
-20.9 10 0.201 7.5e-09 2.5e-09
-20.8 10 0.203 7.5e-09 2.5e-09
-20.7 10 0.204 7.5e-09 2.5e-09
-20.6 10 0.206 7.5e-09 2.5e-09
-20.5 10 0.208 7.5e-09 2.5e-09
-20.4 10 0.209 7.5e-09 2.5e-09
-20.3 10 0.211 7.5e-09 2.5e-09
-20.2 10 0.213 7.5e-09 2.5e-09
-20.1 10 0.214 7.5e-09 2.5e-09
-20 10 0.216 7.5e-09 2.5e-09
-19.9 10 0.218 7.5e-09 2.5e-09
-19.8 10 0.219 7.5e-09 2.5e-09
-19.7 10 0.221 7.5e-09 2.5e-09
-19.6 10 0.223 7.5e-09 2.5e-09
-19.5 10 0.224 7.5e-09 2.5e-09
-19.4 10 0.226 7.5e-09 2.5e-09
-19.3 10 0.228 7.5e-09 2.5e-09
-19.2 10 0.23 7.5e-09 2.5e-09
-19.1 10 0.231 7.5e-09 2.5e-09
-19 10 0.233 0 0
-18.9 10 0.235 7.5e-09 2.5e-09
-18.8 10 0.237 7.5e-09 2.5e-09
-18.7 10 0.238 7.5e-09 2.5e-09
-18.6 10 0.24 7.5e-09 2.5e-09
-18.5 10 0.242 7.5e-09 2.5e-09
-18.4 10 0.244 7.5e-09 2.5e-09
-18.3 10 0.246 7.5e-09 2.5e-09
-18.2 10 0.247 7.5e-09 2.5e-09
-18.1 10 0.249 7.5e-09 2.5e-09
-18 10 0.251 5e-09 5e-09
-17.9 10 0.253 0 0
-17.8 10 0.255 0 0
-17.7 10 0.257 0 0
-17.6 10 0.259 0 0
-17.5 10 0.261 0 0
-17.4 10 0.262 0 0
-17.3 10 0.264 0 0
-17.2 10 0.266 0 0
-17.1 10 0.268 0 0
-17 10 0.27 0 0
-16.9 10 0.272 0 0
-16.8 10 0.274 2.5e-09 7.5e-09
-16.7 10 0.276 0 0
-16.6 10 0.278 0 0
-16.5 10 0.28 2.5e-09 7.5e-09
-16.4 10 0.282 0 0
-16.3 10 0.284 0 0
-16.2 10 0.286 0 0
-16.1 10 0.288 2.5e-09 7.5e-09
-16 10 0.29 0 0
-15.9 10 0.292 2.5e-09 7.5e-09
-15.8 10 0.294 2.5e-09 7.5e-09
-15.7 10 0.296 2.5e-09 7.5e-09
-15.6 10 0.298 2.5e-09 7.5e-09
-15.5 10 0.3 2.5e-09 7.5e-09
-15.4 10 0.302 2.5e-09 7.5e-09
-15.3 10 0.304 2.5e-09 7.5e-09
-15.2 10 0.306 2.5e-09 7.5e-09
-15.1 10 0.308 2.5e-09 7.5e-09
-15 10 0.311 2.5e-09 7.5e-09
-14.9 10 0.313 5e-09 1.5e-08
-14.8 10 0.315 2.5e-09 7.5e-09
-14.7 10 0.317 2.5e-09 7.5e-09
-14.6 10 0.319 5e-09 1.5e-08
-14.5 10 0.321 5e-09 1.5e-08
-14.4 10 0.323 5e-09 1.5e-08
-14.3 10 0.325 2.5e-09 7.5e-09
-14.2 10 0.328 5e-09 1.5e-08
-14.1 10 0.33 5e-09 1.5e-08
-14 10 0.332 5e-09 1.5e-08
-13.9 10 0.334 5e-09 1.5e-08
-13.8 10 0.336 5e-09 1.5e-08
-13.7 10 0.338 5e-09 1.5e-08
-13.6 10 0.341 7.5e-09 2.25e-08
-13.5 10 0.343 5e-09 1.5e-08
-13.4 10 0.345 5e-09 1.5e-08
-13.3 10 0.347 7.5e-09 2.25e-08
-13.2 10 0.349 7.5e-09 2.25e-08
-13.1 10 0.352 5e-09 1.5e-08
-13 10 0.354 7.5e-09 2.25e-08
-12.9 10 0.356 7.5e-09 2.25e-08
-12.8 10 0.358 5e-09 1.5e-08
-12.7 10 0.361 7.5e-09 2.25e-08
-12.6 10 0.363 1.25e-08 1.75e-08
-12.5 10 0.365 7.5e-09 2.25e-08
-12.4 10 0.367 7.5e-09 2.25e-08
-12.3 10 0.37 7.5e-09 2.25e-08
-12.2 10 0.372 7.5e-09 2.25e-08
-12.1 10 0.374 7.5e-09 2.25e-08
-12 10 0.376 1e-08 3e-08
-11.9 10 0.379 7.5e-09 2.25e-08
-11.8 10 0.381 7.5e-09 2.25e-08
-11.7 10 0.383 1.5e-08 2.5e-08
-11.6 10 0.386 1e-08 3e-08
-11.5 10 0.388 1e-08 3e-08
-11.4 10 0.39 1e-08 3e-08
-11.3 10 0.392 1e-08 3e-08
-11.2 10 0.395 1e-08 3e-08
-11.1 10 0.397 1e-08 3e-08
-11 10 0.399 7.5e-09 2.25e-08
-10.9 10 0.402 1e-08 3e-08
-10.8 10 0.404 1e-08 3e-08
-10.7 10 0.406 1e-08 3e-08
-10.6 10 0.409 1e-08 3e-08
-10.5 10 0.411 1e-08 3e-08
-10.4 10 0.413 1e-08 3e-08
-10.3 10 0.416 1e-08 3e-08
-10.2 10 0.418 1.25e-08 3.75e-08
-10.1 10 0.42 1.75e-08 3.25e-08
-10 10 0.423 1e-08 3e-08
-9.9 10 0.425 1e-08 3e-08
-9.8 10 0.427 1e-08 3e-08
-9.7 10 0.43 1e-08 3e-08
-9.6 10 0.432 1.25e-08 3.75e-08
-9.5 10 0.435 1.25e-08 3.75e-08
-9.4 10 0.437 1.75e-08 3.25e-08
-9.3 10 0.439 1.25e-08 3.75e-08
-9.2 10 0.442 1.25e-08 3.75e-08
-9.1 10 0.444 1.25e-08 3.75e-08
-9 10 0.446 1.25e-08 3.75e-08
-8.9 10 0.449 1e-08 3e-08
-8.8 10 0.451 1.25e-08 3.75e-08
-8.7 10 0.453 1.25e-08 3.75e-08
-8.6 10 0.456 1.25e-08 3.75e-08
-8.5 10 0.458 1e-08 3e-08
-8.4 10 0.461 1.75e-08 3.25e-08
-8.3 10 0.463 1.25e-08 3.75e-08
-8.2 10 0.465 1e-08 3e-08
-8.1 10 0.468 1.25e-08 3.75e-08
-8 10 0.47 1.25e-08 3.75e-08
-7.9 10 0.472 1.25e-08 3.75e-08
-7.8 10 0.475 1.75e-08 3.25e-08
-7.7 10 0.477 1.75e-08 3.25e-08
-7.6 10 0.48 1.75e-08 3.25e-08
-7.5 10 0.482 1.25e-08 3.75e-08
-7.4 10 0.484 1.25e-08 3.75e-08
-7.3 10 0.487 1.25e-08 3.75e-08
-7.2 10 0.489 1.25e-08 3.75e-08
-7.1 10 0.491 1.75e-08 3.25e-08
-7 10 0.494 1.25e-08 3.75e-08
-6.9 10 0.496 1.25e-08 3.75e-08
-6.8 10 0.498 1e-08 3e-08
-6.7 10 0.501 1.25e-08 3.75e-08
-6.6 10 0.503 1e-08 3e-08
-6.5 10 0.505 1.25e-08 3.75e-08
-6.4 10 0.508 1.25e-08 3.75e-08
-6.3 10 0.51 1.75e-08 3.25e-08
-6.2 10 0.513 1e-08 3e-08
-6.1 10 0.515 1.25e-08 3.75e-08
-6 10 0.517 1.75e-08 3.25e-08
-5.9 10 0.52 1.25e-08 3.75e-08
-5.8 10 0.522 1.25e-08 3.75e-08
-5.7 10 0.524 1.75e-08 3.25e-08
-5.6 10 0.527 1.25e-08 3.75e-08
-5.5 10 0.529 1e-08 3e-08
-5.4 10 0.531 1.75e-08 3.25e-08
-5.3 10 0.533 1e-08 3e-08
-5.2 10 0.536 1e-08 3e-08
-5.1 10 0.538 1e-08 3e-08
-5 10 0.54 1e-08 3e-08
-4.9 10 0.543 1.75e-08 3.25e-08
-4.8 10 0.545 1e-08 3e-08
-4.7 10 0.547 1.75e-08 3.25e-08
-4.6 10 0.55 1e-08 3e-08
-4.5 10 0.552 1.5e-08 2.5e-08
-4.4 10 0.554 1e-08 3e-08
-4.3 10 0.556 1.5e-08 2.5e-08
-4.2 10 0.559 1e-08 3e-08
-4.1 10 0.561 1.5e-08 2.5e-08
-4 10 0.563 1.5e-08 2.5e-08
-3.9 10 0.565 1.5e-08 2.5e-08
-3.8 10 0.568 7.5e-09 2.25e-08
-3.7 10 0.57 1.25e-08 2.75e-08
-3.6 10 0.572 1.5e-08 2.5e-08
-3.5 10 0.574 1.5e-08 2.5e-08
-3.4 10 0.577 1.5e-08 2.5e-08
-3.3 10 0.579 1.25e-08 1.75e-08
-3.2 10 0.581 2.75e-08 3.25e-08
-3.1 10 0.583 2.43e-07 1.08e-07
-3 10 0.585 2.5e-08 3.5e-08
-2.9 10 0.587 1.25e-08 2.75e-08
-2.8 10 0.59 2e-08 4e-08
-2.7 10 0.592 1.75e-08 4.25e-08
-2.6 10 0.594 2e-08 4e-08
-2.5 10 0.596 1.75e-08 3.25e-08
-2.4 10 0.598 1.5e-08 3.5e-08
-2.3 10 0.6 1.75e-08 3.25e-08
-2.2 10 0.603 1.25e-08 2.75e-08
-2.1 10 0.605 1.25e-08 2.75e-08
-2 10 0.607 1.25e-08 2.75e-08
-1.9 10 0.609 1.25e-08 2.75e-08
-1.8 10 0.611 1e-08 2e-08
-1.7 10 0.613 1.25e-08 1.75e-08
-1.6 10 0.615 1.25e-08 1.75e-08
-1.5 10 0.617 7.5e-09 1.25e-08
-1.4 10 0.619 7.5e-09 1.25e-08
-1.3 10 0.621 7.5e-09 1.25e-08
-1.2 10 0.623 7.5e-09 1.25e-08
-1.1 10 0.625 7.5e-09 1.25e-08
-1 10 0.627 0 0
-0.9 10 0.629 0 0
-0.8 10 0.631 5e-09 5e-09
-0.7 10 0.633 0 0
-0.6 10 0.635 2.5e-09 7.5e-09
-0.5 10 0.637 2.5e-09 7.5e-09
-0.4 10 0.639 2.5e-09 7.5e-09
-0.3 10 0.641 2.5e-09 7.5e-09
-0.2 10 0.643 0 0
-0.1 10 0.645 0 0
3.02e-14 10 0.647 0 0
0.1 10 0.649 2.5e-09 7.5e-09
0.2 10 0.651 0 0
0.3 10 0.653 0 0
0.4 10 0.655 0 0
0.5 10 0.656 0 0
0.6 10 0.658 0 0
0.7 10 0.66 0 0
0.8 10 0.662 7.5e-09 2.5e-09
0.9 10 0.664 0 0
1 10 0.666 7.5e-09 2.5e-09
1.1 10 0.667 7.5e-09 2.5e-09
1.2 10 0.669 0 0
1.3 10 0.671 7.5e-09 2.5e-09
1.4 10 0.673 7.5e-09 2.5e-09
1.5 10 0.674 7.5e-09 2.5e-09
1.6 10 0.676 7.5e-09 2.5e-09
1.7 10 0.678 7.5e-09 2.5e-09
1.8 10 0.68 7.5e-09 2.5e-09
1.9 10 0.681 7.5e-09 2.5e-09
2 10 0.683 1.5e-08 5e-09
2.1 10 0.685 7.5e-09 2.5e-09
2.2 10 0.686 1.5e-08 5e-09
2.3 10 0.688 1.5e-08 5e-09
2.4 10 0.69 1.5e-08 5e-09
2.5 10 0.691 1.5e-08 5e-09
2.6 10 0.693 1.5e-08 5e-09
2.7 10 0.694 2.25e-08 7.5e-09
2.8 10 0.696 1.75e-08 1.25e-08
2.9 10 0.697 1.5e-08 5e-09
3 10 0.699 1.5e-08 5e-09
3.1 10 0.701 1.5e-08 5e-09
3.2 10 0.702 2.25e-08 7.5e-09
3.3 10 0.704 1.5e-08 5e-09
3.4 10 0.705 1.5e-08 5e-09
3.5 10 0.707 1.5e-08 5e-09
3.6 10 0.708 1.75e-08 1.25e-08
3.7 10 0.71 2.25e-08 7.5e-09
3.8 10 0.711 2.25e-08 7.5e-09
3.9 10 0.712 2.25e-08 7.5e-09
4 10 0.714 3e-08 1e-08
4.1 10 0.715 2.25e-08 7.5e-09
4.2 10 0.717 2.25e-08 7.5e-09
4.3 10 0.718 2.25e-08 7.5e-09
4.4 10 0.719 2.25e-08 7.5e-09
4.5 10 0.721 2.25e-08 7.5e-09
4.6 10 0.722 2.25e-08 7.5e-09
4.7 10 0.723 3e-08 1e-08
4.8 10 0.725 3e-08 1e-08
4.9 10 0.726 3e-08 1e-08
5 10 0.727 3e-08 1e-08
5.1 10 0.728 3e-08 1e-08
5.2 10 0.73 3e-08 1e-08
5.3 10 0.731 3.25e-08 1.75e-08
5.4 10 0.732 3.25e-08 1.75e-08
5.5 10 0.733 3e-08 1e-08
5.6 10 0.735 3.75e-08 1.25e-08
5.7 10 0.736 3e-08 1e-08
5.8 10 0.737 3e-08 1e-08
5.9 10 0.738 3.25e-08 1.75e-08
6 10 0.739 3.75e-08 1.25e-08
6.1 10 0.74 3.75e-08 1.25e-08
6.2 10 0.741 3.75e-08 1.25e-08
6.3 10 0.742 3.75e-08 1.25e-08
6.4 10 0.744 3.75e-08 1.25e-08
6.5 10 0.745 3.75e-08 1.25e-08
6.6 10 0.746 3.75e-08 1.25e-08
6.7 10 0.747 4e-08 2e-08
6.8 10 0.748 3.75e-08 1.25e-08
6.9 10 0.749 4e-08 2e-08
7 10 0.75 3.75e-08 1.25e-08
7.1 10 0.751 3.75e-08 1.25e-08
7.2 10 0.752 3.75e-08 1.25e-08
7.3 10 0.752 4e-08 2e-08
7.4 10 0.753 4.5e-08 1.5e-08
7.5 10 0.754 4.5e-08 1.5e-08
7.6 10 0.755 4e-08 2e-08
7.7 10 0.756 4.5e-08 1.5e-08
7.8 10 0.757 4.5e-08 1.5e-08
7.9 10 0.758 4e-08 2e-08
8 10 0.759 4e-08 2e-08
8.1 10 0.759 4.5e-08 1.5e-08
8.2 10 0.76 4.5e-08 1.5e-08
8.3 10 0.761 4.75e-08 2.25e-08
8.4 10 0.762 4.75e-08 2.25e-08
8.5 10 0.762 5.25e-08 1.75e-08
8.6 10 0.763 5.25e-08 1.75e-08
8.7 10 0.764 4.5e-08 1.5e-08
8.8 10 0.764 4.5e-08 1.5e-08
8.9 10 0.765 4.75e-08 2.25e-08
9 10 0.766 4.75e-08 2.25e-08
9.1 10 0.766 5.25e-08 1.75e-08
9.2 10 0.767 4.5e-08 1.5e-08
9.3 10 0.768 4.75e-08 2.25e-08
9.4 10 0.768 5.25e-08 1.75e-08
9.5 10 0.769 5.25e-08 1.75e-08
9.6 10 0.769 5.25e-08 1.75e-08
9.7 10 0.77 5.25e-08 1.75e-08
9.8 10 0.771 5.25e-08 1.75e-08
9.9 10 0.771 4.75e-08 2.25e-08
10 10 0.772 5.25e-08 1.75e-08
10.1 10 0.772 5.25e-08 1.75e-08
10.2 10 0.772 4.75e-08 2.25e-08
10.3 10 0.773 4.75e-08 2.25e-08
10.4 10 0.773 4.75e-08 2.25e-08
10.5 10 0.774 5.25e-08 1.75e-08
10.6 10 0.774 5.25e-08 1.75e-08
10.7 10 0.775 5.25e-08 1.75e-08
10.8 10 0.775 5.25e-08 1.75e-08
10.9 10 0.775 5.25e-08 1.75e-08
11 10 0.776 5.25e-08 1.75e-08
11.1 10 0.776 5.25e-08 1.75e-08
11.2 10 0.776 5.25e-08 1.75e-08
11.3 10 0.777 5.25e-08 1.75e-08
11.4 10 0.777 5.25e-08 1.75e-08
11.5 10 0.777 5.25e-08 1.75e-08
11.6 10 0.777 5.25e-08 1.75e-08
11.7 10 0.778 5.5e-08 2.5e-08
11.8 10 0.778 5.25e-08 1.75e-08
11.9 10 0.778 5.25e-08 1.75e-08
12 10 0.778 5.25e-08 1.75e-08
12.1 10 0.778 5.25e-08 1.75e-08
12.2 10 0.778 5.25e-08 1.75e-08
12.3 10 0.779 5.25e-08 1.75e-08
12.4 10 0.779 5.5e-08 2.5e-08
12.5 10 0.779 6e-08 2e-08
12.6 10 0.779 5.25e-08 1.75e-08
12.7 10 0.779 5.5e-08 2.5e-08
12.8 10 0.779 6e-08 2e-08
12.9 10 0.779 5.25e-08 1.75e-08
13 10 0.779 5.5e-08 2.5e-08
13.1 10 0.779 5.25e-08 1.75e-08
13.2 10 0.779 6e-08 2e-08
13.3 10 0.779 5.5e-08 2.5e-08
13.4 10 0.779 5.25e-08 1.75e-08
13.5 10 0.779 6e-08 2e-08
13.6 10 0.779 5.5e-08 2.5e-08
13.7 10 0.779 5.25e-08 1.75e-08
13.8 10 0.778 5.25e-08 1.75e-08
13.9 10 0.778 5.25e-08 1.75e-08
14 10 0.778 5.25e-08 1.75e-08
14.1 10 0.778 5.25e-08 1.75e-08
14.2 10 0.778 5.25e-08 1.75e-08
14.3 10 0.778 5.5e-08 2.5e-08
14.4 10 0.777 5.25e-08 1.75e-08
14.5 10 0.777 5.25e-08 1.75e-08
14.6 10 0.777 5.25e-08 1.75e-08
14.7 10 0.777 5.25e-08 1.75e-08
14.8 10 0.776 5.25e-08 1.75e-08
14.9 10 0.776 5.25e-08 1.75e-08
15 10 0.776 5.25e-08 1.75e-08
15.1 10 0.775 5.25e-08 1.75e-08
15.2 10 0.775 5.25e-08 1.75e-08
15.3 10 0.775 5.25e-08 1.75e-08
15.4 10 0.774 5.25e-08 1.75e-08
15.5 10 0.774 5.25e-08 1.75e-08
15.6 10 0.773 4.75e-08 2.25e-08
15.7 10 0.773 4.75e-08 2.25e-08
15.8 10 0.772 4.75e-08 2.25e-08
15.9 10 0.772 5.25e-08 1.75e-08
16 10 0.772 5.25e-08 1.75e-08
16.1 10 0.771 4.75e-08 2.25e-08
16.2 10 0.771 5.25e-08 1.75e-08
16.3 10 0.77 5.25e-08 1.75e-08
16.4 10 0.769 5.25e-08 1.75e-08
16.5 10 0.769 5.25e-08 1.75e-08
16.6 10 0.768 5.25e-08 1.75e-08
16.7 10 0.768 4.75e-08 2.25e-08
16.8 10 0.767 4.5e-08 1.5e-08
16.9 10 0.766 5.25e-08 1.75e-08
17 10 0.766 4.75e-08 2.25e-08
17.1 10 0.765 4.75e-08 2.25e-08
17.2 10 0.764 4.5e-08 1.5e-08
17.3 10 0.764 4.5e-08 1.5e-08
17.4 10 0.763 5.25e-08 1.75e-08
17.5 10 0.762 5.25e-08 1.75e-08
17.6 10 0.762 4.75e-08 2.25e-08
17.7 10 0.761 4.75e-08 2.25e-08
17.8 10 0.76 4.5e-08 1.5e-08
17.9 10 0.759 4.5e-08 1.5e-08
18 10 0.759 4e-08 2e-08
18.1 10 0.758 4e-08 2e-08
18.2 10 0.757 4.5e-08 1.5e-08
18.3 10 0.756 4.5e-08 1.5e-08
18.4 10 0.755 4e-08 2e-08
18.5 10 0.754 4.5e-08 1.5e-08
18.6 10 0.753 4.5e-08 1.5e-08
18.7 10 0.752 4e-08 2e-08
18.8 10 0.752 3.75e-08 1.25e-08
18.9 10 0.751 3.75e-08 1.25e-08
19 10 0.75 3.75e-08 1.25e-08
19.1 10 0.749 4e-08 2e-08
19.2 10 0.748 3.75e-08 1.25e-08
19.3 10 0.747 4e-08 2e-08
19.4 10 0.746 3.75e-08 1.25e-08
19.5 10 0.745 3.75e-08 1.25e-08
19.6 10 0.744 3.75e-08 1.25e-08
19.7 10 0.742 3.75e-08 1.25e-08
19.8 10 0.741 3.75e-08 1.25e-08
19.9 10 0.74 3.75e-08 1.25e-08
20 10 0.739 3.75e-08 1.25e-08
20.1 10 0.738 3.25e-08 1.75e-08
20.2 10 0.737 3e-08 1e-08
20.3 10 0.736 3e-08 1e-08
20.4 10 0.735 3.75e-08 1.25e-08
20.5 10 0.733 3e-08 1e-08
20.6 10 0.732 3.25e-08 1.75e-08
20.7 10 0.731 3.25e-08 1.75e-08
20.8 10 0.73 3e-08 1e-08
20.9 10 0.728 3e-08 1e-08
21 10 0.727 3e-08 1e-08
21.1 10 0.726 3e-08 1e-08
21.2 10 0.725 3e-08 1e-08
21.3 10 0.723 3e-08 1e-08
21.4 10 0.722 2.25e-08 7.5e-09
21.5 10 0.721 2.25e-08 7.5e-09
21.6 10 0.719 2.25e-08 7.5e-09
21.7 10 0.718 2.25e-08 7.5e-09
21.8 10 0.717 2.25e-08 7.5e-09
21.9 10 0.715 2.25e-08 7.5e-09
22 10 0.714 3e-08 1e-08
22.1 10 0.712 2.25e-08 7.5e-09
22.2 10 0.711 2.25e-08 7.5e-09
22.3 10 0.71 2.25e-08 7.5e-09
22.4 10 0.708 1.75e-08 1.25e-08
22.5 10 0.707 1.5e-08 5e-09
22.6 10 0.705 1.5e-08 5e-09
22.7 10 0.704 1.5e-08 5e-09
22.8 10 0.702 2.25e-08 7.5e-09
22.9 10 0.701 1.5e-08 5e-09
23 10 0.699 1.5e-08 5e-09
23.1 10 0.697 1.5e-08 5e-09
23.2 10 0.696 1.75e-08 1.25e-08
23.3 10 0.694 2.25e-08 7.5e-09
23.4 10 0.693 1.5e-08 5e-09
23.5 10 0.691 1.5e-08 5e-09
23.6 10 0.69 1.5e-08 5e-09
23.7 10 0.688 1.5e-08 5e-09
23.8 10 0.686 1.5e-08 5e-09
23.9 10 0.685 7.5e-09 2.5e-09
24 10 0.683 1.5e-08 5e-09
24.1 10 0.681 7.5e-09 2.5e-09
24.2 10 0.68 7.5e-09 2.5e-09
24.3 10 0.678 7.5e-09 2.5e-09
24.4 10 0.676 7.5e-09 2.5e-09
24.5 10 0.674 7.5e-09 2.5e-09
24.6 10 0.673 7.5e-09 2.5e-09
24.7 10 0.671 7.5e-09 2.5e-09
24.8 10 0.669 0 0
24.9 10 0.667 7.5e-09 2.5e-09
25 10 0.666 7.5e-09 2.5e-09
25.1 10 0.664 0 0
25.2 10 0.662 7.5e-09 2.5e-09
25.3 10 0.66 0 0
25.4 10 0.658 0 0
25.5 10 0.656 0 0
25.6 10 0.655 0 0
25.7 10 0.653 0 0
25.8 10 0.651 0 0
25.9 10 0.649 2.5e-09 7.5e-09
26 10 0.647 0 0
26.1 10 0.645 0 0
26.2 10 0.643 0 0
26.3 10 0.641 2.5e-09 7.5e-09
26.4 10 0.639 2.5e-09 7.5e-09
26.5 10 0.637 2.5e-09 7.5e-09
26.6 10 0.635 2.5e-09 7.5e-09
26.7 10 0.633 0 0
26.8 10 0.631 5e-09 5e-09
26.9 10 0.629 0 0
27 10 0.627 0 0
27.1 10 0.625 7.5e-09 1.25e-08
27.2 10 0.623 7.5e-09 1.25e-08
27.3 10 0.621 7.5e-09 1.25e-08
27.4 10 0.619 7.5e-09 1.25e-08
27.5 10 0.617 7.5e-09 1.25e-08
27.6 10 0.615 1.25e-08 1.75e-08
27.7 10 0.613 1.25e-08 1.75e-08
27.8 10 0.611 1e-08 2e-08
27.9 10 0.609 1.25e-08 2.75e-08
28 10 0.607 1.25e-08 2.75e-08
28.1 10 0.605 1.25e-08 2.75e-08
28.2 10 0.603 1.25e-08 2.75e-08
28.3 10 0.6 1.75e-08 3.25e-08
28.4 10 0.598 1.5e-08 3.5e-08
28.5 10 0.596 1.75e-08 3.25e-08
28.6 10 0.594 2e-08 4e-08
28.7 10 0.592 1.75e-08 4.25e-08
28.8 10 0.59 2e-08 4e-08
28.9 10 0.587 1.25e-08 2.75e-08
29 10 0.585 2.5e-08 3.5e-08
29.1 10 0.583 2.43e-07 1.08e-07
29.2 10 0.581 2.75e-08 3.25e-08
29.3 10 0.579 1.25e-08 1.75e-08
29.4 10 0.577 1.5e-08 2.5e-08
29.5 10 0.574 1.5e-08 2.5e-08
29.6 10 0.572 1.5e-08 2.5e-08
29.7 10 0.57 1.25e-08 2.75e-08
29.8 10 0.568 7.5e-09 2.25e-08
29.9 10 0.565 1.5e-08 2.5e-08
30 10 0.563 1.5e-08 2.5e-08
30.1 10 0.561 1.5e-08 2.5e-08
30.2 10 0.559 1e-08 3e-08
30.3 10 0.556 1.5e-08 2.5e-08
30.4 10 0.554 1e-08 3e-08
30.5 10 0.552 1.5e-08 2.5e-08
30.6 10 0.55 1e-08 3e-08
30.7 10 0.547 1.75e-08 3.25e-08
30.8 10 0.545 1e-08 3e-08
30.9 10 0.543 1.75e-08 3.25e-08
31 10 0.54 1e-08 3e-08
31.1 10 0.538 1e-08 3e-08
31.2 10 0.536 1e-08 3e-08
31.3 10 0.533 1e-08 3e-08
31.4 10 0.531 1.75e-08 3.25e-08
31.5 10 0.529 1e-08 3e-08
31.6 10 0.527 1.25e-08 3.75e-08
31.7 10 0.524 1.75e-08 3.25e-08
31.8 10 0.522 1.25e-08 3.75e-08
31.9 10 0.52 1.25e-08 3.75e-08
32 10 0.517 1.75e-08 3.25e-08
32.1 10 0.515 1.25e-08 3.75e-08
32.2 10 0.513 1e-08 3e-08
32.3 10 0.51 1.75e-08 3.25e-08
32.4 10 0.508 1.25e-08 3.75e-08
32.5 10 0.505 1.25e-08 3.75e-08
32.6 10 0.503 1e-08 3e-08
32.7 10 0.501 1.25e-08 3.75e-08
32.8 10 0.498 1e-08 3e-08
32.9 10 0.496 1.25e-08 3.75e-08
33 10 0.494 1.25e-08 3.75e-08
33.1 10 0.491 1.75e-08 3.25e-08
33.2 10 0.489 1.25e-08 3.75e-08
33.3 10 0.487 1.25e-08 3.75e-08
33.4 10 0.484 1.25e-08 3.75e-08
33.5 10 0.482 1.25e-08 3.75e-08
33.6 10 0.48 1.75e-08 3.25e-08
33.7 10 0.477 1.75e-08 3.25e-08
33.8 10 0.475 1.75e-08 3.25e-08
33.9 10 0.472 1.25e-08 3.75e-08
34 10 0.47 1.25e-08 3.75e-08
34.1 10 0.468 1.25e-08 3.75e-08
34.2 10 0.465 1e-08 3e-08
34.3 10 0.463 1.25e-08 3.75e-08
34.4 10 0.461 1.75e-08 3.25e-08
34.5 10 0.458 1e-08 3e-08
34.6 10 0.456 1.25e-08 3.75e-08
34.7 10 0.453 1.25e-08 3.75e-08
34.8 10 0.451 1.25e-08 3.75e-08
34.9 10 0.449 1e-08 3e-08
35 10 0.446 1.25e-08 3.75e-08
35.1 10 0.444 1.25e-08 3.75e-08
35.2 10 0.442 1.25e-08 3.75e-08
35.3 10 0.439 1.25e-08 3.75e-08
35.4 10 0.437 1.75e-08 3.25e-08
35.5 10 0.435 1.25e-08 3.75e-08
35.6 10 0.432 1.25e-08 3.75e-08
35.7 10 0.43 1e-08 3e-08
35.8 10 0.427 1e-08 3e-08
35.9 10 0.425 1e-08 3e-08
36 10 0.423 1e-08 3e-08
36.1 10 0.42 1.75e-08 3.25e-08
36.2 10 0.418 1.25e-08 3.75e-08
36.3 10 0.416 1e-08 3e-08
36.4 10 0.413 1e-08 3e-08
36.5 10 0.411 1e-08 3e-08
36.6 10 0.409 1e-08 3e-08
36.7 10 0.406 1e-08 3e-08
36.8 10 0.404 1e-08 3e-08
36.9 10 0.402 1e-08 3e-08
37 10 0.399 7.5e-09 2.25e-08
37.1 10 0.397 1e-08 3e-08
37.2 10 0.395 1e-08 3e-08
37.3 10 0.392 1e-08 3e-08
37.4 10 0.39 1e-08 3e-08
37.5 10 0.388 1e-08 3e-08
37.6 10 0.386 1e-08 3e-08
37.7 10 0.383 1.5e-08 2.5e-08
37.8 10 0.381 7.5e-09 2.25e-08
37.9 10 0.379 7.5e-09 2.25e-08
38 10 0.376 1e-08 3e-08
38.1 10 0.374 7.5e-09 2.25e-08
38.2 10 0.372 7.5e-09 2.25e-08
38.3 10 0.37 7.5e-09 2.25e-08
38.4 10 0.367 7.5e-09 2.25e-08
38.5 10 0.365 7.5e-09 2.25e-08
38.6 10 0.363 1.25e-08 1.75e-08
38.7 10 0.361 7.5e-09 2.25e-08
38.8 10 0.358 5e-09 1.5e-08
38.9 10 0.356 7.5e-09 2.25e-08
39 10 0.354 7.5e-09 2.25e-08
39.1 10 0.352 5e-09 1.5e-08
39.2 10 0.349 7.5e-09 2.25e-08
39.3 10 0.347 7.5e-09 2.25e-08
39.4 10 0.345 5e-09 1.5e-08
39.5 10 0.343 5e-09 1.5e-08
39.6 10 0.341 7.5e-09 2.25e-08
39.7 10 0.338 5e-09 1.5e-08
39.8 10 0.336 5e-09 1.5e-08
39.9 10 0.334 5e-09 1.5e-08
40 10 0.332 5e-09 1.5e-08
40.1 10 0.33 5e-09 1.5e-08
40.2 10 0.328 5e-09 1.5e-08
40.3 10 0.325 2.5e-09 7.5e-09
40.4 10 0.323 5e-09 1.5e-08
40.5 10 0.321 5e-09 1.5e-08
40.6 10 0.319 5e-09 1.5e-08
40.7 10 0.317 2.5e-09 7.5e-09
40.8 10 0.315 2.5e-09 7.5e-09
40.9 10 0.313 5e-09 1.5e-08
41 10 0.311 2.5e-09 7.5e-09
41.1 10 0.308 2.5e-09 7.5e-09
41.2 10 0.306 2.5e-09 7.5e-09
41.3 10 0.304 2.5e-09 7.5e-09
41.4 10 0.302 2.5e-09 7.5e-09
41.5 10 0.3 2.5e-09 7.5e-09
41.6 10 0.298 2.5e-09 7.5e-09
41.7 10 0.296 2.5e-09 7.5e-09
41.8 10 0.294 2.5e-09 7.5e-09
41.9 10 0.292 2.5e-09 7.5e-09
42 10 0.29 0 0
42.1 10 0.288 2.5e-09 7.5e-09
42.2 10 0.286 0 0
42.3 10 0.284 0 0
42.4 10 0.282 0 0
42.5 10 0.28 2.5e-09 7.5e-09
42.6 10 0.278 0 0
42.7 10 0.276 0 0
42.8 10 0.274 2.5e-09 7.5e-09
42.9 10 0.272 0 0
43 10 0.27 0 0
43.1 10 0.268 0 0
43.2 10 0.266 0 0
43.3 10 0.264 0 0
43.4 10 0.262 0 0
43.5 10 0.261 0 0
43.6 10 0.259 0 0
43.7 10 0.257 0 0
43.8 10 0.255 0 0
43.9 10 0.253 0 0
44 10 0.251 5e-09 5e-09
44.1 10 0.249 7.5e-09 2.5e-09
44.2 10 0.247 7.5e-09 2.5e-09
44.3 10 0.246 7.5e-09 2.5e-09
44.4 10 0.244 7.5e-09 2.5e-09
44.5 10 0.242 7.5e-09 2.5e-09
44.6 10 0.24 7.5e-09 2.5e-09
44.7 10 0.238 7.5e-09 2.5e-09
44.8 10 0.237 7.5e-09 2.5e-09
44.9 10 0.235 7.5e-09 2.5e-09
45 10 0.233 0 0
45.1 10 0.231 7.5e-09 2.5e-09
45.2 10 0.23 7.5e-09 2.5e-09
45.3 10 0.228 7.5e-09 2.5e-09
45.4 10 0.226 7.5e-09 2.5e-09
45.5 10 0.224 7.5e-09 2.5e-09
45.6 10 0.223 7.5e-09 2.5e-09
45.7 10 0.221 7.5e-09 2.5e-09
45.8 10 0.219 7.5e-09 2.5e-09
45.9 10 0.218 7.5e-09 2.5e-09
46 10 0.216 7.5e-09 2.5e-09
46.1 10 0.214 7.5e-09 2.5e-09
46.2 10 0.213 7.5e-09 2.5e-09
46.3 10 0.211 7.5e-09 2.5e-09
46.4 10 0.209 7.5e-09 2.5e-09
46.5 10 0.208 7.5e-09 2.5e-09
46.6 10 0.206 7.5e-09 2.5e-09
46.7 10 0.204 7.5e-09 2.5e-09
46.8 10 0.203 7.5e-09 2.5e-09
46.9 10 0.201 7.5e-09 2.5e-09
47 10 0.2 1.5e-08 5e-09
47.1 10 0.198 7.5e-09 2.5e-09
47.2 10 0.196 7.5e-09 2.5e-09
47.3 10 0.195 1e-08 1e-08
47.4 10 0.193 1.5e-08 5e-09
47.5 10 0.192 7.5e-09 2.5e-09
47.6 10 0.19 1.5e-08 5e-09
47.7 10 0.189 7.5e-09 2.5e-09
47.8 10 0.187 7.5e-09 2.5e-09
47.9 10 0.186 7.5e-09 2.5e-09
48 10 0.184 7.5e-09 2.5e-09
48.1 10 0.183 1.5e-08 5e-09
48.2 10 0.181 1.5e-08 5e-09
48.3 10 0.18 7.5e-09 2.5e-09
48.4 10 0.178 7.5e-09 2.5e-09
48.5 10 0.177 1.25e-08 7.5e-09
48.6 10 0.176 1.5e-08 5e-09
48.7 10 0.174 7.5e-09 2.5e-09
48.8 10 0.173 1.5e-08 5e-09
48.9 10 0.171 1.25e-08 7.5e-09
49 10 0.17 1.5e-08 5e-09
49.1 10 0.168 1.5e-08 5e-09
49.2 10 0.167 1.5e-08 5e-09
49.3 10 0.166 1.5e-08 5e-09
49.4 10 0.164 1.5e-08 5e-09
49.5 10 0.163 1.5e-08 5e-09
49.6 10 0.162 1.5e-08 5e-09
49.7 10 0.16 1.25e-08 7.5e-09
49.8 10 0.159 1.5e-08 1.5e-08
49.9 10 0.158 3.75e-08 4.25e-08
50 10 0.156 1.5e-08 1.5e-08
50.1 10 0.155 3e-08 1e-08
50.2 10 0.154 4.75e-08 2.25e-08
50.3 10 0.152 3.5e-08 2.5e-08
50.4 10 0.151 3.5e-08 2.5e-08
50.5 10 0.15 2.75e-08 2.25e-08
50.6 10 0.149 1e-08 1e-08
50.7 10 0.147 7.5e-09 2.5e-09
50.8 10 0.146 1e-08 1e-08
50.9 10 0.145 1e-08 1e-08
51 10 0.144 1.5e-08 5e-09
51.1 10 0.142 7.5e-09 2.5e-09
51.2 10 0.141 7.5e-09 2.5e-09
51.3 10 0.14 1.5e-08 5e-09
51.4 10 0.139 7.5e-09 2.5e-09
51.5 10 0.138 7.5e-09 2.5e-09
51.6 10 0.137 7.5e-09 2.5e-09
51.7 10 0.135 7.5e-09 2.5e-09
51.8 10 0.134 1.5e-08 5e-09
51.9 10 0.133 1.5e-08 5e-09
52 10 0.132 1.5e-08 5e-09
52.1 10 0.131 1.5e-08 5e-09
52.2 10 0.13 7.5e-09 2.5e-09
52.3 10 0.129 7.5e-09 2.5e-09
52.4 10 0.127 7.5e-09 2.5e-09
52.5 10 0.126 1e-08 1e-08
52.6 10 0.125 1.5e-08 5e-09
52.7 10 0.124 7.5e-09 2.5e-09
52.8 10 0.123 1.5e-08 5e-09
52.9 10 0.122 7.5e-09 2.5e-09
53 10 0.121 7.5e-09 2.5e-09
53.1 10 0.12 7.5e-09 2.5e-09
53.2 10 0.119 1.5e-08 5e-09
53.3 10 0.118 7.5e-09 2.5e-09
53.4 10 0.117 7.5e-09 2.5e-09
53.5 10 0.116 1.5e-08 5e-09
53.6 10 0.115 1.5e-08 5e-09
53.7 10 0.114 7.5e-09 2.5e-09
53.8 10 0.113 1.5e-08 5e-09
53.9 10 0.112 7.5e-09 2.5e-09
54 10 0.111 1.5e-08 5e-09
54.1 10 0.11 1.5e-08 5e-09
54.2 10 0.109 1.5e-08 5e-09
54.3 10 0.108 1.5e-08 5e-09
54.4 10 0.107 7.5e-09 2.5e-09
54.5 10 0.106 1.5e-08 5e-09
54.6 10 0.105 7.5e-09 2.5e-09
54.7 10 0.104 7.5e-09 2.5e-09
54.8 10 0.103 7.5e-09 2.5e-09
54.9 10 0.102 7.5e-09 2.5e-09
55 10 0.101 7.5e-09 2.5e-09
55.1 10 0.1 7.5e-09 2.5e-09
55.2 10 0.0995 7.5e-09 2.5e-09
55.3 10 0.0987 7e-09 3e-09
55.4 10 0.0978 7.5e-09 2.5e-09
55.5 10 0.0969 6.75e-09 2.25e-09
55.6 10 0.096 6.75e-09 2.25e-09
55.7 10 0.0952 6.75e-09 2.25e-09
55.8 10 0.0943 6.75e-09 2.25e-09
55.9 10 0.0935 6.75e-09 2.25e-09
56 10 0.0926 6e-09 2e-09
56.1 10 0.0918 6.25e-09 2.75e-09
56.2 10 0.091 6.75e-09 2.25e-09
56.3 10 0.0902 6e-09 2e-09
56.4 10 0.0893 6e-09 2e-09
56.5 10 0.0885 6e-09 2e-09
56.6 10 0.0877 6e-09 2e-09
56.7 10 0.0869 6e-09 2e-09
56.8 10 0.0862 5.25e-09 1.75e-09
56.9 10 0.0854 6e-09 2e-09
57 10 0.0846 6e-09 2e-09
57.1 10 0.0838 6e-09 2e-09
57.2 10 0.0831 5.75e-09 2.25e-09
57.3 10 0.0823 5.25e-09 1.75e-09
57.4 10 0.0816 4.5e-09 1.5e-09
57.5 10 0.0808 5.25e-09 1.75e-09
57.6 10 0.0801 5.25e-09 1.75e-09
57.7 10 0.0794 4.5e-09 1.5e-09
57.8 10 0.0786 5.25e-09 1.75e-09
57.9 10 0.0779 4.5e-09 1.5e-09
58 10 0.0772 5.25e-09 1.75e-09
58.1 10 0.0765 4.5e-09 1.5e-09
58.2 10 0.0758 4.5e-09 1.5e-09
58.3 10 0.0751 3.75e-09 1.25e-09
58.4 10 0.0744 3.75e-09 1.25e-09
58.5 10 0.0737 4.5e-09 1.5e-09
58.6 10 0.0731 3.75e-09 1.25e-09
58.7 10 0.0724 3.75e-09 1.25e-09
58.8 10 0.0717 3.75e-09 1.25e-09
58.9 10 0.0711 3.75e-09 1.25e-09
59 10 0.0704 3e-09 1e-09
59.1 10 0.0697 3e-09 1e-09
59.2 10 0.0691 3e-09 1e-09
59.3 10 0.0685 3.75e-09 1.25e-09
59.4 10 0.0678 3.5e-09 1.5e-09
59.5 10 0.0672 3e-09 1e-09
59.6 10 0.0666 3e-09 1e-09
59.7 10 0.066 3e-09 1e-09
59.8 10 0.0654 2.25e-09 7.5e-10
59.9 10 0.0647 2.25e-09 7.5e-10
60 10 0.0641 2.25e-09 7.5e-10
60.1 10 0.0636 3e-09 1e-09
60.2 10 0.063 2.25e-09 7.5e-10
60.3 10 0.0624 2.25e-09 7.5e-10
60.4 10 0.0618 2.75e-09 1.25e-09
60.5 10 0.0612 2.25e-09 7.5e-10
60.6 10 0.0606 1.5e-09 5e-10
60.7 10 0.0601 2.25e-09 7.5e-10
60.8 10 0.0595 2.25e-09 7.5e-10
60.9 10 0.059 2.25e-09 7.5e-10
61 10 0.0584 2.25e-09 7.5e-10
61.1 10 0.0579 2.25e-09 7.5e-10
61.2 10 0.0573 2.25e-09 7.5e-10
61.3 10 0.0568 1.5e-09 5e-10
61.4 10 0.0563 1.5e-09 5e-10
61.5 10 0.0557 1.5e-09 5e-10
61.6 10 0.0552 2e-09 1e-09
61.7 10 0.0547 1.5e-09 5e-10
61.8 10 0.0542 1.25e-09 7.5e-10
61.9 10 0.0537 1.5e-09 5e-10
62 10 0.0532 1.5e-09 5e-10
62.1 10 0.0527 1.5e-09 5e-10
62.2 10 0.0522 1.5e-09 5e-10
62.3 10 0.0517 1.5e-09 5e-10
62.4 10 0.0512 7.5e-10 2.5e-10
62.5 10 0.0507 1.5e-09 5e-10
62.6 10 0.0502 7.5e-10 2.5e-10
62.7 10 0.0498 7.5e-10 2.5e-10
62.8 10 0.0493 7.5e-10 2.5e-10
62.9 10 0.0488 5e-10 5e-10
63 10 0.0484 7.5e-10 2.5e-10
63.1 10 0.0479 7.5e-10 2.5e-10
63.2 10 0.0475 7.5e-10 2.5e-10
63.3 10 0.047 0 0
63.4 10 0.0466 7.5e-10 2.5e-10
63.5 10 0.0461 0 0
63.6 10 0.0457 7.5e-10 2.5e-10
63.7 10 0.0452 0 0
63.8 10 0.0448 0 0
63.9 10 0.0444 0 0
64 10 0.044 0 0
64.1 10 0.0436 0 0
64.2 10 0.0431 0 0
64.3 10 0.0427 7.5e-10 2.5e-10
64.4 10 0.0423 0 0
64.5 10 0.0419 0 0
64.6 10 0.0415 0 0
64.7 10 0.0411 0 0
64.8 10 0.0407 0 0
64.9 10 0.0403 2.5e-10 7.5e-10
65 10 0.04 0 0
65.1 10 0.0396 0 0
65.2 10 0.0392 0 0
65.3 10 0.0388 0 0
65.4 10 0.0385 0 0
65.5 10 0.0381 2.5e-10 7.5e-10
65.6 10 0.0377 2.5e-10 7.5e-10
65.7 10 0.0374 2.5e-10 7.5e-10
65.8 10 0.037 0 0
65.9 10 0.0367 0 0
66 10 0.0363 0 0
66.1 10 0.036 0 0
66.2 10 0.0356 5e-10 5e-10
66.3 10 0.0353 5e-10 5e-10
66.4 10 0.0349 0 0
66.5 10 0.0346 0 0
66.6 10 0.0343 5e-10 5e-10
66.7 10 0.0339 5e-10 5e-10
66.8 10 0.0336 2.5e-10 7.5e-10
66.9 10 0.0333 5e-10 5e-10
67 10 0.033 2.5e-10 7.5e-10
67.1 10 0.0327 5e-10 5e-10
67.2 10 0.0323 5e-10 5e-10
67.3 10 0.032 5e-10 5e-10
67.4 10 0.0317 1e-09 1e-09
67.5 10 0.0314 7.5e-10 1.25e-09
67.6 10 0.0311 7.5e-10 1.25e-09
67.7 10 0.0308 2.5e-10 7.5e-10
67.8 10 0.0305 5e-10 1.5e-09
67.9 10 0.0302 5e-10 1.5e-09
68 10 0.0299 5e-10 1.5e-09
68.1 10 0.0296 1e-09 2e-09
68.2 10 0.0294 1e-09 2e-09
68.3 10 0.0291 7.5e-10 1.25e-09
68.4 10 0.0288 5e-10 1.5e-09
68.5 10 0.0285 5e-10 1.5e-09
68.6 10 0.0282 5e-10 1.5e-09
68.7 10 0.028 1e-09 2e-09
68.8 10 0.0277 5e-10 1.5e-09
68.9 10 0.0274 1e-09 2e-09
69 10 0.0272 1e-09 2e-09
69.1 10 0.0269 1e-09 2e-09
69.2 10 0.0266 5e-10 1.5e-09
69.3 10 0.0264 1e-09 2e-09
69.4 10 0.0261 5e-10 1.5e-09
69.5 10 0.0259 7.5e-10 2.25e-09
69.6 10 0.0256 5e-10 1.5e-09
69.7 10 0.0254 2.5e-10 7.5e-10
69.8 10 0.0251 2.5e-10 7.5e-10
69.9 10 0.0249 5e-10 1.5e-09
70 10 0.0246 2.5e-10 7.5e-10
70.1 10 0.0244 2.5e-10 7.5e-10
70.2 10 0.0242 5e-10 1.5e-09
70.3 10 0.0239 1e-09 1e-09
70.4 10 0.0237 5e-10 1.5e-09
70.5 10 0.0235 5e-10 1.5e-09
70.6 10 0.0232 2.5e-10 7.5e-10
70.7 10 0.023 2.5e-10 7.5e-10
70.8 10 0.0228 5e-10 1.5e-09
70.9 10 0.0226 1e-09 1e-09
71 10 0.0224 2.5e-10 7.5e-10
71.1 10 0.0221 1e-09 1e-09
71.2 10 0.0219 5e-10 1.5e-09
71.3 10 0.0217 5e-10 1.5e-09
71.4 10 0.0215 5e-10 1.5e-09
71.5 10 0.0213 2.5e-10 7.5e-10
71.6 10 0.0211 2.5e-10 7.5e-10
71.7 10 0.0209 5e-10 1.5e-09
71.8 10 0.0207 5e-10 1.5e-09
71.9 10 0.0205 5e-10 1.5e-09
72 10 0.0203 2.5e-10 7.5e-10
72.1 10 0.0201 5e-10 1.5e-09
72.2 10 0.0199 2.5e-10 7.5e-10
72.3 10 0.0197 5e-10 1.5e-09
72.4 10 0.0195 2.5e-10 7.5e-10
72.5 10 0.0193 5e-10 1.5e-09
72.6 10 0.0191 5e-10 1.5e-09
72.7 10 0.0189 5e-10 1.5e-09
72.8 10 0.0187 5e-10 1.5e-09
72.9 10 0.0186 2.5e-10 7.5e-10
73 10 0.0184 5e-10 1.5e-09
73.1 10 0.0182 5e-10 1.5e-09
73.2 10 0.018 5e-10 1.5e-09
73.3 10 0.0178 5e-10 1.5e-09
73.4 10 0.0177 2.5e-10 7.5e-10
73.5 10 0.0175 5e-10 1.5e-09
73.6 10 0.0173 5e-10 1.5e-09
73.7 10 0.0172 2.5e-10 7.5e-10
73.8 10 0.017 2.5e-10 7.5e-10
73.9 10 0.0168 2.5e-10 7.5e-10
74 10 0.0167 2.5e-10 7.5e-10
74.1 10 0.0165 5e-10 1.5e-09
74.2 10 0.0163 2.5e-10 7.5e-10
74.3 10 0.0162 5e-10 1.5e-09
74.4 10 0.016 2.5e-10 7.5e-10
74.5 10 0.0159 2.5e-10 7.5e-10
74.6 10 0.0157 2.5e-10 7.5e-10
74.7 10 0.0156 2.5e-10 7.5e-10
74.8 10 0.0154 5e-10 1.5e-09
74.9 10 0.0153 2.5e-10 7.5e-10
75 10 0.0151 5e-10 1.5e-09
75.1 10 0.015 2.5e-10 7.5e-10
75.2 10 0.0148 5e-10 1.5e-09
75.3 10 0.0147 5e-10 1.5e-09
75.4 10 0.0145 5e-10 1.5e-09
75.5 10 0.0144 2.5e-10 7.5e-10
75.6 10 0.0142 2.5e-10 7.5e-10
75.7 10 0.0141 2.5e-10 7.5e-10
75.8 10 0.014 2.5e-10 7.5e-10
75.9 10 0.0138 2.5e-10 7.5e-10
76 10 0.0137 5e-10 1.5e-09
76.1 10 0.0136 5e-10 1.5e-09
76.2 10 0.0134 5e-10 1.5e-09
76.3 10 0.0133 5e-10 1.5e-09
76.4 10 0.0132 2.5e-10 7.5e-10
76.5 10 0.013 5e-10 1.5e-09
76.6 10 0.0129 5e-10 1.5e-09
76.7 10 0.0128 2.5e-10 7.5e-10
76.8 10 0.0126 2.5e-10 7.5e-10
76.9 10 0.0125 2.5e-10 7.5e-10
77 10 0.0124 2.5e-10 7.5e-10
77.1 10 0.0123 5e-10 1.5e-09
77.2 10 0.0122 2.5e-10 7.5e-10
77.3 10 0.012 5e-10 1.5e-09
77.4 10 0.0119 2.5e-10 7.5e-10
77.5 10 0.0118 5e-10 1.5e-09
77.6 10 0.0117 5e-10 1.5e-09
77.7 10 0.0116 5e-10 1.5e-09
77.8 10 0.0115 2.5e-10 7.5e-10
77.9 10 0.0113 2.5e-10 7.5e-10
78 10 0.0112 2.5e-10 7.5e-10
78.1 10 0.0111 5e-10 1.5e-09
78.2 10 0.011 2.5e-10 7.5e-10
78.3 10 0.0109 2.5e-10 7.5e-10
78.4 10 0.0108 5e-10 1.5e-09
78.5 10 0.0107 2.5e-10 7.5e-10
78.6 10 0.0106 2.5e-10 7.5e-10
78.7 10 0.0105 2.5e-10 7.5e-10
78.8 10 0.0104 2.5e-10 7.5e-10
78.9 10 0.0103 2.5e-10 7.5e-10
79 10 0.0102 5e-10 1.5e-09
79.1 10 0.0101 2.5e-10 7.5e-10
79.2 10 0.00998 3.25e-10 9.75e-10
79.3 10 0.00988 3.25e-10 9.75e-10
79.4 10 0.00978 3e-10 9e-10
79.5 10 0.00969 3e-10 9e-10
79.6 10 0.00959 3e-10 9e-10
79.7 10 0.0095 3e-10 9e-10
79.8 10 0.0094 3e-10 9e-10
79.9 10 0.00931 3e-10 9e-10
80 10 0.00922 3e-10 9e-10
80.1 10 0.00913 3e-10 9e-10
80.2 10 0.00904 3e-10 9e-10
80.3 10 0.00895 3e-10 9e-10
80.4 10 0.00886 3e-10 9e-10
80.5 10 0.00877 3e-10 9e-10
80.6 10 0.00869 2.75e-10 8.25e-10
80.7 10 0.0086 3e-10 9e-10
80.8 10 0.00852 3e-10 9e-10
80.9 10 0.00843 2.75e-10 8.25e-10
81 10 0.00835 3e-10 9e-10
81.1 10 0.00827 2.75e-10 8.25e-10
81.2 10 0.00818 2.75e-10 8.25e-10
81.3 10 0.0081 2.75e-10 8.25e-10
81.4 10 0.00802 2.75e-10 8.25e-10
81.5 10 0.00794 3e-10 8e-10
81.6 10 0.00787 2.75e-10 8.25e-10
81.7 10 0.00779 2.75e-10 8.25e-10
81.8 10 0.00771 3e-10 8e-10
81.9 10 0.00764 2.75e-10 8.25e-10
82 10 0.00756 2.75e-10 8.25e-10
82.1 10 0.00749 3e-10 8e-10
82.2 10 0.00741 2.75e-10 8.25e-10
82.3 10 0.00734 2.5e-10 7.5e-10
82.4 10 0.00727 2.75e-10 8.25e-10
82.5 10 0.00719 3.25e-10 7.75e-10
82.6 10 0.00712 2.5e-10 7.5e-10
82.7 10 0.00705 3.25e-10 6.75e-10
82.8 10 0.00698 6.25e-10 8.75e-10
82.9 10 0.00691 5.5e-10 8.5e-10
83 10 0.00685 4.5e-10 7.5e-10
83.1 10 0.00678 4.5e-10 7.5e-10
83.2 10 0.00671 4.5e-10 7.5e-10
83.3 10 0.00664 5.25e-10 7.75e-10
83.4 10 0.00658 4.5e-10 7.5e-10
83.5 10 0.00651 5.25e-10 7.75e-10
83.6 10 0.00645 2.5e-10 6.5e-10
83.7 10 0.00639 2.5e-10 7.5e-10
83.8 10 0.00632 2.25e-10 6.75e-10
83.9 10 0.00626 2.25e-10 6.75e-10
84 10 0.0062 3.25e-10 5.75e-10
84.1 10 0.00614 2.25e-10 6.75e-10
84.2 10 0.00608 2.25e-10 5.75e-10
84.3 10 0.00602 2.25e-10 6.75e-10
84.4 10 0.00596 2.5e-10 6.5e-10
84.5 10 0.0059 2.25e-10 6.75e-10
84.6 10 0.00584 7.5e-10 1.35e-09
84.7 10 0.00578 2.25e-10 6.75e-10
84.8 10 0.00572 2.25e-10 6.75e-10
84.9 10 0.00567 2e-10 6e-10
85 10 0.00561 2.25e-10 6.75e-10
85.1 10 0.00556 2.75e-10 6.25e-10
85.2 10 0.0055 2e-10 6e-10
85.3 10 0.00545 2e-10 6e-10
85.4 10 0.00539 2.25e-10 6.75e-10
85.5 10 0.00534 2e-10 6e-10
85.6 10 0.00529 2e-10 6e-10
85.7 10 0.00523 2e-10 6e-10
85.8 10 0.00518 2e-10 6e-10
85.9 10 0.00513 2e-10 6e-10
86 10 0.00508 2.25e-10 5.75e-10
86.1 10 0.00503 2e-10 6e-10
86.2 10 0.00498 2e-10 6e-10
86.3 10 0.00493 2e-10 6e-10
86.4 10 0.00488 2.25e-10 5.75e-10
86.5 10 0.00483 3.5e-10 6.5e-10
86.6 10 0.00479 1.75e-10 5.25e-10
86.7 10 0.00474 2e-10 6e-10
86.8 10 0.00469 1.75e-10 5.25e-10
86.9 10 0.00465 1.75e-10 5.25e-10
87 10 0.0046 1.75e-10 5.25e-10
87.1 10 0.00455 1.75e-10 5.25e-10
87.2 10 0.00451 1.75e-10 5.25e-10
87.3 10 0.00446 1.75e-10 5.25e-10
87.4 10 0.00442 1.75e-10 5.25e-10
87.5 10 0.00438 1.75e-10 5.25e-10
87.6 10 0.00433 1.75e-10 5.25e-10
87.7 10 0.00429 1.75e-10 5.25e-10
87.8 10 0.00425 1.75e-10 5.25e-10
87.9 10 0.00421 1.75e-10 5.25e-10
88 10 0.00416 1.5e-10 4.5e-10
88.1 10 0.00412 1.75e-10 5.25e-10
88.2 10 0.00408 1.75e-10 5.25e-10
88.3 10 0.00404 1.5e-10 4.5e-10
88.4 10 0.004 1.5e-10 4.5e-10
88.5 10 0.00396 1.5e-10 4.5e-10
88.6 10 0.00392 1.5e-10 4.5e-10
88.7 10 0.00388 1.5e-10 4.5e-10
88.8 10 0.00385 1.5e-10 4.5e-10
88.9 10 0.00381 1.5e-10 4.5e-10
89 10 0.00377 1.5e-10 4.5e-10
89.1 10 0.00373 1.5e-10 4.5e-10
89.2 10 0.00369 1.5e-10 4.5e-10
89.3 10 0.00366 1.5e-10 4.5e-10
89.4 10 0.00362 1.5e-10 4.5e-10
89.5 10 0.00359 1.5e-10 4.5e-10
89.6 10 0.00355 1.5e-10 4.5e-10
89.7 10 0.00352 1.25e-10 3.75e-10
89.8 10 0.00348 1.25e-10 3.75e-10
89.9 10 0.00345 1.5e-10 4.5e-10
90 10 0.00341 1.25e-10 3.75e-10
90.1 10 0.00338 1.5e-10 4.5e-10
90.2 10 0.00334 1.25e-10 3.75e-10
90.3 10 0.00331 1.25e-10 3.75e-10
90.4 10 0.00328 1.25e-10 3.75e-10
90.5 10 0.00325 1.5e-10 4.5e-10
90.6 10 0.00321 1.25e-10 3.75e-10
90.7 10 0.00318 1.25e-10 3.75e-10
90.8 10 0.00315 1.25e-10 3.75e-10
90.9 10 0.00312 1.25e-10 3.75e-10
91 10 0.00309 1.25e-10 3.75e-10
91.1 10 0.00306 1.25e-10 3.75e-10
91.2 10 0.00303 1.25e-10 3.75e-10
91.3 10 0.003 1.5e-10 3.5e-10
91.4 10 0.00297 1.25e-10 3.75e-10
91.5 10 0.00294 1e-10 3e-10
91.6 10 0.00291 1.25e-10 3.75e-10
91.7 10 0.00288 1e-10 3e-10
91.8 10 0.00285 1.25e-10 3.75e-10
91.9 10 0.00282 1e-10 3e-10
92 10 0.0028 1.25e-10 3.75e-10
92.1 10 0.00277 1e-10 3e-10
92.2 10 0.00274 1.25e-10 3.75e-10
92.3 10 0.00271 1.25e-10 3.75e-10
92.4 10 0.00269 1e-10 3e-10
92.5 10 0.00266 1e-10 3e-10
92.6 10 0.00263 1e-10 3e-10
92.7 10 0.00261 1e-10 3e-10
92.8 10 0.00258 1e-10 3e-10
92.9 10 0.00256 1.25e-10 3.75e-10
93 10 0.00253 1.25e-10 3.75e-10
93.1 10 0.0025 1e-10 3e-10
93.2 10 0.00248 1e-10 3e-10
93.3 10 0.00246 1e-10 3e-10
93.4 10 0.00243 1e-10 3e-10
93.5 10 0.00241 1e-10 3e-10
93.6 10 0.00238 1e-10 3e-10
93.7 10 0.00236 1e-10 3e-10
93.8 10 0.00234 1e-10 3e-10
93.9 10 0.00231 1.25e-10 2.75e-10
94 10 0.00229 1e-10 3e-10
94.1 10 0.00227 1e-10 3e-10
94.2 10 0.00224 1e-10 3e-10
94.3 10 0.00222 1e-10 3e-10
94.5 10 0.00218 1e-10 3e-10
94.6 10 0.00216 1e-10 3e-10
94.9 10 0.00209 1e-10 3e-10
95 10 0.00207 1e-10 3e-10
95.1 10 0.00205 1e-10 3e-10
95.3 10 0.00201 1e-10 3e-10
97.3 10 0.00165 1.25e-10 1.75e-10
97.9 10 0.00155 1e-10 2e-10
98 10 0.00154 1e-10 2e-10
99.6 10 0.00131 1e-10 2e-10
