-25 14 0.252 0 0
-24.9 14 0.253 0 0
-24.8 14 0.255 0 0
-24.7 14 0.256 0 0
-24.6 14 0.257 0 0
-24.5 14 0.259 0 0
-24.4 14 0.26 0 0
-24.3 14 0.261 0 0
-24.2 14 0.263 0 0
-24.1 14 0.264 0 0
-24 14 0.265 0 0
-23.9 14 0.267 0 0
-23.8 14 0.268 0 0
-23.7 14 0.27 0 0
-23.6 14 0.271 0 0
-23.5 14 0.272 0 0
-23.4 14 0.274 0 0
-23.3 14 0.275 0 0
-23.2 14 0.276 0 0
-23.1 14 0.278 7.5e-09 2.5e-09
-23 14 0.279 5e-09 5e-09
-22.9 14 0.281 0 0
-22.8 14 0.282 0 0
-22.7 14 0.284 0 0
-22.6 14 0.285 0 0
-22.5 14 0.286 0 0
-22.4 14 0.288 0 0
-22.3 14 0.289 0 0
-22.2 14 0.291 0 0
-22.1 14 0.292 0 0
-22 14 0.294 0 0
-21.9 14 0.295 2.5e-09 7.5e-09
-21.8 14 0.297 2.5e-09 7.5e-09
-21.7 14 0.298 0 0
-21.6 14 0.299 0 0
-21.5 14 0.301 0 0
-21.4 14 0.302 0 0
-21.3 14 0.304 0 0
-21.2 14 0.305 7.5e-09 2.5e-09
-21.1 14 0.307 2.5e-09 7.5e-09
-21 14 0.308 0 0
-20.9 14 0.31 0 0
-20.8 14 0.311 1e-08 1e-08
-20.7 14 0.313 0 0
-20.6 14 0.314 0 0
-20.5 14 0.316 0 0
-20.4 14 0.317 0 0
-20.3 14 0.319 0 0
-20.2 14 0.32 0 0
-20.1 14 0.322 0 0
-20 14 0.323 0 0
-19.9 14 0.325 0 0
-19.8 14 0.326 0 0
-19.7 14 0.328 0 0
-19.6 14 0.33 2.5e-09 7.5e-09
-19.5 14 0.331 0 0
-19.4 14 0.333 0 0
-19.3 14 0.334 0 0
-19.2 14 0.336 0 0
-19.1 14 0.337 2.5e-09 7.5e-09
-19 14 0.339 0 0
-18.9 14 0.34 2.5e-09 7.5e-09
-18.8 14 0.342 0 0
-18.7 14 0.343 2.5e-09 7.5e-09
-18.6 14 0.345 0 0
-18.5 14 0.347 0 0
-18.4 14 0.348 0 0
-18.3 14 0.35 2.5e-09 7.5e-09
-18.2 14 0.351 0 0
-18.1 14 0.353 0 0
-18 14 0.354 0 0
-17.9 14 0.356 0 0
-17.8 14 0.358 0 0
-17.7 14 0.359 2.5e-09 7.5e-09
-17.6 14 0.361 0 0
-17.5 14 0.362 0 0
-17.4 14 0.364 0 0
-17.3 14 0.366 2.5e-09 7.5e-09
-17.2 14 0.367 0 0
-17.1 14 0.369 0 0
-17 14 0.37 2.5e-09 7.5e-09
-16.9 14 0.372 2.5e-09 7.5e-09
-16.8 14 0.374 2.5e-09 7.5e-09
-16.7 14 0.375 2.5e-09 7.5e-09
-16.6 14 0.377 0 0
-16.5 14 0.379 2.5e-09 7.5e-09
-16.4 14 0.38 2.5e-09 7.5e-09
-16.3 14 0.382 2.5e-09 7.5e-09
-16.2 14 0.383 0 0
-16.1 14 0.385 2.5e-09 7.5e-09
-16 14 0.387 2.5e-09 7.5e-09
-15.9 14 0.388 0 0
-15.8 14 0.39 2.5e-09 7.5e-09
-15.7 14 0.392 2.5e-09 7.5e-09
-15.6 14 0.393 0 0
-15.5 14 0.395 0 0
-15.4 14 0.396 2.5e-09 7.5e-09
-15.3 14 0.398 2.5e-09 7.5e-09
-15.2 14 0.4 2.5e-09 7.5e-09
-15.1 14 0.401 0 0
-15 14 0.403 0 0
-14.9 14 0.405 0 0
-14.8 14 0.406 2.5e-09 7.5e-09
-14.7 14 0.408 2.5e-09 7.5e-09
-14.6 14 0.41 2.5e-09 7.5e-09
-14.5 14 0.411 2.5e-09 7.5e-09
-14.4 14 0.413 2.5e-09 7.5e-09
-14.3 14 0.414 2.5e-09 7.5e-09
-14.2 14 0.416 2.5e-09 7.5e-09
-14.1 14 0.418 2.5e-09 7.5e-09
-14 14 0.419 0 0
-13.9 14 0.421 2.5e-09 7.5e-09
-13.8 14 0.423 2.5e-09 7.5e-09
-13.7 14 0.424 2.5e-09 7.5e-09
-13.6 14 0.426 2.5e-09 7.5e-09
-13.5 14 0.428 2.5e-09 7.5e-09
-13.4 14 0.429 0 0
-13.3 14 0.431 2.5e-09 7.5e-09
-13.2 14 0.433 2.5e-09 7.5e-09
-13.1 14 0.434 2.5e-09 7.5e-09
-13 14 0.436 2.5e-09 7.5e-09
-12.9 14 0.438 2.5e-09 7.5e-09
-12.8 14 0.439 2.5e-09 7.5e-09
-12.7 14 0.441 2.5e-09 7.5e-09
-12.6 14 0.443 2.5e-09 7.5e-09
-12.5 14 0.444 0 0
-12.4 14 0.446 0 0
-12.3 14 0.448 2.5e-09 7.5e-09
-12.2 14 0.449 1e-08 1e-08
-12.1 14 0.451 2.5e-09 7.5e-09
-12 14 0.453 2.5e-09 7.5e-09
-11.9 14 0.454 2.5e-09 7.5e-09
-11.8 14 0.456 2.5e-09 7.5e-09
-11.7 14 0.457 0 0
-11.6 14 0.459 0 0
-11.5 14 0.461 2.5e-09 7.5e-09
-11.4 14 0.462 0 0
-11.3 14 0.464 2.5e-09 7.5e-09
-11.2 14 0.466 0 0
-11.1 14 0.467 2.5e-09 7.5e-09
-11 14 0.469 2.5e-09 7.5e-09
-10.9 14 0.471 2.5e-09 7.5e-09
-10.8 14 0.472 2.5e-09 7.5e-09
-10.7 14 0.474 2.5e-09 7.5e-09
-10.6 14 0.476 2.5e-09 7.5e-09
-10.5 14 0.477 2.5e-09 7.5e-09
-10.4 14 0.479 2.5e-09 7.5e-09
-10.3 14 0.481 2.5e-09 7.5e-09
-10.2 14 0.482 2.5e-09 7.5e-09
-10.1 14 0.484 2.5e-09 7.5e-09
-10 14 0.485 0 0
-9.9 14 0.487 2.5e-09 7.5e-09
-9.8 14 0.489 0 0
-9.7 14 0.49 2.5e-09 7.5e-09
-9.6 14 0.492 0 0
-9.5 14 0.494 2.5e-09 7.5e-09
-9.4 14 0.495 2.5e-09 7.5e-09
-9.3 14 0.497 2.5e-09 7.5e-09
-9.2 14 0.499 7.5e-09 2.5e-09
-9.1 14 0.5 2.5e-09 7.5e-09
-9 14 0.502 2.5e-09 7.5e-09
-8.9 14 0.503 2.5e-09 7.5e-09
-8.8 14 0.505 2.5e-09 7.5e-09
-8.7 14 0.507 0 0
-8.6 14 0.508 2.5e-09 7.5e-09
-8.5 14 0.51 2.5e-09 7.5e-09
-8.4 14 0.511 0 0
-8.3 14 0.513 0 0
-8.2 14 0.515 0 0
-8.1 14 0.516 2.5e-09 7.5e-09
-8 14 0.518 2.5e-09 7.5e-09
-7.9 14 0.519 2.5e-09 7.5e-09
-7.8 14 0.521 0 0
-7.7 14 0.523 0 0
-7.6 14 0.524 2.5e-09 7.5e-09
-7.5 14 0.526 0 0
-7.4 14 0.527 2.5e-09 7.5e-09
-7.3 14 0.529 2.5e-09 7.5e-09
-7.2 14 0.53 2.5e-09 7.5e-09
-7.1 14 0.532 2.5e-09 7.5e-09
-7 14 0.534 7.5e-09 2.5e-09
-6.9 14 0.535 0 0
-6.8 14 0.537 2.5e-09 7.5e-09
-6.7 14 0.538 0 0
-6.6 14 0.54 7.5e-09 2.5e-09
-6.5 14 0.541 2.5e-09 7.5e-09
-6.4 14 0.543 0 0
-6.3 14 0.544 2.5e-09 7.5e-09
-6.2 14 0.546 0 0
-6.1 14 0.548 0 0
-6 14 0.549 0 0
-5.9 14 0.551 0 0
-5.8 14 0.552 5e-09 5e-09
-5.7 14 0.554 3.25e-08 1.75e-08
-5.6 14 0.555 5e-09 5e-09
-5.5 14 0.557 0 0
-5.4 14 0.558 0 0
-5.3 14 0.56 2.5e-09 7.5e-09
-5.2 14 0.561 2.5e-09 7.5e-09
-5.1 14 0.563 0 0
-5 14 0.564 2.5e-09 7.5e-09
-4.9 14 0.566 0 0
-4.8 14 0.567 0 0
-4.7 14 0.569 2.5e-09 7.5e-09
-4.6 14 0.57 2.5e-09 7.5e-09
-4.5 14 0.572 0 0
-4.4 14 0.573 2.5e-09 7.5e-09
-4.3 14 0.574 2.5e-09 7.5e-09
-4.2 14 0.576 2.5e-09 7.5e-09
-4.1 14 0.577 2.5e-09 7.5e-09
-4 14 0.579 0 0
-3.9 14 0.58 0 0
-3.8 14 0.582 0 0
-3.7 14 0.583 0 0
-3.6 14 0.585 2.5e-09 7.5e-09
-3.5 14 0.586 0 0
-3.4 14 0.587 0 0
-3.3 14 0.589 5e-09 5e-09
-3.2 14 0.59 0 0
-3.1 14 0.592 2.5e-09 7.5e-09
-3 14 0.593 0 0
-2.9 14 0.594 0 0
-2.8 14 0.596 0 0
-2.7 14 0.597 0 0
-2.6 14 0.598 0 0
-2.5 14 0.6 5e-09 5e-09
-2.4 14 0.601 0 0
-2.3 14 0.602 0 0
-2.2 14 0.604 0 0
-2.1 14 0.605 2.5e-09 7.5e-09
-2 14 0.606 0 0
-1.9 14 0.608 0 0
-1.8 14 0.609 0 0
-1.7 14 0.61 2.5e-09 7.5e-09
-1.6 14 0.612 0 0
-1.5 14 0.613 0 0
-1.4 14 0.614 0 0
-1.3 14 0.616 0 0
-1.2 14 0.617 0 0
-1.1 14 0.618 0 0
-1 14 0.619 0 0
-0.9 14 0.621 0 0
-0.8 14 0.622 2.5e-09 7.5e-09
-0.7 14 0.623 7.5e-09 2.5e-09
-0.6 14 0.624 0 0
-0.5 14 0.626 0 0
-0.4 14 0.627 0 0
-0.3 14 0.628 0 0
-0.2 14 0.629 0 0
-0.1 14 0.63 0 0
3.02e-14 14 0.632 0 0
0.1 14 0.633 0 0
0.2 14 0.634 0 0
0.3 14 0.635 7.5e-09 2.5e-09
0.4 14 0.636 0 0
0.5 14 0.638 0 0
0.6 14 0.639 0 0
0.7 14 0.64 0 0
0.8 14 0.641 0 0
0.9 14 0.642 0 0
1 14 0.643 0 0
1.1 14 0.644 0 0
1.2 14 0.645 0 0
1.3 14 0.647 2.5e-09 7.5e-09
1.4 14 0.648 0 0
1.5 14 0.649 7.5e-09 2.5e-09
1.6 14 0.65 7.5e-09 2.5e-09
1.7 14 0.651 0 0
1.8 14 0.652 7.5e-09 2.5e-09
1.9 14 0.653 7.5e-09 2.5e-09
2 14 0.654 0 0
2.1 14 0.655 0 0
2.2 14 0.656 0 0
2.3 14 0.657 0 0
2.4 14 0.658 0 0
2.5 14 0.659 0 0
2.6 14 0.66 0 0
2.7 14 0.661 0 0
2.8 14 0.662 0 0
2.9 14 0.663 0 0
3 14 0.664 0 0
3.1 14 0.665 7.5e-09 2.5e-09
3.2 14 0.666 7.5e-09 2.5e-09
3.3 14 0.667 7.5e-09 2.5e-09
3.4 14 0.668 7.5e-09 2.5e-09
3.5 14 0.669 0 0
3.6 14 0.67 7.5e-09 2.5e-09
3.7 14 0.671 7.5e-09 2.5e-09
3.8 14 0.671 7.5e-09 2.5e-09
3.9 14 0.672 7.5e-09 2.5e-09
4 14 0.673 7.5e-09 2.5e-09
4.1 14 0.674 7.5e-09 2.5e-09
4.2 14 0.675 0 0
4.3 14 0.676 7.5e-09 2.5e-09
4.4 14 0.677 7.5e-09 2.5e-09
4.5 14 0.677 7.5e-09 2.5e-09
4.6 14 0.678 7.5e-09 2.5e-09
4.7 14 0.679 2.5e-09 7.5e-09
4.8 14 0.68 7.5e-09 2.5e-09
4.9 14 0.681 7.5e-09 2.5e-09
5 14 0.681 7.5e-09 2.5e-09
5.1 14 0.682 7.5e-09 2.5e-09
5.2 14 0.683 7.5e-09 2.5e-09
5.3 14 0.684 7.5e-09 2.5e-09
5.4 14 0.685 7.5e-09 2.5e-09
5.5 14 0.685 7.5e-09 2.5e-09
5.6 14 0.686 0 0
5.7 14 0.687 7.5e-09 2.5e-09
5.8 14 0.687 7.5e-09 2.5e-09
5.9 14 0.688 7.5e-09 2.5e-09
6 14 0.689 7.5e-09 2.5e-09
6.1 14 0.69 0 0
6.2 14 0.69 7.5e-09 2.5e-09
6.3 14 0.691 7.5e-09 2.5e-09
6.4 14 0.692 0 0
6.5 14 0.692 7.5e-09 2.5e-09
6.6 14 0.693 7.5e-09 2.5e-09
6.7 14 0.693 7.5e-09 2.5e-09
6.8 14 0.694 2.5e-09 7.5e-09
6.9 14 0.695 7.5e-09 2.5e-09
7 14 0.695 7.5e-09 2.5e-09
7.1 14 0.696 7.5e-09 2.5e-09
7.2 14 0.697 7.5e-09 2.5e-09
7.3 14 0.697 7.5e-09 2.5e-09
7.4 14 0.698 7.5e-09 2.5e-09
7.5 14 0.698 7.5e-09 2.5e-09
7.6 14 0.699 7.5e-09 2.5e-09
7.7 14 0.699 7.5e-09 2.5e-09
7.8 14 0.7 7.5e-09 2.5e-09
7.9 14 0.7 7.5e-09 2.5e-09
8 14 0.701 7.5e-09 2.5e-09
8.1 14 0.701 7.5e-09 2.5e-09
8.2 14 0.702 7.5e-09 2.5e-09
8.3 14 0.702 7.5e-09 2.5e-09
8.4 14 0.703 7.5e-09 2.5e-09
8.5 14 0.703 7.5e-09 2.5e-09
8.6 14 0.704 7.5e-09 2.5e-09
8.7 14 0.704 7.5e-09 2.5e-09
8.8 14 0.705 1e-08 1e-08
8.9 14 0.705 7.5e-09 2.5e-09
9 14 0.705 7.5e-09 2.5e-09
9.1 14 0.706 7.5e-09 2.5e-09
9.2 14 0.706 7.5e-09 2.5e-09
9.3 14 0.707 7.5e-09 2.5e-09
9.4 14 0.707 1.5e-08 5e-09
9.5 14 0.707 7.5e-09 2.5e-09
9.6 14 0.708 7.5e-09 2.5e-09
9.7 14 0.708 7.5e-09 2.5e-09
9.8 14 0.708 7.5e-09 2.5e-09
9.9 14 0.709 7.5e-09 2.5e-09
10 14 0.709 1e-08 1e-08
10.1 14 0.709 7.5e-09 2.5e-09
10.2 14 0.709 7.5e-09 2.5e-09
10.3 14 0.71 7.5e-09 2.5e-09
10.4 14 0.71 1.5e-08 5e-09
10.5 14 0.71 7.5e-09 2.5e-09
10.6 14 0.711 7.5e-09 2.5e-09
10.7 14 0.711 7.5e-09 2.5e-09
10.8 14 0.711 7.5e-09 2.5e-09
10.9 14 0.711 7.5e-09 2.5e-09
11 14 0.711 7.5e-09 2.5e-09
11.1 14 0.712 7.5e-09 2.5e-09
11.2 14 0.712 7.5e-09 2.5e-09
11.3 14 0.712 7.5e-09 2.5e-09
11.4 14 0.712 1.5e-08 5e-09
11.5 14 0.712 7.5e-09 2.5e-09
11.6 14 0.712 7.5e-09 2.5e-09
11.7 14 0.713 7.5e-09 2.5e-09
11.8 14 0.713 7.5e-09 2.5e-09
11.9 14 0.713 7.5e-09 2.5e-09
12 14 0.713 1.5e-08 5e-09
12.1 14 0.713 7.5e-09 2.5e-09
12.2 14 0.713 7.5e-09 2.5e-09
12.3 14 0.713 1.5e-08 5e-09
12.4 14 0.713 1e-08 1e-08
12.5 14 0.713 7.5e-09 2.5e-09
12.6 14 0.713 1.5e-08 5e-09
12.7 14 0.713 7.5e-09 2.5e-09
12.8 14 0.713 7.5e-09 2.5e-09
12.9 14 0.713 7.5e-09 2.5e-09
13 14 0.713 7.5e-09 2.5e-09
13.1 14 0.713 7.5e-09 2.5e-09
13.2 14 0.713 7.5e-09 2.5e-09
13.3 14 0.713 7.5e-09 2.5e-09
13.4 14 0.713 1.5e-08 5e-09
13.5 14 0.713 7.5e-09 2.5e-09
13.6 14 0.713 1e-08 1e-08
13.7 14 0.713 1.5e-08 5e-09
13.8 14 0.713 7.5e-09 2.5e-09
13.9 14 0.713 7.5e-09 2.5e-09
14 14 0.713 1.5e-08 5e-09
14.1 14 0.713 7.5e-09 2.5e-09
14.2 14 0.713 7.5e-09 2.5e-09
14.3 14 0.713 7.5e-09 2.5e-09
14.4 14 0.712 7.5e-09 2.5e-09
14.5 14 0.712 7.5e-09 2.5e-09
14.6 14 0.712 1.5e-08 5e-09
14.7 14 0.712 7.5e-09 2.5e-09
14.8 14 0.712 7.5e-09 2.5e-09
14.9 14 0.712 7.5e-09 2.5e-09
15 14 0.711 7.5e-09 2.5e-09
15.1 14 0.711 7.5e-09 2.5e-09
15.2 14 0.711 7.5e-09 2.5e-09
15.3 14 0.711 7.5e-09 2.5e-09
15.4 14 0.711 7.5e-09 2.5e-09
15.5 14 0.71 7.5e-09 2.5e-09
15.6 14 0.71 1.5e-08 5e-09
15.7 14 0.71 7.5e-09 2.5e-09
15.8 14 0.709 7.5e-09 2.5e-09
15.9 14 0.709 7.5e-09 2.5e-09
16 14 0.709 1e-08 1e-08
16.1 14 0.709 7.5e-09 2.5e-09
16.2 14 0.708 7.5e-09 2.5e-09
16.3 14 0.708 7.5e-09 2.5e-09
16.4 14 0.708 7.5e-09 2.5e-09
16.5 14 0.707 7.5e-09 2.5e-09
16.6 14 0.707 1.5e-08 5e-09
16.7 14 0.707 7.5e-09 2.5e-09
16.8 14 0.706 7.5e-09 2.5e-09
16.9 14 0.706 7.5e-09 2.5e-09
17 14 0.705 7.5e-09 2.5e-09
17.1 14 0.705 7.5e-09 2.5e-09
17.2 14 0.705 1e-08 1e-08
17.3 14 0.704 7.5e-09 2.5e-09
17.4 14 0.704 7.5e-09 2.5e-09
17.5 14 0.703 7.5e-09 2.5e-09
17.6 14 0.703 7.5e-09 2.5e-09
17.7 14 0.702 7.5e-09 2.5e-09
17.8 14 0.702 7.5e-09 2.5e-09
17.9 14 0.701 7.5e-09 2.5e-09
18 14 0.701 7.5e-09 2.5e-09
18.1 14 0.7 7.5e-09 2.5e-09
18.2 14 0.7 7.5e-09 2.5e-09
18.3 14 0.699 7.5e-09 2.5e-09
18.4 14 0.699 7.5e-09 2.5e-09
18.5 14 0.698 7.5e-09 2.5e-09
18.6 14 0.698 7.5e-09 2.5e-09
18.7 14 0.697 7.5e-09 2.5e-09
18.8 14 0.697 7.5e-09 2.5e-09
18.9 14 0.696 7.5e-09 2.5e-09
19 14 0.695 7.5e-09 2.5e-09
19.1 14 0.695 7.5e-09 2.5e-09
19.2 14 0.694 2.5e-09 7.5e-09
19.3 14 0.693 7.5e-09 2.5e-09
19.4 14 0.693 7.5e-09 2.5e-09
19.5 14 0.692 7.5e-09 2.5e-09
19.6 14 0.692 0 0
19.7 14 0.691 7.5e-09 2.5e-09
19.8 14 0.69 7.5e-09 2.5e-09
19.9 14 0.69 0 0
20 14 0.689 7.5e-09 2.5e-09
20.1 14 0.688 7.5e-09 2.5e-09
20.2 14 0.687 7.5e-09 2.5e-09
20.3 14 0.687 7.5e-09 2.5e-09
20.4 14 0.686 0 0
20.5 14 0.685 7.5e-09 2.5e-09
20.6 14 0.685 7.5e-09 2.5e-09
20.7 14 0.684 7.5e-09 2.5e-09
20.8 14 0.683 7.5e-09 2.5e-09
20.9 14 0.682 7.5e-09 2.5e-09
21 14 0.681 7.5e-09 2.5e-09
21.1 14 0.681 7.5e-09 2.5e-09
21.2 14 0.68 7.5e-09 2.5e-09
21.3 14 0.679 2.5e-09 7.5e-09
21.4 14 0.678 7.5e-09 2.5e-09
21.5 14 0.677 7.5e-09 2.5e-09
21.6 14 0.677 7.5e-09 2.5e-09
21.7 14 0.676 7.5e-09 2.5e-09
21.8 14 0.675 0 0
21.9 14 0.674 7.5e-09 2.5e-09
22 14 0.673 7.5e-09 2.5e-09
22.1 14 0.672 7.5e-09 2.5e-09
22.2 14 0.671 7.5e-09 2.5e-09
22.3 14 0.671 7.5e-09 2.5e-09
22.4 14 0.67 7.5e-09 2.5e-09
22.5 14 0.669 0 0
22.6 14 0.668 7.5e-09 2.5e-09
22.7 14 0.667 7.5e-09 2.5e-09
22.8 14 0.666 7.5e-09 2.5e-09
22.9 14 0.665 7.5e-09 2.5e-09
23 14 0.664 0 0
23.1 14 0.663 0 0
23.2 14 0.662 0 0
23.3 14 0.661 0 0
23.4 14 0.66 0 0
23.5 14 0.659 0 0
23.6 14 0.658 0 0
23.7 14 0.657 0 0
23.8 14 0.656 0 0
23.9 14 0.655 0 0
24 14 0.654 0 0
24.1 14 0.653 7.5e-09 2.5e-09
24.2 14 0.652 7.5e-09 2.5e-09
24.3 14 0.651 0 0
24.4 14 0.65 7.5e-09 2.5e-09
24.5 14 0.649 7.5e-09 2.5e-09
24.6 14 0.648 0 0
24.7 14 0.647 2.5e-09 7.5e-09
24.8 14 0.645 0 0
24.9 14 0.644 0 0
25 14 0.643 0 0
25.1 14 0.642 0 0
25.2 14 0.641 0 0
25.3 14 0.64 0 0
25.4 14 0.639 0 0
25.5 14 0.638 0 0
25.6 14 0.636 0 0
25.7 14 0.635 7.5e-09 2.5e-09
25.8 14 0.634 0 0
25.9 14 0.633 0 0
26 14 0.632 0 0
26.1 14 0.63 0 0
26.2 14 0.629 0 0
26.3 14 0.628 0 0
26.4 14 0.627 0 0
26.5 14 0.626 0 0
26.6 14 0.624 0 0
26.7 14 0.623 7.5e-09 2.5e-09
26.8 14 0.622 2.5e-09 7.5e-09
26.9 14 0.621 0 0
27 14 0.619 0 0
27.1 14 0.618 0 0
27.2 14 0.617 0 0
27.3 14 0.616 0 0
27.4 14 0.614 0 0
27.5 14 0.613 0 0
27.6 14 0.612 0 0
27.7 14 0.61 2.5e-09 7.5e-09
27.8 14 0.609 0 0
27.9 14 0.608 0 0
28 14 0.606 0 0
28.1 14 0.605 2.5e-09 7.5e-09
28.2 14 0.604 0 0
28.3 14 0.602 0 0
28.4 14 0.601 0 0
28.5 14 0.6 5e-09 5e-09
28.6 14 0.598 0 0
28.7 14 0.597 0 0
28.8 14 0.596 0 0
28.9 14 0.594 0 0
29 14 0.593 0 0
29.1 14 0.592 2.5e-09 7.5e-09
29.2 14 0.59 0 0
29.3 14 0.589 5e-09 5e-09
29.4 14 0.587 0 0
29.5 14 0.586 0 0
29.6 14 0.585 2.5e-09 7.5e-09
29.7 14 0.583 0 0
29.8 14 0.582 0 0
29.9 14 0.58 0 0
30 14 0.579 0 0
30.1 14 0.577 2.5e-09 7.5e-09
30.2 14 0.576 2.5e-09 7.5e-09
30.3 14 0.574 2.5e-09 7.5e-09
30.4 14 0.573 2.5e-09 7.5e-09
30.5 14 0.572 0 0
30.6 14 0.57 2.5e-09 7.5e-09
30.7 14 0.569 2.5e-09 7.5e-09
30.8 14 0.567 0 0
30.9 14 0.566 0 0
31 14 0.564 2.5e-09 7.5e-09
31.1 14 0.563 0 0
31.2 14 0.561 2.5e-09 7.5e-09
31.3 14 0.56 2.5e-09 7.5e-09
31.4 14 0.558 0 0
31.5 14 0.557 0 0
31.6 14 0.555 5e-09 5e-09
31.7 14 0.554 3.25e-08 1.75e-08
31.8 14 0.552 5e-09 5e-09
31.9 14 0.551 0 0
32 14 0.549 0 0
32.1 14 0.548 0 0
32.2 14 0.546 0 0
32.3 14 0.544 2.5e-09 7.5e-09
32.4 14 0.543 0 0
32.5 14 0.541 2.5e-09 7.5e-09
32.6 14 0.54 7.5e-09 2.5e-09
32.7 14 0.538 0 0
32.8 14 0.537 2.5e-09 7.5e-09
32.9 14 0.535 0 0
33 14 0.534 7.5e-09 2.5e-09
33.1 14 0.532 2.5e-09 7.5e-09
33.2 14 0.53 2.5e-09 7.5e-09
33.3 14 0.529 2.5e-09 7.5e-09
33.4 14 0.527 2.5e-09 7.5e-09
33.5 14 0.526 0 0
33.6 14 0.524 2.5e-09 7.5e-09
33.7 14 0.523 0 0
33.8 14 0.521 0 0
33.9 14 0.519 2.5e-09 7.5e-09
34 14 0.518 2.5e-09 7.5e-09
34.1 14 0.516 2.5e-09 7.5e-09
34.2 14 0.515 0 0
34.3 14 0.513 0 0
34.4 14 0.511 0 0
34.5 14 0.51 2.5e-09 7.5e-09
34.6 14 0.508 2.5e-09 7.5e-09
34.7 14 0.507 0 0
34.8 14 0.505 2.5e-09 7.5e-09
34.9 14 0.503 2.5e-09 7.5e-09
35 14 0.502 2.5e-09 7.5e-09
35.1 14 0.5 2.5e-09 7.5e-09
35.2 14 0.499 7.5e-09 2.5e-09
35.3 14 0.497 2.5e-09 7.5e-09
35.4 14 0.495 2.5e-09 7.5e-09
35.5 14 0.494 2.5e-09 7.5e-09
35.6 14 0.492 0 0
35.7 14 0.49 2.5e-09 7.5e-09
35.8 14 0.489 0 0
35.9 14 0.487 2.5e-09 7.5e-09
36 14 0.485 0 0
36.1 14 0.484 2.5e-09 7.5e-09
36.2 14 0.482 2.5e-09 7.5e-09
36.3 14 0.481 2.5e-09 7.5e-09
36.4 14 0.479 2.5e-09 7.5e-09
36.5 14 0.477 2.5e-09 7.5e-09
36.6 14 0.476 2.5e-09 7.5e-09
36.7 14 0.474 2.5e-09 7.5e-09
36.8 14 0.472 2.5e-09 7.5e-09
36.9 14 0.471 2.5e-09 7.5e-09
37 14 0.469 2.5e-09 7.5e-09
37.1 14 0.467 2.5e-09 7.5e-09
37.2 14 0.466 0 0
37.3 14 0.464 2.5e-09 7.5e-09
37.4 14 0.462 0 0
37.5 14 0.461 2.5e-09 7.5e-09
37.6 14 0.459 0 0
37.7 14 0.457 0 0
37.8 14 0.456 2.5e-09 7.5e-09
37.9 14 0.454 2.5e-09 7.5e-09
38 14 0.453 2.5e-09 7.5e-09
38.1 14 0.451 2.5e-09 7.5e-09
38.2 14 0.449 1e-08 1e-08
38.3 14 0.448 2.5e-09 7.5e-09
38.4 14 0.446 0 0
38.5 14 0.444 0 0
38.6 14 0.443 2.5e-09 7.5e-09
38.7 14 0.441 2.5e-09 7.5e-09
38.8 14 0.439 2.5e-09 7.5e-09
38.9 14 0.438 2.5e-09 7.5e-09
39 14 0.436 2.5e-09 7.5e-09
39.1 14 0.434 2.5e-09 7.5e-09
39.2 14 0.433 2.5e-09 7.5e-09
39.3 14 0.431 2.5e-09 7.5e-09
39.4 14 0.429 0 0
39.5 14 0.428 2.5e-09 7.5e-09
39.6 14 0.426 2.5e-09 7.5e-09
39.7 14 0.424 2.5e-09 7.5e-09
39.8 14 0.423 2.5e-09 7.5e-09
39.9 14 0.421 2.5e-09 7.5e-09
40 14 0.419 0 0
40.1 14 0.418 2.5e-09 7.5e-09
40.2 14 0.416 2.5e-09 7.5e-09
40.3 14 0.414 2.5e-09 7.5e-09
40.4 14 0.413 2.5e-09 7.5e-09
40.5 14 0.411 2.5e-09 7.5e-09
40.6 14 0.41 2.5e-09 7.5e-09
40.7 14 0.408 2.5e-09 7.5e-09
40.8 14 0.406 2.5e-09 7.5e-09
40.9 14 0.405 0 0
41 14 0.403 0 0
41.1 14 0.401 0 0
41.2 14 0.4 2.5e-09 7.5e-09
41.3 14 0.398 2.5e-09 7.5e-09
41.4 14 0.396 2.5e-09 7.5e-09
41.5 14 0.395 0 0
41.6 14 0.393 0 0
41.7 14 0.392 2.5e-09 7.5e-09
41.8 14 0.39 2.5e-09 7.5e-09
41.9 14 0.388 0 0
42 14 0.387 2.5e-09 7.5e-09
42.1 14 0.385 2.5e-09 7.5e-09
42.2 14 0.383 0 0
42.3 14 0.382 2.5e-09 7.5e-09
42.4 14 0.38 2.5e-09 7.5e-09
42.5 14 0.379 2.5e-09 7.5e-09
42.6 14 0.377 0 0
42.7 14 0.375 2.5e-09 7.5e-09
42.8 14 0.374 2.5e-09 7.5e-09
42.9 14 0.372 2.5e-09 7.5e-09
43 14 0.37 2.5e-09 7.5e-09
43.1 14 0.369 0 0
43.2 14 0.367 0 0
43.3 14 0.366 2.5e-09 7.5e-09
43.4 14 0.364 0 0
43.5 14 0.362 0 0
43.6 14 0.361 0 0
43.7 14 0.359 2.5e-09 7.5e-09
43.8 14 0.358 0 0
43.9 14 0.356 0 0
44 14 0.354 0 0
44.1 14 0.353 0 0
44.2 14 0.351 0 0
44.3 14 0.35 2.5e-09 7.5e-09
44.4 14 0.348 0 0
44.5 14 0.347 0 0
44.6 14 0.345 0 0
44.7 14 0.343 2.5e-09 7.5e-09
44.8 14 0.342 0 0
44.9 14 0.34 2.5e-09 7.5e-09
45 14 0.339 0 0
45.1 14 0.337 2.5e-09 7.5e-09
45.2 14 0.336 0 0
45.3 14 0.334 0 0
45.4 14 0.333 0 0
45.5 14 0.331 0 0
45.6 14 0.33 2.5e-09 7.5e-09
45.7 14 0.328 0 0
45.8 14 0.326 0 0
45.9 14 0.325 0 0
46 14 0.323 0 0
46.1 14 0.322 0 0
46.2 14 0.32 0 0
46.3 14 0.319 0 0
46.4 14 0.317 0 0
46.5 14 0.316 0 0
46.6 14 0.314 0 0
46.7 14 0.313 0 0
46.8 14 0.311 1e-08 1e-08
46.9 14 0.31 0 0
47 14 0.308 0 0
47.1 14 0.307 2.5e-09 7.5e-09
47.2 14 0.305 7.5e-09 2.5e-09
47.3 14 0.304 0 0
47.4 14 0.302 0 0
47.5 14 0.301 0 0
47.6 14 0.299 0 0
47.7 14 0.298 0 0
47.8 14 0.297 2.5e-09 7.5e-09
47.9 14 0.295 2.5e-09 7.5e-09
48 14 0.294 0 0
48.1 14 0.292 0 0
48.2 14 0.291 0 0
48.3 14 0.289 0 0
48.4 14 0.288 0 0
48.5 14 0.286 0 0
48.6 14 0.285 0 0
48.7 14 0.284 0 0
48.8 14 0.282 0 0
48.9 14 0.281 0 0
49 14 0.279 5e-09 5e-09
49.1 14 0.278 7.5e-09 2.5e-09
49.2 14 0.276 0 0
49.3 14 0.275 0 0
49.4 14 0.274 0 0
49.5 14 0.272 0 0
49.6 14 0.271 0 0
49.7 14 0.27 0 0
49.8 14 0.268 0 0
49.9 14 0.267 0 0
50 14 0.265 0 0
50.1 14 0.264 0 0
50.2 14 0.263 0 0
50.3 14 0.261 0 0
50.4 14 0.26 0 0
50.5 14 0.259 0 0
50.6 14 0.257 0 0
50.7 14 0.256 0 0
50.8 14 0.255 0 0
50.9 14 0.253 0 0
51 14 0.252 0 0
51.1 14 0.251 0 0
51.2 14 0.249 0 0
51.3 14 0.248 0 0
51.4 14 0.247 7.5e-09 2.5e-09
51.5 14 0.245 0 0
51.6 14 0.244 0 0
51.7 14 0.243 0 0
51.8 14 0.241 0 0
51.9 14 0.24 0 0
52 14 0.239 7.5e-09 2.5e-09
52.1 14 0.238 7.5e-09 2.5e-09
52.2 14 0.236 0 0
52.3 14 0.235 0 0
52.4 14 0.234 0 0
52.5 14 0.233 0 0
52.6 14 0.231 0 0
52.7 14 0.23 7.5e-09 2.5e-09
52.8 14 0.229 7.5e-09 2.5e-09
52.9 14 0.228 0 0
53 14 0.226 0 0
53.1 14 0.225 0 0
53.2 14 0.224 0 0
53.3 14 0.223 0 0
53.4 14 0.221 0 0
53.5 14 0.22 0 0
53.6 14 0.219 0 0
53.7 14 0.218 0 0
53.8 14 0.217 0 0
53.9 14 0.215 0 0
54 14 0.214 0 0
54.1 14 0.213 7.5e-09 2.5e-09
54.2 14 0.212 7.5e-09 2.5e-09
54.3 14 0.211 0 0
54.4 14 0.209 0 0
54.5 14 0.208 0 0
54.6 14 0.207 0 0
54.7 14 0.206 0 0
54.8 14 0.205 0 0
54.9 14 0.204 0 0
55 14 0.202 0 0
55.1 14 0.201 7.5e-09 2.5e-09
55.2 14 0.2 0 0
55.3 14 0.199 0 0
55.4 14 0.198 0 0
55.5 14 0.197 0 0
55.6 14 0.196 0 0
55.7 14 0.195 0 0
55.8 14 0.193 7.5e-09 2.5e-09
55.9 14 0.192 0 0
56 14 0.191 0 0
56.1 14 0.19 0 0
56.2 14 0.189 0 0
56.3 14 0.188 0 0
56.4 14 0.187 0 0
56.5 14 0.186 7.5e-09 2.5e-09
56.6 14 0.185 7.5e-09 2.5e-09
56.7 14 0.184 0 0
56.8 14 0.183 0 0
56.9 14 0.182 0 0
57 14 0.181 7.5e-09 2.5e-09
57.1 14 0.18 0 0
57.2 14 0.178 0 0
57.3 14 0.177 7.5e-09 2.5e-09
57.4 14 0.176 0 0
57.5 14 0.175 0 0
57.6 14 0.174 0 0
57.7 14 0.173 7.5e-09 2.5e-09
57.8 14 0.172 0 0
57.9 14 0.171 0 0
58 14 0.17 7.5e-09 2.5e-09
58.1 14 0.169 0 0
58.2 14 0.168 0 0
58.3 14 0.167 0 0
58.4 14 0.166 7.5e-09 2.5e-09
58.5 14 0.165 0 0
58.6 14 0.164 5e-09 5e-09
58.7 14 0.163 0 0
58.8 14 0.162 0 0
58.9 14 0.161 7.5e-09 2.5e-09
59 14 0.161 0 0
59.1 14 0.16 0 0
59.2 14 0.159 0 0
59.3 14 0.158 0 0
59.4 14 0.157 2e-08 2e-08
59.5 14 0.156 7.5e-09 2.5e-09
59.6 14 0.155 7.5e-09 2.5e-09
59.7 14 0.154 5e-09 5e-09
59.8 14 0.153 5e-09 5e-09
59.9 14 0.152 7.5e-09 2.5e-09
60 14 0.151 0 0
60.1 14 0.15 0 0
60.2 14 0.149 0 0
60.3 14 0.148 0 0
60.4 14 0.148 0 0
60.5 14 0.147 0 0
60.6 14 0.146 7.5e-09 2.5e-09
60.7 14 0.145 0 0
60.8 14 0.144 0 0
60.9 14 0.143 7.5e-09 2.5e-09
61 14 0.142 0 0
61.1 14 0.141 0 0
61.2 14 0.141 0 0
61.3 14 0.14 7.5e-09 2.5e-09
61.4 14 0.139 0 0
61.5 14 0.138 0 0
61.6 14 0.137 7.5e-09 2.5e-09
61.7 14 0.136 7.5e-09 2.5e-09
61.8 14 0.136 0 0
61.9 14 0.135 7.5e-09 2.5e-09
62 14 0.134 0 0
62.1 14 0.133 0 0
62.2 14 0.132 0 0
62.3 14 0.131 0 0
62.4 14 0.131 0 0
62.5 14 0.13 0 0
62.6 14 0.129 0 0
62.7 14 0.128 0 0
62.8 14 0.127 7.5e-09 2.5e-09
62.9 14 0.127 0 0
63 14 0.126 0 0
63.1 14 0.125 0 0
63.2 14 0.124 0 0
63.3 14 0.123 0 0
63.4 14 0.123 0 0
63.5 14 0.122 0 0
63.6 14 0.121 0 0
63.7 14 0.12 0 0
63.8 14 0.12 0 0
63.9 14 0.119 0 0
64 14 0.118 0 0
64.1 14 0.117 7.5e-09 2.5e-09
64.2 14 0.117 0 0
64.3 14 0.116 0 0
64.4 14 0.115 7.5e-09 2.5e-09
64.5 14 0.115 0 0
64.6 14 0.114 7.5e-09 2.5e-09
64.7 14 0.113 0 0
64.8 14 0.112 0 0
64.9 14 0.112 0 0
65 14 0.111 0 0
65.1 14 0.11 7.5e-09 2.5e-09
65.2 14 0.11 0 0
65.3 14 0.109 0 0
65.4 14 0.108 0 0
65.5 14 0.108 0 0
65.6 14 0.107 0 0
65.7 14 0.106 0 0
65.8 14 0.105 0 0
65.9 14 0.105 0 0
66 14 0.104 0 0
66.1 14 0.103 0 0
66.2 14 0.103 7.5e-09 2.5e-09
66.3 14 0.102 0 0
66.4 14 0.102 0 0
66.5 14 0.101 7.5e-09 2.5e-09
66.6 14 0.1 0 0
66.7 14 0.0996 1.5e-09 5e-10
66.8 14 0.099 7.5e-10 2.5e-10
66.9 14 0.0983 7.5e-10 2.5e-10
67 14 0.0977 7.5e-10 2.5e-10
67.1 14 0.0971 7.5e-10 2.5e-10
67.2 14 0.0965 1.5e-09 5e-10
67.3 14 0.0958 7.5e-10 2.5e-10
67.4 14 0.0952 7.5e-10 2.5e-10
67.5 14 0.0946 7.5e-10 2.5e-10
67.6 14 0.094 7.5e-10 2.5e-10
67.7 14 0.0934 2.5e-10 7.5e-10
67.8 14 0.0928 7.5e-10 2.5e-10
67.9 14 0.0922 7.5e-10 2.5e-10
68 14 0.0916 7.5e-10 2.5e-10
68.1 14 0.091 7.5e-10 2.5e-10
68.2 14 0.0904 7.5e-10 2.5e-10
68.3 14 0.0898 7.5e-10 2.5e-10
68.4 14 0.0893 1.5e-09 5e-10
68.5 14 0.0887 7.5e-10 2.5e-10
68.6 14 0.0881 1.5e-09 5e-10
68.7 14 0.0875 1.25e-09 7.5e-10
68.8 14 0.087 7.5e-10 2.5e-10
68.9 14 0.0864 7.5e-10 2.5e-10
69 14 0.0858 7.5e-10 2.5e-10
69.1 14 0.0853 7.5e-10 2.5e-10
69.2 14 0.0847 7.5e-10 2.5e-10
69.3 14 0.0842 7.5e-10 2.5e-10
69.4 14 0.0836 7.5e-10 2.5e-10
69.5 14 0.0831 7.5e-10 2.5e-10
69.6 14 0.0825 7.5e-10 2.5e-10
69.7 14 0.082 7.5e-10 2.5e-10
69.8 14 0.0815 7.5e-10 2.5e-10
69.9 14 0.0809 7.5e-10 2.5e-10
70 14 0.0804 7.5e-10 2.5e-10
70.1 14 0.0799 7.5e-10 2.5e-10
70.2 14 0.0794 0 0
70.3 14 0.0788 7.5e-10 2.5e-10
70.4 14 0.0783 0 0
70.5 14 0.0778 0 0
70.6 14 0.0773 7.5e-10 2.5e-10
70.7 14 0.0768 7.5e-10 2.5e-10
70.8 14 0.0763 7.5e-10 2.5e-10
70.9 14 0.0758 7.5e-10 2.5e-10
71 14 0.0753 0 0
71.1 14 0.0748 0 0
71.2 14 0.0743 0 0
71.3 14 0.0738 7.5e-10 2.5e-10
71.4 14 0.0733 0 0
71.5 14 0.0729 7.5e-10 2.5e-10
71.6 14 0.0724 7.5e-10 2.5e-10
71.7 14 0.0719 7.5e-10 2.5e-10
71.8 14 0.0714 0 0
71.9 14 0.071 5e-10 5e-10
72 14 0.0705 7.5e-10 2.5e-10
72.1 14 0.07 0 0
72.2 14 0.0696 0 0
72.3 14 0.0691 0 0
72.4 14 0.0686 7.5e-10 2.5e-10
72.5 14 0.0682 0 0
72.6 14 0.0677 0 0
72.7 14 0.0673 0 0
72.8 14 0.0668 0 0
72.9 14 0.0664 7.5e-10 2.5e-10
73 14 0.066 7.5e-10 2.5e-10
73.1 14 0.0655 0 0
73.2 14 0.0651 7.5e-10 2.5e-10
73.3 14 0.0646 0 0
73.4 14 0.0642 0 0
73.5 14 0.0638 7.5e-10 2.5e-10
73.6 14 0.0634 7.5e-10 2.5e-10
73.7 14 0.0629 0 0
73.8 14 0.0625 0 0
73.9 14 0.0621 0 0
74 14 0.0617 0 0
74.1 14 0.0613 0 0
74.2 14 0.0609 0 0
74.3 14 0.0605 0 0
74.4 14 0.0601 0 0
74.5 14 0.0597 7.5e-10 2.5e-10
74.6 14 0.0593 7.5e-10 2.5e-10
74.7 14 0.0589 0 0
74.8 14 0.0585 7.5e-10 2.5e-10
74.9 14 0.0581 7.5e-10 2.5e-10
75 14 0.0577 7.5e-10 2.5e-10
75.1 14 0.0573 7.5e-10 2.5e-10
75.2 14 0.0569 0 0
75.3 14 0.0565 2.5e-10 7.5e-10
75.4 14 0.0562 0 0
75.5 14 0.0558 0 0
75.6 14 0.0554 7.5e-10 2.5e-10
75.7 14 0.055 0 0
75.8 14 0.0547 7.5e-10 2.5e-10
75.9 14 0.0543 0 0
76 14 0.0539 0 0
76.1 14 0.0536 0 0
76.2 14 0.0532 0 0
76.3 14 0.0529 0 0
76.4 14 0.0525 0 0
76.5 14 0.0521 7.5e-10 2.5e-10
76.6 14 0.0518 0 0
76.7 14 0.0514 0 0
76.8 14 0.0511 0 0
76.9 14 0.0508 0 0
77 14 0.0504 0 0
77.1 14 0.0501 7.5e-10 2.5e-10
77.2 14 0.0497 0 0
77.3 14 0.0494 0 0
77.4 14 0.0491 0 0
77.5 14 0.0487 0 0
77.6 14 0.0484 0 0
77.7 14 0.0481 0 0
77.8 14 0.0477 0 0
77.9 14 0.0474 0 0
78 14 0.0471 0 0
78.1 14 0.0468 0 0
78.2 14 0.0465 0 0
78.3 14 0.0462 0 0
78.4 14 0.0458 0 0
78.5 14 0.0455 0 0
78.6 14 0.0452 7.5e-10 2.5e-10
78.7 14 0.0449 0 0
78.8 14 0.0446 2.5e-10 7.5e-10
78.9 14 0.0443 0 0
79 14 0.044 2.5e-10 7.5e-10
79.1 14 0.0437 0 0
79.2 14 0.0434 0 0
79.3 14 0.0431 0 0
79.4 14 0.0428 0 0
79.5 14 0.0425 0 0
79.6 14 0.0422 0 0
79.7 14 0.042 7.5e-10 2.5e-10
79.8 14 0.0417 5e-10 5e-10
79.9 14 0.0414 0 0
80 14 0.0411 0 0
80.1 14 0.0408 0 0
80.2 14 0.0405 0 0
80.3 14 0.0403 0 0
80.4 14 0.04 0 0
80.5 14 0.0397 0 0
80.6 14 0.0394 0 0
80.7 14 0.0392 2.5e-10 7.5e-10
80.8 14 0.0389 0 0
80.9 14 0.0386 0 0
81 14 0.0384 2.5e-10 7.5e-10
81.1 14 0.0381 0 0
81.2 14 0.0379 0 0
81.3 14 0.0376 7.5e-10 2.5e-10
81.4 14 0.0373 0 0
81.5 14 0.0371 0 0
81.6 14 0.0368 0 0
81.7 14 0.0366 0 0
81.8 14 0.0363 0 0
81.9 14 0.0361 0 0
82 14 0.0358 0 0
82.1 14 0.0356 0 0
82.2 14 0.0353 0 0
82.3 14 0.0351 0 0
82.4 14 0.0349 0 0
82.5 14 0.0346 0 0
82.6 14 0.0344 0 0
82.7 14 0.0341 7.5e-10 2.5e-10
82.8 14 0.0339 7.5e-10 2.5e-10
82.9 14 0.0337 7.5e-10 2.5e-10
83 14 0.0334 5e-10 5e-10
83.1 14 0.0332 5e-10 5e-10
83.2 14 0.033 2.5e-10 7.5e-10
83.3 14 0.0328 5e-10 5e-10
83.4 14 0.0325 0 0
83.5 14 0.0323 0 0
83.6 14 0.0321 2.5e-10 7.5e-10
83.7 14 0.0319 0 0
83.8 14 0.0316 0 0
83.9 14 0.0314 0 0
84 14 0.0312 0 0
84.1 14 0.031 0 0
84.2 14 0.0308 2.5e-10 7.5e-10
84.3 14 0.0306 2.5e-10 7.5e-10
84.4 14 0.0304 0 0
84.5 14 0.0302 0 0
84.6 14 0.0299 0 0
84.7 14 0.0297 0 0
84.8 14 0.0295 0 0
84.9 14 0.0293 0 0
85 14 0.0291 0 0
85.1 14 0.0289 0 0
85.2 14 0.0287 5e-10 5e-10
85.3 14 0.0285 0 0
85.4 14 0.0283 0 0
85.5 14 0.0281 2.5e-10 7.5e-10
85.6 14 0.0279 5e-10 5e-10
85.7 14 0.0277 5e-10 5e-10
85.8 14 0.0276 5e-10 5e-10
85.9 14 0.0274 0 0
86 14 0.0272 2.5e-10 7.5e-10
86.1 14 0.027 5e-10 5e-10
86.2 14 0.0268 0 0
86.3 14 0.0266 0 0
86.4 14 0.0264 5e-10 5e-10
86.5 14 0.0262 2.5e-10 7.5e-10
86.6 14 0.0261 0 0
86.7 14 0.0259 0 0
86.8 14 0.0257 0 0
86.9 14 0.0255 0 0
87 14 0.0253 2.5e-10 7.5e-10
87.1 14 0.0252 0 0
87.2 14 0.025 0 0
87.3 14 0.0248 0 0
87.4 14 0.0247 0 0
87.5 14 0.0245 2.5e-10 7.5e-10
87.6 14 0.0243 2.5e-10 7.5e-10
87.7 14 0.0241 0 0
87.8 14 0.024 2.5e-10 7.5e-10
87.9 14 0.0238 0 0
88 14 0.0236 2.5e-10 7.5e-10
88.1 14 0.0235 0 0
88.2 14 0.0233 0 0
88.3 14 0.0232 0 0
88.4 14 0.023 0 0
88.5 14 0.0228 0 0
88.6 14 0.0227 0 0
88.7 14 0.0225 2.5e-10 7.5e-10
88.8 14 0.0224 0 0
88.9 14 0.0222 0 0
89 14 0.0221 0 0
89.1 14 0.0219 0 0
89.2 14 0.0217 0 0
89.3 14 0.0216 0 0
89.4 14 0.0214 0 0
89.5 14 0.0213 2.5e-10 7.5e-10
89.6 14 0.0211 2.5e-10 7.5e-10
89.7 14 0.021 0 0
89.8 14 0.0209 0 0
89.9 14 0.0207 0 0
90 14 0.0206 2.5e-10 7.5e-10
90.1 14 0.0204 2.5e-10 7.5e-10
90.2 14 0.0203 0 0
90.3 14 0.0201 0 0
90.4 14 0.02 0 0
90.5 14 0.0199 0 0
90.6 14 0.0197 2.5e-10 7.5e-10
90.7 14 0.0196 0 0
90.8 14 0.0194 0 0
90.9 14 0.0193 2.5e-10 7.5e-10
91 14 0.0192 2.5e-10 7.5e-10
91.1 14 0.019 0 0
91.2 14 0.0189 0 0
91.3 14 0.0188 0 0
91.4 14 0.0186 2.5e-10 7.5e-10
91.5 14 0.0185 7.5e-10 2.5e-10
91.6 14 0.0184 7.5e-10 2.5e-10
91.7 14 0.0183 2.5e-10 7.5e-10
91.8 14 0.0181 3e-09 1e-09
91.9 14 0.018 0 0
92 14 0.0179 0 0
92.1 14 0.0178 2.5e-10 7.5e-10
92.2 14 0.0176 0 0
92.3 14 0.0175 0 0
92.4 14 0.0174 0 0
92.5 14 0.0173 0 0
92.6 14 0.0171 0 0
92.7 14 0.017 0 0
92.8 14 0.0169 0 0
92.9 14 0.0168 0 0
93 14 0.0167 0 0
93.1 14 0.0165 0 0
93.2 14 0.0164 7.5e-10 2.5e-10
93.3 14 0.0163 5e-10 5e-10
93.4 14 0.0162 0 0
93.5 14 0.0161 7.5e-10 2.5e-10
93.6 14 0.016 0 0
93.7 14 0.0159 7.5e-10 2.5e-10
93.8 14 0.0158 7.5e-10 2.5e-10
93.9 14 0.0156 7.5e-10 2.5e-10
94 14 0.0155 0 0
94.1 14 0.0154 0 0
94.2 14 0.0153 0 0
94.3 14 0.0152 2.5e-10 7.5e-10
94.4 14 0.0151 0 0
94.5 14 0.015 0 0
94.6 14 0.0149 0 0
94.7 14 0.0148 0 0
94.8 14 0.0147 0 0
94.9 14 0.0146 0 0
95 14 0.0145 5.25e-09 1.75e-09
95.1 14 0.0144 1e-09 3e-09
95.2 14 0.0143 0 0
95.3 14 0.0142 0 0
95.4 14 0.0141 0 0
95.5 14 0.014 0 0
95.6 14 0.0139 0 0
95.7 14 0.0138 0 0
95.8 14 0.0137 0 0
95.9 14 0.0136 2.5e-10 7.5e-10
96 14 0.0135 2.5e-10 7.5e-10
96.1 14 0.0134 0 0
96.2 14 0.0133 2.5e-10 7.5e-10
96.3 14 0.0132 0 0
96.4 14 0.0131 0 0
96.5 14 0.013 0 0
96.6 14 0.0129 0 0
96.7 14 0.0128 0 0
96.8 14 0.0128 0 0
96.9 14 0.0127 0 0
97 14 0.0126 2.5e-10 7.5e-10
97.1 14 0.0125 1e-09 1e-09
97.2 14 0.0124 0 0
97.3 14 0.0123 0 0
97.4 14 0.0122 0 0
97.5 14 0.0121 7.5e-10 2.5e-10
97.6 14 0.0121 0 0
97.7 14 0.012 0 0
97.8 14 0.0119 2.5e-10 7.5e-10
97.9 14 0.0118 0 0
98 14 0.0117 0 0
98.1 14 0.0116 2.5e-10 7.5e-10
98.2 14 0.0116 0 0
98.3 14 0.0115 2.5e-10 7.5e-10
98.4 14 0.0114 0 0
98.5 14 0.0113 0 0
98.6 14 0.0112 2.5e-10 7.5e-10
98.7 14 0.0112 0 0
98.8 14 0.0111 2.5e-10 7.5e-10
98.9 14 0.011 0 0
99 14 0.0109 0 0
99.1 14 0.0108 0 0
99.2 14 0.0108 0 0
99.3 14 0.0107 2.5e-10 7.5e-10
99.4 14 0.0106 0 0
99.5 14 0.0105 0 0
99.6 14 0.0105 0 0
99.7 14 0.0104 0 0
99.8 14 0.0103 0 0
99.9 14 0.0102 0 0
