-25 7.4 0.0668 1.85e-08 6.5e-09
-24.9 7.4 0.0676 1.93e-08 6.75e-09
-24.8 7.4 0.0685 2e-08 7e-09
-24.7 7.4 0.0693 2e-08 7e-09
-24.6 7.4 0.0702 2.1e-08 8e-09
-24.5 7.4 0.0711 2.15e-08 7.5e-09
-24.4 7.4 0.072 2.25e-08 8.5e-09
-24.3 7.4 0.0729 2.38e-08 8.25e-09
-24.2 7.4 0.0738 2.38e-08 8.25e-09
-24.1 7.4 0.0747 2.53e-08 8.75e-09
-24 7.4 0.0757 2.6e-08 9e-09
-23.9 7.4 0.0766 2.68e-08 9.25e-09
-23.8 7.4 0.0776 2.75e-08 9.5e-09
-23.7 7.4 0.0785 2.83e-08 9.75e-09
-23.6 7.4 0.0795 2.85e-08 9.5e-09
-23.5 7.4 0.0805 2.97e-08 1.03e-08
-23.4 7.4 0.0815 3.05e-08 1.05e-08
-23.3 7.4 0.0825 3.1e-08 1.1e-08
-23.2 7.4 0.0835 3.2e-08 1.1e-08
-23.1 7.4 0.0845 3.27e-08 1.12e-08
-23 7.4 0.0856 3.38e-08 1.12e-08
-22.9 7.4 0.0866 3.42e-08 1.17e-08
-22.8 7.4 0.0877 3.45e-08 1.15e-08
-22.7 7.4 0.0888 3.53e-08 1.17e-08
-22.6 7.4 0.0899 3.6e-08 1.2e-08
-22.5 7.4 0.091 3.68e-08 1.23e-08
-22.4 7.4 0.0921 3.77e-08 1.32e-08
-22.3 7.4 0.0932 3.9e-08 1.3e-08
-22.2 7.4 0.0944 3.92e-08 1.38e-08
-22.1 7.4 0.0955 4.07e-08 1.43e-08
-22 7.4 0.0967 4.07e-08 1.43e-08
-21.9 7.4 0.0979 4.15e-08 1.45e-08
-21.8 7.4 0.099 4.22e-08 1.47e-08
-21.7 7.4 0.1 4e-08 2e-08
-21.6 7.4 0.101 4.5e-08 1.5e-08
-21.5 7.4 0.103 4.5e-08 1.5e-08
-21.4 7.4 0.104 4.5e-08 1.5e-08
-21.3 7.4 0.105 4.5e-08 1.5e-08
-21.2 7.4 0.106 5.25e-08 1.75e-08
-21.1 7.4 0.108 4.5e-08 1.5e-08
-21 7.4 0.109 5.25e-08 1.75e-08
-20.9 7.4 0.11 4.75e-08 2.25e-08
-20.8 7.4 0.112 4.75e-08 2.25e-08
-20.7 7.4 0.113 5.25e-08 1.75e-08
-20.6 7.4 0.114 5.25e-08 1.75e-08
-20.5 7.4 0.116 5.25e-08 1.75e-08
-20.4 7.4 0.117 5.25e-08 1.75e-08
-20.3 7.4 0.118 5.75e-08 2.25e-08
-20.2 7.4 0.12 5.25e-08 1.75e-08
-20.1 7.4 0.121 5.25e-08 1.75e-08
-20 7.4 0.123 5.25e-08 1.75e-08
-19.9 7.4 0.124 6e-08 2e-08
-19.8 7.4 0.126 6e-08 2e-08
-19.7 7.4 0.127 6e-08 2e-08
-19.6 7.4 0.129 6e-08 2e-08
-19.5 7.4 0.13 5.5e-08 2.5e-08
-19.4 7.4 0.132 5.5e-08 2.5e-08
-19.3 7.4 0.133 5.5e-08 2.5e-08
-19.2 7.4 0.135 6.25e-08 2.75e-08
-19.1 7.4 0.136 5.5e-08 2.5e-08
-19 7.4 0.138 5.5e-08 2.5e-08
-18.9 7.4 0.139 6.25e-08 2.75e-08
-18.8 7.4 0.141 6.25e-08 2.75e-08
-18.7 7.4 0.143 5.75e-08 3.25e-08
-18.6 7.4 0.144 1.2e-07 1e-07
-18.5 7.4 0.146 1.45e-07 1.15e-07
-18.4 7.4 0.148 1.65e-07 1.25e-07
-18.3 7.4 0.149 1.9e-07 1.4e-07
-18.2 7.4 0.151 2.45e-07 1.25e-07
-18.1 7.4 0.153 2.62e-07 1.27e-07
-18 7.4 0.154 1.7e-07 6e-08
-17.9 7.4 0.156 3.25e-08 6.75e-08
-17.8 7.4 0.158 4.35e-07 2.45e-07
-17.7 7.4 0.16 1.63e-07 1.68e-07
-17.6 7.4 0.162 1e-07 6e-08
-17.5 7.4 0.163 8.5e-08 4.5e-08
-17.4 7.4 0.165 7.75e-08 3.25e-08
-17.3 7.4 0.167 7.75e-08 3.25e-08
-17.2 7.4 0.169 7.75e-08 3.25e-08
-17.1 7.4 0.171 7.25e-08 2.75e-08
-17 7.4 0.173 7.25e-08 2.75e-08
-16.9 7.4 0.175 7.25e-08 2.75e-08
-16.8 7.4 0.177 7.25e-08 2.75e-08
-16.7 7.4 0.178 6.5e-08 2.5e-08
-16.6 7.4 0.18 6.5e-08 2.5e-08
-16.5 7.4 0.182 6.5e-08 2.5e-08
-16.4 7.4 0.184 6.75e-08 2.25e-08
-16.3 7.4 0.186 6.5e-08 2.5e-08
-16.2 7.4 0.188 6.75e-08 2.25e-08
-16.1 7.4 0.19 6e-08 2e-08
-16 7.4 0.193 6e-08 2e-08
-15.9 7.4 0.195 6e-08 2e-08
-15.8 7.4 0.197 5.5e-08 2.5e-08
-15.7 7.4 0.199 5.25e-08 1.75e-08
-15.6 7.4 0.201 6e-08 2e-08
-15.5 7.4 0.203 6e-08 2e-08
-15.4 7.4 0.205 5.25e-08 1.75e-08
-15.3 7.4 0.207 5.25e-08 1.75e-08
-15.2 7.4 0.21 4.5e-08 1.5e-08
-15.1 7.4 0.212 4.5e-08 1.5e-08
-15 7.4 0.214 4.5e-08 1.5e-08
-14.9 7.4 0.216 4.5e-08 1.5e-08
-14.8 7.4 0.219 4.5e-08 1.5e-08
-14.7 7.4 0.221 3.75e-08 1.25e-08
-14.6 7.4 0.223 4e-08 2e-08
-14.5 7.4 0.225 3.75e-08 1.25e-08
-14.4 7.4 0.228 3.75e-08 1.25e-08
-14.3 7.4 0.23 3.75e-08 1.25e-08
-14.2 7.4 0.232 3.25e-08 1.75e-08
-14.1 7.4 0.235 3e-08 1e-08
-14 7.4 0.237 2.75e-08 1.25e-08
-13.9 7.4 0.24 2.5e-08 1.5e-08
-13.8 7.4 0.242 2.25e-08 7.5e-09
-13.7 7.4 0.244 4.25e-08 1.75e-08
-13.6 7.4 0.247 2.75e-08 1.25e-08
-13.5 7.4 0.249 2.75e-08 1.25e-08
-13.4 7.4 0.252 1.5e-08 5e-09
-13.3 7.4 0.254 5e-09 5e-09
-13.2 7.4 0.257 0 0
-13.1 7.4 0.259 5e-09 5e-09
-13 7.4 0.262 7.5e-09 2.5e-09
-12.9 7.4 0.264 0 0
-12.8 7.4 0.267 0 0
-12.7 7.4 0.27 7.5e-09 2.5e-09
-12.6 7.4 0.272 1.5e-08 3.5e-08
-12.5 7.4 0.275 1.5e-08 1.5e-08
-12.4 7.4 0.278 1.25e-08 1.75e-08
-12.3 7.4 0.28 1.25e-08 1.75e-08
-12.2 7.4 0.283 1e-08 2e-08
-12.1 7.4 0.286 1.5e-08 2.5e-08
-12 7.4 0.288 1.25e-08 2.75e-08
-11.9 7.4 0.291 1e-08 3e-08
-11.8 7.4 0.294 1.25e-08 3.75e-08
-11.7 7.4 0.296 2e-08 4e-08
-11.6 7.4 0.299 1.25e-08 3.75e-08
-11.5 7.4 0.302 1.5e-08 4.5e-08
-11.4 7.4 0.305 1.75e-08 5.25e-08
-11.3 7.4 0.308 1.75e-08 5.25e-08
-11.2 7.4 0.31 1.75e-08 5.25e-08
-11.1 7.4 0.313 2e-08 6e-08
-11 7.4 0.316 2.75e-08 6.25e-08
-10.9 7.4 0.319 2e-08 6e-08
-10.8 7.4 0.322 2.25e-08 6.75e-08
-10.7 7.4 0.325 2.25e-08 6.75e-08
-10.6 7.4 0.327 2.75e-08 7.25e-08
-10.5 7.4 0.33 3e-08 7e-08
-10.4 7.4 0.333 1.55e-07 1.25e-07
-10.3 7.4 0.336 3.5e-08 8.5e-08
-10.2 7.4 0.339 3e-08 9e-08
-10.1 7.4 0.342 3.5e-08 9.5e-08
-10 7.4 0.345 3e-08 9e-08
-9.9 7.4 0.348 3.5e-08 9.5e-08
-9.8 7.4 0.351 4e-08 1e-07
-9.7 7.4 0.354 3.5e-08 1.05e-07
-9.6 7.4 0.357 3.5e-08 1.05e-07
-9.5 7.4 0.36 3.5e-08 1.05e-07
-9.4 7.4 0.363 4.5e-08 1.15e-07
-9.3 7.4 0.366 4.5e-08 1.15e-07
-9.2 7.4 0.369 4e-08 1.2e-07
-9.1 7.4 0.372 4.75e-08 1.22e-07
-9 7.4 0.375 4.75e-08 1.22e-07
-8.9 7.4 0.378 5e-08 1.3e-07
-8.8 7.4 0.381 5e-08 1.3e-07
-8.7 7.4 0.384 5e-08 1.3e-07
-8.6 7.4 0.388 5.25e-08 1.38e-07
-8.5 7.4 0.391 5.25e-08 1.38e-07
-8.4 7.4 0.394 5.75e-08 1.43e-07
-8.3 7.4 0.397 5.5e-08 1.45e-07
-8.2 7.4 0.4 5.5e-08 1.45e-07
-8.1 7.4 0.403 5.5e-08 1.45e-07
-8 7.4 0.406 5.75e-08 1.52e-07
-7.9 7.4 0.409 6.5e-08 1.55e-07
-7.8 7.4 0.413 6.5e-08 1.55e-07
-7.7 7.4 0.416 6.5e-08 1.55e-07
-7.6 7.4 0.419 6e-08 1.6e-07
-7.5 7.4 0.422 6.75e-08 1.63e-07
-7.4 7.4 0.425 6.25e-08 1.68e-07
-7.3 7.4 0.428 6.75e-08 1.63e-07
-7.2 7.4 0.432 7e-08 1.7e-07
-7.1 7.4 0.435 6.25e-08 1.68e-07
-7 7.4 0.438 7e-08 1.7e-07
-6.9 7.4 0.441 7.25e-08 1.68e-07
-6.8 7.4 0.444 7e-08 1.7e-07
-6.7 7.4 0.448 7e-08 1.7e-07
-6.6 7.4 0.451 7.25e-08 1.77e-07
-6.5 7.4 0.454 7.25e-08 1.77e-07
-6.4 7.4 0.457 7e-08 1.7e-07
-6.3 7.4 0.46 7.25e-08 1.77e-07
-6.2 7.4 0.464 7.75e-08 1.72e-07
-6.1 7.4 0.467 7.25e-08 1.77e-07
-6 7.4 0.47 7.25e-08 1.77e-07
-5.9 7.4 0.473 7.25e-08 1.77e-07
-5.8 7.4 0.477 8e-08 1.8e-07
-5.7 7.4 0.48 7.25e-08 1.77e-07
-5.6 7.4 0.483 8e-08 1.8e-07
-5.5 7.4 0.486 8e-08 1.8e-07
-5.4 7.4 0.489 7.25e-08 1.77e-07
-5.3 7.4 0.493 7.25e-08 1.77e-07
-5.2 7.4 0.496 7.25e-08 1.77e-07
-5.1 7.4 0.499 7.25e-08 1.77e-07
-5 7.4 0.502 7.25e-08 1.77e-07
-4.9 7.4 0.506 7.25e-08 1.77e-07
-4.8 7.4 0.509 7.75e-08 1.72e-07
-4.7 7.4 0.512 7e-08 1.7e-07
-4.6 7.4 0.515 7.75e-08 1.72e-07
-4.5 7.4 0.518 7e-08 1.7e-07
-4.4 7.4 0.522 7.75e-08 1.72e-07
-4.3 7.4 0.525 7.5e-08 1.65e-07
-4.2 7.4 0.528 7e-08 1.7e-07
-4.1 7.4 0.531 7.5e-08 1.65e-07
-4 7.4 0.534 7e-08 1.7e-07
-3.9 7.4 0.538 6.75e-08 1.63e-07
-3.8 7.4 0.541 6.75e-08 1.63e-07
-3.7 7.4 0.544 7.25e-08 1.58e-07
-3.6 7.4 0.547 7.25e-08 1.58e-07
-3.5 7.4 0.55 6.5e-08 1.55e-07
-3.4 7.4 0.553 7e-08 1.5e-07
-3.3 7.4 0.556 6.25e-08 1.47e-07
-3.2 7.4 0.56 6.25e-08 1.47e-07
-3.1 7.4 0.563 6.75e-08 1.43e-07
-3 7.4 0.566 6.25e-08 1.47e-07
-2.9 7.4 0.569 6.5e-08 1.35e-07
-2.8 7.4 0.572 6.5e-08 1.35e-07
-2.7 7.4 0.575 6.5e-08 1.35e-07
-2.6 7.4 0.578 6.25e-08 1.27e-07
-2.5 7.4 0.581 6.25e-08 1.27e-07
-2.4 7.4 0.584 6.25e-08 1.27e-07
-2.3 7.4 0.587 6.25e-08 1.17e-07
-2.2 7.4 0.59 6.25e-08 1.17e-07
-2.1 7.4 0.593 9.5e-08 2.25e-07
-2 7.4 0.596 9e-08 2.1e-07
-1.9 7.4 0.599 8e-08 1.9e-07
-1.8 7.4 0.602 7e-08 1.6e-07
-1.7 7.4 0.605 1.65e-07 2.55e-07
-1.6 7.4 0.608 3.9e-07 2.8e-07
-1.5 7.4 0.611 1.7e-07 2.2e-07
-1.4 7.4 0.614 1.05e-07 1.75e-07
-1.3 7.4 0.617 9e-08 1.6e-07
-1.2 7.4 0.62 8e-08 1.4e-07
-1.1 7.4 0.623 8e-08 1.1e-07
-1 7.4 0.626 7.75e-08 1.02e-07
-0.9 7.4 0.629 6.75e-08 9.25e-08
-0.8 7.4 0.632 5.5e-08 7.5e-08
-0.7 7.4 0.635 5.25e-08 6.75e-08
-0.6 7.4 0.638 4.75e-08 5.25e-08
-0.5 7.4 0.64 3.75e-08 4.25e-08
-0.4 7.4 0.643 3.25e-08 3.75e-08
-0.3 7.4 0.646 2.5e-08 2.5e-08
-0.2 7.4 0.649 1.75e-08 2.25e-08
-0.1 7.4 0.652 7.5e-09 1.25e-08
3.02e-14 7.4 0.654 1.75e-08 5.25e-08
0.1 7.4 0.657 1.75e-08 5.25e-08
0.2 7.4 0.66 1.5e-08 4.5e-08
0.3 7.4 0.662 1.25e-08 3.75e-08
0.4 7.4 0.665 1e-08 3e-08
0.5 7.4 0.668 1e-08 3e-08
0.6 7.4 0.67 7.5e-09 2.25e-08
0.7 7.4 0.673 7.5e-09 2.25e-08
0.8 7.4 0.676 5e-09 1.5e-08
0.9 7.4 0.678 7.5e-09 1.25e-08
1 7.4 0.681 5e-09 1.5e-08
1.1 7.4 0.684 2.5e-09 7.5e-09
1.2 7.4 0.686 5e-09 5e-09
1.3 7.4 0.689 2.5e-09 7.5e-09
1.4 7.4 0.691 7.5e-09 2.5e-09
1.5 7.4 0.694 7.5e-09 2.5e-09
1.6 7.4 0.696 7.5e-09 2.5e-09
1.7 7.4 0.699 1.5e-08 5e-09
1.8 7.4 0.701 1.75e-08 1.25e-08
1.9 7.4 0.704 2.25e-08 7.5e-09
2 7.4 0.706 3e-08 1e-08
2.1 7.4 0.708 2.75e-08 1.25e-08
2.2 7.4 0.711 3.5e-08 1.5e-08
2.3 7.4 0.713 3.75e-08 1.25e-08
2.4 7.4 0.715 4.5e-08 1.5e-08
2.5 7.4 0.718 4.75e-08 2.25e-08
2.6 7.4 0.72 4.75e-08 2.25e-08
2.7 7.4 0.722 5.5e-08 2.5e-08
2.8 7.4 0.725 5.5e-08 2.5e-08
2.9 7.4 0.727 6.25e-08 2.75e-08
3 7.4 0.729 6.75e-08 2.25e-08
3.1 7.4 0.731 6.25e-08 2.75e-08
3.2 7.4 0.733 7e-08 3e-08
3.3 7.4 0.736 7.75e-08 3.25e-08
3.4 7.4 0.738 7.75e-08 3.25e-08
3.5 7.4 0.74 7.75e-08 3.25e-08
3.6 7.4 0.742 7.75e-08 3.25e-08
3.7 7.4 0.744 8.5e-08 3.5e-08
3.8 7.4 0.746 9e-08 3e-08
3.9 7.4 0.748 9e-08 3e-08
4 7.4 0.75 9.25e-08 3.75e-08
4.1 7.4 0.752 1e-07 4e-08
4.2 7.4 0.754 1e-07 4e-08
4.3 7.4 0.756 1e-07 4e-08
4.4 7.4 0.758 1.08e-07 4.25e-08
4.5 7.4 0.76 1.08e-07 4.25e-08
4.6 7.4 0.762 1.08e-07 4.25e-08
4.7 7.4 0.764 1.12e-07 3.75e-08
4.8 7.4 0.765 1.15e-07 4.5e-08
4.9 7.4 0.767 1.15e-07 4.5e-08
5 7.4 0.769 1.2e-07 4e-08
5.1 7.4 0.771 1.22e-07 4.75e-08
5.2 7.4 0.773 1.22e-07 4.75e-08
5.3 7.4 0.774 1.22e-07 4.75e-08
5.4 7.4 0.776 1.3e-07 5e-08
5.5 7.4 0.778 1.3e-07 5e-08
5.6 7.4 0.779 1.38e-07 5.25e-08
5.7 7.4 0.781 1.38e-07 5.25e-08
5.8 7.4 0.783 1.4e-07 6e-08
5.9 7.4 0.784 1.38e-07 5.25e-08
6 7.4 0.786 1.4e-07 6e-08
6.1 7.4 0.787 1.45e-07 5.5e-08
6.2 7.4 0.789 1.45e-07 5.5e-08
6.3 7.4 0.79 1.45e-07 5.5e-08
6.4 7.4 0.792 1.52e-07 5.75e-08
6.5 7.4 0.793 1.52e-07 5.75e-08
6.6 7.4 0.795 1.52e-07 5.75e-08
6.7 7.4 0.796 1.6e-07 6e-08
6.8 7.4 0.798 1.52e-07 5.75e-08
6.9 7.4 0.799 1.6e-07 6e-08
7 7.4 0.8 1.6e-07 6e-08
7.1 7.4 0.802 1.68e-07 6.25e-08
7.2 7.4 0.803 1.68e-07 6.25e-08
7.3 7.4 0.804 1.68e-07 6.25e-08
7.4 7.4 0.806 1.63e-07 6.75e-08
7.5 7.4 0.807 1.68e-07 6.25e-08
7.6 7.4 0.808 1.68e-07 6.25e-08
7.7 7.4 0.809 1.68e-07 6.25e-08
7.8 7.4 0.81 1.75e-07 6.5e-08
7.9 7.4 0.811 1.75e-07 6.5e-08
8 7.4 0.813 1.75e-07 6.5e-08
8.1 7.4 0.814 1.82e-07 6.75e-08
8.2 7.4 0.815 1.75e-07 6.5e-08
8.3 7.4 0.816 1.77e-07 7.25e-08
8.4 7.4 0.817 1.82e-07 6.75e-08
8.5 7.4 0.818 1.82e-07 6.75e-08
8.6 7.4 0.819 1.82e-07 6.75e-08
8.7 7.4 0.82 1.82e-07 6.75e-08
8.8 7.4 0.821 1.82e-07 6.75e-08
8.9 7.4 0.822 1.82e-07 6.75e-08
9 7.4 0.823 1.9e-07 7e-08
9.1 7.4 0.824 1.82e-07 6.75e-08
9.2 7.4 0.824 1.82e-07 6.75e-08
9.3 7.4 0.825 1.82e-07 6.75e-08
9.4 7.4 0.826 1.82e-07 6.75e-08
9.5 7.4 0.827 1.9e-07 7e-08
9.6 7.4 0.828 1.9e-07 7e-08
9.7 7.4 0.828 1.9e-07 7e-08
9.8 7.4 0.829 1.9e-07 7e-08
9.9 7.4 0.83 1.9e-07 7e-08
10 7.4 0.831 1.97e-07 7.25e-08
10.1 7.4 0.831 1.9e-07 7e-08
10.2 7.4 0.832 1.9e-07 7e-08
10.3 7.4 0.832 1.97e-07 7.25e-08
10.4 7.4 0.833 1.9e-07 7e-08
10.5 7.4 0.834 1.9e-07 7e-08
10.6 7.4 0.834 1.97e-07 7.25e-08
10.7 7.4 0.835 1.97e-07 7.25e-08
10.8 7.4 0.835 1.97e-07 7.25e-08
10.9 7.4 0.836 1.97e-07 7.25e-08
11 7.4 0.836 1.97e-07 7.25e-08
11.1 7.4 0.837 1.97e-07 7.25e-08
11.2 7.4 0.837 1.97e-07 7.25e-08
11.3 7.4 0.837 2.02e-07 6.75e-08
11.4 7.4 0.838 1.97e-07 7.25e-08
11.5 7.4 0.838 1.97e-07 7.25e-08
11.6 7.4 0.838 1.97e-07 7.25e-08
11.7 7.4 0.839 1.97e-07 7.25e-08
11.8 7.4 0.839 1.97e-07 7.25e-08
11.9 7.4 0.839 1.97e-07 7.25e-08
12 7.4 0.839 1.97e-07 7.25e-08
12.1 7.4 0.84 2.05e-07 7.5e-08
12.2 7.4 0.84 1.97e-07 7.25e-08
12.3 7.4 0.84 2.05e-07 7.5e-08
12.4 7.4 0.84 1.97e-07 7.25e-08
12.5 7.4 0.84 1.97e-07 7.25e-08
12.6 7.4 0.84 1.97e-07 7.25e-08
12.7 7.4 0.84 1.97e-07 7.25e-08
12.8 7.4 0.841 1.97e-07 7.25e-08
12.9 7.4 0.841 2.05e-07 7.5e-08
13 7.4 0.841 2.05e-07 7.5e-08
13.1 7.4 0.841 2.05e-07 7.5e-08
13.2 7.4 0.841 1.97e-07 7.25e-08
13.3 7.4 0.84 1.97e-07 7.25e-08
13.4 7.4 0.84 1.97e-07 7.25e-08
13.5 7.4 0.84 1.97e-07 7.25e-08
13.6 7.4 0.84 1.97e-07 7.25e-08
13.7 7.4 0.84 2.05e-07 7.5e-08
13.8 7.4 0.84 1.97e-07 7.25e-08
13.9 7.4 0.84 2.05e-07 7.5e-08
14 7.4 0.839 1.97e-07 7.25e-08
14.1 7.4 0.839 1.97e-07 7.25e-08
14.2 7.4 0.839 1.97e-07 7.25e-08
14.3 7.4 0.839 1.97e-07 7.25e-08
14.4 7.4 0.838 1.97e-07 7.25e-08
14.5 7.4 0.838 1.97e-07 7.25e-08
14.6 7.4 0.838 1.97e-07 7.25e-08
14.7 7.4 0.837 2.02e-07 6.75e-08
14.8 7.4 0.837 1.97e-07 7.25e-08
14.9 7.4 0.837 1.97e-07 7.25e-08
15 7.4 0.836 1.97e-07 7.25e-08
15.1 7.4 0.836 1.97e-07 7.25e-08
15.2 7.4 0.835 1.97e-07 7.25e-08
15.3 7.4 0.835 1.97e-07 7.25e-08
15.4 7.4 0.834 1.97e-07 7.25e-08
15.5 7.4 0.834 1.9e-07 7e-08
15.6 7.4 0.833 1.9e-07 7e-08
15.7 7.4 0.832 1.97e-07 7.25e-08
15.8 7.4 0.832 1.9e-07 7e-08
15.9 7.4 0.831 1.9e-07 7e-08
16 7.4 0.831 1.97e-07 7.25e-08
16.1 7.4 0.83 1.9e-07 7e-08
16.2 7.4 0.829 1.9e-07 7e-08
16.3 7.4 0.828 1.9e-07 7e-08
16.4 7.4 0.828 1.9e-07 7e-08
16.5 7.4 0.827 1.9e-07 7e-08
16.6 7.4 0.826 1.82e-07 6.75e-08
16.7 7.4 0.825 1.82e-07 6.75e-08
16.8 7.4 0.824 1.82e-07 6.75e-08
16.9 7.4 0.824 1.82e-07 6.75e-08
17 7.4 0.823 1.9e-07 7e-08
17.1 7.4 0.822 1.82e-07 6.75e-08
17.2 7.4 0.821 1.82e-07 6.75e-08
17.3 7.4 0.82 1.82e-07 6.75e-08
17.4 7.4 0.819 1.82e-07 6.75e-08
17.5 7.4 0.818 1.82e-07 6.75e-08
17.6 7.4 0.817 1.82e-07 6.75e-08
17.7 7.4 0.816 1.77e-07 7.25e-08
17.8 7.4 0.815 1.75e-07 6.5e-08
17.9 7.4 0.814 1.82e-07 6.75e-08
18 7.4 0.813 1.75e-07 6.5e-08
18.1 7.4 0.811 1.75e-07 6.5e-08
18.2 7.4 0.81 1.75e-07 6.5e-08
18.3 7.4 0.809 1.68e-07 6.25e-08
18.4 7.4 0.808 1.68e-07 6.25e-08
18.5 7.4 0.807 1.68e-07 6.25e-08
18.6 7.4 0.806 1.63e-07 6.75e-08
18.7 7.4 0.804 1.68e-07 6.25e-08
18.8 7.4 0.803 1.68e-07 6.25e-08
18.9 7.4 0.802 1.68e-07 6.25e-08
19 7.4 0.8 1.6e-07 6e-08
19.1 7.4 0.799 1.6e-07 6e-08
19.2 7.4 0.798 1.52e-07 5.75e-08
19.3 7.4 0.796 1.6e-07 6e-08
19.4 7.4 0.795 1.52e-07 5.75e-08
19.5 7.4 0.793 1.52e-07 5.75e-08
19.6 7.4 0.792 1.52e-07 5.75e-08
19.7 7.4 0.79 1.45e-07 5.5e-08
19.8 7.4 0.789 1.45e-07 5.5e-08
19.9 7.4 0.787 1.45e-07 5.5e-08
20 7.4 0.786 1.4e-07 6e-08
20.1 7.4 0.784 1.38e-07 5.25e-08
20.2 7.4 0.783 1.4e-07 6e-08
20.3 7.4 0.781 1.38e-07 5.25e-08
20.4 7.4 0.779 1.38e-07 5.25e-08
20.5 7.4 0.778 1.3e-07 5e-08
20.6 7.4 0.776 1.3e-07 5e-08
20.7 7.4 0.774 1.22e-07 4.75e-08
20.8 7.4 0.773 1.22e-07 4.75e-08
20.9 7.4 0.771 1.22e-07 4.75e-08
21 7.4 0.769 1.2e-07 4e-08
21.1 7.4 0.767 1.15e-07 4.5e-08
21.2 7.4 0.765 1.15e-07 4.5e-08
21.3 7.4 0.764 1.12e-07 3.75e-08
21.4 7.4 0.762 1.08e-07 4.25e-08
21.5 7.4 0.76 1.08e-07 4.25e-08
21.6 7.4 0.758 1.08e-07 4.25e-08
21.7 7.4 0.756 1e-07 4e-08
21.8 7.4 0.754 1e-07 4e-08
21.9 7.4 0.752 1e-07 4e-08
22 7.4 0.75 9.25e-08 3.75e-08
22.1 7.4 0.748 9e-08 3e-08
22.2 7.4 0.746 9e-08 3e-08
22.3 7.4 0.744 8.5e-08 3.5e-08
22.4 7.4 0.742 7.75e-08 3.25e-08
22.5 7.4 0.74 7.75e-08 3.25e-08
22.6 7.4 0.738 7.75e-08 3.25e-08
22.7 7.4 0.736 7.75e-08 3.25e-08
22.8 7.4 0.733 7e-08 3e-08
22.9 7.4 0.731 6.25e-08 2.75e-08
23 7.4 0.729 6.75e-08 2.25e-08
23.1 7.4 0.727 6.25e-08 2.75e-08
23.2 7.4 0.725 5.5e-08 2.5e-08
23.3 7.4 0.722 5.5e-08 2.5e-08
23.4 7.4 0.72 4.75e-08 2.25e-08
23.5 7.4 0.718 4.75e-08 2.25e-08
23.6 7.4 0.715 4.5e-08 1.5e-08
23.7 7.4 0.713 3.75e-08 1.25e-08
23.8 7.4 0.711 3.5e-08 1.5e-08
23.9 7.4 0.708 2.75e-08 1.25e-08
24 7.4 0.706 3e-08 1e-08
24.1 7.4 0.704 2.25e-08 7.5e-09
24.2 7.4 0.701 1.75e-08 1.25e-08
24.3 7.4 0.699 1.5e-08 5e-09
24.4 7.4 0.696 7.5e-09 2.5e-09
24.5 7.4 0.694 7.5e-09 2.5e-09
24.6 7.4 0.691 7.5e-09 2.5e-09
24.7 7.4 0.689 2.5e-09 7.5e-09
24.8 7.4 0.686 5e-09 5e-09
24.9 7.4 0.684 2.5e-09 7.5e-09
25 7.4 0.681 5e-09 1.5e-08
25.1 7.4 0.678 7.5e-09 1.25e-08
25.2 7.4 0.676 5e-09 1.5e-08
25.3 7.4 0.673 7.5e-09 2.25e-08
25.4 7.4 0.67 7.5e-09 2.25e-08
25.5 7.4 0.668 1e-08 3e-08
25.6 7.4 0.665 1e-08 3e-08
25.7 7.4 0.662 1.25e-08 3.75e-08
25.8 7.4 0.66 1.5e-08 4.5e-08
25.9 7.4 0.657 1.75e-08 5.25e-08
26 7.4 0.654 1.75e-08 5.25e-08
26.1 7.4 0.652 7.5e-09 1.25e-08
26.2 7.4 0.649 1.75e-08 2.25e-08
26.3 7.4 0.646 2.5e-08 2.5e-08
26.4 7.4 0.643 3.25e-08 3.75e-08
26.5 7.4 0.64 3.75e-08 4.25e-08
26.6 7.4 0.638 4.75e-08 5.25e-08
26.7 7.4 0.635 5.25e-08 6.75e-08
26.8 7.4 0.632 5.5e-08 7.5e-08
26.9 7.4 0.629 6.75e-08 9.25e-08
27 7.4 0.626 7.75e-08 1.02e-07
27.1 7.4 0.623 8e-08 1.1e-07
27.2 7.4 0.62 8e-08 1.4e-07
27.3 7.4 0.617 9e-08 1.6e-07
27.4 7.4 0.614 1.05e-07 1.75e-07
27.5 7.4 0.611 1.7e-07 2.2e-07
27.6 7.4 0.608 3.9e-07 2.8e-07
27.7 7.4 0.605 1.65e-07 2.55e-07
27.8 7.4 0.602 7e-08 1.6e-07
27.9 7.4 0.599 8e-08 1.9e-07
28 7.4 0.596 9e-08 2.1e-07
28.1 7.4 0.593 9.5e-08 2.25e-07
28.2 7.4 0.59 6.25e-08 1.17e-07
28.3 7.4 0.587 6.25e-08 1.17e-07
28.4 7.4 0.584 6.25e-08 1.27e-07
28.5 7.4 0.581 6.25e-08 1.27e-07
28.6 7.4 0.578 6.25e-08 1.27e-07
28.7 7.4 0.575 6.5e-08 1.35e-07
28.8 7.4 0.572 6.5e-08 1.35e-07
28.9 7.4 0.569 6.5e-08 1.35e-07
29 7.4 0.566 6.25e-08 1.47e-07
29.1 7.4 0.563 6.75e-08 1.43e-07
29.2 7.4 0.56 6.25e-08 1.47e-07
29.3 7.4 0.556 6.25e-08 1.47e-07
29.4 7.4 0.553 7e-08 1.5e-07
29.5 7.4 0.55 6.5e-08 1.55e-07
29.6 7.4 0.547 7.25e-08 1.58e-07
29.7 7.4 0.544 7.25e-08 1.58e-07
29.8 7.4 0.541 6.75e-08 1.63e-07
29.9 7.4 0.538 6.75e-08 1.63e-07
30 7.4 0.534 7e-08 1.7e-07
30.1 7.4 0.531 7.5e-08 1.65e-07
30.2 7.4 0.528 7e-08 1.7e-07
30.3 7.4 0.525 7.5e-08 1.65e-07
30.4 7.4 0.522 7.75e-08 1.72e-07
30.5 7.4 0.518 7e-08 1.7e-07
30.6 7.4 0.515 7.75e-08 1.72e-07
30.7 7.4 0.512 7e-08 1.7e-07
30.8 7.4 0.509 7.75e-08 1.72e-07
30.9 7.4 0.506 7.25e-08 1.77e-07
31 7.4 0.502 7.25e-08 1.77e-07
31.1 7.4 0.499 7.25e-08 1.77e-07
31.2 7.4 0.496 7.25e-08 1.77e-07
31.3 7.4 0.493 7.25e-08 1.77e-07
31.4 7.4 0.489 7.25e-08 1.77e-07
31.5 7.4 0.486 8e-08 1.8e-07
31.6 7.4 0.483 8e-08 1.8e-07
31.7 7.4 0.48 7.25e-08 1.77e-07
31.8 7.4 0.477 8e-08 1.8e-07
31.9 7.4 0.473 7.25e-08 1.77e-07
32 7.4 0.47 7.25e-08 1.77e-07
32.1 7.4 0.467 7.25e-08 1.77e-07
32.2 7.4 0.464 7.75e-08 1.72e-07
32.3 7.4 0.46 7.25e-08 1.77e-07
32.4 7.4 0.457 7e-08 1.7e-07
32.5 7.4 0.454 7.25e-08 1.77e-07
32.6 7.4 0.451 7.25e-08 1.77e-07
32.7 7.4 0.448 7e-08 1.7e-07
32.8 7.4 0.444 7e-08 1.7e-07
32.9 7.4 0.441 7.25e-08 1.68e-07
33 7.4 0.438 7e-08 1.7e-07
33.1 7.4 0.435 6.25e-08 1.68e-07
33.2 7.4 0.432 7e-08 1.7e-07
33.3 7.4 0.428 6.75e-08 1.63e-07
33.4 7.4 0.425 6.25e-08 1.68e-07
33.5 7.4 0.422 6.75e-08 1.63e-07
33.6 7.4 0.419 6e-08 1.6e-07
33.7 7.4 0.416 6.5e-08 1.55e-07
33.8 7.4 0.413 6.5e-08 1.55e-07
33.9 7.4 0.409 6.5e-08 1.55e-07
34 7.4 0.406 5.75e-08 1.52e-07
34.1 7.4 0.403 5.5e-08 1.45e-07
34.2 7.4 0.4 5.5e-08 1.45e-07
34.3 7.4 0.397 5.5e-08 1.45e-07
34.4 7.4 0.394 5.75e-08 1.43e-07
34.5 7.4 0.391 5.25e-08 1.38e-07
34.6 7.4 0.388 5.25e-08 1.38e-07
34.7 7.4 0.384 5e-08 1.3e-07
34.8 7.4 0.381 5e-08 1.3e-07
34.9 7.4 0.378 5e-08 1.3e-07
35 7.4 0.375 4.75e-08 1.22e-07
35.1 7.4 0.372 4.75e-08 1.22e-07
35.2 7.4 0.369 4e-08 1.2e-07
35.3 7.4 0.366 4.5e-08 1.15e-07
35.4 7.4 0.363 4.5e-08 1.15e-07
35.5 7.4 0.36 3.5e-08 1.05e-07
35.6 7.4 0.357 3.5e-08 1.05e-07
35.7 7.4 0.354 3.5e-08 1.05e-07
35.8 7.4 0.351 4e-08 1e-07
35.9 7.4 0.348 3.5e-08 9.5e-08
36 7.4 0.345 3e-08 9e-08
36.1 7.4 0.342 3.5e-08 9.5e-08
36.2 7.4 0.339 3e-08 9e-08
36.3 7.4 0.336 3.5e-08 8.5e-08
36.4 7.4 0.333 1.55e-07 1.25e-07
36.5 7.4 0.33 3e-08 7e-08
36.6 7.4 0.327 2.75e-08 7.25e-08
36.7 7.4 0.325 2.25e-08 6.75e-08
36.8 7.4 0.322 2.25e-08 6.75e-08
36.9 7.4 0.319 2e-08 6e-08
37 7.4 0.316 2.75e-08 6.25e-08
37.1 7.4 0.313 2e-08 6e-08
37.2 7.4 0.31 1.75e-08 5.25e-08
37.3 7.4 0.308 1.75e-08 5.25e-08
37.4 7.4 0.305 1.75e-08 5.25e-08
37.5 7.4 0.302 1.5e-08 4.5e-08
37.6 7.4 0.299 1.25e-08 3.75e-08
37.7 7.4 0.296 2e-08 4e-08
37.8 7.4 0.294 1.25e-08 3.75e-08
37.9 7.4 0.291 1e-08 3e-08
38 7.4 0.288 1.25e-08 2.75e-08
38.1 7.4 0.286 1.5e-08 2.5e-08
38.2 7.4 0.283 1e-08 2e-08
38.3 7.4 0.28 1.25e-08 1.75e-08
38.4 7.4 0.278 1.25e-08 1.75e-08
38.5 7.4 0.275 1.5e-08 1.5e-08
38.6 7.4 0.272 1.5e-08 3.5e-08
38.7 7.4 0.27 7.5e-09 2.5e-09
38.8 7.4 0.267 0 0
38.9 7.4 0.264 0 0
39 7.4 0.262 7.5e-09 2.5e-09
39.1 7.4 0.259 5e-09 5e-09
39.2 7.4 0.257 0 0
39.3 7.4 0.254 5e-09 5e-09
39.4 7.4 0.252 1.5e-08 5e-09
39.5 7.4 0.249 2.75e-08 1.25e-08
39.6 7.4 0.247 2.75e-08 1.25e-08
39.7 7.4 0.244 4.25e-08 1.75e-08
39.8 7.4 0.242 2.25e-08 7.5e-09
39.9 7.4 0.24 2.5e-08 1.5e-08
40 7.4 0.237 2.75e-08 1.25e-08
40.1 7.4 0.235 3e-08 1e-08
40.2 7.4 0.232 3.25e-08 1.75e-08
40.3 7.4 0.23 3.75e-08 1.25e-08
40.4 7.4 0.228 3.75e-08 1.25e-08
40.5 7.4 0.225 3.75e-08 1.25e-08
40.6 7.4 0.223 4e-08 2e-08
40.7 7.4 0.221 3.75e-08 1.25e-08
40.8 7.4 0.219 4.5e-08 1.5e-08
40.9 7.4 0.216 4.5e-08 1.5e-08
41 7.4 0.214 4.5e-08 1.5e-08
41.1 7.4 0.212 4.5e-08 1.5e-08
41.2 7.4 0.21 4.5e-08 1.5e-08
41.3 7.4 0.207 5.25e-08 1.75e-08
41.4 7.4 0.205 5.25e-08 1.75e-08
41.5 7.4 0.203 6e-08 2e-08
41.6 7.4 0.201 6e-08 2e-08
41.7 7.4 0.199 5.25e-08 1.75e-08
41.8 7.4 0.197 5.5e-08 2.5e-08
41.9 7.4 0.195 6e-08 2e-08
42 7.4 0.193 6e-08 2e-08
42.1 7.4 0.19 6e-08 2e-08
42.2 7.4 0.188 6.75e-08 2.25e-08
42.3 7.4 0.186 6.5e-08 2.5e-08
42.4 7.4 0.184 6.75e-08 2.25e-08
42.5 7.4 0.182 6.5e-08 2.5e-08
42.6 7.4 0.18 6.5e-08 2.5e-08
42.7 7.4 0.178 6.5e-08 2.5e-08
42.8 7.4 0.177 7.25e-08 2.75e-08
42.9 7.4 0.175 7.25e-08 2.75e-08
43 7.4 0.173 7.25e-08 2.75e-08
43.1 7.4 0.171 7.25e-08 2.75e-08
43.2 7.4 0.169 7.75e-08 3.25e-08
43.3 7.4 0.167 7.75e-08 3.25e-08
43.4 7.4 0.165 7.75e-08 3.25e-08
43.5 7.4 0.163 8.5e-08 4.5e-08
43.6 7.4 0.162 1e-07 6e-08
43.7 7.4 0.16 1.63e-07 1.68e-07
43.8 7.4 0.158 4.35e-07 2.45e-07
43.9 7.4 0.156 3.25e-08 6.75e-08
44 7.4 0.154 1.7e-07 6e-08
44.1 7.4 0.153 2.62e-07 1.27e-07
44.2 7.4 0.151 2.45e-07 1.25e-07
44.3 7.4 0.149 1.9e-07 1.4e-07
44.4 7.4 0.148 1.65e-07 1.25e-07
44.5 7.4 0.146 1.45e-07 1.15e-07
44.6 7.4 0.144 1.2e-07 1e-07
44.7 7.4 0.143 5.75e-08 3.25e-08
44.8 7.4 0.141 6.25e-08 2.75e-08
44.9 7.4 0.139 6.25e-08 2.75e-08
45 7.4 0.138 5.5e-08 2.5e-08
45.1 7.4 0.136 5.5e-08 2.5e-08
45.2 7.4 0.135 6.25e-08 2.75e-08
45.3 7.4 0.133 5.5e-08 2.5e-08
45.4 7.4 0.132 5.5e-08 2.5e-08
45.5 7.4 0.13 5.5e-08 2.5e-08
45.6 7.4 0.129 6e-08 2e-08
45.7 7.4 0.127 6e-08 2e-08
45.8 7.4 0.126 6e-08 2e-08
45.9 7.4 0.124 6e-08 2e-08
46 7.4 0.123 5.25e-08 1.75e-08
46.1 7.4 0.121 5.25e-08 1.75e-08
46.2 7.4 0.12 5.25e-08 1.75e-08
46.3 7.4 0.118 5.75e-08 2.25e-08
46.4 7.4 0.117 5.25e-08 1.75e-08
46.5 7.4 0.116 5.25e-08 1.75e-08
46.6 7.4 0.114 5.25e-08 1.75e-08
46.7 7.4 0.113 5.25e-08 1.75e-08
46.8 7.4 0.112 4.75e-08 2.25e-08
46.9 7.4 0.11 4.75e-08 2.25e-08
47 7.4 0.109 5.25e-08 1.75e-08
47.1 7.4 0.108 4.5e-08 1.5e-08
47.2 7.4 0.106 5.25e-08 1.75e-08
47.3 7.4 0.105 4.5e-08 1.5e-08
47.4 7.4 0.104 4.5e-08 1.5e-08
47.5 7.4 0.103 4.5e-08 1.5e-08
47.6 7.4 0.101 4.5e-08 1.5e-08
47.7 7.4 0.1 4e-08 2e-08
47.8 7.4 0.099 4.22e-08 1.47e-08
47.9 7.4 0.0979 4.15e-08 1.45e-08
48 7.4 0.0967 4.07e-08 1.43e-08
48.1 7.4 0.0955 4.07e-08 1.43e-08
48.2 7.4 0.0944 3.92e-08 1.38e-08
48.3 7.4 0.0932 3.9e-08 1.3e-08
48.4 7.4 0.0921 3.77e-08 1.32e-08
48.5 7.4 0.091 3.68e-08 1.23e-08
48.6 7.4 0.0899 3.6e-08 1.2e-08
48.7 7.4 0.0888 3.53e-08 1.17e-08
48.8 7.4 0.0877 3.45e-08 1.15e-08
48.9 7.4 0.0866 3.42e-08 1.17e-08
49 7.4 0.0856 3.38e-08 1.12e-08
49.1 7.4 0.0845 3.27e-08 1.12e-08
49.2 7.4 0.0835 3.2e-08 1.1e-08
49.3 7.4 0.0825 3.1e-08 1.1e-08
49.4 7.4 0.0815 3.05e-08 1.05e-08
49.5 7.4 0.0805 2.97e-08 1.03e-08
49.6 7.4 0.0795 2.85e-08 9.5e-09
49.7 7.4 0.0785 2.83e-08 9.75e-09
49.8 7.4 0.0776 2.75e-08 9.5e-09
49.9 7.4 0.0766 2.68e-08 9.25e-09
50 7.4 0.0757 2.6e-08 9e-09
50.1 7.4 0.0747 2.53e-08 8.75e-09
50.2 7.4 0.0738 2.38e-08 8.25e-09
50.3 7.4 0.0729 2.38e-08 8.25e-09
50.4 7.4 0.072 2.25e-08 8.5e-09
50.5 7.4 0.0711 2.15e-08 7.5e-09
50.6 7.4 0.0702 2.1e-08 8e-09
50.7 7.4 0.0693 2e-08 7e-09
50.8 7.4 0.0685 2e-08 7e-09
50.9 7.4 0.0676 1.93e-08 6.75e-09
51 7.4 0.0668 1.85e-08 6.5e-09
51.1 7.4 0.066 1.78e-08 6.25e-09
51.2 7.4 0.0651 1.68e-08 6.25e-09
51.3 7.4 0.0643 1.62e-08 5.75e-09
51.4 7.4 0.0635 1.55e-08 5.5e-09
51.5 7.4 0.0627 1.55e-08 5.5e-09
51.6 7.4 0.0619 1.47e-08 5.25e-09
51.7 7.4 0.0612 1.4e-08 5e-09
51.8 7.4 0.0604 1.35e-08 5.5e-09
51.9 7.4 0.0596 1.32e-08 4.75e-09
52 7.4 0.0589 1.25e-08 4.5e-09
52.1 7.4 0.0581 1.17e-08 4.25e-09
52.2 7.4 0.0574 1.1e-08 4e-09
52.3 7.4 0.0567 1.1e-08 4e-09
52.4 7.4 0.056 1.03e-08 3.75e-09
52.5 7.4 0.0553 9.5e-09 3.5e-09
52.6 7.4 0.0546 9.5e-09 3.5e-09
52.7 7.4 0.0539 8.5e-09 3.5e-09
52.8 7.4 0.0532 8e-09 3e-09
52.9 7.4 0.0525 8e-09 3e-09
53 7.4 0.0519 7.25e-09 2.75e-09
53.1 7.4 0.0512 7e-09 3e-09
53.2 7.4 0.0506 6e-09 3e-09
53.3 7.4 0.0499 5.75e-09 2.25e-09
53.4 7.4 0.0493 5.5e-09 2.5e-09
53.5 7.4 0.0487 5e-09 2e-09
53.6 7.4 0.048 5e-09 2e-09
53.7 7.4 0.0474 4.25e-09 1.75e-09
53.8 7.4 0.0468 3.75e-09 2.25e-09
53.9 7.4 0.0462 3.75e-09 2.25e-09
54 7.4 0.0456 3.25e-09 1.75e-09
54.1 7.4 0.045 3e-09 2e-09
54.2 7.4 0.0445 2.5e-09 2.5e-09
54.3 7.4 0.0439 3e-09 4e-09
54.4 7.4 0.0433 7.5e-09 3.5e-09
54.5 7.4 0.0428 1e-09 1e-09
54.6 7.4 0.0422 2.5e-10 7.5e-10
54.7 7.4 0.0417 2.5e-10 7.5e-10
54.8 7.4 0.0412 0 0
54.9 7.4 0.0406 0 0
55 7.4 0.0401 7.5e-10 2.5e-10
55.1 7.4 0.0396 1e-09 1e-09
55.2 7.4 0.0391 2.5e-10 7.5e-10
55.3 7.4 0.0386 1e-09 1e-09
55.4 7.4 0.0381 1e-09 2e-09
55.5 7.4 0.0376 7.5e-10 2.25e-09
55.6 7.4 0.0371 7.5e-10 2.5e-10
55.7 7.4 0.0366 0 0
55.8 7.4 0.0362 2.5e-10 7.5e-10
55.9 7.4 0.0357 5e-10 5e-10
56 7.4 0.0352 1.25e-09 1.75e-09
56.1 7.4 0.0348 1.75e-09 2.25e-09
56.2 7.4 0.0343 1.75e-09 2.25e-09
56.3 7.4 0.0339 2.5e-09 2.5e-09
56.4 7.4 0.0335 2.5e-09 3.5e-09
56.5 7.4 0.033 2.5e-09 3.5e-09
56.6 7.4 0.0326 3.25e-09 4.75e-09
56.7 7.4 0.0322 3.25e-09 4.75e-09
56.8 7.4 0.0318 3.5e-09 5.5e-09
56.9 7.4 0.0313 3e-09 6e-09
57 7.4 0.0309 3.25e-09 6.75e-09
57.1 7.4 0.0305 3.5e-09 7.5e-09
57.2 7.4 0.0301 4e-09 8e-09
57.3 7.4 0.0297 3.75e-09 8.25e-09
57.4 7.4 0.0294 4e-09 9e-09
57.5 7.4 0.029 4e-09 9e-09
57.6 7.4 0.0286 4e-09 9e-09
57.7 7.4 0.0282 4.25e-09 9.75e-09
57.8 7.4 0.0279 4.25e-09 9.75e-09
57.9 7.4 0.0275 4.75e-09 1.03e-08
58 7.4 0.0271 4.75e-09 1.03e-08
58.1 7.4 0.0268 5.25e-09 1.08e-08
58.2 7.4 0.0264 5.25e-09 1.17e-08
58.3 7.4 0.0261 5.25e-09 1.17e-08
58.4 7.4 0.0258 5.75e-09 1.23e-08
58.5 7.4 0.0254 2.75e-09 6.25e-09
58.6 7.4 0.0251 2e-09 6e-09
58.7 7.4 0.0248 2e-09 6e-09
58.8 7.4 0.0244 2.25e-09 6.75e-09
58.9 7.4 0.0241 2.75e-09 6.25e-09
59 7.4 0.0238 2.75e-09 6.25e-09
59.1 7.4 0.0235 2.25e-09 6.75e-09
59.2 7.4 0.0232 2.75e-09 6.25e-09
59.3 7.4 0.0229 3e-09 7e-09
59.4 7.4 0.0226 2.25e-09 6.75e-09
59.5 7.4 0.0223 2.75e-09 7.25e-09
59.6 7.4 0.022 2.5e-09 7.5e-09
59.7 7.4 0.0217 2.25e-09 6.75e-09
59.8 7.4 0.0214 2.25e-09 6.75e-09
59.9 7.4 0.0211 3e-09 7e-09
60 7.4 0.0209 2.5e-09 7.5e-09
60.1 7.4 0.0206 3e-09 7e-09
60.2 7.4 0.0203 2.5e-09 7.5e-09
60.3 7.4 0.02 2.25e-09 6.75e-09
60.4 7.4 0.0198 2.25e-09 6.75e-09
60.5 7.4 0.0195 2.5e-09 7.5e-09
60.6 7.4 0.0193 2.25e-09 6.75e-09
60.7 7.4 0.019 2.5e-09 7.5e-09
60.8 7.4 0.0188 2.5e-09 7.5e-09
60.9 7.4 0.0185 2.25e-09 6.75e-09
61 7.4 0.0183 2.25e-09 6.75e-09
61.1 7.4 0.018 2.25e-09 6.75e-09
61.2 7.4 0.0178 2.25e-09 6.75e-09
61.3 7.4 0.0176 2.25e-09 6.75e-09
61.4 7.4 0.0173 2.75e-09 7.25e-09
61.5 7.4 0.0171 2.75e-09 7.25e-09
61.6 7.4 0.0169 2.25e-09 6.75e-09
61.7 7.4 0.0167 2.25e-09 6.75e-09
61.8 7.4 0.0164 2.25e-09 6.75e-09
61.9 7.4 0.0162 2.5e-09 7.5e-09
62 7.4 0.016 2.25e-09 6.75e-09
62.1 7.4 0.0158 2.5e-09 7.5e-09
62.2 7.4 0.0156 2.25e-09 6.75e-09
62.3 7.4 0.0154 2.5e-09 7.5e-09
62.4 7.4 0.0152 2.25e-09 6.75e-09
62.5 7.4 0.015 2.25e-09 6.75e-09
62.6 7.4 0.0148 2.25e-09 6.75e-09
62.7 7.4 0.0146 2.25e-09 6.75e-09
62.8 7.4 0.0144 2.25e-09 6.75e-09
62.9 7.4 0.0142 2.25e-09 6.75e-09
63 7.4 0.014 2.25e-09 6.75e-09
63.1 7.4 0.0138 2.25e-09 6.75e-09
63.2 7.4 0.0136 2.25e-09 6.75e-09
63.3 7.4 0.0135 2.25e-09 6.75e-09
63.4 7.4 0.0133 2.25e-09 6.75e-09
63.5 7.4 0.0131 2.25e-09 6.75e-09
63.6 7.4 0.0129 2e-09 6e-09
63.7 7.4 0.0128 2e-09 6e-09
63.8 7.4 0.0126 2.25e-09 6.75e-09
63.9 7.4 0.0124 2e-09 6e-09
64 7.4 0.0123 2.25e-09 6.75e-09
64.1 7.4 0.0121 2.25e-09 6.75e-09
64.2 7.4 0.0119 2e-09 6e-09
64.3 7.4 0.0118 2e-09 6e-09
64.4 7.4 0.0116 2e-09 6e-09
64.5 7.4 0.0115 2.25e-09 6.75e-09
64.6 7.4 0.0113 2e-09 6e-09
64.7 7.4 0.0112 2.25e-09 6.75e-09
64.8 7.4 0.011 2e-09 6e-09
64.9 7.4 0.0109 2e-09 6e-09
65 7.4 0.0107 2e-09 6e-09
65.1 7.4 0.0106 2e-09 6e-09
65.2 7.4 0.0105 2e-09 6e-09
65.3 7.4 0.0103 2e-09 6e-09
65.4 7.4 0.0102 2e-09 6e-09
65.5 7.4 0.01 2e-09 6e-09
65.6 7.4 0.00991 1.97e-09 5.72e-09
65.7 7.4 0.00977 1.92e-09 5.68e-09
65.8 7.4 0.00965 1.87e-09 5.62e-09
65.9 7.4 0.00952 1.85e-09 5.55e-09
66 7.4 0.00939 1.87e-09 5.52e-09
66.1 7.4 0.00927 1.87e-09 5.52e-09
66.2 7.4 0.00914 1.85e-09 5.45e-09
66.3 7.4 0.00902 1.8e-09 5.4e-09
66.4 7.4 0.0089 1.8e-09 5.3e-09
66.5 7.4 0.00878 1.75e-09 5.25e-09
66.6 7.4 0.00867 1.77e-09 5.22e-09
66.7 7.4 0.00855 1.75e-09 5.15e-09
66.8 7.4 0.00844 1.7e-09 5.1e-09
66.9 7.4 0.00832 1.72e-09 5.07e-09
67 7.4 0.00821 1.7e-09 5e-09
67.1 7.4 0.0081 1.65e-09 4.95e-09
67.2 7.4 0.008 1.7e-09 5e-09
67.3 7.4 0.00789 1.67e-09 4.93e-09
67.4 7.4 0.00779 1.63e-09 4.87e-09
67.5 7.4 0.00768 1.63e-09 4.77e-09
67.6 7.4 0.00758 1.65e-09 4.75e-09
67.7 7.4 0.00748 1.63e-09 4.77e-09
67.8 7.4 0.00738 1.6e-09 4.7e-09
67.9 7.4 0.00728 1.58e-09 4.63e-09
68 7.4 0.00718 1.58e-09 4.63e-09
68.1 7.4 0.00709 1.55e-09 4.55e-09
68.2 7.4 0.00699 1.53e-09 4.48e-09
68.3 7.4 0.0069 1.53e-09 4.48e-09
68.4 7.4 0.00681 1.47e-09 4.42e-09
68.5 7.4 0.00672 1.5e-09 4.4e-09
68.6 7.4 0.00663 1.47e-09 4.32e-09
68.7 7.4 0.00654 1.47e-09 4.32e-09
68.8 7.4 0.00645 1.45e-09 4.25e-09
68.9 7.4 0.00637 1.4e-09 4.2e-09
69 7.4 0.00628 1.42e-09 4.18e-09
69.1 7.4 0.0062 1.37e-09 4.12e-09
69.2 7.4 0.00612 1.35e-09 4.05e-09
69.3 7.4 0.00603 1.37e-09 4.02e-09
69.4 7.4 0.00595 1.35e-09 3.95e-09
69.5 7.4 0.00587 1.35e-09 3.95e-09
69.6 7.4 0.0058 1.33e-09 3.87e-09
69.7 7.4 0.00572 1.33e-09 3.87e-09
69.8 7.4 0.00564 1.3e-09 3.8e-09
69.9 7.4 0.00557 1.25e-09 3.75e-09
70 7.4 0.00549 1.33e-09 3.77e-09
70.1 7.4 0.00542 1.28e-09 3.72e-09
70.2 7.4 0.00535 1.28e-09 3.63e-09
70.3 7.4 0.00528 1.28e-09 3.63e-09
70.4 7.4 0.00521 1.23e-09 3.58e-09
70.5 7.4 0.00514 1.25e-09 3.55e-09
70.6 7.4 0.00507 1.28e-09 3.43e-09
70.7 7.4 0.005 1.23e-09 3.48e-09
70.8 7.4 0.00493 1.37e-09 3.22e-09
70.9 7.4 0.00487 1.25e-09 3.45e-09
71 7.4 0.0048 1.23e-09 3.38e-09
71.1 7.4 0.00474 1.23e-09 3.38e-09
71.2 7.4 0.00467 1.17e-09 3.32e-09
71.3 7.4 0.00461 1.15e-09 3.25e-09
71.4 7.4 0.00455 1.12e-09 3.27e-09
71.5 7.4 0.00449 1.1e-09 3.2e-09
71.6 7.4 0.00443 1.07e-09 3.12e-09
71.7 7.4 0.00437 1.07e-09 3.12e-09
71.8 7.4 0.00431 1.05e-09 3.05e-09
71.9 7.4 0.00425 1.05e-09 3.05e-09
72 7.4 0.0042 1.03e-09 2.98e-09
72.1 7.4 0.00414 1.03e-09 2.98e-09
72.2 7.4 0.00409 1.03e-09 2.98e-09
72.3 7.4 0.00403 1e-09 2.9e-09
72.4 7.4 0.00398 1e-09 2.9e-09
72.5 7.4 0.00392 9.75e-10 2.83e-09
72.6 7.4 0.00387 9.75e-10 2.83e-09
72.7 7.4 0.00382 9.75e-10 2.83e-09
72.8 7.4 0.00377 9.5e-10 2.75e-09
72.9 7.4 0.00372 9.5e-10 2.75e-09
73 7.4 0.00367 9.25e-10 2.67e-09
73.1 7.4 0.00362 8.75e-10 2.62e-09
73.2 7.4 0.00357 9e-10 2.6e-09
73.3 7.4 0.00352 8.5e-10 2.55e-09
73.4 7.4 0.00348 8.5e-10 2.55e-09
73.5 7.4 0.00343 8.5e-10 2.55e-09
73.6 7.4 0.00338 8.75e-10 2.52e-09
73.7 7.4 0.00334 8.5e-10 2.45e-09
73.8 7.4 0.00329 8.5e-10 2.45e-09
73.9 7.4 0.00325 8e-10 2.4e-09
74 7.4 0.00321 8.25e-10 2.38e-09
74.1 7.4 0.00316 7.75e-10 2.33e-09
74.2 7.4 0.00312 7.75e-10 2.33e-09
74.3 7.4 0.00308 8e-10 2.3e-09
74.4 7.4 0.00304 8e-10 2.3e-09
74.5 7.4 0.003 7.75e-10 2.23e-09
74.6 7.4 0.00296 7.75e-10 2.23e-09
74.7 7.4 0.00292 7.25e-10 2.18e-09
74.8 7.4 0.00288 7.5e-10 2.15e-09
74.9 7.4 0.00284 7.5e-10 2.15e-09
75 7.4 0.0028 7e-10 2.1e-09
75.1 7.4 0.00277 7.25e-10 2.07e-09
75.2 7.4 0.00273 7.25e-10 2.07e-09
75.3 7.4 0.00269 6.75e-10 2.02e-09
75.4 7.4 0.00266 7e-10 2e-09
75.5 7.4 0.00262 6.5e-10 1.95e-09
75.6 7.4 0.00259 7.25e-10 1.97e-09
75.7 7.4 0.00255 6.5e-10 1.95e-09
75.8 7.4 0.00252 6.25e-10 1.87e-09
75.9 7.4 0.00248 6.25e-10 1.87e-09
76 7.4 0.00245 6.25e-10 1.87e-09
76.1 7.4 0.00242 6.5e-10 1.85e-09
76.2 7.4 0.00238 6.5e-10 1.85e-09
76.3 7.4 0.00235 6.25e-10 1.77e-09
76.4 7.4 0.00232 5.75e-10 1.72e-09
76.5 7.4 0.00229 5.75e-10 1.72e-09
76.6 7.4 0.00226 5.75e-10 1.72e-09
76.7 7.4 0.00223 6e-10 1.7e-09
76.8 7.4 0.0022 5.5e-10 1.65e-09
76.9 7.4 0.00217 6e-10 1.7e-09
77 7.4 0.00214 5.5e-10 1.65e-09
77.1 7.4 0.00211 5.75e-10 1.63e-09
77.2 7.4 0.00208 5.5e-10 1.65e-09
77.3 7.4 0.00206 5.75e-10 1.63e-09
77.4 7.4 0.00203 5.5e-10 1.55e-09
77.5 7.4 0.002 5.5e-10 1.55e-09
77.6 7.4 0.00197 5.25e-10 1.58e-09
77.7 7.4 0.00195 5.25e-10 1.47e-09
77.8 7.4 0.00192 5e-10 1.5e-09
77.9 7.4 0.0019 5.25e-10 1.47e-09
78 7.4 0.00187 4.75e-10 1.42e-09
78.1 7.4 0.00185 4.75e-10 1.42e-09
78.2 7.4 0.00182 4.75e-10 1.42e-09
78.3 7.4 0.0018 4.75e-10 1.42e-09
78.4 7.4 0.00177 5e-10 1.4e-09
78.5 7.4 0.00175 4.5e-10 1.35e-09
78.6 7.4 0.00173 4.5e-10 1.35e-09
78.7 7.4 0.0017 4.5e-10 1.35e-09
78.8 7.4 0.00168 4.5e-10 1.35e-09
78.9 7.4 0.00166 4.25e-10 1.28e-09
79 7.4 0.00163 4.25e-10 1.28e-09
79.1 7.4 0.00161 4.25e-10 1.28e-09
79.2 7.4 0.00159 4.5e-10 1.25e-09
79.3 7.4 0.00157 4e-10 1.2e-09
79.4 7.4 0.00155 4.5e-10 1.25e-09
79.5 7.4 0.00153 4.5e-10 1.25e-09
79.6 7.4 0.00151 4e-10 1.2e-09
79.7 7.4 0.00149 4e-10 1.2e-09
79.8 7.4 0.00147 3.75e-10 1.12e-09
79.9 7.4 0.00145 3.75e-10 1.12e-09
80 7.4 0.00143 4e-10 1.1e-09
80.1 7.4 0.00141 4e-10 1.1e-09
80.2 7.4 0.00139 3.75e-10 1.12e-09
80.3 7.4 0.00137 3.5e-10 1.05e-09
80.4 7.4 0.00135 3.5e-10 1.05e-09
80.5 7.4 0.00134 3.75e-10 1.03e-09
80.6 7.4 0.00132 3.5e-10 1.05e-09
80.7 7.4 0.0013 3.25e-10 9.75e-10
80.8 7.4 0.00128 3.25e-10 9.75e-10
80.9 7.4 0.00127 3.25e-10 9.75e-10
81 7.4 0.00125 3.25e-10 9.75e-10
81.1 7.4 0.00123 3.75e-10 1.03e-09
81.2 7.4 0.00121 3.5e-10 9.5e-10
81.3 7.4 0.0012 3.25e-10 9.75e-10
81.4 7.4 0.00118 3e-10 9e-10
81.5 7.4 0.00117 3e-10 9e-10
81.6 7.4 0.00115 3.5e-10 9.5e-10
81.7 7.4 0.00114 3e-10 9e-10
81.8 7.4 0.00112 3e-10 9e-10
81.9 7.4 0.00111 3e-10 9e-10
82 7.4 0.00109 3.25e-10 8.75e-10
82.1 7.4 0.00108 2.75e-10 8.25e-10
82.2 7.4 0.00106 2.75e-10 8.25e-10
82.3 7.4 0.00105 2.75e-10 8.25e-10
82.4 7.4 0.00103 2.75e-10 8.25e-10
82.5 7.4 0.00102 3e-10 8e-10
82.6 7.4 0.00101 2.75e-10 8.25e-10
82.7 7.4 0.000992 2.72e-10 7.97e-10
82.8 7.4 0.000979 2.68e-10 7.83e-10
82.9 7.4 0.000966 2.65e-10 7.75e-10
83 7.4 0.000953 2.6e-10 7.6e-10
83.1 7.4 0.00094 2.6e-10 7.6e-10
83.2 7.4 0.000927 2.55e-10 7.45e-10
83.3 7.4 0.000915 2.5e-10 7.3e-10
83.4 7.4 0.000903 2.48e-10 7.23e-10
83.5 7.4 0.000891 2.45e-10 7.15e-10
83.6 7.4 0.000879 2.42e-10 7.07e-10
83.7 7.4 0.000867 2.4e-10 7e-10
83.8 7.4 0.000855 2.38e-10 6.93e-10
83.9 7.4 0.000844 2.32e-10 6.77e-10
84 7.4 0.000833 2.3e-10 6.7e-10
84.1 7.4 0.000821 2.27e-10 6.63e-10
84.2 7.4 0.00081 2.25e-10 6.55e-10
84.3 7.4 0.000799 2.2e-10 6.4e-10
84.4 7.4 0.000789 2.17e-10 6.33e-10
84.5 7.4 0.000778 2.17e-10 6.33e-10
84.6 7.4 0.000768 2.15e-10 6.25e-10
84.7 7.4 0.000757 2.1e-10 6.1e-10
84.8 7.4 0.000747 2.05e-10 6.05e-10
84.9 7.4 0.000737 2.05e-10 5.95e-10
85 7.4 0.000727 2.02e-10 5.87e-10
85.1 7.4 0.000718 1.97e-10 5.83e-10
85.2 7.4 0.000708 1.97e-10 5.73e-10
85.3 7.4 0.000698 1.95e-10 5.65e-10
85.4 7.4 0.000689 1.93e-10 5.57e-10
85.5 7.4 0.00068 1.87e-10 5.53e-10
85.6 7.4 0.000671 1.87e-10 5.43e-10
85.7 7.4 0.000662 1.85e-10 5.35e-10
85.8 7.4 0.000653 1.82e-10 5.27e-10
85.9 7.4 0.000644 1.82e-10 5.27e-10
86 7.4 0.000635 1.75e-10 5.15e-10
86.1 7.4 0.000627 1.72e-10 5.07e-10
86.2 7.4 0.000619 1.72e-10 4.97e-10
86.3 7.4 0.00061 1.72e-10 4.97e-10
86.4 7.4 0.000602 1.65e-10 4.85e-10
86.5 7.4 0.000594 1.65e-10 4.85e-10
86.6 7.4 0.000586 1.63e-10 4.77e-10
86.7 7.4 0.000578 1.6e-10 4.7e-10
86.8 7.4 0.00057 1.57e-10 4.63e-10
86.9 7.4 0.000563 1.6e-10 4.6e-10
87 7.4 0.000555 1.57e-10 4.52e-10
87.1 7.4 0.000548 1.52e-10 4.48e-10
87.2 7.4 0.00054 1.5e-10 4.4e-10
87.3 7.4 0.000533 1.48e-10 4.33e-10
87.4 7.4 0.000526 1.5e-10 4.3e-10
87.5 7.4 0.000519 1.45e-10 4.25e-10
87.6 7.4 0.000512 1.42e-10 4.18e-10
87.7 7.4 0.000505 1.4e-10 4.1e-10
87.8 7.4 0.000498 1.4e-10 4.1e-10
87.9 7.4 0.000492 1.4e-10 4e-10
88 7.4 0.000485 1.35e-10 3.95e-10
88.1 7.4 0.000479 1.33e-10 3.88e-10
88.2 7.4 0.000472 1.3e-10 3.8e-10
88.3 7.4 0.000466 1.33e-10 3.77e-10
88.4 7.4 0.00046 1.27e-10 3.73e-10
88.5 7.4 0.000453 1.25e-10 3.65e-10
88.6 7.4 0.000447 1.25e-10 3.65e-10
88.7 7.4 0.000441 1.22e-10 3.58e-10
88.8 7.4 0.000435 1.2e-10 3.5e-10
88.9 7.4 0.00043 1.25e-10 3.55e-10
89 7.4 0.000424 1.2e-10 3.5e-10
89.1 7.4 0.000418 1.18e-10 3.43e-10
89.2 7.4 0.000412 1.15e-10 3.35e-10
89.3 7.4 0.000407 1.15e-10 3.35e-10
89.4 7.4 0.000401 1.18e-10 3.32e-10
89.5 7.4 0.000396 1.1e-10 3.2e-10
89.6 7.4 0.000391 1.1e-10 3.2e-10
89.7 7.4 0.000386 1.08e-10 3.13e-10
89.8 7.4 0.00038 1.05e-10 3.05e-10
89.9 7.4 0.000375 1.05e-10 3.05e-10
90 7.4 0.00037 1.05e-10 3.05e-10
90.1 7.4 0.000365 1.02e-10 2.98e-10
90.2 7.4 0.00036 1.02e-10 2.98e-10
90.3 7.4 0.000356 1e-10 2.9e-10
90.4 7.4 0.000351 1e-10 2.9e-10
