-15 0.0368 0.176 0.037 1
-14.6 0.0409 0.193 0.0412 1
-14.2 0.0454 0.211 0.0457 1
-13.8 0.0504 0.229 0.0507 1
-13.4 0.056 0.247 0.0562 1
-13 0.062 0.267 0.0623 1
-12.6 0.0687 0.288 0.0689 1
-12.2 0.076 0.309 0.0762 1
-11.8 0.084 0.332 0.0842 1
-11.4 0.0928 0.357 0.093 1
-11 0.102 0.382 0.102 1
-10.6 0.113 0.409 0.113 1
-10.2 0.124 0.438 0.124 1
-9.8 0.136 0.467 0.136 1
-9.4 0.149 0.497 0.149 1
-9 0.163 0.528 0.163 1
-8.6 0.178 0.56 0.178 1
-8.2 0.194 0.592 0.195 1
-7.8 0.211 0.625 0.212 1
-7.4 0.229 0.658 0.23 1
-7 0.247 0.691 0.249 1
-6.6 0.267 0.723 0.269 1
-6.2 0.288 0.755 0.291 1
-5.8 0.31 0.787 0.313 1
-5.4 0.332 0.817 0.336 1
-5 0.355 0.847 0.36 1
-4.6 0.379 0.875 0.384 1
-4.2 0.403 0.902 0.409 1
-3.8 0.428 0.926 0.435 1
-3.4 0.453 0.949 0.461 1
-3 0.478 0.97 0.488 1
-2.6 0.503 0.989 0.514 1
-2.2 0.529 1.01 0.541 1
-1.8 0.554 1.02 0.568 1
-1.4 0.579 1.03 0.594 1
-1 0.604 1.04 0.62 1
-0.6 0.628 1.05 0.646 1
-0.2 0.652 1.06 0.671 1
0.2 0.675 1.06 0.696 1
0.6 0.698 1.06 0.719 1
1 0.719 1.06 0.742 1
1.4 0.74 1.06 0.764 1
1.8 0.76 1.05 0.785 1.03
2.2 0.779 1.05 0.805 1.03
2.6 0.798 1.04 0.824 1.03
3 0.815 1.03 0.841 1.03
3.4 0.831 1.03 0.858 1.03
3.8 0.847 1.02 0.873 1.03
4.2 0.861 1.01 0.887 1.03
4.6 0.875 0.999 0.901 1.03
5 0.888 0.99 0.913 1.03
5.4 0.9 0.981 0.924 1.03
5.8 0.911 0.972 0.934 1.02
6.2 0.921 0.963 0.943 1.02
6.6 0.931 0.955 0.95 1.02
7 0.941 0.948 0.957 1.02
7.4 0.95 0.942 0.963 1.01
7.8 0.958 0.936 0.969 1.01
8.2 0.966 0.931 0.973 1.01
8.6 0.974 0.927 0.976 1
9 0.982 0.924 0.978 0.997
9.4 0.989 0.922 0.98 0.991
9.8 0.996 0.921 0.981 0.985
10.2 1 0.921 0.981 0.978
10.6 1.01 0.922 0.98 0.97
11 1.02 0.924 0.978 0.961
11.4 1.03 0.927 0.976 0.951
11.8 1.03 0.931 0.973 0.941
12.2 1.04 0.936 0.969 0.93
12.6 1.05 0.942 0.963 0.917
13 1.06 0.948 0.957 0.904
13.4 1.07 0.955 0.95 0.889
13.8 1.08 0.963 0.943 0.874
14.2 1.09 0.972 0.934 0.857
14.6 1.1 0.981 0.924 0.839
15 1.11 0.99 0.913 0.821
15.4 1.13 0.999 0.901 0.8
15.8 1.14 1.01 0.887 0.779
16.2 1.15 1.02 0.873 0.757
16.6 1.17 1.03 0.858 0.734
17 1.18 1.03 0.841 0.71
17.4 1.2 1.04 0.824 0.685
17.8 1.22 1.05 0.805 0.66
18.2 1.24 1.05 0.785 0.633
18.6 1.26 1.06 0.764 0.607
19 1.28 1.06 0.742 0.58
19.4 1.3 1.06 0.719 0.552
19.8 1.32 1.06 0.696 0.525
20.2 1.35 1.06 0.671 0.498
20.6 1.37 1.05 0.646 0.471
21 1.4 1.04 0.62 0.444
21.4 1.42 1.03 0.594 0.418
21.8 1.45 1.02 0.568 0.393
22.2 1.47 1.01 0.541 0.368
22.6 1.5 0.989 0.514 0.344
23 1.52 0.97 0.488 0.32
23.4 1.55 0.949 0.461 0.298
23.8 1.57 0.926 0.435 0.277
24.2 1.6 0.902 0.409 0.256
24.6 1.62 0.875 0.384 0.237
25 1.64 0.847 0.36 0.219
25.4 1.67 0.817 0.336 0.201
25.8 1.69 0.787 0.313 0.185
26.2 1.71 0.755 0.291 0.17
26.6 1.73 0.723 0.269 0.155
27 1.75 0.691 0.249 0.142
27.4 1.77 0.658 0.23 0.13
27.8 1.79 0.625 0.212 0.118
28.2 1.81 0.592 0.195 0.108
28.6 1.82 0.56 0.178 0.0979
29 1.84 0.528 0.163 0.0889
29.4 1.85 0.497 0.149 0.0807
29.8 1.86 0.467 0.136 0.073
30.2 1.88 0.438 0.124 0.0661
30.6 1.89 0.409 0.113 0.0598
31 1.9 0.382 0.102 0.054
31.4 1.91 0.356 0.093 0.0487
31.8 1.92 0.331 0.0842 0.044
32.2 1.92 0.307 0.0762 0.0396
32.6 1.93 0.285 0.0689 0.0357
33 1.94 0.264 0.0623 0.0321
33.4 1.94 0.244 0.0562 0.0289
33.8 1.95 0.225 0.0507 0.026
34.2 1.95 0.208 0.0457 0.0234
34.6 1.96 0.192 0.0411 0.021
35 1.96 0.176 0.037 0.0188
35.4 1.97 0.162 0.0333 0.0169
35.8 1.97 0.149 0.0299 0.0152
36.2 1.97 0.137 0.0269 0.0136
36.6 1.98 0.125 0.0242 0.0122
37 1.98 0.115 0.0217 0.011
37.4 1.98 0.105 0.0195 0.00982
37.8 1.98 0.0962 0.0174 0.0088
38.2 1.98 0.088 0.0157 0.00789
38.6 1.99 0.0804 0.014 0.00707
39 1.99 0.0735 0.0126 0.00634
39.4 1.99 0.0671 0.0113 0.00568
39.8 1.99 0.0612 0.0101 0.00509
40.2 1.99 0.0558 0.00907 0.00456
40.6 1.99 0.0509 0.00812 0.00408
41 1.99 0.0463 0.00728 0.00365
41.4 1.99 0.0422 0.00652 0.00327
41.8 1.99 0.0385 0.00584 0.00293
42.2 2 0.035 0.00523 0.00262
42.6 2 0.0319 0.00468 0.00235
43 2 0.029 0.00419 0.0021
43.4 2 0.0264 0.00375 0.00188
43.8 2 0.024 0.00336 0.00168
44.2 2 0.0218 0.00301 0.00151
44.6 2 0.0198 0.00269 0.00135
45 2 0.018 0.00241 0.00121
45.4 2 0.0163 0.00216 0.00108
45.8 2 0.0148 0.00193 0.000966
46.2 2 0.0135 0.00173 0.000865
46.6 2 0.0122 0.00155 0.000774
47 2 0.0111 0.00139 0.000693
47.4 2 0.0101 0.00124 0.00062
47.8 2 0.00912 0.00111 0.000555
48.2 2 0.00827 0.000993 0.000496
48.6 2 0.0075 0.000889 0.000445
49 2 0.0068 0.000796 0.000398
49.4 2 0.00616 0.000712 0.000356
49.8 2 0.00558 0.000637 0.000319
50.2 2 0.00506 0.00057 0.000285
50.6 2 0.00458 0.00051 0.000255
51 2 0.00415 0.000457 0.000228
51.4 2 0.00376 0.000409 0.000204
51.8 2 0.00341 0.000366 0.000183
52.2 2 0.00308 0.000327 0.000164
52.6 2 0.00279 0.000293 0.000146
53 2 0.00253 0.000262 0.000131
53.4 2 0.00229 0.000235 0.000117
53.8 2 0.00207 0.00021 0.000105
54.2 2 0.00187 0.000188 9.4e-05
54.6 2 0.00169 0.000168 8.4e-05
55 2 0.00153 0.00015 7.51e-05
55.4 2 0.00139 0.000134 6.72e-05
55.8 2 0.00125 0.00012 6.02e-05
56.2 2 0.00113 0.000108 5.39e-05
56.6 2 0.00102 9.65e-05 4.82e-05
57 2 0.000926 8.63e-05 4.31e-05
57.4 2 0.000837 7.72e-05 3.86e-05
57.8 2 0.000757 6.91e-05 3.46e-05
58.2 2 0.000684 6.18e-05 3.09e-05
58.6 2 0.000618 5.53e-05 2.77e-05
59 2 0.000558 4.95e-05 2.48e-05
59.4 2 0.000505 4.43e-05 2.22e-05
59.8 2 0.000456 3.97e-05 1.98e-05
60.2 2 0.000412 3.55e-05 1.77e-05
60.6 2 0.000372 3.17e-05 1.59e-05
61 2 0.000336 2.84e-05 1.42e-05
61.4 2 0.000303 2.54e-05 1.27e-05
61.8 2 0.000274 2.28e-05 1.14e-05
62.2 2 0.000247 2.04e-05 1.02e-05
62.6 2 0.000223 1.82e-05 9.11e-06
63 2 0.000202 1.63e-05 8.15e-06
63.4 2 0.000182 1.46e-05 7.29e-06
63.8 2 0.000164 1.31e-05 6.53e-06
64.2 2 0.000148 1.17e-05 5.85e-06
64.6 2 0.000134 1.05e-05 5.23e-06
65 2 0.000121 9.36e-06 4.68e-06
65.4 2 0.000109 8.37e-06 4.19e-06
65.8 2 9.84e-05 7.49e-06 3.75e-06
66.2 2 8.88e-05 6.7e-06 3.35e-06
66.6 2 8.01e-05 6e-06 3e-06
67 2 7.23e-05 5.37e-06 2.68e-06
67.4 2 6.52e-05 4.8e-06 2.4e-06
67.8 2 5.88e-05 4.3e-06 2.15e-06
68.2 2 5.3e-05 3.85e-06 1.92e-06
68.6 2 4.78e-05 3.44e-06 1.72e-06
69 2 4.32e-05 3.08e-06 1.54e-06
69.4 2 3.89e-05 2.76e-06 1.38e-06
69.8 2 3.51e-05 2.47e-06 1.23e-06
70.2 2 3.17e-05 2.21e-06 1.1e-06
70.6 2 2.85e-05 1.98e-06 9.88e-07
71 2 2.57e-05 1.77e-06 8.84e-07
71.4 2 2.32e-05 1.58e-06 7.91e-07
71.8 2 2.09e-05 1.42e-06 7.08e-07
72.2 2 1.89e-05 1.27e-06 6.33e-07
72.6 2 1.7e-05 1.13e-06 5.66e-07
73 2 1.53e-05 1.01e-06 5.06e-07
73.4 2 1.38e-05 9.07e-07 4.53e-07
73.8 2 1.24e-05 8.12e-07 4.06e-07
74.2 2 1.12e-05 7.26e-07 3.63e-07
74.6 2 1.01e-05 6.5e-07 3.25e-07
75 2 9.11e-06 5.82e-07 2.91e-07
75.4 2 8.21e-06 5.2e-07 2.6e-07
75.8 2 7.4e-06 4.66e-07 2.33e-07
76.2 2 6.66e-06 4.17e-07 2.08e-07
76.6 2 6e-06 3.73e-07 1.87e-07
77 2 5.41e-06 3.34e-07 1.67e-07
77.4 2 4.87e-06 2.99e-07 1.49e-07
77.8 2 4.39e-06 2.67e-07 1.34e-07
78.2 2 3.96e-06 2.39e-07 1.2e-07
78.6 2 3.56e-06 2.14e-07 1.07e-07
79 2 3.21e-06 1.91e-07 9.57e-08
79.4 2 2.89e-06 1.71e-07 8.56e-08
79.8 2 2.6e-06 1.53e-07 7.66e-08
80.2 2 2.34e-06 1.37e-07 6.85e-08
80.6 2 2.11e-06 1.23e-07 6.13e-08
81 2 1.9e-06 1.1e-07 5.49e-08
81.4 2 1.71e-06 9.83e-08 4.92e-08
81.8 2 1.54e-06 8.8e-08 4.4e-08
82.2 2 1.39e-06 7.87e-08 3.94e-08
82.6 2 1.25e-06 7.04e-08 3.52e-08
83 2 1.13e-06 6.3e-08 3.15e-08
83.4 2 1.02e-06 5.64e-08 2.82e-08
83.8 2 9.15e-07 5.05e-08 2.52e-08
84.2 2 8.25e-07 4.52e-08 2.26e-08
84.6 2 7.43e-07 4.04e-08 2.02e-08
85 2 6.69e-07 3.62e-08 1.81e-08
85.4 2 6.03e-07 3.24e-08 1.62e-08
85.8 2 5.44e-07 2.9e-08 1.45e-08
86.2 2 4.9e-07 2.59e-08 1.3e-08
86.6 2 4.41e-07 2.32e-08 1.16e-08
87 2 3.97e-07 2.07e-08 1.04e-08
87.4 2 3.58e-07 1.86e-08 9.29e-09
87.8 2 3.23e-07 1.66e-08 8.32e-09
88.2 2 2.9e-07 1.49e-08 7.44e-09
88.6 2 2.61e-07 1.33e-08 6.65e-09
89 2 2.34e-07 1.19e-08 5.96e-09
89.4 2 2.1e-07 1.07e-08 5.33e-09
89.8 2 1.89e-07 9.55e-09 4.77e-09
90.2 2 1.7e-07 8.53e-09 4.26e-09
90.6 2 1.53e-07 7.63e-09 3.82e-09
91 2 1.38e-07 6.83e-09 3.41e-09
91.4 2 1.24e-07 6.11e-09 3.05e-09
91.8 2 1.12e-07 5.47e-09 2.73e-09
92.2 2 1.01e-07 4.89e-09 2.45e-09
92.6 2 9.07e-08 4.38e-09 2.19e-09
93 2 8.16e-08 3.92e-09 1.96e-09
93.4 2 7.35e-08 3.51e-09 1.75e-09
93.8 2 6.62e-08 3.14e-09 1.57e-09
94.2 2 5.96e-08 2.81e-09 1.4e-09
94.6 2 5.36e-08 2.51e-09 1.26e-09
95 2 4.84e-08 2.25e-09 1.12e-09
95.4 2 4.35e-08 2.01e-09 1.01e-09
95.8 2 3.9e-08 1.8e-09 9e-10
96.2 2 3.5e-08 1.61e-09 8.05e-10
96.6 2 3.13e-08 1.44e-09 7.2e-10
97 2 2.8e-08 1.29e-09 6.44e-10
97.4 2 2.52e-08 1.15e-09 5.76e-10
97.8 2 2.28e-08 1.03e-09 5.16e-10
98.2 2 2.09e-08 9.23e-10 4.62e-10
98.6 2 1.93e-08 8.27e-10 4.13e-10
99 2 1.82e-08 7.38e-10 3.69e-10
99.4 2 1.74e-08 6.54e-10 3.27e-10
99.8 2 1.72e-08 6.09e-10 3.05e-10
