-21.5 0.88 1.01e-09 1.06e-10 1.11e-10
-21.4 0.88 1.13e-09 1.19e-10 1.24e-10
-21.3 0.88 1.27e-09 1.33e-10 1.39e-10
-21.2 0.88 1.42e-09 1.49e-10 1.56e-10
-21.1 0.88 1.59e-09 1.67e-10 1.75e-10
-21 0.88 1.78e-09 1.87e-10 1.96e-10
-20.9 0.88 2e-09 2.1e-10 2.2e-10
-20.8 0.88 2.24e-09 2.35e-10 2.46e-10
-20.7 0.88 2.51e-09 2.63e-10 2.76e-10
-20.6 0.88 2.81e-09 2.95e-10 3.09e-10
-20.5 0.88 3.15e-09 3.31e-10 3.46e-10
-20.4 0.88 3.53e-09 3.7e-10 3.88e-10
-20.3 0.88 3.95e-09 4.15e-10 4.34e-10
-20.2 0.88 4.43e-09 4.65e-10 4.86e-10
-20.1 0.88 4.96e-09 5.21e-10 5.45e-10
-20 0.88 5.56e-09 5.84e-10 6.11e-10
-19.9 0.88 6.23e-09 6.54e-10 6.84e-10
-19.8 0.88 6.98e-09 7.32e-10 7.66e-10
-19.7 0.88 7.82e-09 8.21e-10 8.59e-10
-19.6 0.88 8.76e-09 9.19e-10 9.62e-10
-19.5 0.88 9.81e-09 1.03e-09 1.08e-09
-19.4 0.88 1.1e-08 1.15e-09 1.21e-09
-19.3 0.88 1.23e-08 1.29e-09 1.35e-09
-19.2 0.88 1.38e-08 1.45e-09 1.52e-09
-19.1 0.88 1.55e-08 1.62e-09 1.7e-09
-19 0.88 1.73e-08 1.82e-09 1.9e-09
-18.9 0.88 1.94e-08 2.04e-09 2.13e-09
-18.8 0.88 2.17e-08 2.28e-09 2.39e-09
-18.7 0.88 2.44e-08 2.56e-09 2.67e-09
-18.6 0.88 2.73e-08 2.86e-09 3e-09
-18.5 0.88 3.06e-08 3.21e-09 3.36e-09
-18.4 0.88 3.42e-08 3.6e-09 3.76e-09
-18.3 0.88 3.84e-08 4.03e-09 4.21e-09
-18.2 0.88 4.3e-08 4.51e-09 4.72e-09
-18.1 0.88 4.82e-08 5.06e-09 5.29e-09
-18 0.88 5.4e-08 5.66e-09 5.93e-09
-17.9 0.88 6.04e-08 6.35e-09 6.64e-09
-17.8 0.88 6.77e-08 7.11e-09 7.44e-09
-17.7 0.88 7.59e-08 7.96e-09 8.33e-09
-17.6 0.88 8.5e-08 8.92e-09 9.34e-09
-17.5 0.88 9.52e-08 1e-08 1.05e-08
-17.4 0.88 1.07e-07 1.12e-08 1.17e-08
-17.3 0.88 1.2e-07 1.25e-08 1.31e-08
-17.2 0.88 1.34e-07 1.41e-08 1.47e-08
-17.1 0.88 1.5e-07 1.57e-08 1.65e-08
-17 0.88 1.68e-07 1.76e-08 1.85e-08
-16.9 0.88 1.88e-07 1.98e-08 2.07e-08
-16.8 0.88 2.11e-07 2.21e-08 2.32e-08
-16.7 0.88 2.36e-07 2.48e-08 2.6e-08
-16.6 0.88 2.65e-07 2.78e-08 2.91e-08
-16.5 0.88 2.97e-07 3.11e-08 3.26e-08
-16.4 0.88 3.32e-07 3.49e-08 3.65e-08
-16.3 0.88 3.72e-07 3.91e-08 4.09e-08
-16.2 0.88 4.17e-07 4.38e-08 4.58e-08
-16.1 0.88 4.67e-07 4.91e-08 5.13e-08
-16 0.88 5.24e-07 5.5e-08 5.75e-08
-15.9 0.88 5.87e-07 6.16e-08 6.44e-08
-15.8 0.88 6.57e-07 6.9e-08 7.22e-08
-15.7 0.88 7.36e-07 7.73e-08 8.09e-08
-15.6 0.88 8.25e-07 8.66e-08 9.06e-08
-15.5 0.88 9.24e-07 9.7e-08 1.02e-07
-15.4 0.88 1.04e-06 1.09e-07 1.14e-07
-15.3 0.88 1.16e-06 1.22e-07 1.27e-07
-15.2 0.88 1.3e-06 1.36e-07 1.43e-07
-15.1 0.88 1.46e-06 1.53e-07 1.6e-07
-15 0.88 1.63e-06 1.71e-07 1.79e-07
-14.9 0.88 1.83e-06 1.92e-07 2.01e-07
-14.8 0.88 2.05e-06 2.15e-07 2.25e-07
-14.7 0.88 2.29e-06 2.41e-07 2.52e-07
-14.6 0.88 2.57e-06 2.7e-07 2.82e-07
-14.5 0.88 2.88e-06 3.02e-07 3.16e-07
-14.4 0.88 3.23e-06 3.39e-07 3.54e-07
-14.3 0.88 3.61e-06 3.79e-07 3.97e-07
-14.2 0.88 4.05e-06 4.25e-07 4.45e-07
-14.1 0.88 4.54e-06 4.76e-07 4.98e-07
-14 0.88 5.08e-06 5.33e-07 5.58e-07
-13.9 0.88 5.69e-06 5.98e-07 6.25e-07
-13.8 0.88 6.38e-06 6.7e-07 7e-07
-13.7 0.88 7.15e-06 7.5e-07 7.85e-07
-13.6 0.88 8.01e-06 8.4e-07 8.79e-07
-13.5 0.88 8.97e-06 9.42e-07 9.85e-07
-13.4 0.88 1e-05 1.05e-06 1.1e-06
-13.3 0.88 1.13e-05 1.18e-06 1.24e-06
-13.2 0.88 1.26e-05 1.32e-06 1.38e-06
-13.1 0.88 1.41e-05 1.48e-06 1.55e-06
-13 0.88 1.58e-05 1.66e-06 1.74e-06
-12.9 0.88 1.77e-05 1.86e-06 1.95e-06
-12.8 0.88 1.99e-05 2.09e-06 2.18e-06
-12.7 0.88 2.23e-05 2.34e-06 2.44e-06
-12.6 0.88 2.49e-05 2.62e-06 2.74e-06
-12.5 0.88 2.79e-05 2.93e-06 3.07e-06
-12.4 0.88 3.13e-05 3.28e-06 3.44e-06
-12.3 0.88 3.51e-05 3.68e-06 3.85e-06
-12.2 0.88 3.93e-05 4.12e-06 4.31e-06
-12.1 0.88 4.4e-05 4.62e-06 4.83e-06
-12 0.88 4.93e-05 5.17e-06 5.41e-06
-11.9 0.88 5.52e-05 5.79e-06 6.06e-06
-11.8 0.88 6.19e-05 6.49e-06 6.79e-06
-11.7 0.88 6.93e-05 7.27e-06 7.6e-06
-11.6 0.88 7.77e-05 8.14e-06 8.51e-06
-11.5 0.88 8.7e-05 9.12e-06 9.54e-06
-11.4 0.88 9.75e-05 1.02e-05 1.07e-05
-11.3 0.88 0.000109 1.14e-05 1.2e-05
-11.2 0.88 0.000122 1.28e-05 1.34e-05
-11.1 0.88 0.000137 1.44e-05 1.5e-05
-11 0.88 0.000154 1.61e-05 1.68e-05
-10.9 0.88 0.000172 1.8e-05 1.88e-05
-10.8 0.88 0.000193 2.02e-05 2.11e-05
-10.7 0.88 0.000216 2.26e-05 2.36e-05
-10.6 0.88 0.000242 2.53e-05 2.64e-05
-10.5 0.88 0.000271 2.83e-05 2.95e-05
-10.4 0.88 0.000303 3.17e-05 3.31e-05
-10.3 0.88 0.00034 3.55e-05 3.7e-05
-10.2 0.88 0.000381 3.97e-05 4.14e-05
-10.1 0.88 0.000426 4.44e-05 4.63e-05
-10 0.88 0.000477 4.97e-05 5.18e-05
-9.9 0.88 0.000535 5.56e-05 5.79e-05
-9.8 0.88 0.000599 6.22e-05 6.47e-05
-9.7 0.88 0.00067 6.96e-05 7.24e-05
-9.6 0.88 0.000751 7.78e-05 8.08e-05
-9.5 0.88 0.000841 8.69e-05 9.03e-05
-9.4 0.88 0.000941 9.72e-05 0.000101
-9.3 0.88 0.00105 0.000109 0.000113
-9.2 0.88 0.00118 0.000121 0.000126
-9.1 0.88 0.00132 0.000135 0.00014
-9 0.88 0.00148 0.000151 0.000156
-8.9 0.88 0.00165 0.000169 0.000174
-8.8 0.88 0.00185 0.000188 0.000194
-8.7 0.88 0.00207 0.00021 0.000215
-8.6 0.88 0.00232 0.000233 0.000239
-8.5 0.88 0.00259 0.00026 0.000265
-8.4 0.88 0.0029 0.000289 0.000294
-8.3 0.88 0.00324 0.000321 0.000326
-8.2 0.88 0.00362 0.000356 0.00036
-8.1 0.88 0.00405 0.000395 0.000398
-8 0.88 0.00452 0.000438 0.000439
-7.9 0.88 0.00505 0.000484 0.000482
-7.8 0.88 0.00563 0.000535 0.000529
-7.7 0.88 0.00628 0.00059 0.000579
-7.6 0.88 0.00701 0.000649 0.000632
-7.5 0.88 0.00781 0.000713 0.000687
-7.4 0.88 0.00871 0.000782 0.000744
-7.3 0.88 0.00969 0.000856 0.000803
-7.2 0.88 0.0108 0.000934 0.000862
-7.1 0.88 0.012 0.00102 0.00092
-7 0.88 0.0133 0.0011 0.000975
-6.9 0.88 0.0148 0.00119 0.00103
-6.8 0.88 0.0164 0.00129 0.00107
-6.7 0.88 0.0182 0.00138 0.0011
-6.6 0.88 0.0201 0.00148 0.00112
-6.5 0.88 0.0222 0.00159 0.00113
-6.4 0.88 0.0245 0.00169 0.00111
-6.3 0.88 0.0271 0.0018 0.00107
-6.2 0.88 0.0298 0.00192 0.00104
-6.1 0.88 0.0327 0.00204 0.00134
-6 0.88 0.0359 0.00218 0.00171
-5.9 0.88 0.0394 0.00235 0.00213
-5.8 0.88 0.043 0.00264 0.00253
-5.7 0.88 0.0469 0.00289 0.00313
-5.6 0.88 0.0512 0.00322 0.0038
-5.5 0.88 0.0558 0.00371 0.00458
-5.4 0.88 0.0607 0.00444 0.00547
-5.3 0.88 0.0659 0.00559 0.00652
-5.2 0.88 0.0716 0.00752 0.0078
-5.1 0.88 0.078 0.011 0.00957
-5 0.88 0.0862 0.0185 0.0129
-4.9 0.88 0.101 0.0454 0.0227
-4.8 0.88 0.0218 0.0757 0.211
-4.7 0.88 0.0856 0.0187 0.0379
-4.6 0.88 0.0969 0.0143 0.0227
-4.5 0.88 0.105 0.0128 0.0169
-4.4 0.88 0.114 0.0124 0.015
-4.3 0.88 0.121 0.0125 0.0133
-4.2 0.88 0.129 0.0126 0.0119
-4.1 0.88 0.136 0.0126 0.0106
-4 0.88 0.141 0.0145 0.00705
-3.9 0.88 0.148 0.014 0.00592
-3.8 0.88 0.154 0.0131 0.00811
-3.7 0.88 0.161 0.0116 0.00997
-3.6 0.88 0.164 0.00592 0.00714
-3.5 0.88 0.171 0.00773 0.00755
-3.4 0.88 0.178 0.00921 0.00958
-3.3 0.88 0.186 0.0102 0.0125
-3.2 0.88 0.195 0.0105 0.0149
-3.1 0.88 0.205 0.0102 0.0164
-3 0.88 0.216 0.00911 0.0168
-2.9 0.88 0.232 0.0164 0.0205
-2.8 0.88 0.244 0.0189 0.0183
-2.7 0.88 0.247 0.00673 0.0118
-2.6 0.88 0.259 0.00563 0.0112
-2.5 0.88 0.273 0.0114 0.013
-2.4 0.88 0.285 0.0114 0.011
-2.3 0.88 0.296 0.0102 0.00836
-2.2 0.88 0.313 0.0106 0.00677
-2.1 0.88 0.324 0.0122 0.00666
-2 0.88 0.334 0.0124 0.00601
-1.9 0.88 0.34 0.00128 0.00135
-1.8 0.88 0.351 0.0118 0.0107
-1.7 0.88 0.364 0.00629 0.00258
-1.6 0.88 0.374 0.00116 0.00115
-1.5 0.88 0.385 0.000758 0.00098
-1.4 0.88 0.396 0.000366 0.000885
-1.3 0.88 0.408 0.000474 0.00105
-1.2 0.88 0.42 0.00621 0.00686
-1.1 0.88 0.432 0.000533 0.00083
-1 0.88 0.443 0.00055 0.000608
-0.9 0.88 0.455 0.000599 0.000643
-0.8 0.88 0.467 0.00068 0.000745
-0.7 0.88 0.479 0.000951 0.000664
-0.6 0.88 0.491 0.00101 0.00133
-0.5 0.88 0.503 0.0011 0.00146
-0.4 0.88 0.514 0.00112 0.00147
-0.3 0.88 0.526 0.00077 0.00108
-0.2 0.88 0.539 0.00279 0.00153
-0.1 0.88 0.549 0.000479 0.0011
3.38e-14 0.88 0.561 0.000617 0.00141
0.1 0.88 0.572 0.000903 0.00201
0.2 0.88 0.585 0.00425 0.0039
0.3 0.88 0.596 0.00538 0.00527
0.4 0.88 0.608 0.00529 0.00401
0.5 0.88 0.618 0.0066 0.00877
0.6 0.88 0.632 0.0227 0.0187
0.7 0.88 0.638 0.00324 0.00583
0.8 0.88 0.649 0.00333 0.00479
0.9 0.88 0.654 0.00919 0.0212
1 0.88 0.664 0.0102 0.0203
1.1 0.88 0.674 0.0105 0.0177
1.2 0.88 0.692 0.0074 0.0132
1.3 0.88 0.703 0.0107 0.0149
1.4 0.88 0.714 0.0133 0.0153
1.5 0.88 0.725 0.0151 0.0145
1.6 0.88 0.74 0.0123 0.00525
1.7 0.88 0.75 0.0126 0.00618
1.8 0.88 0.751 0.0171 0.0203
1.9 0.88 0.762 0.0185 0.0179
2 0.88 0.772 0.0188 0.0146
2.1 0.88 0.785 0.0144 0.00717
2.2 0.88 0.793 0.0135 0.00755
2.3 0.88 0.801 0.0122 0.0075
2.4 0.88 0.808 0.0106 0.00712
2.5 0.88 0.814 0.00882 0.00648
2.6 0.88 0.82 0.00707 0.00567
2.7 0.88 0.826 0.00541 0.00479
2.8 0.88 0.831 0.0039 0.00389
2.9 0.88 0.836 0.00344 0.00302
3 0.88 0.841 0.00296 0.00223
3.1 0.88 0.846 0.00385 0.002
3.2 0.88 0.851 0.00353 0.00146
3.3 0.88 0.855 0.00314 0.00115
3.4 0.88 0.859 0.00273 0.00152
3.5 0.88 0.863 0.00233 0.00174
3.6 0.88 0.867 0.00195 0.00185
3.7 0.88 0.87 0.00127 0.00355
3.8 0.88 0.873 0.00124 0.00322
3.9 0.88 0.877 0.00119 0.0029
4 0.88 0.88 0.00112 0.00259
4.1 0.88 0.883 0.00103 0.0023
4.2 0.88 0.885 0.000944 0.00202
4.3 0.88 0.888 0.000853 0.00177
4.4 0.88 0.89 0.000764 0.00154
4.5 0.88 0.892 0.00068 0.00133
4.6 0.88 0.894 0.000605 0.00113
4.7 0.88 0.896 0.000544 0.000934
4.8 0.88 0.898 0.000522 0.000715
4.9 0.88 0.899 0.00075 0.00104
5 0.88 0.901 0.00256 0.00132
5.1 0.88 0.902 0.00102 0.000588
5.2 0.88 0.902 0.00156 0.00344
5.3 0.88 0.905 0.000812 0.000567
5.4 0.88 0.905 0.000351 0.000364
5.5 0.88 0.906 0.000222 0.000284
5.6 0.88 0.907 0.000162 0.000235
5.7 0.88 0.907 0.000126 0.000198
5.8 0.88 0.908 0.000102 0.000169
5.9 0.88 0.909 8.52e-05 0.000146
6 0.88 0.909 0.000106 0.000173
6.1 0.88 0.909 9.1e-05 0.000149
6.2 0.88 0.91 7.86e-05 0.000128
6.3 0.88 0.91 6.82e-05 0.00011
6.4 0.88 0.911 5.94e-05 9.47e-05
6.5 0.88 0.911 5.2e-05 8.12e-05
6.6 0.88 0.911 4.56e-05 6.94e-05
6.7 0.88 0.911 4.54e-05 5.39e-05
6.8 0.88 0.912 3.98e-05 4.59e-05
6.9 0.88 0.912 3.5e-05 3.89e-05
7 0.88 0.912 3.1e-05 3.28e-05
7.1 0.88 0.912 2.77e-05 2.75e-05
7.2 0.88 0.912 2.51e-05 2.3e-05
7.3 0.88 0.912 2.34e-05 1.92e-05
7.4 0.88 0.912 2.29e-05 1.61e-05
7.5 0.88 0.912 2.49e-05 1.43e-05
7.6 0.88 0.913 3.55e-05 2.18e-05
7.7 0.88 0.913 0.000265 9.67e-05
7.8 0.88 0.913 1.47e-05 2.47e-05
7.9 0.88 0.913 8.84e-06 7.59e-06
8 0.88 0.913 6.22e-06 3.19e-06
8.1 0.88 0.913 4.61e-06 2.46e-06
8.2 0.88 0.913 3.47e-06 2.03e-06
8.3 0.88 0.913 2.59e-06 1.54e-06
8.4 0.88 0.913 1.87e-06 1.05e-06
8.5 0.88 0.913 1.3e-06 6.02e-07
8.6 0.88 0.913 8.18e-07 4.93e-07
8.7 0.88 0.913 4.08e-07 3.82e-07
8.8 0.88 0.913 6.05e-07 3.95e-07
8.9 0.88 0.913 1.2e-06 1.02e-06
9 0.88 0.913 1.55e-06 1.1e-06
9.1 0.88 0.913 1.85e-06 1.15e-06
9.2 0.88 0.913 2.12e-06 1.2e-06
9.3 0.88 0.913 2.36e-06 1.25e-06
9.4 0.88 0.913 2.57e-06 1.29e-06
9.5 0.88 0.913 2.76e-06 1.33e-06
9.6 0.88 0.913 2.93e-06 1.37e-06
9.7 0.88 0.913 3.09e-06 1.39e-06
9.8 0.88 0.913 3.22e-06 1.42e-06
9.9 0.88 0.913 3.34e-06 1.45e-06
10 0.88 0.913 3.45e-06 1.46e-06
10.1 0.88 0.913 3.54e-06 1.49e-06
10.2 0.88 0.913 3.63e-06 1.51e-06
10.3 0.88 0.913 3.7e-06 1.53e-06
10.4 0.88 0.913 3.77e-06 1.54e-06
10.5 0.88 0.913 3.83e-06 1.55e-06
10.6 0.88 0.913 3.88e-06 1.56e-06
10.7 0.88 0.913 3.92e-06 1.57e-06
10.8 0.88 0.913 3.97e-06 1.58e-06
10.9 0.88 0.913 4.01e-06 1.6e-06
11 0.88 0.913 4.04e-06 1.6e-06
11.1 0.88 0.913 4.07e-06 1.61e-06
11.2 0.88 0.913 4.09e-06 1.61e-06
11.3 0.88 0.913 4.12e-06 1.62e-06
11.4 0.88 0.913 4.14e-06 1.63e-06
11.5 0.88 0.913 4.16e-06 1.62e-06
11.6 0.88 0.913 4.18e-06 1.63e-06
11.7 0.88 0.913 4.19e-06 1.64e-06
11.8 0.88 0.913 4.21e-06 1.64e-06
11.9 0.88 0.913 4.22e-06 1.64e-06
12 0.88 0.913 4.23e-06 1.64e-06
12.1 0.88 0.913 4.24e-06 1.65e-06
12.2 0.88 0.913 4.24e-06 1.65e-06
12.3 0.88 0.913 4.26e-06 1.65e-06
12.4 0.88 0.913 4.26e-06 1.65e-06
12.5 0.88 0.913 4.26e-06 1.66e-06
12.6 0.88 0.913 4.27e-06 1.66e-06
12.7 0.88 0.913 4.28e-06 1.66e-06
12.8 0.88 0.913 4.28e-06 1.66e-06
12.9 0.88 0.913 4.28e-06 1.66e-06
13 0.88 0.913 4.28e-06 1.66e-06
13.1 0.88 0.913 4.29e-06 1.66e-06
13.2 0.88 0.913 4.3e-06 1.66e-06
13.3 0.88 0.913 4.3e-06 1.66e-06
13.4 0.88 0.913 4.3e-06 1.66e-06
13.5 0.88 0.913 4.3e-06 1.66e-06
13.6 0.88 0.913 4.3e-06 1.67e-06
13.7 0.88 0.913 4.3e-06 1.66e-06
13.8 0.88 0.913 4.3e-06 1.66e-06
13.9 0.88 0.913 4.3e-06 1.66e-06
14 0.88 0.913 4.3e-06 1.66e-06
14.1 0.88 0.913 4.3e-06 1.66e-06
14.2 0.88 0.913 4.3e-06 1.66e-06
14.3 0.88 0.913 4.3e-06 1.66e-06
14.4 0.88 0.913 4.3e-06 1.67e-06
14.5 0.88 0.913 4.3e-06 1.66e-06
14.6 0.88 0.913 4.3e-06 1.66e-06
14.7 0.88 0.913 4.3e-06 1.66e-06
14.8 0.88 0.913 4.3e-06 1.66e-06
14.9 0.88 0.913 4.29e-06 1.66e-06
15 0.88 0.913 4.28e-06 1.66e-06
15.1 0.88 0.913 4.28e-06 1.66e-06
15.2 0.88 0.913 4.28e-06 1.66e-06
15.3 0.88 0.913 4.28e-06 1.66e-06
15.4 0.88 0.913 4.27e-06 1.66e-06
15.5 0.88 0.913 4.26e-06 1.66e-06
15.6 0.88 0.913 4.26e-06 1.65e-06
15.7 0.88 0.913 4.26e-06 1.65e-06
15.8 0.88 0.913 4.24e-06 1.65e-06
15.9 0.88 0.913 4.24e-06 1.65e-06
16 0.88 0.913 4.23e-06 1.64e-06
16.1 0.88 0.913 4.22e-06 1.64e-06
16.2 0.88 0.913 4.21e-06 1.64e-06
16.3 0.88 0.913 4.19e-06 1.64e-06
16.4 0.88 0.913 4.18e-06 1.63e-06
16.5 0.88 0.913 4.16e-06 1.62e-06
16.6 0.88 0.913 4.14e-06 1.63e-06
16.7 0.88 0.913 4.12e-06 1.62e-06
16.8 0.88 0.913 4.09e-06 1.61e-06
16.9 0.88 0.913 4.07e-06 1.61e-06
17 0.88 0.913 4.04e-06 1.6e-06
17.1 0.88 0.913 4.01e-06 1.6e-06
17.2 0.88 0.913 3.97e-06 1.58e-06
17.3 0.88 0.913 3.92e-06 1.57e-06
17.4 0.88 0.913 3.88e-06 1.56e-06
17.5 0.88 0.913 3.83e-06 1.55e-06
17.6 0.88 0.913 3.77e-06 1.54e-06
17.7 0.88 0.913 3.7e-06 1.53e-06
17.8 0.88 0.913 3.63e-06 1.51e-06
17.9 0.88 0.913 3.54e-06 1.49e-06
18 0.88 0.913 3.45e-06 1.46e-06
18.1 0.88 0.913 3.34e-06 1.45e-06
18.2 0.88 0.913 3.22e-06 1.42e-06
18.3 0.88 0.913 3.09e-06 1.39e-06
18.4 0.88 0.913 2.93e-06 1.37e-06
18.5 0.88 0.913 2.76e-06 1.33e-06
18.6 0.88 0.913 2.57e-06 1.29e-06
18.7 0.88 0.913 2.36e-06 1.25e-06
18.8 0.88 0.913 2.12e-06 1.2e-06
18.9 0.88 0.913 1.85e-06 1.15e-06
19 0.88 0.913 1.55e-06 1.1e-06
19.1 0.88 0.913 1.2e-06 1.02e-06
19.2 0.88 0.913 6.05e-07 3.95e-07
19.3 0.88 0.913 4.08e-07 3.82e-07
19.4 0.88 0.913 8.18e-07 4.93e-07
19.5 0.88 0.913 1.3e-06 6.02e-07
19.6 0.88 0.913 1.87e-06 1.05e-06
19.7 0.88 0.913 2.59e-06 1.54e-06
19.8 0.88 0.913 3.47e-06 2.03e-06
19.9 0.88 0.913 4.61e-06 2.46e-06
20 0.88 0.913 6.22e-06 3.19e-06
20.1 0.88 0.913 8.84e-06 7.59e-06
20.2 0.88 0.913 1.47e-05 2.47e-05
20.3 0.88 0.913 0.000265 9.67e-05
20.4 0.88 0.913 3.55e-05 2.18e-05
20.5 0.88 0.912 2.49e-05 1.43e-05
20.6 0.88 0.912 2.29e-05 1.61e-05
20.7 0.88 0.912 2.34e-05 1.92e-05
20.8 0.88 0.912 2.51e-05 2.3e-05
20.9 0.88 0.912 2.77e-05 2.75e-05
21 0.88 0.912 3.1e-05 3.28e-05
21.1 0.88 0.912 3.5e-05 3.89e-05
21.2 0.88 0.912 3.98e-05 4.59e-05
21.3 0.88 0.911 4.54e-05 5.39e-05
21.4 0.88 0.911 4.56e-05 6.94e-05
21.5 0.88 0.911 5.2e-05 8.12e-05
21.6 0.88 0.911 5.94e-05 9.47e-05
21.7 0.88 0.91 6.82e-05 0.00011
21.8 0.88 0.91 7.86e-05 0.000128
21.9 0.88 0.909 9.1e-05 0.000149
22 0.88 0.909 0.000106 0.000173
22.1 0.88 0.909 8.52e-05 0.000146
22.2 0.88 0.908 0.000102 0.000169
22.3 0.88 0.907 0.000126 0.000198
22.4 0.88 0.907 0.000162 0.000235
22.5 0.88 0.906 0.000222 0.000284
22.6 0.88 0.905 0.000351 0.000364
22.7 0.88 0.905 0.000812 0.000567
22.8 0.88 0.902 0.00156 0.00344
22.9 0.88 0.902 0.00102 0.000588
23 0.88 0.901 0.00256 0.00132
23.1 0.88 0.899 0.00075 0.00104
23.2 0.88 0.898 0.000522 0.000715
23.3 0.88 0.896 0.000544 0.000934
23.4 0.88 0.894 0.000605 0.00113
23.5 0.88 0.892 0.00068 0.00133
23.6 0.88 0.89 0.000764 0.00154
23.7 0.88 0.888 0.000853 0.00177
23.8 0.88 0.885 0.000944 0.00202
23.9 0.88 0.883 0.00103 0.0023
24 0.88 0.88 0.00112 0.00259
24.1 0.88 0.877 0.00119 0.0029
24.2 0.88 0.873 0.00124 0.00322
24.3 0.88 0.87 0.00127 0.00355
24.4 0.88 0.867 0.00195 0.00185
24.5 0.88 0.863 0.00233 0.00174
24.6 0.88 0.859 0.00273 0.00152
24.7 0.88 0.855 0.00314 0.00115
24.8 0.88 0.851 0.00353 0.00146
24.9 0.88 0.846 0.00385 0.002
25 0.88 0.841 0.00296 0.00223
25.1 0.88 0.836 0.00344 0.00302
25.2 0.88 0.831 0.0039 0.00389
25.3 0.88 0.826 0.00541 0.00479
25.4 0.88 0.82 0.00707 0.00567
25.5 0.88 0.814 0.00882 0.00648
25.6 0.88 0.808 0.0106 0.00712
25.7 0.88 0.801 0.0122 0.0075
25.8 0.88 0.793 0.0135 0.00755
25.9 0.88 0.785 0.0144 0.00717
26 0.88 0.772 0.0188 0.0146
26.1 0.88 0.762 0.0185 0.0179
26.2 0.88 0.751 0.0171 0.0203
26.3 0.88 0.75 0.0126 0.00618
26.4 0.88 0.74 0.0123 0.00525
26.5 0.88 0.725 0.0151 0.0145
26.6 0.88 0.714 0.0133 0.0153
26.7 0.88 0.703 0.0107 0.0149
26.8 0.88 0.692 0.0074 0.0132
26.9 0.88 0.674 0.0105 0.0177
27 0.88 0.664 0.0102 0.0203
27.1 0.88 0.654 0.00919 0.0212
27.2 0.88 0.649 0.00333 0.00479
27.3 0.88 0.638 0.00324 0.00583
27.4 0.88 0.632 0.0227 0.0187
27.5 0.88 0.618 0.0066 0.00877
27.6 0.88 0.608 0.00529 0.00401
27.7 0.88 0.596 0.00538 0.00527
27.8 0.88 0.585 0.00425 0.0039
27.9 0.88 0.572 0.000903 0.00201
28 0.88 0.561 0.000617 0.00141
28.1 0.88 0.549 0.000479 0.0011
28.2 0.88 0.539 0.00279 0.00153
28.3 0.88 0.526 0.00077 0.00108
28.4 0.88 0.514 0.00112 0.00147
28.5 0.88 0.503 0.0011 0.00146
28.6 0.88 0.491 0.00101 0.00133
28.7 0.88 0.479 0.000951 0.000664
28.8 0.88 0.467 0.00068 0.000745
28.9 0.88 0.455 0.000599 0.000643
29 0.88 0.443 0.00055 0.000608
29.1 0.88 0.432 0.000533 0.00083
29.2 0.88 0.42 0.00621 0.00686
29.3 0.88 0.408 0.000474 0.00105
29.4 0.88 0.396 0.000366 0.000885
29.5 0.88 0.385 0.000758 0.00098
29.6 0.88 0.374 0.00116 0.00115
29.7 0.88 0.364 0.00629 0.00258
29.8 0.88 0.351 0.0118 0.0107
29.9 0.88 0.34 0.00128 0.00135
30 0.88 0.334 0.0124 0.00601
30.1 0.88 0.324 0.0122 0.00666
30.2 0.88 0.313 0.0106 0.00677
30.3 0.88 0.296 0.0102 0.00836
30.4 0.88 0.285 0.0114 0.011
30.5 0.88 0.273 0.0114 0.013
30.6 0.88 0.259 0.00563 0.0112
30.7 0.88 0.247 0.00673 0.0118
30.8 0.88 0.244 0.0189 0.0183
30.9 0.88 0.232 0.0164 0.0205
31 0.88 0.216 0.00911 0.0168
31.1 0.88 0.205 0.0102 0.0164
31.2 0.88 0.195 0.0105 0.0149
31.3 0.88 0.186 0.0102 0.0125
31.4 0.88 0.178 0.00921 0.00958
31.5 0.88 0.171 0.00773 0.00755
31.6 0.88 0.164 0.00592 0.00714
31.7 0.88 0.161 0.0116 0.00997
31.8 0.88 0.154 0.0131 0.00811
31.9 0.88 0.148 0.014 0.00592
32 0.88 0.141 0.0145 0.00705
32.1 0.88 0.136 0.0126 0.0106
32.2 0.88 0.129 0.0126 0.0119
32.3 0.88 0.121 0.0125 0.0133
32.4 0.88 0.114 0.0124 0.015
32.5 0.88 0.105 0.0128 0.0169
32.6 0.88 0.0969 0.0143 0.0227
32.7 0.88 0.0856 0.0187 0.0379
32.8 0.88 0.0218 0.0757 0.211
32.9 0.88 0.101 0.0454 0.0227
33 0.88 0.0862 0.0185 0.0129
33.1 0.88 0.078 0.011 0.00957
33.2 0.88 0.0716 0.00752 0.0078
33.3 0.88 0.0659 0.00559 0.00652
33.4 0.88 0.0607 0.00444 0.00547
33.5 0.88 0.0558 0.00371 0.00458
33.6 0.88 0.0512 0.00322 0.0038
33.7 0.88 0.0469 0.00289 0.00313
33.8 0.88 0.043 0.00264 0.00253
33.9 0.88 0.0394 0.00235 0.00213
34 0.88 0.0359 0.00218 0.00171
34.1 0.88 0.0327 0.00204 0.00134
34.2 0.88 0.0298 0.00192 0.00104
34.3 0.88 0.0271 0.0018 0.00107
34.4 0.88 0.0245 0.00169 0.00111
34.5 0.88 0.0222 0.00159 0.00113
34.6 0.88 0.0201 0.00148 0.00112
34.7 0.88 0.0182 0.00138 0.0011
34.8 0.88 0.0164 0.00129 0.00107
34.9 0.88 0.0148 0.00119 0.00103
35 0.88 0.0133 0.0011 0.000975
35.1 0.88 0.012 0.00102 0.00092
35.2 0.88 0.0108 0.000934 0.000862
35.3 0.88 0.00969 0.000856 0.000803
35.4 0.88 0.00871 0.000782 0.000744
35.5 0.88 0.00781 0.000713 0.000687
35.6 0.88 0.00701 0.000649 0.000632
35.7 0.88 0.00628 0.00059 0.000579
35.8 0.88 0.00563 0.000535 0.000529
35.9 0.88 0.00505 0.000484 0.000482
36 0.88 0.00452 0.000438 0.000439
36.1 0.88 0.00405 0.000395 0.000398
36.2 0.88 0.00362 0.000356 0.00036
36.3 0.88 0.00324 0.000321 0.000326
36.4 0.88 0.0029 0.000289 0.000294
36.5 0.88 0.00259 0.00026 0.000265
36.6 0.88 0.00232 0.000233 0.000239
36.7 0.88 0.00207 0.00021 0.000215
36.8 0.88 0.00185 0.000188 0.000194
36.9 0.88 0.00165 0.000169 0.000174
37 0.88 0.00148 0.000151 0.000156
37.1 0.88 0.00132 0.000135 0.00014
37.2 0.88 0.00118 0.000121 0.000126
37.3 0.88 0.00105 0.000109 0.000113
37.4 0.88 0.000941 9.72e-05 0.000101
37.5 0.88 0.000841 8.69e-05 9.03e-05
37.6 0.88 0.000751 7.78e-05 8.08e-05
37.7 0.88 0.00067 6.96e-05 7.24e-05
37.8 0.88 0.000599 6.22e-05 6.47e-05
37.9 0.88 0.000535 5.56e-05 5.79e-05
38 0.88 0.000477 4.97e-05 5.18e-05
38.1 0.88 0.000426 4.44e-05 4.63e-05
38.2 0.88 0.000381 3.97e-05 4.14e-05
38.3 0.88 0.00034 3.55e-05 3.7e-05
38.4 0.88 0.000303 3.17e-05 3.31e-05
38.5 0.88 0.000271 2.83e-05 2.95e-05
38.6 0.88 0.000242 2.53e-05 2.64e-05
38.7 0.88 0.000216 2.26e-05 2.36e-05
38.8 0.88 0.000193 2.02e-05 2.11e-05
38.9 0.88 0.000172 1.8e-05 1.88e-05
39 0.88 0.000154 1.61e-05 1.68e-05
39.1 0.88 0.000137 1.44e-05 1.5e-05
39.2 0.88 0.000122 1.28e-05 1.34e-05
39.3 0.88 0.000109 1.14e-05 1.2e-05
39.4 0.88 9.75e-05 1.02e-05 1.07e-05
39.5 0.88 8.7e-05 9.12e-06 9.54e-06
39.6 0.88 7.77e-05 8.14e-06 8.51e-06
39.7 0.88 6.93e-05 7.27e-06 7.6e-06
39.8 0.88 6.19e-05 6.49e-06 6.79e-06
39.9 0.88 5.52e-05 5.79e-06 6.06e-06
40 0.88 4.93e-05 5.17e-06 5.41e-06
40.1 0.88 4.4e-05 4.62e-06 4.83e-06
40.2 0.88 3.93e-05 4.12e-06 4.31e-06
40.3 0.88 3.51e-05 3.68e-06 3.85e-06
40.4 0.88 3.13e-05 3.28e-06 3.44e-06
40.5 0.88 2.79e-05 2.93e-06 3.07e-06
40.6 0.88 2.49e-05 2.62e-06 2.74e-06
40.7 0.88 2.23e-05 2.34e-06 2.44e-06
40.8 0.88 1.99e-05 2.09e-06 2.18e-06
40.9 0.88 1.77e-05 1.86e-06 1.95e-06
41 0.88 1.58e-05 1.66e-06 1.74e-06
41.1 0.88 1.41e-05 1.48e-06 1.55e-06
41.2 0.88 1.26e-05 1.32e-06 1.38e-06
41.3 0.88 1.13e-05 1.18e-06 1.24e-06
41.4 0.88 1e-05 1.05e-06 1.1e-06
41.5 0.88 8.97e-06 9.42e-07 9.85e-07
41.6 0.88 8.01e-06 8.4e-07 8.79e-07
41.7 0.88 7.15e-06 7.5e-07 7.85e-07
41.8 0.88 6.38e-06 6.7e-07 7e-07
41.9 0.88 5.69e-06 5.98e-07 6.25e-07
42 0.88 5.08e-06 5.33e-07 5.58e-07
42.1 0.88 4.54e-06 4.76e-07 4.98e-07
42.2 0.88 4.05e-06 4.25e-07 4.45e-07
42.3 0.88 3.61e-06 3.79e-07 3.97e-07
42.4 0.88 3.23e-06 3.39e-07 3.54e-07
42.5 0.88 2.88e-06 3.02e-07 3.16e-07
42.6 0.88 2.57e-06 2.7e-07 2.82e-07
42.7 0.88 2.29e-06 2.41e-07 2.52e-07
42.8 0.88 2.05e-06 2.15e-07 2.25e-07
42.9 0.88 1.83e-06 1.92e-07 2.01e-07
43 0.88 1.63e-06 1.71e-07 1.79e-07
43.1 0.88 1.46e-06 1.53e-07 1.6e-07
43.2 0.88 1.3e-06 1.36e-07 1.43e-07
43.3 0.88 1.16e-06 1.22e-07 1.27e-07
43.4 0.88 1.04e-06 1.09e-07 1.14e-07
43.5 0.88 9.24e-07 9.7e-08 1.02e-07
43.6 0.88 8.25e-07 8.66e-08 9.06e-08
43.7 0.88 7.36e-07 7.73e-08 8.09e-08
43.8 0.88 6.57e-07 6.9e-08 7.22e-08
43.9 0.88 5.87e-07 6.16e-08 6.44e-08
44 0.88 5.24e-07 5.5e-08 5.75e-08
44.1 0.88 4.67e-07 4.91e-08 5.13e-08
44.2 0.88 4.17e-07 4.38e-08 4.58e-08
44.3 0.88 3.72e-07 3.91e-08 4.09e-08
44.4 0.88 3.32e-07 3.49e-08 3.65e-08
44.5 0.88 2.97e-07 3.11e-08 3.26e-08
44.6 0.88 2.65e-07 2.78e-08 2.91e-08
44.7 0.88 2.36e-07 2.48e-08 2.6e-08
44.8 0.88 2.11e-07 2.21e-08 2.32e-08
44.9 0.88 1.88e-07 1.98e-08 2.07e-08
45 0.88 1.68e-07 1.76e-08 1.85e-08
45.1 0.88 1.5e-07 1.57e-08 1.65e-08
45.2 0.88 1.34e-07 1.41e-08 1.47e-08
45.3 0.88 1.2e-07 1.25e-08 1.31e-08
45.4 0.88 1.07e-07 1.12e-08 1.17e-08
45.5 0.88 9.52e-08 1e-08 1.05e-08
45.6 0.88 8.5e-08 8.92e-09 9.34e-09
45.7 0.88 7.59e-08 7.96e-09 8.33e-09
45.8 0.88 6.77e-08 7.11e-09 7.44e-09
45.9 0.88 6.04e-08 6.35e-09 6.64e-09
46 0.88 5.4e-08 5.66e-09 5.93e-09
46.1 0.88 4.82e-08 5.06e-09 5.29e-09
46.2 0.88 4.3e-08 4.51e-09 4.72e-09
46.3 0.88 3.84e-08 4.03e-09 4.21e-09
46.4 0.88 3.42e-08 3.6e-09 3.76e-09
46.5 0.88 3.06e-08 3.21e-09 3.36e-09
46.6 0.88 2.73e-08 2.86e-09 3e-09
46.7 0.88 2.44e-08 2.56e-09 2.67e-09
46.8 0.88 2.17e-08 2.28e-09 2.39e-09
46.9 0.88 1.94e-08 2.04e-09 2.13e-09
47 0.88 1.73e-08 1.82e-09 1.9e-09
47.1 0.88 1.55e-08 1.62e-09 1.7e-09
47.2 0.88 1.38e-08 1.45e-09 1.52e-09
47.3 0.88 1.23e-08 1.29e-09 1.35e-09
47.4 0.88 1.1e-08 1.15e-09 1.21e-09
47.5 0.88 9.81e-09 1.03e-09 1.08e-09
47.6 0.88 8.76e-09 9.19e-10 9.62e-10
47.7 0.88 7.82e-09 8.21e-10 8.59e-10
47.8 0.88 6.98e-09 7.32e-10 7.66e-10
47.9 0.88 6.23e-09 6.54e-10 6.84e-10
48 0.88 5.56e-09 5.84e-10 6.11e-10
48.1 0.88 4.96e-09 5.21e-10 5.45e-10
48.2 0.88 4.43e-09 4.65e-10 4.86e-10
48.3 0.88 3.95e-09 4.15e-10 4.34e-10
48.4 0.88 3.53e-09 3.7e-10 3.88e-10
48.5 0.88 3.15e-09 3.31e-10 3.46e-10
48.6 0.88 2.81e-09 2.95e-10 3.09e-10
48.7 0.88 2.51e-09 2.63e-10 2.76e-10
48.8 0.88 2.24e-09 2.35e-10 2.46e-10
48.9 0.88 2e-09 2.1e-10 2.2e-10
49 0.88 1.78e-09 1.87e-10 1.96e-10
49.1 0.88 1.59e-09 1.67e-10 1.75e-10
49.2 0.88 1.42e-09 1.49e-10 1.56e-10
49.3 0.88 1.27e-09 1.33e-10 1.39e-10
49.4 0.88 1.13e-09 1.19e-10 1.24e-10
49.5 0.88 1.01e-09 1.06e-10 1.11e-10
53.6 0.88 9.58e-12 1.01e-12 1.05e-12
53.7 0.88 8.55e-12 8.98e-13 9.39e-13
53.8 0.88 7.63e-12 8.01e-13 8.38e-13
53.9 0.88 6.81e-12 7.15e-13 7.48e-13
54 0.88 6.08e-12 6.38e-13 6.68e-13
54.1 0.88 5.43e-12 5.7e-13 5.96e-13
54.2 0.88 4.84e-12 5.08e-13 5.32e-13
54.3 0.88 4.32e-12 4.54e-13 4.75e-13
54.4 0.88 3.86e-12 4.05e-13 4.24e-13
54.5 0.88 3.44e-12 3.62e-13 3.78e-13
54.6 0.88 3.07e-12 3.23e-13 3.38e-13
54.7 0.88 2.74e-12 2.88e-13 3.01e-13
54.8 0.88 2.45e-12 2.57e-13 2.69e-13
54.9 0.88 2.19e-12 2.3e-13 2.4e-13
55 0.88 1.95e-12 2.05e-13 2.14e-13
55.1 0.88 1.74e-12 1.83e-13 1.91e-13
55.2 0.88 1.55e-12 1.63e-13 1.71e-13
55.3 0.88 1.39e-12 1.46e-13 1.52e-13
55.4 0.88 1.24e-12 1.3e-13 1.36e-13
55.5 0.88 1.11e-12 1.16e-13 1.21e-13
55.6 0.88 9.87e-13 1.04e-13 1.08e-13
55.7 0.88 8.81e-13 9.25e-14 9.67e-14
55.8 0.88 7.86e-13 8.25e-14 8.63e-14
55.9 0.88 7.02e-13 7.37e-14 7.71e-14
56 0.88 6.26e-13 6.58e-14 6.88e-14
56.1 0.88 5.59e-13 5.87e-14 6.14e-14
56.2 0.88 4.99e-13 5.24e-14 5.48e-14
56.3 0.88 4.45e-13 4.68e-14 4.89e-14
56.4 0.88 3.98e-13 4.17e-14 4.37e-14
56.5 0.88 3.55e-13 3.73e-14 3.9e-14
56.6 0.88 3.17e-13 3.33e-14 3.48e-14
56.7 0.88 2.83e-13 2.97e-14 3.11e-14
56.8 0.88 2.52e-13 2.65e-14 2.77e-14
56.9 0.88 2.25e-13 2.36e-14 2.47e-14
57 0.88 2.01e-13 2.11e-14 2.21e-14
57.1 0.88 1.79e-13 1.88e-14 1.97e-14
57.2 0.88 1.6e-13 1.68e-14 1.76e-14
57.3 0.88 1.43e-13 1.5e-14 1.57e-14
57.4 0.88 1.28e-13 1.34e-14 1.4e-14
57.5 0.88 1.14e-13 1.2e-14 1.25e-14
57.6 0.88 1.02e-13 1.07e-14 1.12e-14
57.7 0.88 9.08e-14 9.53e-15 9.97e-15
57.8 0.88 8.1e-14 8.5e-15 8.9e-15
57.9 0.88 7.23e-14 7.59e-15 7.94e-15
58 0.88 6.45e-14 6.78e-15 7.09e-15
58.1 0.88 5.76e-14 6.05e-15 6.33e-15
58.2 0.88 5.14e-14 5.4e-15 5.65e-15
58.3 0.88 4.59e-14 4.82e-15 5.04e-15
58.4 0.88 4.1e-14 4.3e-15 4.5e-15
58.5 0.88 3.66e-14 3.84e-15 4.02e-15
58.6 0.88 3.26e-14 3.43e-15 3.58e-15
58.7 0.88 2.91e-14 3.06e-15 3.2e-15
58.8 0.88 2.6e-14 2.73e-15 2.86e-15
58.9 0.88 2.32e-14 2.44e-15 2.55e-15
59 0.88 2.07e-14 2.17e-15 2.28e-15
59.1 0.88 1.85e-14 1.94e-15 2.03e-15
59.2 0.88 1.65e-14 1.73e-15 1.81e-15
59.3 0.88 1.47e-14 1.55e-15 1.62e-15
59.4 0.88 1.31e-14 1.38e-15 1.44e-15
59.5 0.88 1.17e-14 1.23e-15 1.29e-15
59.6 0.88 1.05e-14 1.1e-15 1.15e-15
59.7 0.88 9.35e-15 9.82e-16 1.03e-15
59.8 0.88 8.35e-15 8.76e-16 9.17e-16
59.9 0.88 7.45e-15 7.82e-16 8.18e-16
60 0.88 6.65e-15 6.98e-16 7.3e-16
60.1 0.88 5.93e-15 6.23e-16 6.52e-16
60.2 0.88 5.3e-15 5.56e-16 5.82e-16
60.3 0.88 4.73e-15 4.96e-16 5.19e-16
60.4 0.88 4.22e-15 4.43e-16 4.64e-16
60.5 0.88 3.77e-15 3.95e-16 4.14e-16
60.6 0.88 3.36e-15 3.53e-16 3.69e-16
60.7 0.88 3e-15 3.15e-16 3.3e-16
60.8 0.88 2.68e-15 2.81e-16 2.94e-16
60.9 0.88 2.39e-15 2.51e-16 2.63e-16
61 0.88 2.13e-15 2.24e-16 2.34e-16
61.1 0.88 1.9e-15 2e-16 2.09e-16
61.2 0.88 1.7e-15 1.79e-16 1.87e-16
61.3 0.88 1.52e-15 1.59e-16 1.67e-16
61.4 0.88 1.35e-15 1.42e-16 1.49e-16
61.5 0.88 1.21e-15 1.27e-16 1.33e-16
61.6 0.88 1.08e-15 1.13e-16 1.19e-16
61.7 0.88 9.63e-16 1.01e-16 1.06e-16
61.8 0.88 8.6e-16 9.03e-17 9.44e-17
61.9 0.88 7.68e-16 8.06e-17 8.43e-17
62 0.88 6.85e-16 7.19e-17 7.52e-17
62.1 0.88 6.11e-16 6.42e-17 6.72e-17
62.2 0.88 5.46e-16 5.73e-17 5.99e-17
62.3 0.88 4.87e-16 5.11e-17 5.35e-17
62.4 0.88 4.35e-16 4.57e-17 4.78e-17
62.5 0.88 3.88e-16 4.07e-17 4.26e-17
62.6 0.88 3.46e-16 3.64e-17 3.8e-17
62.7 0.88 3.09e-16 3.25e-17 3.4e-17
62.8 0.88 2.76e-16 2.9e-17 3.03e-17
62.9 0.88 2.46e-16 2.59e-17 2.71e-17
63 0.88 2.2e-16 2.31e-17 2.42e-17
63.1 0.88 1.96e-16 2.06e-17 2.16e-17
63.2 0.88 1.75e-16 1.84e-17 1.92e-17
63.3 0.88 1.56e-16 1.64e-17 1.72e-17
63.4 0.88 1.4e-16 1.47e-17 1.53e-17
63.5 0.88 1.25e-16 1.31e-17 1.37e-17
63.6 0.88 1.11e-16 1.17e-17 1.22e-17
63.7 0.88 9.93e-17 1.04e-17 1.09e-17
63.8 0.88 8.86e-17 9.3e-18 9.73e-18
63.9 0.88 7.91e-17 8.3e-18 8.69e-18
64 0.88 7.06e-17 7.41e-18 7.75e-18
64.1 0.88 6.3e-17 6.61e-18 6.92e-18
64.2 0.88 5.62e-17 5.9e-18 6.18e-18
64.3 0.88 5.02e-17 5.27e-18 5.51e-18
64.4 0.88 4.48e-17 4.7e-18 4.92e-18
64.5 0.88 4e-17 4.2e-18 4.39e-18
64.6 0.88 3.57e-17 3.75e-18 3.92e-18
64.7 0.88 3.19e-17 3.34e-18 3.5e-18
64.8 0.88 2.84e-17 2.99e-18 3.12e-18
64.9 0.88 2.54e-17 2.66e-18 2.79e-18
65 0.88 2.27e-17 2.38e-18 2.49e-18
65.1 0.88 2.02e-17 2.12e-18 2.22e-18
65.2 0.88 1.8e-17 1.89e-18 1.98e-18
65.3 0.88 1.61e-17 1.69e-18 1.77e-18
65.4 0.88 1.44e-17 1.51e-18 1.58e-18
65.5 0.88 1.28e-17 1.35e-18 1.41e-18
65.6 0.88 1.15e-17 1.2e-18 1.26e-18
65.7 0.88 1.02e-17 1.07e-18 1.12e-18
65.8 0.88 9.13e-18 9.58e-19 1e-18
65.9 0.88 8.15e-18 8.55e-19 8.95e-19
66 0.88 7.27e-18 7.63e-19 7.99e-19
66.1 0.88 6.49e-18 6.81e-19 7.13e-19
66.2 0.88 5.79e-18 6.08e-19 6.36e-19
66.3 0.88 5.17e-18 5.43e-19 5.68e-19
66.4 0.88 4.62e-18 4.85e-19 5.07e-19
66.5 0.88 4.12e-18 4.33e-19 4.53e-19
66.6 0.88 3.68e-18 3.86e-19 4.04e-19
66.7 0.88 3.28e-18 3.45e-19 3.61e-19
66.8 0.88 2.93e-18 3.08e-19 3.22e-19
66.9 0.88 2.62e-18 2.75e-19 2.87e-19
67 0.88 2.33e-18 2.45e-19 2.56e-19
67.1 0.88 2.08e-18 2.19e-19 2.29e-19
67.2 0.88 1.86e-18 1.95e-19 2.04e-19
67.3 0.88 1.66e-18 1.74e-19 1.82e-19
67.4 0.88 1.48e-18 1.56e-19 1.63e-19
67.5 0.88 1.32e-18 1.39e-19 1.45e-19
67.6 0.88 1.18e-18 1.24e-19 1.3e-19
67.7 0.88 1.05e-18 1.11e-19 1.16e-19
67.8 0.88 9.4e-19 9.87e-20 1.03e-19
67.9 0.88 8.39e-19 8.81e-20 9.22e-20
68 0.88 7.49e-19 7.87e-20 8.23e-20
68.1 0.88 6.69e-19 7.02e-20 7.35e-20
68.2 0.88 5.97e-19 6.27e-20 6.56e-20
68.3 0.88 5.33e-19 5.59e-20 5.85e-20
68.4 0.88 4.76e-19 4.99e-20 5.22e-20
68.5 0.88 4.24e-19 4.46e-20 4.66e-20
68.6 0.88 3.79e-19 3.98e-20 4.16e-20
68.7 0.88 3.38e-19 3.55e-20 3.71e-20
68.8 0.88 3.02e-19 3.17e-20 3.32e-20
68.9 0.88 2.69e-19 2.83e-20 2.96e-20
69 0.88 2.4e-19 2.52e-20 2.64e-20
69.1 0.88 2.15e-19 2.25e-20 2.36e-20
69.2 0.88 1.92e-19 2.01e-20 2.1e-20
69.3 0.88 1.71e-19 1.8e-20 1.88e-20
69.4 0.88 1.53e-19 1.6e-20 1.68e-20
69.5 0.88 1.36e-19 1.43e-20 1.5e-20
69.6 0.88 1.22e-19 1.28e-20 1.34e-20
69.7 0.88 1.09e-19 1.14e-20 1.19e-20
69.8 0.88 9.69e-20 1.02e-20 1.06e-20
69.9 0.88 8.65e-20 9.08e-21 9.5e-21
70 0.88 7.72e-20 8.1e-21 8.48e-21
70.1 0.88 6.89e-20 7.23e-21 7.57e-21
70.2 0.88 6.15e-20 6.46e-21 6.75e-21
70.3 0.88 5.49e-20 5.76e-21 6.03e-21
70.4 0.88 4.9e-20 5.14e-21 5.38e-21
70.5 0.88 4.37e-20 4.59e-21 4.8e-21
70.6 0.88 3.9e-20 4.1e-21 4.29e-21
70.7 0.88 3.48e-20 3.66e-21 3.83e-21
70.8 0.88 3.11e-20 3.27e-21 3.42e-21
70.9 0.88 2.78e-20 2.91e-21 3.05e-21
71 0.88 2.48e-20 2.6e-21 2.72e-21
71.1 0.88 2.21e-20 2.32e-21 2.43e-21
71.2 0.88 1.97e-20 2.07e-21 2.17e-21
71.3 0.88 1.76e-20 1.85e-21 1.94e-21
71.4 0.88 1.57e-20 1.65e-21 1.73e-21
71.5 0.88 1.4e-20 1.47e-21 1.54e-21
71.6 0.88 1.25e-20 1.32e-21 1.38e-21
71.7 0.88 1.12e-20 1.17e-21 1.23e-21
71.8 0.88 9.98e-21 1.05e-21 1.1e-21
71.9 0.88 8.91e-21 9.35e-22 9.79e-22
72 0.88 7.95e-21 8.35e-22 8.74e-22
72.1 0.88 7.1e-21 7.45e-22 7.8e-22
72.2 0.88 6.34e-21 6.65e-22 6.96e-22
72.3 0.88 5.66e-21 5.94e-22 6.21e-22
72.4 0.88 5.05e-21 5.3e-22 5.54e-22
72.5 0.88 4.51e-21 4.73e-22 4.95e-22
72.6 0.88 4.02e-21 4.22e-22 4.42e-22
72.7 0.88 3.59e-21 3.77e-22 3.94e-22
72.8 0.88 3.2e-21 3.36e-22 3.52e-22
72.9 0.88 2.86e-21 3e-22 3.14e-22
73 0.88 2.55e-21 2.68e-22 2.8e-22
73.1 0.88 2.28e-21 2.39e-22 2.5e-22
73.2 0.88 2.03e-21 2.14e-22 2.23e-22
73.3 0.88 1.82e-21 1.91e-22 1.99e-22
73.4 0.88 1.62e-21 1.7e-22 1.78e-22
73.5 0.88 1.45e-21 1.52e-22 1.59e-22
73.6 0.88 1.29e-21 1.36e-22 1.42e-22
73.7 0.88 1.15e-21 1.21e-22 1.27e-22
73.8 0.88 1.03e-21 1.08e-22 1.13e-22
73.9 0.88 9.18e-22 9.64e-23 1.01e-22
74 0.88 8.19e-22 8.6e-23 9e-23
74.1 0.88 7.31e-22 7.68e-23 8.03e-23
74.2 0.88 6.53e-22 6.85e-23 7.17e-23
74.3 0.88 5.83e-22 6.12e-23 6.4e-23
74.4 0.88 5.2e-22 5.46e-23 5.71e-23
74.5 0.88 4.64e-22 4.87e-23 5.1e-23
74.6 0.88 4.14e-22 4.35e-23 4.55e-23
74.7 0.88 3.7e-22 3.88e-23 4.06e-23
74.8 0.88 3.3e-22 3.47e-23 3.63e-23
74.9 0.88 2.95e-22 3.09e-23 3.24e-23
75 0.88 2.63e-22 2.76e-23 2.89e-23
75.1 0.88 2.35e-22 2.46e-23 2.58e-23
75.2 0.88 2.1e-22 2.2e-23 2.3e-23
75.3 0.88 1.87e-22 1.96e-23 2.05e-23
75.4 0.88 1.67e-22 1.75e-23 1.83e-23
75.5 0.88 1.49e-22 1.56e-23 1.64e-23
75.6 0.88 1.33e-22 1.4e-23 1.46e-23
75.7 0.88 1.19e-22 1.25e-23 1.3e-23
75.8 0.88 1.06e-22 1.11e-23 1.16e-23
75.9 0.88 9.46e-23 9.93e-24 1.04e-23
76 0.88 8.44e-23 8.86e-24 9.27e-24
76.1 0.88 7.54e-23 7.91e-24 8.28e-24
76.2 0.88 6.73e-23 7.06e-24 7.39e-24
76.3 0.88 6e-23 6.3e-24 6.59e-24
76.4 0.88 5.36e-23 5.63e-24 5.89e-24
76.5 0.88 4.78e-23 5.02e-24 5.25e-24
76.6 0.88 4.27e-23 4.48e-24 4.69e-24
76.7 0.88 3.81e-23 4e-24 4.19e-24
76.8 0.88 3.4e-23 3.57e-24 3.74e-24
76.9 0.88 3.04e-23 3.19e-24 3.33e-24
77 0.88 2.71e-23 2.85e-24 2.98e-24
77.1 0.88 2.42e-23 2.54e-24 2.66e-24
77.2 0.88 2.16e-23 2.27e-24 2.37e-24
77.3 0.88 1.93e-23 2.02e-24 2.12e-24
77.4 0.88 1.72e-23 1.81e-24 1.89e-24
77.5 0.88 1.54e-23 1.61e-24 1.69e-24
77.6 0.88 1.37e-23 1.44e-24 1.51e-24
77.7 0.88 1.22e-23 1.28e-24 1.34e-24
77.8 0.88 1.09e-23 1.15e-24 1.2e-24
77.9 0.88 9.75e-24 1.02e-24 1.07e-24
78 0.88 8.7e-24 9.13e-25 9.55e-25
78.1 0.88 7.76e-24 8.15e-25 8.53e-25
78.2 0.88 6.93e-24 7.28e-25 7.61e-25
78.3 0.88 6.19e-24 6.49e-25 6.79e-25
78.4 0.88 5.52e-24 5.8e-25 6.06e-25
78.5 0.88 4.93e-24 5.17e-25 5.41e-25
78.6 0.88 4.4e-24 4.62e-25 4.83e-25
78.7 0.88 3.93e-24 4.12e-25 4.31e-25
78.8 0.88 3.5e-24 3.68e-25 3.85e-25
78.9 0.88 3.13e-24 3.28e-25 3.44e-25
79 0.88 2.79e-24 2.93e-25 3.07e-25
79.1 0.88 2.49e-24 2.62e-25 2.74e-25
79.2 0.88 2.22e-24 2.34e-25 2.44e-25
79.3 0.88 1.99e-24 2.08e-25 2.18e-25
79.4 0.88 1.77e-24 1.86e-25 1.95e-25
79.5 0.88 1.58e-24 1.66e-25 1.74e-25
79.6 0.88 1.41e-24 1.48e-25 1.55e-25
79.7 0.88 1.26e-24 1.32e-25 1.38e-25
79.8 0.88 1.12e-24 1.18e-25 1.24e-25
79.9 0.88 1e-24 1.05e-25 1.1e-25
80 0.88 8.96e-25 9.41e-26 9.84e-26
80.1 0.88 8e-25 8.4e-26 8.79e-26
80.2 0.88 7.14e-25 7.5e-26 7.84e-26
80.3 0.88 6.37e-25 6.69e-26 7e-26
80.4 0.88 5.69e-25 5.97e-26 6.25e-26
80.5 0.88 5.08e-25 5.33e-26 5.58e-26
80.6 0.88 4.53e-25 4.76e-26 4.98e-26
80.7 0.88 4.05e-25 4.25e-26 4.44e-26
80.8 0.88 3.61e-25 3.79e-26 3.97e-26
80.9 0.88 3.22e-25 3.38e-26 3.54e-26
81 0.88 2.88e-25 3.02e-26 3.16e-26
81.1 0.88 2.57e-25 2.7e-26 2.82e-26
81.2 0.88 2.29e-25 2.41e-26 2.52e-26
81.3 0.88 2.05e-25 2.15e-26 2.25e-26
81.4 0.88 1.83e-25 1.92e-26 2.01e-26
81.5 0.88 1.63e-25 1.71e-26 1.79e-26
81.6 0.88 1.45e-25 1.53e-26 1.6e-26
81.7 0.88 1.3e-25 1.36e-26 1.43e-26
81.8 0.88 1.16e-25 1.22e-26 1.27e-26
81.9 0.88 1.03e-25 1.09e-26 1.14e-26
82 0.88 9.23e-26 9.69e-27 1.01e-26
82.1 0.88 8.24e-26 8.65e-27 9.05e-27
82.2 0.88 7.36e-26 7.72e-27 8.08e-27
82.3 0.88 6.57e-26 6.89e-27 7.21e-27
82.4 0.88 5.86e-26 6.15e-27 6.44e-27
82.5 0.88 5.23e-26 5.49e-27 5.75e-27
82.6 0.88 4.67e-26 4.9e-27 5.13e-27
82.7 0.88 4.17e-26 4.38e-27 4.58e-27
82.8 0.88 3.72e-26 3.91e-27 4.09e-27
82.9 0.88 3.32e-26 3.49e-27 3.65e-27
83 0.88 2.96e-26 3.11e-27 3.26e-27
83.1 0.88 2.65e-26 2.78e-27 2.91e-27
83.2 0.88 2.36e-26 2.48e-27 2.59e-27
83.3 0.88 2.11e-26 2.21e-27 2.32e-27
83.4 0.88 1.88e-26 1.98e-27 2.07e-27
83.5 0.88 1.68e-26 1.76e-27 1.84e-27
83.6 0.88 1.5e-26 1.57e-27 1.65e-27
83.7 0.88 1.34e-26 1.4e-27 1.47e-27
83.8 0.88 1.19e-26 1.25e-27 1.31e-27
83.9 0.88 1.07e-26 1.12e-27 1.17e-27
84 0.88 9.51e-27 9.99e-28 1.04e-27
84.1 0.88 8.49e-27 8.92e-28 9.33e-28
84.2 0.88 7.58e-27 7.96e-28 8.33e-28
84.3 0.88 6.77e-27 7.1e-28 7.43e-28
84.4 0.88 6.04e-27 6.34e-28 6.63e-28
84.5 0.88 5.39e-27 5.66e-28 5.92e-28
84.6 0.88 4.81e-27 5.05e-28 5.28e-28
84.7 0.88 4.29e-27 4.51e-28 4.72e-28
84.8 0.88 3.83e-27 4.02e-28 4.21e-28
84.9 0.88 3.42e-27 3.59e-28 3.76e-28
85 0.88 3.05e-27 3.21e-28 3.35e-28
85.1 0.88 2.73e-27 2.86e-28 2.99e-28
85.2 0.88 2.43e-27 2.55e-28 2.67e-28
85.3 0.88 2.17e-27 2.28e-28 2.39e-28
85.4 0.88 1.94e-27 2.04e-28 2.13e-28
85.5 0.88 1.73e-27 1.82e-28 1.9e-28
85.6 0.88 1.54e-27 1.62e-28 1.7e-28
85.7 0.88 1.38e-27 1.45e-28 1.51e-28
85.8 0.88 1.23e-27 1.29e-28 1.35e-28
85.9 0.88 1.1e-27 1.15e-28 1.21e-28
86 0.88 9.8e-28 1.03e-28 1.08e-28
86.1 0.88 8.75e-28 9.19e-29 9.61e-29
86.2 0.88 7.81e-28 8.2e-29 8.58e-29
86.3 0.88 6.97e-28 7.32e-29 7.66e-29
86.4 0.88 6.22e-28 6.53e-29 6.83e-29
86.5 0.88 5.55e-28 5.83e-29 6.1e-29
86.6 0.88 4.96e-28 5.2e-29 5.44e-29
86.7 0.88 4.42e-28 4.65e-29 4.86e-29
86.8 0.88 3.95e-28 4.15e-29 4.34e-29
86.9 0.88 3.53e-28 3.7e-29 3.87e-29
87 0.88 3.15e-28 3.3e-29 3.46e-29
87.1 0.88 2.81e-28 2.95e-29 3.08e-29
87.2 0.88 2.51e-28 2.63e-29 2.75e-29
87.3 0.88 2.24e-28 2.35e-29 2.46e-29
87.4 0.88 2e-28 2.1e-29 2.19e-29
87.5 0.88 1.78e-28 1.87e-29 1.96e-29
87.6 0.88 1.59e-28 1.67e-29 1.75e-29
87.7 0.88 1.42e-28 1.49e-29 1.56e-29
87.8 0.88 1.27e-28 1.33e-29 1.39e-29
87.9 0.88 1.13e-28 1.19e-29 1.24e-29
88 0.88 1.01e-28 1.06e-29 1.11e-29
88.1 0.88 9.01e-29 9.46e-30 9.9e-30
88.2 0.88 8.05e-29 8.45e-30 8.84e-30
88.3 0.88 7.18e-29 7.54e-30 7.89e-30
88.4 0.88 6.41e-29 6.73e-30 7.04e-30
88.5 0.88 5.72e-29 6.01e-30 6.28e-30
88.6 0.88 5.11e-29 5.36e-30 5.61e-30
88.7 0.88 4.56e-29 4.79e-30 5.01e-30
88.8 0.88 4.07e-29 4.27e-30 4.47e-30
88.9 0.88 3.63e-29 3.81e-30 3.99e-30
89 0.88 3.24e-29 3.4e-30 3.56e-30
89.1 0.88 2.89e-29 3.04e-30 3.18e-30
89.2 0.88 2.58e-29 2.71e-30 2.84e-30
89.3 0.88 2.31e-29 2.42e-30 2.53e-30
89.4 0.88 2.06e-29 2.16e-30 2.26e-30
89.5 0.88 1.84e-29 1.93e-30 2.02e-30
89.6 0.88 1.64e-29 1.72e-30 1.8e-30
89.7 0.88 1.46e-29 1.54e-30 1.61e-30
89.8 0.88 1.31e-29 1.37e-30 1.43e-30
89.9 0.88 1.17e-29 1.22e-30 1.28e-30
90 0.88 1.04e-29 1.09e-30 1.14e-30
90.1 0.88 9.29e-30 9.75e-31 1.02e-30
90.2 0.88 8.29e-30 8.7e-31 9.11e-31
90.3 0.88 7.4e-30 7.77e-31 8.13e-31
90.4 0.88 6.6e-30 6.93e-31 7.25e-31
90.5 0.88 5.9e-30 6.19e-31 6.47e-31
90.6 0.88 5.26e-30 5.52e-31 5.78e-31
90.7 0.88 4.7e-30 4.93e-31 5.16e-31
90.8 0.88 4.19e-30 4.4e-31 4.6e-31
90.9 0.88 3.74e-30 3.93e-31 4.11e-31
91 0.88 3.34e-30 3.51e-31 3.67e-31
91.1 0.88 2.98e-30 3.13e-31 3.27e-31
91.2 0.88 2.66e-30 2.79e-31 2.92e-31
91.3 0.88 2.38e-30 2.49e-31 2.61e-31
91.4 0.88 2.12e-30 2.23e-31 2.33e-31
91.5 0.88 1.89e-30 1.99e-31 2.08e-31
91.6 0.88 1.69e-30 1.77e-31 1.86e-31
91.7 0.88 1.51e-30 1.58e-31 1.66e-31
91.8 0.88 1.35e-30 1.41e-31 1.48e-31
91.9 0.88 1.2e-30 1.26e-31 1.32e-31
92 0.88 1.07e-30 1.13e-31 1.18e-31
92.1 0.88 9.57e-31 1e-31 1.05e-31
92.2 0.88 8.54e-31 8.97e-32 9.38e-32
92.3 0.88 7.62e-31 8e-32 8.37e-32
92.4 0.88 6.81e-31 7.14e-32 7.47e-32
92.5 0.88 6.07e-31 6.38e-32 6.67e-32
92.6 0.88 5.42e-31 5.69e-32 5.95e-32
92.7 0.88 4.84e-31 5.08e-32 5.31e-32
92.8 0.88 4.32e-31 4.53e-32 4.74e-32
92.9 0.88 3.86e-31 4.05e-32 4.23e-32
93 0.88 3.44e-31 3.61e-32 3.78e-32
93.1 0.88 3.07e-31 3.22e-32 3.37e-32
93.2 0.88 2.74e-31 2.88e-32 3.01e-32
93.3 0.88 2.45e-31 2.57e-32 2.69e-32
93.4 0.88 2.18e-31 2.29e-32 2.4e-32
93.5 0.88 1.95e-31 2.05e-32 2.14e-32
93.6 0.88 1.74e-31 1.83e-32 1.91e-32
93.7 0.88 1.55e-31 1.63e-32 1.71e-32
93.8 0.88 1.39e-31 1.46e-32 1.52e-32
93.9 0.88 1.24e-31 1.3e-32 1.36e-32
94 0.88 1.1e-31 1.16e-32 1.21e-32
94.1 0.88 9.86e-32 1.04e-32 1.08e-32
94.2 0.88 8.8e-32 9.24e-33 9.67e-33
94.3 0.88 7.86e-32 8.25e-33 8.63e-33
94.4 0.88 7.01e-32 7.36e-33 7.7e-33
94.5 0.88 6.26e-32 6.57e-33 6.87e-33
94.6 0.88 5.59e-32 5.86e-33 6.14e-33
94.7 0.88 4.99e-32 5.23e-33 5.48e-33
94.8 0.88 4.45e-32 4.67e-33 4.89e-33
94.9 0.88 3.97e-32 4.17e-33 4.36e-33
95 0.88 3.55e-32 3.72e-33 3.89e-33
95.1 0.88 3.16e-32 3.32e-33 3.48e-33
95.2 0.88 2.82e-32 2.97e-33 3.1e-33
95.3 0.88 2.52e-32 2.65e-33 2.77e-33
95.4 0.88 2.25e-32 2.36e-33 2.47e-33
95.5 0.88 2.01e-32 2.11e-33 2.21e-33
95.6 0.88 1.79e-32 1.88e-33 1.97e-33
95.7 0.88 1.6e-32 1.68e-33 1.76e-33
95.8 0.88 1.43e-32 1.5e-33 1.57e-33
95.9 0.88 1.28e-32 1.34e-33 1.4e-33
96 0.88 1.14e-32 1.19e-33 1.25e-33
96.1 0.88 1.02e-32 1.07e-33 1.12e-33
96.2 0.88 9.07e-33 9.52e-34 9.96e-34
96.3 0.88 8.09e-33 8.5e-34 8.89e-34
96.4 0.88 7.22e-33 7.58e-34 7.93e-34
96.5 0.88 6.45e-33 6.77e-34 7.08e-34
96.6 0.88 5.76e-33 6.04e-34 6.32e-34
96.7 0.88 5.14e-33 5.39e-34 5.64e-34
96.8 0.88 4.59e-33 4.81e-34 5.04e-34
96.9 0.88 4.09e-33 4.3e-34 4.5e-34
97 0.88 3.65e-33 3.84e-34 4.01e-34
97.1 0.88 3.26e-33 3.42e-34 3.58e-34
97.2 0.88 2.91e-33 3.06e-34 3.2e-34
97.3 0.88 2.6e-33 2.73e-34 2.85e-34
97.4 0.88 2.32e-33 2.43e-34 2.55e-34
97.5 0.88 2.07e-33 2.17e-34 2.27e-34
97.6 0.88 1.85e-33 1.94e-34 2.03e-34
97.7 0.88 1.65e-33 1.73e-34 1.81e-34
97.8 0.88 1.47e-33 1.55e-34 1.62e-34
97.9 0.88 1.31e-33 1.38e-34 1.44e-34
98 0.88 1.17e-33 1.23e-34 1.29e-34
98.1 0.88 1.05e-33 1.1e-34 1.15e-34
98.2 0.88 9.34e-34 9.81e-35 1.03e-34
98.3 0.88 8.34e-34 8.75e-35 9.16e-35
98.4 0.88 7.44e-34 7.81e-35 8.17e-35
98.5 0.88 6.64e-34 6.97e-35 7.3e-35
98.6 0.88 5.93e-34 6.23e-35 6.51e-35
98.7 0.88 5.29e-34 5.56e-35 5.81e-35
98.8 0.88 4.72e-34 4.96e-35 5.19e-35
98.9 0.88 4.22e-34 4.43e-35 4.63e-35
99 0.88 3.76e-34 3.95e-35 4.13e-35
99.1 0.88 3.36e-34 3.53e-35 3.69e-35
99.2 0.88 3e-34 3.15e-35 3.29e-35
99.3 0.88 2.68e-34 2.81e-35 2.94e-35
99.4 0.88 2.39e-34 2.51e-35 2.62e-35
99.5 0.88 2.13e-34 2.24e-35 2.34e-35
99.6 0.88 1.9e-34 2e-35 2.09e-35
99.7 0.88 1.7e-34 1.78e-35 1.87e-35
99.8 0.88 1.52e-34 1.59e-35 1.67e-35
99.9 0.88 1.35e-34 1.42e-35 1.49e-35
