-21.8 0.9 1.12e-09 1.02e-10 1.11e-10
-21.7 0.9 1.25e-09 1.14e-10 1.25e-10
-21.6 0.9 1.4e-09 1.27e-10 1.39e-10
-21.5 0.9 1.56e-09 1.42e-10 1.56e-10
-21.4 0.9 1.74e-09 1.59e-10 1.74e-10
-21.3 0.9 1.95e-09 1.77e-10 1.94e-10
-21.2 0.9 2.18e-09 1.98e-10 2.17e-10
-21.1 0.9 2.43e-09 2.21e-10 2.43e-10
-21 0.9 2.72e-09 2.47e-10 2.71e-10
-20.9 0.9 3.04e-09 2.76e-10 3.03e-10
-20.8 0.9 3.4e-09 3.09e-10 3.39e-10
-20.7 0.9 3.79e-09 3.45e-10 3.78e-10
-20.6 0.9 4.24e-09 3.86e-10 4.23e-10
-20.5 0.9 4.74e-09 4.31e-10 4.73e-10
-20.4 0.9 5.3e-09 4.82e-10 5.28e-10
-20.3 0.9 5.92e-09 5.39e-10 5.9e-10
-20.2 0.9 6.61e-09 6.02e-10 6.59e-10
-20.1 0.9 7.39e-09 6.73e-10 7.37e-10
-20 0.9 8.26e-09 7.52e-10 8.24e-10
-19.9 0.9 9.23e-09 8.4e-10 9.2e-10
-19.8 0.9 1.03e-08 9.39e-10 1.03e-09
-19.7 0.9 1.15e-08 1.05e-09 1.15e-09
-19.6 0.9 1.29e-08 1.17e-09 1.28e-09
-19.5 0.9 1.44e-08 1.31e-09 1.44e-09
-19.4 0.9 1.61e-08 1.46e-09 1.6e-09
-19.3 0.9 1.8e-08 1.64e-09 1.79e-09
-19.2 0.9 2.01e-08 1.83e-09 2e-09
-19.1 0.9 2.25e-08 2.04e-09 2.24e-09
-19 0.9 2.51e-08 2.28e-09 2.5e-09
-18.9 0.9 2.8e-08 2.55e-09 2.8e-09
-18.8 0.9 3.13e-08 2.85e-09 3.12e-09
-18.7 0.9 3.5e-08 3.19e-09 3.49e-09
-18.6 0.9 3.91e-08 3.56e-09 3.9e-09
-18.5 0.9 4.37e-08 3.98e-09 4.36e-09
-18.4 0.9 4.89e-08 4.45e-09 4.87e-09
-18.3 0.9 5.46e-08 4.97e-09 5.45e-09
-18.2 0.9 6.1e-08 5.55e-09 6.09e-09
-18.1 0.9 6.82e-08 6.21e-09 6.8e-09
-18 0.9 7.62e-08 6.94e-09 7.6e-09
-17.9 0.9 8.52e-08 7.75e-09 8.49e-09
-17.8 0.9 9.52e-08 8.66e-09 9.49e-09
-17.7 0.9 1.06e-07 9.68e-09 1.06e-08
-17.6 0.9 1.19e-07 1.08e-08 1.19e-08
-17.5 0.9 1.33e-07 1.21e-08 1.32e-08
-17.4 0.9 1.48e-07 1.35e-08 1.48e-08
-17.3 0.9 1.66e-07 1.51e-08 1.65e-08
-17.2 0.9 1.85e-07 1.69e-08 1.85e-08
-17.1 0.9 2.07e-07 1.89e-08 2.07e-08
-17 0.9 2.32e-07 2.11e-08 2.31e-08
-16.9 0.9 2.59e-07 2.35e-08 2.58e-08
-16.8 0.9 2.89e-07 2.63e-08 2.88e-08
-16.7 0.9 3.23e-07 2.94e-08 3.22e-08
-16.6 0.9 3.61e-07 3.29e-08 3.6e-08
-16.5 0.9 4.04e-07 3.67e-08 4.02e-08
-16.4 0.9 4.51e-07 4.1e-08 4.5e-08
-16.3 0.9 5.04e-07 4.59e-08 5.02e-08
-16.2 0.9 5.63e-07 5.12e-08 5.62e-08
-16.1 0.9 6.29e-07 5.73e-08 6.28e-08
-16 0.9 7.03e-07 6.4e-08 7.01e-08
-15.9 0.9 7.86e-07 7.15e-08 7.84e-08
-15.8 0.9 8.78e-07 7.99e-08 8.76e-08
-15.7 0.9 9.81e-07 8.93e-08 9.79e-08
-15.6 0.9 1.1e-06 9.98e-08 1.09e-07
-15.5 0.9 1.23e-06 1.12e-07 1.22e-07
-15.4 0.9 1.37e-06 1.25e-07 1.37e-07
-15.3 0.9 1.53e-06 1.39e-07 1.53e-07
-15.2 0.9 1.71e-06 1.56e-07 1.71e-07
-15.1 0.9 1.91e-06 1.74e-07 1.91e-07
-15 0.9 2.14e-06 1.94e-07 2.13e-07
-14.9 0.9 2.39e-06 2.17e-07 2.38e-07
-14.8 0.9 2.67e-06 2.43e-07 2.66e-07
-14.7 0.9 2.98e-06 2.71e-07 2.97e-07
-14.6 0.9 3.33e-06 3.03e-07 3.32e-07
-14.5 0.9 3.72e-06 3.39e-07 3.71e-07
-14.4 0.9 4.16e-06 3.79e-07 4.15e-07
-14.3 0.9 4.65e-06 4.23e-07 4.64e-07
-14.2 0.9 5.2e-06 4.73e-07 5.18e-07
-14.1 0.9 5.81e-06 5.28e-07 5.79e-07
-14 0.9 6.49e-06 5.9e-07 6.47e-07
-13.9 0.9 7.25e-06 6.6e-07 7.23e-07
-13.8 0.9 8.1e-06 7.37e-07 8.08e-07
-13.7 0.9 9.06e-06 8.24e-07 9.03e-07
-13.6 0.9 1.01e-05 9.21e-07 1.01e-06
-13.5 0.9 1.13e-05 1.03e-06 1.13e-06
-13.4 0.9 1.26e-05 1.15e-06 1.26e-06
-13.3 0.9 1.41e-05 1.28e-06 1.41e-06
-13.2 0.9 1.58e-05 1.44e-06 1.57e-06
-13.1 0.9 1.76e-05 1.6e-06 1.76e-06
-13 0.9 1.97e-05 1.79e-06 1.96e-06
-12.9 0.9 2.2e-05 2e-06 2.2e-06
-12.8 0.9 2.46e-05 2.24e-06 2.45e-06
-12.7 0.9 2.75e-05 2.5e-06 2.74e-06
-12.6 0.9 3.07e-05 2.8e-06 3.06e-06
-12.5 0.9 3.44e-05 3.12e-06 3.42e-06
-12.4 0.9 3.84e-05 3.49e-06 3.82e-06
-12.3 0.9 4.29e-05 3.9e-06 4.27e-06
-12.2 0.9 4.79e-05 4.36e-06 4.77e-06
-12.1 0.9 5.36e-05 4.87e-06 5.33e-06
-12 0.9 5.99e-05 5.44e-06 5.96e-06
-11.9 0.9 6.69e-05 6.08e-06 6.66e-06
-11.8 0.9 7.48e-05 6.79e-06 7.44e-06
-11.7 0.9 8.35e-05 7.59e-06 8.31e-06
-11.6 0.9 9.33e-05 8.48e-06 9.28e-06
-11.5 0.9 0.000104 9.47e-06 1.04e-05
-11.4 0.9 0.000117 1.06e-05 1.16e-05
-11.3 0.9 0.00013 1.18e-05 1.29e-05
-11.2 0.9 0.000146 1.32e-05 1.45e-05
-11.1 0.9 0.000163 1.48e-05 1.61e-05
-11 0.9 0.000182 1.65e-05 1.8e-05
-10.9 0.9 0.000203 1.84e-05 2.01e-05
-10.8 0.9 0.000227 2.06e-05 2.25e-05
-10.7 0.9 0.000253 2.3e-05 2.51e-05
-10.6 0.9 0.000283 2.56e-05 2.8e-05
-10.5 0.9 0.000316 2.86e-05 3.13e-05
-10.4 0.9 0.000354 3.2e-05 3.49e-05
-10.3 0.9 0.000395 3.57e-05 3.9e-05
-10.2 0.9 0.000441 3.98e-05 4.35e-05
-10.1 0.9 0.000493 4.44e-05 4.85e-05
-10 0.9 0.000551 4.96e-05 5.41e-05
-9.9 0.9 0.000615 5.53e-05 6.03e-05
-9.8 0.9 0.000687 6.17e-05 6.73e-05
-9.7 0.9 0.000768 6.88e-05 7.5e-05
-9.6 0.9 0.000857 7.67e-05 8.35e-05
-9.5 0.9 0.000958 8.56e-05 9.3e-05
-9.4 0.9 0.00107 9.53e-05 0.000104
-9.3 0.9 0.00119 0.000106 0.000115
-9.2 0.9 0.00133 0.000118 0.000128
-9.1 0.9 0.00149 0.000132 0.000142
-9 0.9 0.00166 0.000146 0.000158
-8.9 0.9 0.00185 0.000163 0.000176
-8.8 0.9 0.00207 0.000181 0.000195
-8.7 0.9 0.00231 0.000201 0.000216
-8.6 0.9 0.00258 0.000223 0.000239
-8.5 0.9 0.00288 0.000248 0.000264
-8.4 0.9 0.00321 0.000274 0.000292
-8.3 0.9 0.00358 0.000304 0.000322
-8.2 0.9 0.00399 0.000336 0.000355
-8.1 0.9 0.00444 0.000371 0.00039
-8 0.9 0.00495 0.000409 0.000428
-7.9 0.9 0.00551 0.000451 0.000469
-7.8 0.9 0.00613 0.000496 0.000512
-7.7 0.9 0.00683 0.000545 0.000557
-7.6 0.9 0.00759 0.000597 0.000605
-7.5 0.9 0.00844 0.000653 0.000654
-7.4 0.9 0.00938 0.000712 0.000704
-7.3 0.9 0.0104 0.000775 0.000754
-7.2 0.9 0.0116 0.000842 0.000804
-7.1 0.9 0.0128 0.000911 0.000851
-7 0.9 0.0142 0.000984 0.000894
-6.9 0.9 0.0157 0.00106 0.000932
-6.8 0.9 0.0174 0.00114 0.000961
-6.7 0.9 0.0192 0.00121 0.00098
-6.6 0.9 0.0212 0.0013 0.000984
-6.5 0.9 0.0234 0.00138 0.00097
-6.4 0.9 0.0257 0.00146 0.000934
-6.3 0.9 0.0283 0.00155 0.000873
-6.2 0.9 0.0311 0.00165 0.00102
-6.1 0.9 0.0341 0.00175 0.00132
-6 0.9 0.0373 0.00188 0.00166
-5.9 0.9 0.0407 0.00203 0.00205
-5.8 0.9 0.0444 0.00228 0.00246
-5.7 0.9 0.0484 0.00252 0.00301
-5.6 0.9 0.0527 0.00285 0.00364
-5.5 0.9 0.0572 0.00336 0.00436
-5.4 0.9 0.0621 0.00414 0.00519
-5.3 0.9 0.0674 0.00541 0.00618
-5.2 0.9 0.0731 0.0076 0.00745
-5.1 0.9 0.0799 0.0117 0.00951
-5 0.9 0.0891 0.0223 0.0138
-4.9 0.9 0.119 0.0934 0.0381
-4.8 0.9 0.0738 0.0248 0.0591
-4.7 0.9 0.0911 0.0143 0.0256
-4.6 0.9 0.0999 0.0121 0.0175
-4.5 0.9 0.108 0.0112 0.0147
-4.4 0.9 0.116 0.0112 0.0128
-4.3 0.9 0.123 0.0114 0.0115
-4.2 0.9 0.131 0.0114 0.0104
-4.1 0.9 0.138 0.0113 0.00926
-4 0.9 0.143 0.013 0.00596
-3.9 0.9 0.149 0.0125 0.00585
-3.8 0.9 0.156 0.0115 0.00765
-3.7 0.9 0.159 0.0052 0.00932
-3.6 0.9 0.167 0.00564 0.00629
-3.5 0.9 0.174 0.00714 0.0065
-3.4 0.9 0.181 0.00832 0.0091
-3.3 0.9 0.19 0.00905 0.0115
-3.2 0.9 0.199 0.00923 0.0134
-3.1 0.9 0.209 0.0088 0.0144
-3 0.9 0.219 0.00777 0.0145
-2.9 0.9 0.234 0.0144 0.0175
-2.8 0.9 0.246 0.0161 0.0154
-2.7 0.9 0.25 0.00589 0.0104
-2.6 0.9 0.261 0.00494 0.00987
-2.5 0.9 0.276 0.0097 0.0114
-2.4 0.9 0.287 0.00963 0.00969
-2.3 0.9 0.298 0.0087 0.00753
-2.2 0.9 0.314 0.00884 0.00573
-2.1 0.9 0.325 0.0102 0.00571
-2 0.9 0.335 0.0103 0.00521
-1.9 0.9 0.343 0.012 0.00922
-1.8 0.9 0.354 0.00994 0.00848
-1.7 0.9 0.366 0.00556 0.00254
-1.6 0.9 0.376 0.000731 0.00102
-1.5 0.9 0.387 0.000485 0.000933
-1.4 0.9 0.399 0.000356 0.000963
-1.3 0.9 0.41 0.00117 0.00222
-1.2 0.9 0.422 0.000358 0.000873
-1.1 0.9 0.434 0.000639 0.000635
-1 0.9 0.445 0.000551 0.000626
-0.9 0.9 0.457 0.000613 0.000691
-0.8 0.9 0.47 0.00105 0.000933
-0.7 0.9 0.481 0.000952 0.000868
-0.6 0.9 0.493 0.000969 0.00133
-0.5 0.9 0.505 0.00103 0.00144
-0.4 0.9 0.516 0.00108 0.00148
-0.3 0.9 0.528 0.000808 0.00116
-0.2 0.9 0.541 0.00246 0.00145
-0.1 0.9 0.551 0.000599 0.00132
3.38e-14 0.9 0.563 0.000605 0.00165
0.1 0.9 0.575 0.00302 0.00294
0.2 0.9 0.586 0.00388 0.00388
0.3 0.9 0.596 0.00134 0.00372
0.4 0.9 0.609 0.00469 0.00493
0.5 0.9 0.619 0.00555 0.00883
0.6 0.9 0.633 0.0195 0.0172
0.7 0.9 0.64 0.00276 0.00458
0.8 0.9 0.647 0.00691 0.0176
0.9 0.9 0.657 0.0082 0.0181
1 0.9 0.667 0.00895 0.0171
1.1 0.9 0.677 0.00904 0.0148
1.2 0.9 0.694 0.00725 0.0117
1.3 0.9 0.705 0.00995 0.013
1.4 0.9 0.716 0.0121 0.0132
1.5 0.9 0.727 0.0136 0.0125
1.6 0.9 0.74 0.0111 0.00486
1.7 0.9 0.75 0.0113 0.00562
1.8 0.9 0.752 0.015 0.0175
1.9 0.9 0.763 0.0163 0.0155
2 0.9 0.772 0.0166 0.0128
2.1 0.9 0.785 0.0128 0.00635
2.2 0.9 0.793 0.0121 0.00669
2.3 0.9 0.801 0.0109 0.00667
2.4 0.9 0.808 0.00957 0.00635
2.5 0.9 0.814 0.00806 0.00581
2.6 0.9 0.82 0.00653 0.00513
2.7 0.9 0.826 0.00507 0.00437
2.8 0.9 0.833 0.00715 0.00461
2.9 0.9 0.837 0.00308 0.00282
3 0.9 0.842 0.00267 0.00212
3.1 0.9 0.846 0.00224 0.00149
3.2 0.9 0.852 0.00313 0.00139
3.3 0.9 0.856 0.00282 0.000969
3.4 0.9 0.86 0.00248 0.00125
3.5 0.9 0.864 0.00214 0.00149
3.6 0.9 0.868 0.00181 0.00162
3.7 0.9 0.872 0.00152 0.00166
3.8 0.9 0.874 0.00115 0.00306
3.9 0.9 0.877 0.00111 0.00277
4 0.9 0.881 0.00105 0.00249
4.1 0.9 0.883 0.00098 0.00222
4.2 0.9 0.886 0.000902 0.00197
4.3 0.9 0.889 0.000821 0.00174
4.4 0.9 0.891 0.000741 0.00152
4.5 0.9 0.893 0.000664 0.00133
4.6 0.9 0.895 0.000593 0.00115
4.7 0.9 0.897 0.000531 0.000976
4.8 0.9 0.899 0.000487 0.000803
4.9 0.9 0.9 0.000509 0.000573
5 0.9 0.898 0.00409 0.0112
5.1 0.9 0.903 0.00106 0.000604
5.2 0.9 0.904 0.000777 0.000652
5.3 0.9 0.906 0.00245 0.0011
5.4 0.9 0.907 0.000425 0.000374
5.5 0.9 0.907 0.000232 0.000275
5.6 0.9 0.908 0.000159 0.000223
5.7 0.9 0.909 0.000121 0.000187
5.8 0.9 0.91 9.68e-05 0.00016
5.9 0.9 0.91 8e-05 0.000138
6 0.9 0.911 6.74e-05 0.00012
6.1 0.9 0.911 5.77e-05 0.000105
6.2 0.9 0.911 4.99e-05 9.13e-05
6.3 0.9 0.912 6.6e-05 0.000111
6.4 0.9 0.912 5.75e-05 9.57e-05
6.5 0.9 0.912 5.03e-05 8.25e-05
6.6 0.9 0.913 4.41e-05 7.1e-05
6.7 0.9 0.913 3.87e-05 6.1e-05
6.8 0.9 0.913 3.41e-05 5.21e-05
6.9 0.9 0.913 3.42e-05 4.03e-05
7 0.9 0.914 3e-05 3.43e-05
7.1 0.9 0.914 2.65e-05 2.9e-05
7.2 0.9 0.914 2.36e-05 2.44e-05
7.3 0.9 0.914 2.12e-05 2.03e-05
7.4 0.9 0.914 1.95e-05 1.69e-05
7.5 0.9 0.914 1.87e-05 1.41e-05
7.6 0.9 0.914 1.96e-05 1.22e-05
7.7 0.9 0.914 2.52e-05 1.23e-05
7.8 0.9 0.914 8.05e-05 3.4e-05
7.9 0.9 0.915 1.43e-05 2.66e-05
8 0.9 0.915 7.76e-06 7.13e-06
8.1 0.9 0.915 5.35e-06 2.88e-06
8.2 0.9 0.915 3.94e-06 2.04e-06
8.3 0.9 0.915 2.94e-06 1.66e-06
8.4 0.9 0.915 2.17e-06 1.22e-06
8.5 0.9 0.915 1.55e-06 7.83e-07
8.6 0.9 0.915 1.04e-06 5.08e-07
8.7 0.9 0.915 6.2e-07 4.1e-07
8.8 0.9 0.915 3.93e-07 3.37e-07
8.9 0.9 0.915 7.2e-07 4.5e-07
9 0.9 0.915 1.3e-06 9.9e-07
9.1 0.9 0.915 1.6e-06 1.05e-06
9.2 0.9 0.915 1.88e-06 1.11e-06
9.3 0.9 0.915 2.13e-06 1.15e-06
9.4 0.9 0.915 2.35e-06 1.19e-06
9.5 0.9 0.915 2.55e-06 1.23e-06
9.6 0.9 0.915 2.73e-06 1.27e-06
9.7 0.9 0.915 2.89e-06 1.3e-06
9.8 0.9 0.915 3.03e-06 1.33e-06
9.9 0.9 0.915 3.15e-06 1.35e-06
10 0.9 0.915 3.27e-06 1.37e-06
10.1 0.9 0.915 3.37e-06 1.4e-06
10.2 0.9 0.915 3.45e-06 1.42e-06
10.3 0.9 0.915 3.54e-06 1.44e-06
10.4 0.9 0.915 3.61e-06 1.45e-06
10.5 0.9 0.915 3.67e-06 1.47e-06
10.6 0.9 0.915 3.72e-06 1.48e-06
10.7 0.9 0.915 3.78e-06 1.49e-06
10.8 0.9 0.915 3.82e-06 1.5e-06
10.9 0.9 0.915 3.87e-06 1.51e-06
11 0.9 0.915 3.9e-06 1.52e-06
11.1 0.9 0.915 3.93e-06 1.53e-06
11.2 0.9 0.915 3.96e-06 1.53e-06
11.3 0.9 0.915 3.99e-06 1.54e-06
11.4 0.9 0.915 4.01e-06 1.54e-06
11.5 0.9 0.915 4.03e-06 1.55e-06
11.6 0.9 0.915 4.05e-06 1.55e-06
11.7 0.9 0.915 4.06e-06 1.56e-06
11.8 0.9 0.915 4.08e-06 1.56e-06
11.9 0.9 0.915 4.09e-06 1.57e-06
12 0.9 0.915 4.11e-06 1.57e-06
12.1 0.9 0.915 4.12e-06 1.57e-06
12.2 0.9 0.915 4.13e-06 1.57e-06
12.3 0.9 0.915 4.14e-06 1.57e-06
12.4 0.9 0.915 4.14e-06 1.58e-06
12.5 0.9 0.915 4.14e-06 1.58e-06
12.6 0.9 0.915 4.15e-06 1.58e-06
12.7 0.9 0.915 4.16e-06 1.59e-06
12.8 0.9 0.915 4.16e-06 1.59e-06
12.9 0.9 0.915 4.16e-06 1.59e-06
13 0.9 0.915 4.16e-06 1.59e-06
13.1 0.9 0.915 4.17e-06 1.59e-06
13.2 0.9 0.915 4.17e-06 1.59e-06
13.3 0.9 0.915 4.18e-06 1.59e-06
13.4 0.9 0.915 4.18e-06 1.58e-06
13.5 0.9 0.915 4.18e-06 1.59e-06
13.6 0.9 0.915 4.18e-06 1.59e-06
13.7 0.9 0.915 4.18e-06 1.59e-06
13.8 0.9 0.915 4.19e-06 1.59e-06
13.9 0.9 0.915 4.18e-06 1.59e-06
14 0.9 0.915 4.18e-06 1.59e-06
14.1 0.9 0.915 4.18e-06 1.59e-06
14.2 0.9 0.915 4.19e-06 1.59e-06
14.3 0.9 0.915 4.18e-06 1.59e-06
14.4 0.9 0.915 4.18e-06 1.59e-06
14.5 0.9 0.915 4.18e-06 1.59e-06
14.6 0.9 0.915 4.18e-06 1.58e-06
14.7 0.9 0.915 4.18e-06 1.59e-06
14.8 0.9 0.915 4.17e-06 1.59e-06
14.9 0.9 0.915 4.17e-06 1.59e-06
15 0.9 0.915 4.16e-06 1.59e-06
15.1 0.9 0.915 4.16e-06 1.59e-06
15.2 0.9 0.915 4.16e-06 1.59e-06
15.3 0.9 0.915 4.16e-06 1.59e-06
15.4 0.9 0.915 4.15e-06 1.58e-06
15.5 0.9 0.915 4.14e-06 1.58e-06
15.6 0.9 0.915 4.14e-06 1.58e-06
15.7 0.9 0.915 4.14e-06 1.57e-06
15.8 0.9 0.915 4.13e-06 1.57e-06
15.9 0.9 0.915 4.12e-06 1.57e-06
16 0.9 0.915 4.11e-06 1.57e-06
16.1 0.9 0.915 4.09e-06 1.57e-06
16.2 0.9 0.915 4.08e-06 1.56e-06
16.3 0.9 0.915 4.06e-06 1.56e-06
16.4 0.9 0.915 4.05e-06 1.55e-06
16.5 0.9 0.915 4.03e-06 1.55e-06
16.6 0.9 0.915 4.01e-06 1.54e-06
16.7 0.9 0.915 3.99e-06 1.54e-06
16.8 0.9 0.915 3.96e-06 1.53e-06
16.9 0.9 0.915 3.93e-06 1.53e-06
17 0.9 0.915 3.9e-06 1.52e-06
17.1 0.9 0.915 3.87e-06 1.51e-06
17.2 0.9 0.915 3.82e-06 1.5e-06
17.3 0.9 0.915 3.78e-06 1.49e-06
17.4 0.9 0.915 3.72e-06 1.48e-06
17.5 0.9 0.915 3.67e-06 1.47e-06
17.6 0.9 0.915 3.61e-06 1.45e-06
17.7 0.9 0.915 3.54e-06 1.44e-06
17.8 0.9 0.915 3.45e-06 1.42e-06
17.9 0.9 0.915 3.37e-06 1.4e-06
18 0.9 0.915 3.27e-06 1.37e-06
18.1 0.9 0.915 3.15e-06 1.35e-06
18.2 0.9 0.915 3.03e-06 1.33e-06
18.3 0.9 0.915 2.89e-06 1.3e-06
18.4 0.9 0.915 2.73e-06 1.27e-06
18.5 0.9 0.915 2.55e-06 1.23e-06
18.6 0.9 0.915 2.35e-06 1.19e-06
18.7 0.9 0.915 2.13e-06 1.15e-06
18.8 0.9 0.915 1.88e-06 1.11e-06
18.9 0.9 0.915 1.6e-06 1.05e-06
19 0.9 0.915 1.3e-06 9.9e-07
19.1 0.9 0.915 7.2e-07 4.5e-07
19.2 0.9 0.915 3.93e-07 3.37e-07
19.3 0.9 0.915 6.2e-07 4.1e-07
19.4 0.9 0.915 1.04e-06 5.08e-07
19.5 0.9 0.915 1.55e-06 7.83e-07
19.6 0.9 0.915 2.17e-06 1.22e-06
19.7 0.9 0.915 2.94e-06 1.66e-06
19.8 0.9 0.915 3.94e-06 2.04e-06
19.9 0.9 0.915 5.35e-06 2.88e-06
20 0.9 0.915 7.76e-06 7.13e-06
20.1 0.9 0.915 1.43e-05 2.66e-05
20.2 0.9 0.914 8.05e-05 3.4e-05
20.3 0.9 0.914 2.52e-05 1.23e-05
20.4 0.9 0.914 1.96e-05 1.22e-05
20.5 0.9 0.914 1.87e-05 1.41e-05
20.6 0.9 0.914 1.95e-05 1.69e-05
20.7 0.9 0.914 2.12e-05 2.03e-05
20.8 0.9 0.914 2.36e-05 2.44e-05
20.9 0.9 0.914 2.65e-05 2.9e-05
21 0.9 0.914 3e-05 3.43e-05
21.1 0.9 0.913 3.42e-05 4.03e-05
21.2 0.9 0.913 3.41e-05 5.21e-05
21.3 0.9 0.913 3.87e-05 6.1e-05
21.4 0.9 0.913 4.41e-05 7.1e-05
21.5 0.9 0.912 5.03e-05 8.25e-05
21.6 0.9 0.912 5.75e-05 9.57e-05
21.7 0.9 0.912 6.6e-05 0.000111
21.8 0.9 0.911 4.99e-05 9.13e-05
21.9 0.9 0.911 5.77e-05 0.000105
22 0.9 0.911 6.74e-05 0.00012
22.1 0.9 0.91 8e-05 0.000138
22.2 0.9 0.91 9.68e-05 0.00016
22.3 0.9 0.909 0.000121 0.000187
22.4 0.9 0.908 0.000159 0.000223
22.5 0.9 0.907 0.000232 0.000275
22.6 0.9 0.907 0.000425 0.000374
22.7 0.9 0.906 0.00245 0.0011
22.8 0.9 0.904 0.000777 0.000652
22.9 0.9 0.903 0.00106 0.000604
23 0.9 0.898 0.00409 0.0112
23.1 0.9 0.9 0.000509 0.000573
23.2 0.9 0.899 0.000487 0.000803
23.3 0.9 0.897 0.000531 0.000976
23.4 0.9 0.895 0.000593 0.00115
23.5 0.9 0.893 0.000664 0.00133
23.6 0.9 0.891 0.000741 0.00152
23.7 0.9 0.889 0.000821 0.00174
23.8 0.9 0.886 0.000902 0.00197
23.9 0.9 0.883 0.00098 0.00222
24 0.9 0.881 0.00105 0.00249
24.1 0.9 0.877 0.00111 0.00277
24.2 0.9 0.874 0.00115 0.00306
24.3 0.9 0.872 0.00152 0.00166
24.4 0.9 0.868 0.00181 0.00162
24.5 0.9 0.864 0.00214 0.00149
24.6 0.9 0.86 0.00248 0.00125
24.7 0.9 0.856 0.00282 0.000969
24.8 0.9 0.852 0.00313 0.00139
24.9 0.9 0.846 0.00224 0.00149
25 0.9 0.842 0.00267 0.00212
25.1 0.9 0.837 0.00308 0.00282
25.2 0.9 0.833 0.00715 0.00461
25.3 0.9 0.826 0.00507 0.00437
25.4 0.9 0.82 0.00653 0.00513
25.5 0.9 0.814 0.00806 0.00581
25.6 0.9 0.808 0.00957 0.00635
25.7 0.9 0.801 0.0109 0.00667
25.8 0.9 0.793 0.0121 0.00669
25.9 0.9 0.785 0.0128 0.00635
26 0.9 0.772 0.0166 0.0128
26.1 0.9 0.763 0.0163 0.0155
26.2 0.9 0.752 0.015 0.0175
26.3 0.9 0.75 0.0113 0.00562
26.4 0.9 0.74 0.0111 0.00486
26.5 0.9 0.727 0.0136 0.0125
26.6 0.9 0.716 0.0121 0.0132
26.7 0.9 0.705 0.00995 0.013
26.8 0.9 0.694 0.00725 0.0117
26.9 0.9 0.677 0.00904 0.0148
27 0.9 0.667 0.00895 0.0171
27.1 0.9 0.657 0.0082 0.0181
27.2 0.9 0.647 0.00691 0.0176
27.3 0.9 0.64 0.00276 0.00458
27.4 0.9 0.633 0.0195 0.0172
27.5 0.9 0.619 0.00555 0.00883
27.6 0.9 0.609 0.00469 0.00493
27.7 0.9 0.596 0.00134 0.00372
27.8 0.9 0.586 0.00388 0.00388
27.9 0.9 0.575 0.00302 0.00294
28 0.9 0.563 0.000605 0.00165
28.1 0.9 0.551 0.000599 0.00132
28.2 0.9 0.541 0.00246 0.00145
28.3 0.9 0.528 0.000808 0.00116
28.4 0.9 0.516 0.00108 0.00148
28.5 0.9 0.505 0.00103 0.00144
28.6 0.9 0.493 0.000969 0.00133
28.7 0.9 0.481 0.000952 0.000868
28.8 0.9 0.47 0.00105 0.000933
28.9 0.9 0.457 0.000613 0.000691
29 0.9 0.445 0.000551 0.000626
29.1 0.9 0.434 0.000639 0.000635
29.2 0.9 0.422 0.000358 0.000873
29.3 0.9 0.41 0.00117 0.00222
29.4 0.9 0.399 0.000356 0.000963
29.5 0.9 0.387 0.000485 0.000933
29.6 0.9 0.376 0.000731 0.00102
29.7 0.9 0.366 0.00556 0.00254
29.8 0.9 0.354 0.00994 0.00848
29.9 0.9 0.343 0.012 0.00922
30 0.9 0.335 0.0103 0.00521
30.1 0.9 0.325 0.0102 0.00571
30.2 0.9 0.314 0.00884 0.00573
30.3 0.9 0.298 0.0087 0.00753
30.4 0.9 0.287 0.00963 0.00969
30.5 0.9 0.276 0.0097 0.0114
30.6 0.9 0.261 0.00494 0.00987
30.7 0.9 0.25 0.00589 0.0104
30.8 0.9 0.246 0.0161 0.0154
30.9 0.9 0.234 0.0144 0.0175
31 0.9 0.219 0.00777 0.0145
31.1 0.9 0.209 0.0088 0.0144
31.2 0.9 0.199 0.00923 0.0134
31.3 0.9 0.19 0.00905 0.0115
31.4 0.9 0.181 0.00832 0.0091
31.5 0.9 0.174 0.00714 0.0065
31.6 0.9 0.167 0.00564 0.00629
31.7 0.9 0.159 0.0052 0.00932
31.8 0.9 0.156 0.0115 0.00765
31.9 0.9 0.149 0.0125 0.00585
32 0.9 0.143 0.013 0.00596
32.1 0.9 0.138 0.0113 0.00926
32.2 0.9 0.131 0.0114 0.0104
32.3 0.9 0.123 0.0114 0.0115
32.4 0.9 0.116 0.0112 0.0128
32.5 0.9 0.108 0.0112 0.0147
32.6 0.9 0.0999 0.0121 0.0175
32.7 0.9 0.0911 0.0143 0.0256
32.8 0.9 0.0738 0.0248 0.0591
32.9 0.9 0.119 0.0934 0.0381
33 0.9 0.0891 0.0223 0.0138
33.1 0.9 0.0799 0.0117 0.00951
33.2 0.9 0.0731 0.0076 0.00745
33.3 0.9 0.0674 0.00541 0.00618
33.4 0.9 0.0621 0.00414 0.00519
33.5 0.9 0.0572 0.00336 0.00436
33.6 0.9 0.0527 0.00285 0.00364
33.7 0.9 0.0484 0.00252 0.00301
33.8 0.9 0.0444 0.00228 0.00246
33.9 0.9 0.0407 0.00203 0.00205
34 0.9 0.0373 0.00188 0.00166
34.1 0.9 0.0341 0.00175 0.00132
34.2 0.9 0.0311 0.00165 0.00102
34.3 0.9 0.0283 0.00155 0.000873
34.4 0.9 0.0257 0.00146 0.000934
34.5 0.9 0.0234 0.00138 0.00097
34.6 0.9 0.0212 0.0013 0.000984
34.7 0.9 0.0192 0.00121 0.00098
34.8 0.9 0.0174 0.00114 0.000961
34.9 0.9 0.0157 0.00106 0.000932
35 0.9 0.0142 0.000984 0.000894
35.1 0.9 0.0128 0.000911 0.000851
35.2 0.9 0.0116 0.000842 0.000804
35.3 0.9 0.0104 0.000775 0.000754
35.4 0.9 0.00938 0.000712 0.000704
35.5 0.9 0.00844 0.000653 0.000654
35.6 0.9 0.00759 0.000597 0.000605
35.7 0.9 0.00683 0.000545 0.000557
35.8 0.9 0.00613 0.000496 0.000512
35.9 0.9 0.00551 0.000451 0.000469
36 0.9 0.00495 0.000409 0.000428
36.1 0.9 0.00444 0.000371 0.00039
36.2 0.9 0.00399 0.000336 0.000355
36.3 0.9 0.00358 0.000304 0.000322
36.4 0.9 0.00321 0.000274 0.000292
36.5 0.9 0.00288 0.000248 0.000264
36.6 0.9 0.00258 0.000223 0.000239
36.7 0.9 0.00231 0.000201 0.000216
36.8 0.9 0.00207 0.000181 0.000195
36.9 0.9 0.00185 0.000163 0.000176
37 0.9 0.00166 0.000146 0.000158
37.1 0.9 0.00149 0.000132 0.000142
37.2 0.9 0.00133 0.000118 0.000128
37.3 0.9 0.00119 0.000106 0.000115
37.4 0.9 0.00107 9.53e-05 0.000104
37.5 0.9 0.000958 8.56e-05 9.3e-05
37.6 0.9 0.000857 7.67e-05 8.35e-05
37.7 0.9 0.000768 6.88e-05 7.5e-05
37.8 0.9 0.000687 6.17e-05 6.73e-05
37.9 0.9 0.000615 5.53e-05 6.03e-05
38 0.9 0.000551 4.96e-05 5.41e-05
38.1 0.9 0.000493 4.44e-05 4.85e-05
38.2 0.9 0.000441 3.98e-05 4.35e-05
38.3 0.9 0.000395 3.57e-05 3.9e-05
38.4 0.9 0.000354 3.2e-05 3.49e-05
38.5 0.9 0.000316 2.86e-05 3.13e-05
38.6 0.9 0.000283 2.56e-05 2.8e-05
38.7 0.9 0.000253 2.3e-05 2.51e-05
38.8 0.9 0.000227 2.06e-05 2.25e-05
38.9 0.9 0.000203 1.84e-05 2.01e-05
39 0.9 0.000182 1.65e-05 1.8e-05
39.1 0.9 0.000163 1.48e-05 1.61e-05
39.2 0.9 0.000146 1.32e-05 1.45e-05
39.3 0.9 0.00013 1.18e-05 1.29e-05
39.4 0.9 0.000117 1.06e-05 1.16e-05
39.5 0.9 0.000104 9.47e-06 1.04e-05
39.6 0.9 9.33e-05 8.48e-06 9.28e-06
39.7 0.9 8.35e-05 7.59e-06 8.31e-06
39.8 0.9 7.48e-05 6.79e-06 7.44e-06
39.9 0.9 6.69e-05 6.08e-06 6.66e-06
40 0.9 5.99e-05 5.44e-06 5.96e-06
40.1 0.9 5.36e-05 4.87e-06 5.33e-06
40.2 0.9 4.79e-05 4.36e-06 4.77e-06
40.3 0.9 4.29e-05 3.9e-06 4.27e-06
40.4 0.9 3.84e-05 3.49e-06 3.82e-06
40.5 0.9 3.44e-05 3.12e-06 3.42e-06
40.6 0.9 3.07e-05 2.8e-06 3.06e-06
40.7 0.9 2.75e-05 2.5e-06 2.74e-06
40.8 0.9 2.46e-05 2.24e-06 2.45e-06
40.9 0.9 2.2e-05 2e-06 2.2e-06
41 0.9 1.97e-05 1.79e-06 1.96e-06
41.1 0.9 1.76e-05 1.6e-06 1.76e-06
41.2 0.9 1.58e-05 1.44e-06 1.57e-06
41.3 0.9 1.41e-05 1.28e-06 1.41e-06
41.4 0.9 1.26e-05 1.15e-06 1.26e-06
41.5 0.9 1.13e-05 1.03e-06 1.13e-06
41.6 0.9 1.01e-05 9.21e-07 1.01e-06
41.7 0.9 9.06e-06 8.24e-07 9.03e-07
41.8 0.9 8.1e-06 7.37e-07 8.08e-07
41.9 0.9 7.25e-06 6.6e-07 7.23e-07
42 0.9 6.49e-06 5.9e-07 6.47e-07
42.1 0.9 5.81e-06 5.28e-07 5.79e-07
42.2 0.9 5.2e-06 4.73e-07 5.18e-07
42.3 0.9 4.65e-06 4.23e-07 4.64e-07
42.4 0.9 4.16e-06 3.79e-07 4.15e-07
42.5 0.9 3.72e-06 3.39e-07 3.71e-07
42.6 0.9 3.33e-06 3.03e-07 3.32e-07
42.7 0.9 2.98e-06 2.71e-07 2.97e-07
42.8 0.9 2.67e-06 2.43e-07 2.66e-07
42.9 0.9 2.39e-06 2.17e-07 2.38e-07
43 0.9 2.14e-06 1.94e-07 2.13e-07
43.1 0.9 1.91e-06 1.74e-07 1.91e-07
43.2 0.9 1.71e-06 1.56e-07 1.71e-07
43.3 0.9 1.53e-06 1.39e-07 1.53e-07
43.4 0.9 1.37e-06 1.25e-07 1.37e-07
43.5 0.9 1.23e-06 1.12e-07 1.22e-07
43.6 0.9 1.1e-06 9.98e-08 1.09e-07
43.7 0.9 9.81e-07 8.93e-08 9.79e-08
43.8 0.9 8.78e-07 7.99e-08 8.76e-08
43.9 0.9 7.86e-07 7.15e-08 7.84e-08
44 0.9 7.03e-07 6.4e-08 7.01e-08
44.1 0.9 6.29e-07 5.73e-08 6.28e-08
44.2 0.9 5.63e-07 5.12e-08 5.62e-08
44.3 0.9 5.04e-07 4.59e-08 5.02e-08
44.4 0.9 4.51e-07 4.1e-08 4.5e-08
44.5 0.9 4.04e-07 3.67e-08 4.02e-08
44.6 0.9 3.61e-07 3.29e-08 3.6e-08
44.7 0.9 3.23e-07 2.94e-08 3.22e-08
44.8 0.9 2.89e-07 2.63e-08 2.88e-08
44.9 0.9 2.59e-07 2.35e-08 2.58e-08
45 0.9 2.32e-07 2.11e-08 2.31e-08
45.1 0.9 2.07e-07 1.89e-08 2.07e-08
45.2 0.9 1.85e-07 1.69e-08 1.85e-08
45.3 0.9 1.66e-07 1.51e-08 1.65e-08
45.4 0.9 1.48e-07 1.35e-08 1.48e-08
45.5 0.9 1.33e-07 1.21e-08 1.32e-08
45.6 0.9 1.19e-07 1.08e-08 1.19e-08
45.7 0.9 1.06e-07 9.68e-09 1.06e-08
45.8 0.9 9.52e-08 8.66e-09 9.49e-09
45.9 0.9 8.52e-08 7.75e-09 8.49e-09
46 0.9 7.62e-08 6.94e-09 7.6e-09
46.1 0.9 6.82e-08 6.21e-09 6.8e-09
46.2 0.9 6.1e-08 5.55e-09 6.09e-09
46.3 0.9 5.46e-08 4.97e-09 5.45e-09
46.4 0.9 4.89e-08 4.45e-09 4.87e-09
46.5 0.9 4.37e-08 3.98e-09 4.36e-09
46.6 0.9 3.91e-08 3.56e-09 3.9e-09
46.7 0.9 3.5e-08 3.19e-09 3.49e-09
46.8 0.9 3.13e-08 2.85e-09 3.12e-09
46.9 0.9 2.8e-08 2.55e-09 2.8e-09
47 0.9 2.51e-08 2.28e-09 2.5e-09
47.1 0.9 2.25e-08 2.04e-09 2.24e-09
47.2 0.9 2.01e-08 1.83e-09 2e-09
47.3 0.9 1.8e-08 1.64e-09 1.79e-09
47.4 0.9 1.61e-08 1.46e-09 1.6e-09
47.5 0.9 1.44e-08 1.31e-09 1.44e-09
47.6 0.9 1.29e-08 1.17e-09 1.28e-09
47.7 0.9 1.15e-08 1.05e-09 1.15e-09
47.8 0.9 1.03e-08 9.39e-10 1.03e-09
47.9 0.9 9.23e-09 8.4e-10 9.2e-10
48 0.9 8.26e-09 7.52e-10 8.24e-10
48.1 0.9 7.39e-09 6.73e-10 7.37e-10
48.2 0.9 6.61e-09 6.02e-10 6.59e-10
48.3 0.9 5.92e-09 5.39e-10 5.9e-10
48.4 0.9 5.3e-09 4.82e-10 5.28e-10
48.5 0.9 4.74e-09 4.31e-10 4.73e-10
48.6 0.9 4.24e-09 3.86e-10 4.23e-10
48.7 0.9 3.79e-09 3.45e-10 3.78e-10
48.8 0.9 3.4e-09 3.09e-10 3.39e-10
48.9 0.9 3.04e-09 2.76e-10 3.03e-10
49 0.9 2.72e-09 2.47e-10 2.71e-10
49.1 0.9 2.43e-09 2.21e-10 2.43e-10
49.2 0.9 2.18e-09 1.98e-10 2.17e-10
49.3 0.9 1.95e-09 1.77e-10 1.94e-10
49.4 0.9 1.74e-09 1.59e-10 1.74e-10
49.5 0.9 1.56e-09 1.42e-10 1.56e-10
49.6 0.9 1.4e-09 1.27e-10 1.39e-10
49.7 0.9 1.25e-09 1.14e-10 1.25e-10
49.8 0.9 1.12e-09 1.02e-10 1.11e-10
54.1 0.9 9.41e-12 8.56e-13 9.38e-13
54.2 0.9 8.42e-12 7.66e-13 8.39e-13
54.3 0.9 7.53e-12 6.85e-13 7.51e-13
54.4 0.9 6.74e-12 6.13e-13 6.72e-13
54.5 0.9 6.03e-12 5.49e-13 6.01e-13
54.6 0.9 5.4e-12 4.91e-13 5.38e-13
54.7 0.9 4.83e-12 4.39e-13 4.82e-13
54.8 0.9 4.32e-12 3.93e-13 4.31e-13
54.9 0.9 3.87e-12 3.52e-13 3.86e-13
55 0.9 3.46e-12 3.15e-13 3.45e-13
55.1 0.9 3.1e-12 2.82e-13 3.09e-13
55.2 0.9 2.77e-12 2.52e-13 2.76e-13
55.3 0.9 2.48e-12 2.26e-13 2.47e-13
55.4 0.9 2.22e-12 2.02e-13 2.21e-13
55.5 0.9 1.99e-12 1.81e-13 1.98e-13
55.6 0.9 1.78e-12 1.62e-13 1.77e-13
55.7 0.9 1.59e-12 1.45e-13 1.59e-13
55.8 0.9 1.42e-12 1.29e-13 1.42e-13
55.9 0.9 1.27e-12 1.16e-13 1.27e-13
56 0.9 1.14e-12 1.04e-13 1.14e-13
56.1 0.9 1.02e-12 9.27e-14 1.02e-13
56.2 0.9 9.12e-13 8.3e-14 9.09e-14
56.3 0.9 8.16e-13 7.43e-14 8.14e-14
56.4 0.9 7.3e-13 6.65e-14 7.28e-14
56.5 0.9 6.54e-13 5.95e-14 6.52e-14
56.6 0.9 5.85e-13 5.32e-14 5.83e-14
56.7 0.9 5.23e-13 4.76e-14 5.22e-14
56.8 0.9 4.68e-13 4.26e-14 4.67e-14
56.9 0.9 4.19e-13 3.81e-14 4.18e-14
57 0.9 3.75e-13 3.41e-14 3.74e-14
57.1 0.9 3.36e-13 3.05e-14 3.35e-14
57.2 0.9 3e-13 2.73e-14 2.99e-14
57.3 0.9 2.69e-13 2.44e-14 2.68e-14
57.4 0.9 2.4e-13 2.19e-14 2.4e-14
57.5 0.9 2.15e-13 1.96e-14 2.15e-14
57.6 0.9 1.93e-13 1.75e-14 1.92e-14
57.7 0.9 1.72e-13 1.57e-14 1.72e-14
57.8 0.9 1.54e-13 1.4e-14 1.54e-14
57.9 0.9 1.38e-13 1.26e-14 1.38e-14
58 0.9 1.23e-13 1.12e-14 1.23e-14
58.1 0.9 1.1e-13 1.01e-14 1.1e-14
58.2 0.9 9.88e-14 8.99e-15 9.86e-15
58.3 0.9 8.84e-14 8.05e-15 8.82e-15
58.4 0.9 7.91e-14 7.2e-15 7.89e-15
58.5 0.9 7.08e-14 6.44e-15 7.06e-15
58.6 0.9 6.34e-14 5.77e-15 6.32e-15
58.7 0.9 5.67e-14 5.16e-15 5.65e-15
58.8 0.9 5.07e-14 4.62e-15 5.06e-15
58.9 0.9 4.54e-14 4.13e-15 4.53e-15
59 0.9 4.06e-14 3.7e-15 4.05e-15
59.1 0.9 3.64e-14 3.31e-15 3.63e-15
59.2 0.9 3.25e-14 2.96e-15 3.24e-15
59.3 0.9 2.91e-14 2.65e-15 2.9e-15
59.4 0.9 2.61e-14 2.37e-15 2.6e-15
59.5 0.9 2.33e-14 2.12e-15 2.32e-15
59.6 0.9 2.09e-14 1.9e-15 2.08e-15
59.7 0.9 1.87e-14 1.7e-15 1.86e-15
59.8 0.9 1.67e-14 1.52e-15 1.67e-15
59.9 0.9 1.49e-14 1.36e-15 1.49e-15
60 0.9 1.34e-14 1.22e-15 1.33e-15
60.1 0.9 1.2e-14 1.09e-15 1.19e-15
60.2 0.9 1.07e-14 9.75e-16 1.07e-15
60.3 0.9 9.58e-15 8.72e-16 9.56e-16
60.4 0.9 8.58e-15 7.8e-16 8.55e-16
60.5 0.9 7.67e-15 6.98e-16 7.65e-16
60.6 0.9 6.87e-15 6.25e-16 6.85e-16
60.7 0.9 6.15e-15 5.59e-16 6.13e-16
60.8 0.9 5.5e-15 5e-16 5.48e-16
60.9 0.9 4.92e-15 4.48e-16 4.91e-16
61 0.9 4.4e-15 4.01e-16 4.39e-16
61.1 0.9 3.94e-15 3.59e-16 3.93e-16
61.2 0.9 3.53e-15 3.21e-16 3.52e-16
61.3 0.9 3.16e-15 2.87e-16 3.15e-16
61.4 0.9 2.82e-15 2.57e-16 2.82e-16
61.5 0.9 2.53e-15 2.3e-16 2.52e-16
61.6 0.9 2.26e-15 2.06e-16 2.25e-16
61.7 0.9 2.02e-15 1.84e-16 2.02e-16
61.8 0.9 1.81e-15 1.65e-16 1.81e-16
61.9 0.9 1.62e-15 1.47e-16 1.62e-16
62 0.9 1.45e-15 1.32e-16 1.45e-16
62.1 0.9 1.3e-15 1.18e-16 1.29e-16
62.2 0.9 1.16e-15 1.06e-16 1.16e-16
62.3 0.9 1.04e-15 9.45e-17 1.04e-16
62.4 0.9 9.29e-16 8.46e-17 9.27e-17
62.5 0.9 8.32e-16 7.57e-17 8.29e-17
62.6 0.9 7.44e-16 6.77e-17 7.42e-17
62.7 0.9 6.66e-16 6.06e-17 6.64e-17
62.8 0.9 5.96e-16 5.42e-17 5.94e-17
62.9 0.9 5.33e-16 4.85e-17 5.32e-17
63 0.9 4.77e-16 4.34e-17 4.76e-17
63.1 0.9 4.27e-16 3.89e-17 4.26e-17
63.2 0.9 3.82e-16 3.48e-17 3.81e-17
63.3 0.9 3.42e-16 3.11e-17 3.41e-17
63.4 0.9 3.06e-16 2.78e-17 3.05e-17
63.5 0.9 2.74e-16 2.49e-17 2.73e-17
63.6 0.9 2.45e-16 2.23e-17 2.44e-17
63.7 0.9 2.19e-16 1.99e-17 2.19e-17
63.8 0.9 1.96e-16 1.79e-17 1.96e-17
63.9 0.9 1.76e-16 1.6e-17 1.75e-17
64 0.9 1.57e-16 1.43e-17 1.57e-17
64.1 0.9 1.41e-16 1.28e-17 1.4e-17
64.2 0.9 1.26e-16 1.14e-17 1.25e-17
64.3 0.9 1.13e-16 1.02e-17 1.12e-17
64.4 0.9 1.01e-16 9.17e-18 1e-17
64.5 0.9 9.01e-17 8.2e-18 8.99e-18
64.6 0.9 8.07e-17 7.34e-18 8.04e-18
64.7 0.9 7.22e-17 6.57e-18 7.2e-18
64.8 0.9 6.46e-17 5.88e-18 6.44e-18
64.9 0.9 5.78e-17 5.26e-18 5.76e-18
65 0.9 5.17e-17 4.71e-18 5.16e-18
65.1 0.9 4.63e-17 4.21e-18 4.61e-18
65.2 0.9 4.14e-17 3.77e-18 4.13e-18
65.3 0.9 3.71e-17 3.37e-18 3.69e-18
65.4 0.9 3.32e-17 3.02e-18 3.31e-18
65.5 0.9 2.97e-17 2.7e-18 2.96e-18
65.6 0.9 2.65e-17 2.42e-18 2.65e-18
65.7 0.9 2.38e-17 2.16e-18 2.37e-18
65.8 0.9 2.13e-17 1.93e-18 2.12e-18
65.9 0.9 1.9e-17 1.73e-18 1.9e-18
66 0.9 1.7e-17 1.55e-18 1.7e-18
66.1 0.9 1.52e-17 1.39e-18 1.52e-18
66.2 0.9 1.36e-17 1.24e-18 1.36e-18
66.3 0.9 1.22e-17 1.11e-18 1.22e-18
66.4 0.9 1.09e-17 9.93e-19 1.09e-18
66.5 0.9 9.77e-18 8.89e-19 9.74e-19
66.6 0.9 8.74e-18 7.95e-19 8.72e-19
66.7 0.9 7.82e-18 7.12e-19 7.8e-19
66.8 0.9 7e-18 6.37e-19 6.98e-19
66.9 0.9 6.26e-18 5.7e-19 6.24e-19
67 0.9 5.6e-18 5.1e-19 5.59e-19
67.1 0.9 5.01e-18 4.56e-19 5e-19
67.2 0.9 4.49e-18 4.08e-19 4.47e-19
67.3 0.9 4.02e-18 3.65e-19 4e-19
67.4 0.9 3.59e-18 3.27e-19 3.58e-19
67.5 0.9 3.22e-18 2.93e-19 3.21e-19
67.6 0.9 2.88e-18 2.62e-19 2.87e-19
67.7 0.9 2.57e-18 2.34e-19 2.57e-19
67.8 0.9 2.3e-18 2.1e-19 2.3e-19
67.9 0.9 2.06e-18 1.88e-19 2.06e-19
68 0.9 1.84e-18 1.68e-19 1.84e-19
68.1 0.9 1.65e-18 1.5e-19 1.65e-19
68.2 0.9 1.48e-18 1.34e-19 1.47e-19
68.3 0.9 1.32e-18 1.2e-19 1.32e-19
68.4 0.9 1.18e-18 1.08e-19 1.18e-19
68.5 0.9 1.06e-18 9.63e-20 1.06e-19
68.6 0.9 9.47e-19 8.62e-20 9.44e-20
68.7 0.9 8.48e-19 7.71e-20 8.45e-20
68.8 0.9 7.58e-19 6.9e-20 7.56e-20
68.9 0.9 6.79e-19 6.18e-20 6.77e-20
69 0.9 6.07e-19 5.53e-20 6.06e-20
69.1 0.9 5.43e-19 4.94e-20 5.42e-20
69.2 0.9 4.86e-19 4.42e-20 4.85e-20
69.3 0.9 4.35e-19 3.96e-20 4.34e-20
69.4 0.9 3.89e-19 3.54e-20 3.88e-20
69.5 0.9 3.48e-19 3.17e-20 3.47e-20
69.6 0.9 3.12e-19 2.84e-20 3.11e-20
69.7 0.9 2.79e-19 2.54e-20 2.78e-20
69.8 0.9 2.5e-19 2.27e-20 2.49e-20
69.9 0.9 2.23e-19 2.03e-20 2.23e-20
70 0.9 2e-19 1.82e-20 1.99e-20
70.1 0.9 1.79e-19 1.63e-20 1.78e-20
70.2 0.9 1.6e-19 1.46e-20 1.6e-20
70.3 0.9 1.43e-19 1.3e-20 1.43e-20
70.4 0.9 1.28e-19 1.17e-20 1.28e-20
70.5 0.9 1.15e-19 1.04e-20 1.14e-20
70.6 0.9 1.03e-19 9.34e-21 1.02e-20
70.7 0.9 9.18e-20 8.36e-21 9.16e-21
70.8 0.9 8.22e-20 7.48e-21 8.2e-21
70.9 0.9 7.35e-20 6.69e-21 7.33e-21
71 0.9 6.58e-20 5.99e-21 6.56e-21
71.1 0.9 5.89e-20 5.36e-21 5.87e-21
71.2 0.9 5.27e-20 4.8e-21 5.25e-21
71.3 0.9 4.72e-20 4.29e-21 4.7e-21
71.4 0.9 4.22e-20 3.84e-21 4.21e-21
71.5 0.9 3.78e-20 3.44e-21 3.77e-21
71.6 0.9 3.38e-20 3.07e-21 3.37e-21
71.7 0.9 3.02e-20 2.75e-21 3.01e-21
71.8 0.9 2.71e-20 2.46e-21 2.7e-21
71.9 0.9 2.42e-20 2.2e-21 2.41e-21
72 0.9 2.17e-20 1.97e-21 2.16e-21
72.1 0.9 1.94e-20 1.76e-21 1.93e-21
72.2 0.9 1.73e-20 1.58e-21 1.73e-21
72.3 0.9 1.55e-20 1.41e-21 1.55e-21
72.4 0.9 1.39e-20 1.26e-21 1.39e-21
72.5 0.9 1.24e-20 1.13e-21 1.24e-21
72.6 0.9 1.11e-20 1.01e-21 1.11e-21
72.7 0.9 9.95e-21 9.06e-22 9.93e-22
72.8 0.9 8.91e-21 8.1e-22 8.88e-22
72.9 0.9 7.97e-21 7.25e-22 7.95e-22
73 0.9 7.13e-21 6.49e-22 7.11e-22
73.1 0.9 6.38e-21 5.81e-22 6.36e-22
73.2 0.9 5.71e-21 5.2e-22 5.69e-22
73.3 0.9 5.11e-21 4.65e-22 5.1e-22
73.4 0.9 4.57e-21 4.16e-22 4.56e-22
73.5 0.9 4.09e-21 3.72e-22 4.08e-22
73.6 0.9 3.66e-21 3.33e-22 3.65e-22
73.7 0.9 3.28e-21 2.98e-22 3.27e-22
73.8 0.9 2.93e-21 2.67e-22 2.92e-22
73.9 0.9 2.62e-21 2.39e-22 2.62e-22
74 0.9 2.35e-21 2.14e-22 2.34e-22
74.1 0.9 2.1e-21 1.91e-22 2.09e-22
74.2 0.9 1.88e-21 1.71e-22 1.87e-22
74.3 0.9 1.68e-21 1.53e-22 1.68e-22
74.4 0.9 1.51e-21 1.37e-22 1.5e-22
74.5 0.9 1.35e-21 1.23e-22 1.34e-22
74.6 0.9 1.21e-21 1.1e-22 1.2e-22
74.7 0.9 1.08e-21 9.81e-23 1.08e-22
74.8 0.9 9.65e-22 8.78e-23 9.62e-23
74.9 0.9 8.64e-22 7.86e-23 8.61e-23
75 0.9 7.73e-22 7.03e-23 7.71e-23
75.1 0.9 6.92e-22 6.29e-23 6.9e-23
75.2 0.9 6.19e-22 5.63e-23 6.17e-23
75.3 0.9 5.54e-22 5.04e-23 5.52e-23
75.4 0.9 4.96e-22 4.51e-23 4.94e-23
75.5 0.9 4.43e-22 4.04e-23 4.42e-23
75.6 0.9 3.97e-22 3.61e-23 3.96e-23
75.7 0.9 3.55e-22 3.23e-23 3.54e-23
75.8 0.9 3.18e-22 2.89e-23 3.17e-23
75.9 0.9 2.84e-22 2.59e-23 2.84e-23
76 0.9 2.54e-22 2.32e-23 2.54e-23
76.1 0.9 2.28e-22 2.07e-23 2.27e-23
76.2 0.9 2.04e-22 1.85e-23 2.03e-23
76.3 0.9 1.82e-22 1.66e-23 1.82e-23
76.4 0.9 1.63e-22 1.48e-23 1.63e-23
76.5 0.9 1.46e-22 1.33e-23 1.46e-23
76.6 0.9 1.31e-22 1.19e-23 1.3e-23
76.7 0.9 1.17e-22 1.06e-23 1.17e-23
76.8 0.9 1.05e-22 9.52e-24 1.04e-23
76.9 0.9 9.36e-23 8.52e-24 9.33e-24
77 0.9 8.38e-23 7.62e-24 8.35e-24
77.1 0.9 7.49e-23 6.82e-24 7.47e-24
77.2 0.9 6.71e-23 6.1e-24 6.69e-24
77.3 0.9 6e-23 5.46e-24 5.98e-24
77.4 0.9 5.37e-23 4.89e-24 5.35e-24
77.5 0.9 4.81e-23 4.37e-24 4.79e-24
77.6 0.9 4.3e-23 3.91e-24 4.29e-24
77.7 0.9 3.85e-23 3.5e-24 3.84e-24
77.8 0.9 3.44e-23 3.13e-24 3.43e-24
77.9 0.9 3.08e-23 2.8e-24 3.07e-24
78 0.9 2.76e-23 2.51e-24 2.75e-24
78.1 0.9 2.47e-23 2.25e-24 2.46e-24
78.2 0.9 2.21e-23 2.01e-24 2.2e-24
78.3 0.9 1.98e-23 1.8e-24 1.97e-24
78.4 0.9 1.77e-23 1.61e-24 1.76e-24
78.5 0.9 1.58e-23 1.44e-24 1.58e-24
78.6 0.9 1.42e-23 1.29e-24 1.41e-24
78.7 0.9 1.27e-23 1.15e-24 1.26e-24
78.8 0.9 1.13e-23 1.03e-24 1.13e-24
78.9 0.9 1.01e-23 9.23e-25 1.01e-24
79 0.9 9.08e-24 8.26e-25 9.05e-25
79.1 0.9 8.12e-24 7.39e-25 8.1e-25
79.2 0.9 7.27e-24 6.61e-25 7.25e-25
79.3 0.9 6.5e-24 5.92e-25 6.48e-25
79.4 0.9 5.82e-24 5.3e-25 5.8e-25
79.5 0.9 5.21e-24 4.74e-25 5.19e-25
79.6 0.9 4.66e-24 4.24e-25 4.65e-25
79.7 0.9 4.17e-24 3.79e-25 4.16e-25
79.8 0.9 3.73e-24 3.4e-25 3.72e-25
79.9 0.9 3.34e-24 3.04e-25 3.33e-25
80 0.9 2.99e-24 2.72e-25 2.98e-25
80.1 0.9 2.67e-24 2.43e-25 2.67e-25
80.2 0.9 2.39e-24 2.18e-25 2.39e-25
80.3 0.9 2.14e-24 1.95e-25 2.13e-25
80.4 0.9 1.92e-24 1.74e-25 1.91e-25
80.5 0.9 1.71e-24 1.56e-25 1.71e-25
80.6 0.9 1.53e-24 1.4e-25 1.53e-25
80.7 0.9 1.37e-24 1.25e-25 1.37e-25
80.8 0.9 1.23e-24 1.12e-25 1.22e-25
80.9 0.9 1.1e-24 1e-25 1.1e-25
81 0.9 9.84e-25 8.95e-26 9.81e-26
81.1 0.9 8.8e-25 8.01e-26 8.78e-26
81.2 0.9 7.88e-25 7.17e-26 7.85e-26
81.3 0.9 7.05e-25 6.41e-26 7.03e-26
81.4 0.9 6.31e-25 5.74e-26 6.29e-26
81.5 0.9 5.64e-25 5.14e-26 5.63e-26
81.6 0.9 5.05e-25 4.6e-26 5.04e-26
81.7 0.9 4.52e-25 4.11e-26 4.51e-26
81.8 0.9 4.04e-25 3.68e-26 4.03e-26
81.9 0.9 3.62e-25 3.29e-26 3.61e-26
82 0.9 3.24e-25 2.95e-26 3.23e-26
82.1 0.9 2.9e-25 2.64e-26 2.89e-26
82.2 0.9 2.59e-25 2.36e-26 2.59e-26
82.3 0.9 2.32e-25 2.11e-26 2.31e-26
82.4 0.9 2.08e-25 1.89e-26 2.07e-26
82.5 0.9 1.86e-25 1.69e-26 1.85e-26
82.6 0.9 1.66e-25 1.51e-26 1.66e-26
82.7 0.9 1.49e-25 1.35e-26 1.48e-26
82.8 0.9 1.33e-25 1.21e-26 1.33e-26
82.9 0.9 1.19e-25 1.08e-26 1.19e-26
83 0.9 1.07e-25 9.7e-27 1.06e-26
83.1 0.9 9.54e-26 8.68e-27 9.51e-27
83.2 0.9 8.53e-26 7.77e-27 8.51e-27
83.3 0.9 7.64e-26 6.95e-27 7.62e-27
83.4 0.9 6.83e-26 6.22e-27 6.81e-27
83.5 0.9 6.12e-26 5.56e-27 6.1e-27
83.6 0.9 5.47e-26 4.98e-27 5.46e-27
83.7 0.9 4.9e-26 4.46e-27 4.88e-27
83.8 0.9 4.38e-26 3.99e-27 4.37e-27
83.9 0.9 3.92e-26 3.57e-27 3.91e-27
84 0.9 3.51e-26 3.19e-27 3.5e-27
84.1 0.9 3.14e-26 2.86e-27 3.13e-27
84.2 0.9 2.81e-26 2.56e-27 2.8e-27
84.3 0.9 2.51e-26 2.29e-27 2.51e-27
84.4 0.9 2.25e-26 2.05e-27 2.24e-27
84.5 0.9 2.01e-26 1.83e-27 2.01e-27
84.6 0.9 1.8e-26 1.64e-27 1.8e-27
84.7 0.9 1.61e-26 1.47e-27 1.61e-27
84.8 0.9 1.44e-26 1.31e-27 1.44e-27
84.9 0.9 1.29e-26 1.17e-27 1.29e-27
85 0.9 1.16e-26 1.05e-27 1.15e-27
85.1 0.9 1.03e-26 9.41e-28 1.03e-27
85.2 0.9 9.25e-27 8.42e-28 9.22e-28
85.3 0.9 8.28e-27 7.53e-28 8.25e-28
85.4 0.9 7.41e-27 6.74e-28 7.39e-28
85.5 0.9 6.63e-27 6.03e-28 6.61e-28
85.6 0.9 5.93e-27 5.4e-28 5.91e-28
85.7 0.9 5.31e-27 4.83e-28 5.29e-28
85.8 0.9 4.75e-27 4.32e-28 4.74e-28
85.9 0.9 4.25e-27 3.87e-28 4.24e-28
86 0.9 3.8e-27 3.46e-28 3.79e-28
86.1 0.9 3.4e-27 3.1e-28 3.39e-28
86.2 0.9 3.04e-27 2.77e-28 3.04e-28
86.3 0.9 2.72e-27 2.48e-28 2.72e-28
86.4 0.9 2.44e-27 2.22e-28 2.43e-28
86.5 0.9 2.18e-27 1.99e-28 2.18e-28
86.6 0.9 1.95e-27 1.78e-28 1.95e-28
86.7 0.9 1.75e-27 1.59e-28 1.74e-28
86.8 0.9 1.56e-27 1.42e-28 1.56e-28
86.9 0.9 1.4e-27 1.27e-28 1.39e-28
87 0.9 1.25e-27 1.14e-28 1.25e-28
87.1 0.9 1.12e-27 1.02e-28 1.12e-28
87.2 0.9 1e-27 9.12e-29 9.99e-29
87.3 0.9 8.97e-28 8.16e-29 8.94e-29
87.4 0.9 8.03e-28 7.3e-29 8e-29
87.5 0.9 7.18e-28 6.54e-29 7.16e-29
87.6 0.9 6.43e-28 5.85e-29 6.41e-29
87.7 0.9 5.75e-28 5.23e-29 5.73e-29
87.8 0.9 5.15e-28 4.68e-29 5.13e-29
87.9 0.9 4.6e-28 4.19e-29 4.59e-29
88 0.9 4.12e-28 3.75e-29 4.11e-29
88.1 0.9 3.69e-28 3.36e-29 3.68e-29
88.2 0.9 3.3e-28 3e-29 3.29e-29
88.3 0.9 2.95e-28 2.69e-29 2.94e-29
88.4 0.9 2.64e-28 2.4e-29 2.63e-29
88.5 0.9 2.36e-28 2.15e-29 2.36e-29
88.6 0.9 2.12e-28 1.93e-29 2.11e-29
88.7 0.9 1.89e-28 1.72e-29 1.89e-29
88.8 0.9 1.69e-28 1.54e-29 1.69e-29
88.9 0.9 1.52e-28 1.38e-29 1.51e-29
89 0.9 1.36e-28 1.23e-29 1.35e-29
89.1 0.9 1.21e-28 1.1e-29 1.21e-29
89.2 0.9 1.09e-28 9.88e-30 1.08e-29
89.3 0.9 9.72e-29 8.84e-30 9.69e-30
89.4 0.9 8.7e-29 7.91e-30 8.67e-30
89.5 0.9 7.78e-29 7.08e-30 7.76e-30
89.6 0.9 6.96e-29 6.34e-30 6.94e-30
89.7 0.9 6.23e-29 5.67e-30 6.21e-30
89.8 0.9 5.58e-29 5.07e-30 5.56e-30
89.9 0.9 4.99e-29 4.54e-30 4.98e-30
90 0.9 4.47e-29 4.06e-30 4.45e-30
90.1 0.9 4e-29 3.64e-30 3.98e-30
90.2 0.9 3.58e-29 3.25e-30 3.57e-30
90.3 0.9 3.2e-29 2.91e-30 3.19e-30
90.4 0.9 2.86e-29 2.61e-30 2.86e-30
90.5 0.9 2.56e-29 2.33e-30 2.55e-30
90.6 0.9 2.29e-29 2.09e-30 2.29e-30
90.7 0.9 2.05e-29 1.87e-30 2.05e-30
90.8 0.9 1.84e-29 1.67e-30 1.83e-30
90.9 0.9 1.64e-29 1.49e-30 1.64e-30
91 0.9 1.47e-29 1.34e-30 1.47e-30
91.1 0.9 1.32e-29 1.2e-30 1.31e-30
91.2 0.9 1.18e-29 1.07e-30 1.17e-30
91.3 0.9 1.05e-29 9.58e-31 1.05e-30
91.4 0.9 9.42e-30 8.58e-31 9.4e-31
91.5 0.9 8.43e-30 7.67e-31 8.41e-31
91.6 0.9 7.55e-30 6.87e-31 7.53e-31
91.7 0.9 6.75e-30 6.15e-31 6.73e-31
91.8 0.9 6.04e-30 5.5e-31 6.03e-31
91.9 0.9 5.41e-30 4.92e-31 5.39e-31
92 0.9 4.84e-30 4.4e-31 4.83e-31
92.1 0.9 4.33e-30 3.94e-31 4.32e-31
92.2 0.9 3.87e-30 3.53e-31 3.86e-31
92.3 0.9 3.47e-30 3.16e-31 3.46e-31
92.4 0.9 3.1e-30 2.82e-31 3.09e-31
92.5 0.9 2.78e-30 2.53e-31 2.77e-31
92.6 0.9 2.48e-30 2.26e-31 2.48e-31
92.7 0.9 2.22e-30 2.02e-31 2.22e-31
92.8 0.9 1.99e-30 1.81e-31 1.98e-31
92.9 0.9 1.78e-30 1.62e-31 1.78e-31
93 0.9 1.59e-30 1.45e-31 1.59e-31
93.1 0.9 1.43e-30 1.3e-31 1.42e-31
93.2 0.9 1.28e-30 1.16e-31 1.27e-31
93.3 0.9 1.14e-30 1.04e-31 1.14e-31
93.4 0.9 1.02e-30 9.29e-32 1.02e-31
93.5 0.9 9.14e-31 8.32e-32 9.11e-32
93.6 0.9 8.18e-31 7.44e-32 8.16e-32
93.7 0.9 7.32e-31 6.66e-32 7.3e-32
93.8 0.9 6.55e-31 5.96e-32 6.53e-32
93.9 0.9 5.86e-31 5.33e-32 5.84e-32
94 0.9 5.24e-31 4.77e-32 5.23e-32
94.1 0.9 4.69e-31 4.27e-32 4.68e-32
94.2 0.9 4.2e-31 3.82e-32 4.19e-32
94.3 0.9 3.76e-31 3.42e-32 3.75e-32
94.4 0.9 3.36e-31 3.06e-32 3.35e-32
94.5 0.9 3.01e-31 2.74e-32 3e-32
94.6 0.9 2.69e-31 2.45e-32 2.68e-32
94.7 0.9 2.41e-31 2.19e-32 2.4e-32
94.8 0.9 2.16e-31 1.96e-32 2.15e-32
94.9 0.9 1.93e-31 1.76e-32 1.92e-32
95 0.9 1.73e-31 1.57e-32 1.72e-32
95.1 0.9 1.54e-31 1.41e-32 1.54e-32
95.2 0.9 1.38e-31 1.26e-32 1.38e-32
95.3 0.9 1.24e-31 1.13e-32 1.23e-32
95.4 0.9 1.11e-31 1.01e-32 1.1e-32
95.5 0.9 9.9e-32 9.01e-33 9.88e-33
95.6 0.9 8.86e-32 8.06e-33 8.84e-33
95.7 0.9 7.93e-32 7.22e-33 7.91e-33
95.8 0.9 7.1e-32 6.46e-33 7.08e-33
95.9 0.9 6.35e-32 5.78e-33 6.33e-33
96 0.9 5.68e-32 5.17e-33 5.67e-33
96.1 0.9 5.09e-32 4.63e-33 5.07e-33
96.2 0.9 4.55e-32 4.14e-33 4.54e-33
96.3 0.9 4.07e-32 3.71e-33 4.06e-33
96.4 0.9 3.64e-32 3.32e-33 3.63e-33
96.5 0.9 3.26e-32 2.97e-33 3.25e-33
96.6 0.9 2.92e-32 2.65e-33 2.91e-33
96.7 0.9 2.61e-32 2.38e-33 2.6e-33
96.8 0.9 2.34e-32 2.13e-33 2.33e-33
96.9 0.9 2.09e-32 1.9e-33 2.08e-33
97 0.9 1.87e-32 1.7e-33 1.87e-33
97.1 0.9 1.67e-32 1.52e-33 1.67e-33
97.2 0.9 1.5e-32 1.36e-33 1.49e-33
97.3 0.9 1.34e-32 1.22e-33 1.34e-33
97.4 0.9 1.2e-32 1.09e-33 1.2e-33
97.5 0.9 1.07e-32 9.77e-34 1.07e-33
97.6 0.9 9.6e-33 8.74e-34 9.58e-34
97.7 0.9 8.59e-33 7.82e-34 8.57e-34
97.8 0.9 7.69e-33 7e-34 7.67e-34
97.9 0.9 6.88e-33 6.26e-34 6.86e-34
98 0.9 6.16e-33 5.6e-34 6.14e-34
98.1 0.9 5.51e-33 5.01e-34 5.5e-34
98.2 0.9 4.93e-33 4.49e-34 4.92e-34
98.3 0.9 4.41e-33 4.02e-34 4.4e-34
98.4 0.9 3.95e-33 3.59e-34 3.94e-34
98.5 0.9 3.53e-33 3.22e-34 3.52e-34
98.6 0.9 3.16e-33 2.88e-34 3.15e-34
98.7 0.9 2.83e-33 2.57e-34 2.82e-34
98.8 0.9 2.53e-33 2.3e-34 2.52e-34
98.9 0.9 2.27e-33 2.06e-34 2.26e-34
99 0.9 2.03e-33 1.84e-34 2.02e-34
99.1 0.9 1.81e-33 1.65e-34 1.81e-34
99.2 0.9 1.62e-33 1.48e-34 1.62e-34
99.3 0.9 1.45e-33 1.32e-34 1.45e-34
99.4 0.9 1.3e-33 1.18e-34 1.3e-34
99.5 0.9 1.16e-33 1.06e-34 1.16e-34
99.6 0.9 1.04e-33 9.47e-35 1.04e-34
99.7 0.9 9.31e-34 8.48e-35 9.29e-35
99.8 0.9 8.33e-34 7.58e-35 8.31e-35
99.9 0.9 7.46e-34 6.79e-35 7.44e-35
