     -25        0   0.0324        0
   -24.8        0   0.0335        0
   -24.6        0   0.0346        0
   -24.4        0   0.0357        0
   -24.2        0   0.0369        0
     -24        0   0.0381        0
   -23.8        0   0.0393        0
   -23.6        0   0.0406        0
   -23.4        0   0.0419        0
   -23.2        0   0.0432        0
     -23        0   0.0446        0
   -22.8        0   0.0461        0
   -22.6        0   0.0475        0
   -22.4        0   0.0491        0
   -22.2        0   0.0506        0
     -22        0   0.0523        0
   -21.8        0   0.0539        0
   -21.6        0   0.0556        0
   -21.4        0   0.0574        0
   -21.2        0   0.0592        0
     -21        0   0.0611        0
   -20.8        0    0.063        0
   -20.6        0    0.065        0
   -20.4        0    0.067        0
   -20.2        0   0.0691        0
     -20        0   0.0713        0
   -19.8        0   0.0735        0
   -19.6        0   0.0758        0
   -19.4        0   0.0781        0
   -19.2        0   0.0805        0
     -19        0    0.083        0
   -18.8        0   0.0855        0
   -18.6        0   0.0881        0
   -18.4        0   0.0908        0
   -18.2        0   0.0936        0
     -18        0   0.0964        0
   -17.8        0   0.0994        0
   -17.6        0    0.102        0
   -17.4        0    0.105        0
   -17.2        0    0.108        0
     -17        0    0.112        0
   -16.8        0    0.115        0
   -16.6        0    0.118        0
   -16.4        0    0.122        0
   -16.2        0    0.125        0
     -16        0    0.129        0
   -15.8        0    0.133        0
   -15.6        0    0.137        0
   -15.4        0     0.14        0
   -15.2        0    0.144        0
     -15        0    0.149        0
   -14.8        0    0.153        0
   -14.6        0    0.157        0
   -14.4        0    0.161        0
   -14.2        0    0.166        0
     -14        0     0.17        0
   -13.8        0    0.175        0
   -13.6        0     0.18        0
   -13.4        0    0.185        0
   -13.2        0    0.189        0
     -13        0    0.194        0
   -12.8        0      0.2        0
   -12.6        0    0.205        0
   -12.4        0     0.21        0
   -12.2        0    0.216        0
     -12        0    0.221        0
   -11.8        0    0.227        0
   -11.6        0    0.232        0
   -11.4        0    0.238        0
   -11.2        0    0.244        0
     -11        0     0.25        0
   -10.8        0    0.256        0
   -10.6        0    0.262        0
   -10.4        0    0.268        0
   -10.2        0    0.275        0
     -10        0    0.281        0
    -9.8        0    0.287        0
    -9.6        0    0.294        0
    -9.4        0    0.301        0
    -9.2        0    0.307        0
      -9        0    0.314        0
    -8.8        0    0.321        0
    -8.6        0    0.328        0
    -8.4        0    0.335        0
    -8.2        0    0.342        0
      -8        0    0.349        0
    -7.8        0    0.356        0
    -7.6        0    0.363        0
    -7.4        0     0.37        0
    -7.2        0    0.377        0
      -7        0    0.384        0
    -6.8        0    0.392        0
    -6.6        0    0.399        0
    -6.4        0    0.406        0
    -6.2        0    0.414        0
      -6        0    0.421        0
    -5.8        0    0.428        0
    -5.6        0    0.436        0
    -5.4        0    0.443        0
    -5.2        0     0.45        0
      -5        0    0.457        0
    -4.8        0    0.465        0
    -4.6        0    0.472        0
    -4.4        0    0.479        0
    -4.2        0    0.486        0
      -4        0    0.493        0
    -3.8        0      0.5        0
    -3.6        0    0.507        0
    -3.4        0    0.514        0
    -3.2        0    0.521        0
      -3        0    0.528        0
    -2.8        0    0.535        0
    -2.6        0    0.541        0
    -2.4        0    0.548        0
    -2.2        0    0.554        0
      -2        0     0.56        0
    -1.8        0    0.567        0
    -1.6        0    0.573        0
    -1.4        0    0.579        0
    -1.2        0    0.584        0
      -1        0     0.59        0
    -0.8        0    0.596        0
    -0.6        0    0.601        0
    -0.4        0    0.606        0
    -0.2        0    0.611        0
1.78e-15        0    0.616        0
     0.2        0    0.621        0
     0.4        0    0.626        0
     0.6        0     0.63        0
     0.8        0    0.635        0
       1        0    0.639        0
     1.2        0    0.643        0
     1.4        0    0.647        0
     1.6        0     0.65        0
     1.8        0    0.654        0
       2        0    0.657        0
     2.2        0     0.66        0
     2.4        0    0.663        0
     2.6        0    0.665        0
     2.8        0    0.668        0
       3        0     0.67        0
     3.2        0    0.672        0
     3.4        0    0.674        0
     3.6        0    0.675        0
     3.8        0    0.677        0
       4        0    0.678        0
     4.2        0    0.679        0
     4.4        0     0.68        0
     4.6        0     0.68        0
     4.8        0     0.68        0
       5        0    0.681        0
     5.2        0     0.68        0
     5.4        0     0.68        0
     5.6        0     0.68        0
     5.8        0    0.679        0
       6        0    0.678        0
     6.2        0    0.677        0
     6.4        0    0.675        0
     6.6        0    0.674        0
     6.8        0    0.672        0
       7        0     0.67        0
     7.2        0    0.668        0
     7.4        0    0.665        0
     7.6        0    0.663        0
     7.8        0     0.66        0
       8        0    0.657        0
     8.2        0    0.654        0
     8.4        0     0.65        0
     8.6        0    0.647        0
     8.8        0    0.643        0
       9        0    0.639        0
     9.2        0    0.635        0
     9.4        0     0.63        0
     9.6        0    0.626        0
     9.8        0    0.621        0
      10        0    0.616        0
    10.2        0    0.611        0
    10.4        0    0.606        0
    10.6        0    0.601        0
    10.8        0    0.596        0
      11        0     0.59        0
    11.2        0    0.584        0
    11.4        0    0.579        0
    11.6        0    0.573        0
    11.8        0    0.567        0
      12        0     0.56        0
    12.2        0    0.554        0
    12.4        0    0.548        0
    12.6        0    0.541        0
    12.8        0    0.535        0
      13        0    0.528        0
    13.2        0    0.521        0
    13.4        0    0.514        0
    13.6        0    0.507        0
    13.8        0      0.5        0
      14        0    0.493        0
    14.2        0    0.486        0
    14.4        0    0.479        0
    14.6        0    0.472        0
    14.8        0    0.465        0
      15        0    0.457        0
    15.2        0     0.45        0
    15.4        0    0.443        0
    15.6        0    0.436        0
    15.8        0    0.428        0
      16        0    0.421        0
    16.2        0    0.414        0
    16.4        0    0.406        0
    16.6        0    0.399        0
    16.8        0    0.392        0
      17        0    0.384        0
    17.2        0    0.377        0
    17.4        0     0.37        0
    17.6        0    0.363        0
    17.8        0    0.356        0
      18        0    0.349        0
    18.2        0    0.342        0
    18.4        0    0.335        0
    18.6        0    0.328        0
    18.8        0    0.321        0
      19        0    0.314        0
    19.2        0    0.307        0
    19.4        0    0.301        0
    19.6        0    0.294        0
    19.8        0    0.287        0
      20        0    0.281        0
    20.2        0    0.275        0
    20.4        0    0.268        0
    20.6        0    0.262        0
    20.8        0    0.256        0
      21        0     0.25        0
    21.2        0    0.244        0
    21.4        0    0.238        0
    21.6        0    0.232        0
    21.8        0    0.227        0
      22        0    0.221        0
    22.2        0    0.216        0
    22.4        0     0.21        0
    22.6        0    0.205        0
    22.8        0      0.2        0
      23        0    0.194        0
    23.2        0    0.189        0
    23.4        0    0.185        0
    23.6        0     0.18        0
    23.8        0    0.175        0
      24        0     0.17        0
    24.2        0    0.166        0
    24.4        0    0.161        0
    24.6        0    0.157        0
    24.8        0    0.153        0
      25        0    0.149        0
    25.2        0    0.144        0
    25.4        0     0.14        0
    25.6        0    0.137        0
    25.8        0    0.133        0
      26        0    0.129        0
    26.2        0    0.125        0
    26.4        0    0.122        0
    26.6        0    0.118        0
    26.8        0    0.115        0
      27        0    0.112        0
    27.2        0    0.108        0
    27.4        0    0.105        0
    27.6        0    0.102        0
    27.8        0   0.0994        0
      28        0   0.0964        0
    28.2        0   0.0936        0
    28.4        0   0.0908        0
    28.6        0   0.0881        0
    28.8        0   0.0855        0
      29        0    0.083        0
    29.2        0   0.0805        0
    29.4        0   0.0781        0
    29.6        0   0.0758        0
    29.8        0   0.0735        0
      30        0   0.0713        0
    30.2        0   0.0691        0
    30.4        0    0.067        0
    30.6        0    0.065        0
    30.8        0    0.063        0
      31        0   0.0611        0
    31.2        0   0.0592        0
    31.4        0   0.0574        0
    31.6        0   0.0556        0
    31.8        0   0.0539        0
      32        0   0.0523        0
    32.2        0   0.0506        0
    32.4        0   0.0491        0
    32.6        0   0.0475        0
    32.8        0   0.0461        0
      33        0   0.0446        0
    33.2        0   0.0432        0
    33.4        0   0.0419        0
    33.6        0   0.0406        0
    33.8        0   0.0393        0
      34        0   0.0381        0
    34.2        0   0.0369        0
    34.4        0   0.0357        0
    34.6        0   0.0346        0
    34.8        0   0.0335        0
      35        0   0.0324        0
    35.2        0   0.0314        0
    35.4        0   0.0304        0
    35.6        0   0.0295        0
    35.8        0   0.0285        0
      36        0   0.0276        0
    36.2        0   0.0267        0
    36.4        0   0.0259        0
    36.6        0   0.0251        0
    36.8        0   0.0243        0
      37        0   0.0235        0
    37.2        0   0.0227        0
    37.4        0    0.022        0
    37.6        0   0.0213        0
    37.8        0   0.0206        0
      38        0     0.02        0
    38.2        0   0.0193        0
    38.4        0   0.0187        0
    38.6        0   0.0181        0
    38.8        0   0.0175        0
      39        0    0.017        0
    39.2        0   0.0164        0
    39.4        0   0.0159        0
    39.6        0   0.0154        0
    39.8        0   0.0149        0
      40        0   0.0144        0
    40.2        0   0.0139        0
    40.4        0   0.0135        0
    40.6        0    0.013        0
    40.8        0   0.0126        0
      41        0   0.0122        0
    41.2        0   0.0118        0
    41.4        0   0.0114        0
    41.6        0   0.0111        0
    41.8        0   0.0107        0
      42        0   0.0104        0
    42.2        0     0.01        0
    42.4        0  0.00971        0
    42.6        0  0.00939        0
    42.8        0  0.00909        0
      43        0  0.00879        0
    43.2        0  0.00851        0
    43.4        0  0.00823        0
    43.6        0  0.00796        0
    43.8        0   0.0077        0
      44        0  0.00745        0
    44.2        0  0.00721        0
    44.4        0  0.00698        0
    44.6        0  0.00675        0
    44.8        0  0.00653        0
      45        0  0.00632        0
    45.2        0  0.00611        0
    45.4        0  0.00591        0
    45.6        0  0.00572        0
    45.8        0  0.00553        0
      46        0  0.00535        0
    46.2        0  0.00518        0
    46.4        0  0.00501        0
    46.6        0  0.00485        0
    46.8        0  0.00469        0
      47        0  0.00454        0
    47.2        0  0.00439        0
    47.4        0  0.00424        0
    47.6        0  0.00411        0
    47.8        0  0.00397        0
      48        0  0.00384        0
    48.2        0  0.00372        0
    48.4        0   0.0036        0
    48.6        0  0.00348        0
    48.8        0  0.00336        0
      49        0  0.00325        0
    49.2        0  0.00315        0
    49.4        0  0.00305        0
    49.6        0  0.00295        0
    49.8        0  0.00285        0
      50        0  0.00276        0
    50.2        0  0.00267        0
    50.4        0  0.00258        0
    50.6        0  0.00249        0
    50.8        0  0.00241        0
      51        0  0.00233        0
    51.2        0  0.00226        0
    51.4        0  0.00218        0
    51.6        0  0.00211        0
    51.8        0  0.00204        0
      52        0  0.00198        0
    52.2        0  0.00191        0
    52.4        0  0.00185        0
    52.6        0  0.00179        0
    52.8        0  0.00173        0
      53        0  0.00167        0
    53.2        0  0.00162        0
    53.4        0  0.00157        0
    53.6        0  0.00151        0
    53.8        0  0.00147        0
      54        0  0.00142        0
    54.2        0  0.00137        0
    54.4        0  0.00133        0
    54.6        0  0.00128        0
    54.8        0  0.00124        0
      55        0   0.0012        0
    55.2        0  0.00116        0
    55.4        0  0.00112        0
    55.6        0  0.00109        0
    55.8        0  0.00105        0
      56        0  0.00102        0
    56.2        0 0.000982        0
    56.4        0 0.000951        0
    56.6        0 0.000919        0
    56.8        0 0.000889        0
      57        0  0.00086        0
    57.2        0 0.000832        0
    57.4        0 0.000805        0
    57.6        0 0.000778        0
    57.8        0 0.000753        0
      58        0 0.000728        0
    58.2        0 0.000704        0
    58.4        0 0.000681        0
    58.6        0 0.000659        0
    58.8        0 0.000637        0
      59        0 0.000616        0
    59.2        0 0.000596        0
    59.4        0 0.000577        0
    59.6        0 0.000558        0
    59.8        0  0.00054        0
      60        0 0.000522        0
    60.2        0 0.000505        0
    60.4        0 0.000488        0
    60.6        0 0.000472        0
    60.8        0 0.000457        0
      61        0 0.000442        0
    61.2        0 0.000427        0
    61.4        0 0.000413        0
    61.6        0   0.0004        0
    61.8        0 0.000387        0
      62        0 0.000374        0
    62.2        0 0.000362        0
    62.4        0  0.00035        0
    62.6        0 0.000338        0
    62.8        0 0.000327        0
      63        0 0.000317        0
    63.2        0 0.000306        0
    63.4        0 0.000296        0
    63.6        0 0.000287        0
    63.8        0 0.000277        0
      64        0 0.000268        0
    64.2        0 0.000259        0
    64.4        0 0.000251        0
    64.6        0 0.000243        0
    64.8        0 0.000235        0
      65        0 0.000227        0
    65.2        0 0.000219        0
    65.4        0 0.000212        0
    65.6        0 0.000205        0
    65.8        0 0.000199        0
      66        0 0.000192        0
    66.2        0 0.000186        0
    66.4        0  0.00018        0
    66.6        0 0.000174        0
    66.8        0 0.000168        0
      67        0 0.000163        0
    67.2        0 0.000157        0
    67.4        0 0.000152        0
    67.6        0 0.000147        0
    67.8        0 0.000142        0
      68        0 0.000138        0
    68.2        0 0.000133        0
    68.4        0 0.000129        0
    68.6        0 0.000125        0
    68.8        0  0.00012        0
      69        0 0.000117        0
    69.2        0 0.000113        0
    69.4        0 0.000109        0
    69.6        0 0.000105        0
    69.8        0 0.000102        0
      70        0 7.43e-05        0
    90.3        0        0        0
    90.5        0 3.24e-06        0
    90.7        0 3.13e-06        0
    90.9        0 3.03e-06        0
    91.1        0 2.93e-06        0
    91.3        0 2.83e-06        0
    91.5        0 2.74e-06        0
    91.7        0 2.65e-06        0
    91.9        0 2.56e-06        0
    92.1        0 2.48e-06        0
    92.3        0  2.4e-06        0
    92.5        0 2.32e-06        0
    92.7        0 2.24e-06        0
    92.9        0 2.17e-06        0
    93.1        0  2.1e-06        0
    93.3        0 2.03e-06        0
    93.5        0 1.96e-06        0
    93.7        0  1.9e-06        0
    93.9        0 1.84e-06        0
    94.1        0 1.78e-06        0
    94.3        0 1.72e-06        0
    94.5        0 1.66e-06        0
    94.7        0 1.61e-06        0
    94.9        0 1.55e-06        0
    95.1        0  1.5e-06        0
    95.3        0 1.45e-06        0
    95.5        0 1.41e-06        0
    95.7        0 1.36e-06        0
    95.9        0 1.32e-06        0
    96.1        0 1.27e-06        0
    96.3        0 1.23e-06        0
    96.5        0 1.19e-06        0
    96.7        0 1.15e-06        0
    96.9        0 1.11e-06        0
    97.1        0 1.08e-06        0
    97.3        0 1.04e-06        0
    97.5        0 1.01e-06        0
    97.7        0 9.75e-07        0
    97.9        0 9.43e-07        0
    98.1        0 9.12e-07        0
    98.3        0 8.82e-07        0
    98.5        0 8.53e-07        0
    98.7        0 8.25e-07        0
    98.9        0 7.98e-07        0
    99.1        0 7.72e-07        0
    99.3        0 7.47e-07        0
    99.5        0 7.22e-07        0
    99.7        0 6.99e-07        0
    99.9        0  6.8e-07        0
