     -25        0    0.114        0
   -24.8        0    0.116        0
   -24.6        0    0.118        0
   -24.4        0     0.12        0
   -24.2        0    0.123        0
     -24        0    0.125        0
   -23.8        0    0.128        0
   -23.6        0     0.13        0
   -23.4        0    0.133        0
   -23.2        0    0.135        0
     -23        0    0.138        0
   -22.8        0     0.14        0
   -22.6        0    0.143        0
   -22.4        0    0.146        0
   -22.2        0    0.148        0
     -22        0    0.151        0
   -21.8        0    0.154        0
   -21.6        0    0.157        0
   -21.4        0     0.16        0
   -21.2        0    0.163        0
     -21        0    0.166        0
   -20.8        0    0.169        0
   -20.6        0    0.172        0
   -20.4        0    0.175        0
   -20.2        0    0.178        0
     -20        0    0.182        0
   -19.8        0    0.185        0
   -19.6        0    0.188        0
   -19.4        0    0.192        0
   -19.2        0    0.195        0
     -19        0    0.199        0
   -18.8        0    0.202        0
   -18.6        0    0.206        0
   -18.4        0    0.209        0
   -18.2        0    0.213        0
     -18        0    0.217        0
   -17.8        0     0.22        0
   -17.6        0    0.224        0
   -17.4        0    0.228        0
   -17.2        0    0.232        0
     -17        0    0.236        0
   -16.8        0     0.24        0
   -16.6        0    0.244        0
   -16.4        0    0.248        0
   -16.2        0    0.252        0
     -16        0    0.256        0
   -15.8        0     0.26        0
   -15.6        0    0.265        0
   -15.4        0    0.269        0
   -15.2        0    0.273        0
     -15        0    0.278        0
   -14.8        0    0.282        0
   -14.6        0    0.286        0
   -14.4        0    0.291        0
   -14.2        0    0.295        0
     -14        0      0.3        0
   -13.8        0    0.304        0
   -13.6        0    0.309        0
   -13.4        0    0.314        0
   -13.2        0    0.318        0
     -13        0    0.323        0
   -12.8        0    0.328        0
   -12.6        0    0.333        0
   -12.4        0    0.338        0
   -12.2        0    0.343        0
     -12        0    0.347        0
   -11.8        0    0.352        0
   -11.6        0    0.357        0
   -11.4        0    0.362        0
   -11.2        0    0.367        0
     -11        0    0.372        0
   -10.8        0    0.377        0
   -10.6        0    0.383        0
   -10.4        0    0.388        0
   -10.2        0    0.393        0
     -10        0    0.398        0
    -9.8        0    0.403        0
    -9.6        0    0.408        0
    -9.4        0    0.414        0
    -9.2        0    0.419        0
      -9        0    0.424        0
    -8.8        0    0.429        0
    -8.6        0    0.435        0
    -8.4        0     0.44        0
    -8.2        0    0.445        0
      -8        0     0.45        0
    -7.8        0    0.456        0
    -7.6        0    0.461        0
    -7.4        0    0.466        0
    -7.2        0    0.472        0
      -7        0    0.477        0
    -6.8        0    0.482        0
    -6.6        0    0.488        0
    -6.4        0    0.493        0
    -6.2        0    0.498        0
      -6        0    0.504        0
    -5.8        0    0.509        0
    -5.6        0    0.514        0
    -5.4        0    0.519        0
    -5.2        0    0.525        0
      -5        0     0.53        0
    -4.8        0    0.535        0
    -4.6        0     0.54        0
    -4.4        0    0.546        0
    -4.2        0    0.551        0
      -4        0    0.556        0
    -3.8        0    0.561        0
    -3.6        0    0.566        0
    -3.4        0    0.571        0
    -3.2        0    0.576        0
      -3        0    0.581        0
    -2.8        0    0.586        0
    -2.6        0    0.591        0
    -2.4        0    0.596        0
    -2.2        0    0.601        0
      -2        0    0.606        0
    -1.8        0    0.611        0
    -1.6        0    0.616        0
    -1.4        0     0.62        0
    -1.2        0    0.625        0
      -1        0     0.63        0
    -0.8        0    0.635        0
    -0.6        0    0.639        0
    -0.4        0    0.644        0
    -0.2        0    0.648        0
3.38e-14        0    0.653        0
     0.2        0    0.657        0
     0.4        0    0.662        0
     0.6        0    0.666        0
     0.8        0     0.67        0
       1        0    0.674        0
     1.2        0    0.679        0
     1.4        0    0.683        0
     1.6        0    0.687        0
     1.8        0    0.691        0
       2        0    0.695        0
     2.2        0    0.699        0
     2.4        0    0.703        0
     2.6        0    0.706        0
     2.8        0     0.71        0
       3        0    0.714        0
     3.2        0    0.718        0
     3.4        0    0.721        0
     3.6        0    0.725        0
     3.8        0    0.728        0
       4        0    0.731        0
     4.2        0    0.735        0
     4.4        0    0.738        0
     4.6        0    0.741        0
     4.8        0    0.744        0
       5        0    0.748        0
     5.2        0    0.751        0
     5.4        0    0.754        0
     5.6        0    0.756        0
     5.8        0    0.759        0
       6        0    0.762        0
     6.2        0    0.765        0
     6.4        0    0.767        0
     6.6        0     0.77        0
     6.8        0    0.772        0
       7        0    0.775        0
     7.2        0    0.777        0
     7.4        0     0.78        0
     7.6        0    0.782        0
     7.8        0    0.784        0
       8        0    0.786        0
     8.2        0    0.788        0
     8.4        0     0.79        0
     8.6        0    0.792        0
     8.8        0    0.794        0
       9        0    0.796        0
     9.2        0    0.797        0
     9.4        0    0.799        0
     9.6        0      0.8        0
     9.8        0    0.802        0
      10        0    0.803        0
    10.2        0    0.805        0
    10.4        0    0.806        0
    10.6        0    0.807        0
    10.8        0    0.808        0
      11        0    0.809        0
    11.2        0     0.81        0
    11.4        0    0.811        0
    11.6        0    0.812        0
    11.8        0    0.813        0
      12        0    0.814        0
    12.2        0    0.814        0
    12.4        0    0.815        0
    12.6        0    0.816        0
    12.8        0    0.816        0
      13        0    0.816        0
    13.2        0    0.817        0
    13.4        0    0.817        0
    13.6        0    0.817        0
    13.8        0    0.817        0
      14        0    0.817        0
    14.2        0    0.817        0
    14.4        0    0.817        0
    14.6        0    0.817        0
    14.8        0    0.817        0
      15        0    0.816        0
    15.2        0    0.816        0
    15.4        0    0.816        0
    15.6        0    0.815        0
    15.8        0    0.814        0
      16        0    0.814        0
    16.2        0    0.813        0
    16.4        0    0.812        0
    16.6        0    0.811        0
    16.8        0     0.81        0
      17        0    0.809        0
    17.2        0    0.808        0
    17.4        0    0.807        0
    17.6        0    0.806        0
    17.8        0    0.805        0
      18        0    0.803        0
    18.2        0    0.802        0
    18.4        0      0.8        0
    18.6        0    0.799        0
    18.8        0    0.797        0
      19        0    0.796        0
    19.2        0    0.794        0
    19.4        0    0.792        0
    19.6        0     0.79        0
    19.8        0    0.788        0
      20        0    0.786        0
    20.2        0    0.784        0
    20.4        0    0.782        0
    20.6        0     0.78        0
    20.8        0    0.777        0
      21        0    0.775        0
    21.2        0    0.772        0
    21.4        0     0.77        0
    21.6        0    0.767        0
    21.8        0    0.765        0
      22        0    0.762        0
    22.2        0    0.759        0
    22.4        0    0.756        0
    22.6        0    0.754        0
    22.8        0    0.751        0
      23        0    0.748        0
    23.2        0    0.744        0
    23.4        0    0.741        0
    23.6        0    0.738        0
    23.8        0    0.735        0
      24        0    0.731        0
    24.2        0    0.728        0
    24.4        0    0.725        0
    24.6        0    0.721        0
    24.8        0    0.718        0
      25        0    0.714        0
    25.2        0     0.71        0
    25.4        0    0.706        0
    25.6        0    0.703        0
    25.8        0    0.699        0
      26        0    0.695        0
    26.2        0    0.691        0
    26.4        0    0.687        0
    26.6        0    0.683        0
    26.8        0    0.679        0
      27        0    0.674        0
    27.2        0     0.67        0
    27.4        0    0.666        0
    27.6        0    0.662        0
    27.8        0    0.657        0
      28        0    0.653        0
    28.2        0    0.648        0
    28.4        0    0.644        0
    28.6        0    0.639        0
    28.8        0    0.635        0
      29        0     0.63        0
    29.2        0    0.625        0
    29.4        0     0.62        0
    29.6        0    0.616        0
    29.8        0    0.611        0
      30        0    0.606        0
    30.2        0    0.601        0
    30.4        0    0.596        0
    30.6        0    0.591        0
    30.8        0    0.586        0
      31        0    0.581        0
    31.2        0    0.576        0
    31.4        0    0.571        0
    31.6        0    0.566        0
    31.8        0    0.561        0
      32        0    0.556        0
    32.2        0    0.551        0
    32.4        0    0.546        0
    32.6        0     0.54        0
    32.8        0    0.535        0
      33        0     0.53        0
    33.2        0    0.525        0
    33.4        0    0.519        0
    33.6        0    0.514        0
    33.8        0    0.509        0
      34        0    0.504        0
    34.2        0    0.498        0
    34.4        0    0.493        0
    34.6        0    0.488        0
    34.8        0    0.482        0
      35        0    0.477        0
    35.2        0    0.472        0
    35.4        0    0.466        0
    35.6        0    0.461        0
    35.8        0    0.456        0
      36        0     0.45        0
    36.2        0    0.445        0
    36.4        0     0.44        0
    36.6        0    0.435        0
    36.8        0    0.429        0
      37        0    0.424        0
    37.2        0    0.419        0
    37.4        0    0.414        0
    37.6        0    0.408        0
    37.8        0    0.403        0
      38        0    0.398        0
    38.2        0    0.393        0
    38.4        0    0.388        0
    38.6        0    0.383        0
    38.8        0    0.377        0
      39        0    0.372        0
    39.2        0    0.367        0
    39.4        0    0.362        0
    39.6        0    0.357        0
    39.8        0    0.352        0
      40        0    0.347        0
    40.2        0    0.343        0
    40.4        0    0.338        0
    40.6        0    0.333        0
    40.8        0    0.328        0
      41        0    0.323        0
    41.2        0    0.318        0
    41.4        0    0.314        0
    41.6        0    0.309        0
    41.8        0    0.304        0
      42        0      0.3        0
    42.2        0    0.295        0
    42.4        0    0.291        0
    42.6        0    0.286        0
    42.8        0    0.282        0
      43        0    0.278        0
    43.2        0    0.273        0
    43.4        0    0.269        0
    43.6        0    0.265        0
    43.8        0     0.26        0
      44        0    0.256        0
    44.2        0    0.252        0
    44.4        0    0.248        0
    44.6        0    0.244        0
    44.8        0     0.24        0
      45        0    0.236        0
    45.2        0    0.232        0
    45.4        0    0.228        0
    45.6        0    0.224        0
    45.8        0     0.22        0
      46        0    0.217        0
    46.2        0    0.213        0
    46.4        0    0.209        0
    46.6        0    0.206        0
    46.8        0    0.202        0
      47        0    0.199        0
    47.2        0    0.195        0
    47.4        0    0.192        0
    47.6        0    0.188        0
    47.8        0    0.185        0
      48        0    0.182        0
    48.2        0    0.178        0
    48.4        0    0.175        0
    48.6        0    0.172        0
    48.8        0    0.169        0
      49        0    0.166        0
    49.2        0    0.163        0
    49.4        0     0.16        0
    49.6        0    0.157        0
    49.8        0    0.154        0
      50        0    0.151        0
    50.2        0    0.148        0
    50.4        0    0.146        0
    50.6        0    0.143        0
    50.8        0     0.14        0
      51        0    0.138        0
    51.2        0    0.135        0
    51.4        0    0.133        0
    51.6        0     0.13        0
    51.8        0    0.128        0
      52        0    0.125        0
    52.2        0    0.123        0
    52.4        0     0.12        0
    52.6        0    0.118        0
    52.8        0    0.116        0
      53        0    0.114        0
    53.2        0    0.111        0
    53.4        0    0.109        0
    53.6        0    0.107        0
    53.8        0    0.105        0
      54        0    0.103        0
    54.2        0    0.101        0
    54.4        0   0.0989        0
    54.6        0   0.0969        0
    54.8        0    0.095        0
      55        0   0.0931        0
    55.2        0   0.0913        0
    55.4        0   0.0895        0
    55.6        0   0.0877        0
    55.8        0   0.0859        0
      56        0   0.0842        0
    56.2        0   0.0825        0
    56.4        0   0.0809        0
    56.6        0   0.0792        0
    56.8        0   0.0776        0
      57        0   0.0761        0
    57.2        0   0.0745        0
    57.4        0    0.073        0
    57.6        0   0.0715        0
    57.8        0   0.0701        0
      58        0   0.0686        0
    58.2        0   0.0672        0
    58.4        0   0.0659        0
    58.6        0   0.0645        0
    58.8        0   0.0632        0
      59        0   0.0619        0
    59.2        0   0.0606        0
    59.4        0   0.0594        0
    59.6        0   0.0582        0
    59.8        0    0.057        0
      60        0   0.0558        0
    60.2        0   0.0546        0
    60.4        0   0.0535        0
    60.6        0   0.0524        0
    60.8        0   0.0513        0
      61        0   0.0502        0
    61.2        0   0.0492        0
    61.4        0   0.0481        0
    61.6        0   0.0471        0
    61.8        0   0.0462        0
      62        0   0.0452        0
    62.2        0   0.0442        0
    62.4        0   0.0433        0
    62.6        0   0.0424        0
    62.8        0   0.0415        0
      63        0   0.0406        0
    63.2        0   0.0398        0
    63.4        0   0.0389        0
    63.6        0   0.0381        0
    63.8        0   0.0373        0
      64        0   0.0365        0
    64.2        0   0.0358        0
    64.4        0    0.035        0
    64.6        0   0.0343        0
    64.8        0   0.0335        0
      65        0   0.0328        0
    65.2        0   0.0321        0
    65.4        0   0.0314        0
    65.6        0   0.0308        0
    65.8        0   0.0301        0
      66        0   0.0295        0
    66.2        0   0.0289        0
    66.4        0   0.0282        0
    66.6        0   0.0276        0
    66.8        0    0.027        0
      67        0   0.0265        0
    67.2        0   0.0259        0
    67.4        0   0.0253        0
    67.6        0   0.0248        0
    67.8        0   0.0243        0
      68        0   0.0238        0
    68.2        0   0.0232        0
    68.4        0   0.0227        0
    68.6        0   0.0223        0
    68.8        0   0.0218        0
      69        0   0.0213        0
    69.2        0   0.0209        0
    69.4        0   0.0204        0
    69.6        0     0.02        0
    69.8        0   0.0195        0
      70        0   0.0191        0
    70.2        0   0.0187        0
    70.4        0   0.0183        0
    70.6        0   0.0179        0
    70.8        0   0.0175        0
      71        0   0.0171        0
    71.2        0   0.0168        0
    71.4        0   0.0164        0
    71.6        0   0.0161        0
    71.8        0   0.0157        0
      72        0   0.0154        0
    72.2        0    0.015        0
    72.4        0   0.0147        0
    72.6        0   0.0144        0
    72.8        0   0.0141        0
      73        0   0.0138        0
    73.2        0   0.0135        0
    73.4        0   0.0132        0
    73.6        0   0.0129        0
    73.8        0   0.0126        0
      74        0   0.0123        0
    74.2        0   0.0121        0
    74.4        0   0.0118        0
    74.6        0   0.0116        0
    74.8        0   0.0113        0
      75        0   0.0111        0
    75.2        0   0.0108        0
    75.4        0   0.0106        0
    75.6        0   0.0104        0
    75.8        0   0.0101        0
      76        0  0.00991        0
    76.2        0   0.0097        0
    76.4        0  0.00949        0
    76.6        0  0.00928        0
    76.8        0  0.00908        0
      77        0  0.00888        0
    77.2        0  0.00869        0
    77.4        0   0.0085        0
    77.6        0  0.00831        0
    77.8        0  0.00813        0
      78        0  0.00795        0
    78.2        0  0.00778        0
    78.4        0  0.00761        0
    78.6        0  0.00745        0
    78.8        0  0.00728        0
      79        0  0.00712        0
    79.2        0  0.00697        0
    79.4        0  0.00682        0
    79.6        0  0.00667        0
    79.8        0  0.00652        0
      80        0  0.00638        0
    80.2        0  0.00624        0
    80.4        0   0.0061        0
    80.6        0  0.00597        0
    80.8        0  0.00584        0
      81        0  0.00571        0
    81.2        0  0.00559        0
    81.4        0  0.00547        0
    81.6        0  0.00535        0
    81.8        0  0.00523        0
      82        0  0.00512        0
    82.2        0    0.005        0
    82.4        0  0.00489        0
    82.6        0  0.00479        0
    82.8        0  0.00468        0
      83        0  0.00458        0
    83.2        0  0.00448        0
    83.4        0  0.00438        0
    83.6        0  0.00429        0
    83.8        0  0.00419        0
      84        0   0.0041        0
    84.2        0  0.00401        0
    84.4        0  0.00392        0
    84.6        0  0.00384        0
    84.8        0  0.00375        0
      85        0  0.00367        0
    85.2        0  0.00359        0
    85.4        0  0.00351        0
    85.6        0  0.00344        0
    85.8        0  0.00336        0
      86        0  0.00329        0
    86.2        0  0.00321        0
    86.4        0  0.00314        0
    86.6        0  0.00308        0
    86.8        0  0.00301        0
      87        0  0.00294        0
    87.2        0  0.00288        0
    87.4        0  0.00281        0
    87.6        0  0.00275        0
    87.8        0  0.00269        0
      88        0  0.00263        0
    88.2        0  0.00258        0
    88.4        0  0.00252        0
    88.6        0  0.00246        0
    88.8        0  0.00241        0
      89        0  0.00236        0
    89.2        0  0.00231        0
    89.4        0  0.00226        0
    89.6        0  0.00221        0
    89.8        0  0.00216        0
      90        0  0.00211        0
    90.2        0  0.00206        0
    90.4        0  0.00202        0
    90.6        0  0.00197        0
    90.8        0  0.00193        0
      91        0  0.00189        0
    91.2        0  0.00185        0
    91.4        0  0.00181        0
    91.6        0  0.00177        0
    91.8        0  0.00173        0
      92        0  0.00169        0
    92.2        0  0.00165        0
    92.4        0  0.00162        0
    92.6        0  0.00158        0
    92.8        0  0.00155        0
      93        0  0.00151        0
    93.2        0  0.00148        0
    93.4        0  0.00145        0
    93.6        0  0.00142        0
    93.8        0  0.00138        0
      94        0  0.00135        0
    94.2        0  0.00132        0
    94.4        0   0.0013        0
    94.6        0  0.00127        0
    94.8        0  0.00124        0
      95        0  0.00121        0
    95.2        0  0.00119        0
    95.4        0  0.00116        0
    95.8        0  0.00111        0
    96.1        0  0.00107        0
    96.5        0  0.00104        0
