-25 0.46 1.99e-21 1.63e-21 1.55e-21
-24.9 0.46 2.48e-21 2.02e-21 1.92e-21
-24.8 0.46 3.08e-21 2.51e-21 2.39e-21
-24.7 0.46 3.83e-21 3.12e-21 2.97e-21
-24.6 0.46 4.76e-21 3.88e-21 3.69e-21
-24.5 0.46 5.91e-21 4.82e-21 4.59e-21
-24.4 0.46 7.35e-21 5.99e-21 5.7e-21
-24.3 0.46 9.13e-21 7.45e-21 7.08e-21
-24.2 0.46 1.14e-20 9.26e-21 8.8e-21
-24.1 0.46 1.41e-20 1.15e-20 1.09e-20
-24 0.46 1.75e-20 1.43e-20 1.36e-20
-23.9 0.46 2.18e-20 1.78e-20 1.69e-20
-23.8 0.46 2.71e-20 2.21e-20 2.1e-20
-23.7 0.46 3.37e-20 2.75e-20 2.61e-20
-23.6 0.46 4.18e-20 3.41e-20 3.24e-20
-23.5 0.46 5.2e-20 4.24e-20 4.03e-20
-23.4 0.46 6.46e-20 5.27e-20 5.01e-20
-23.3 0.46 8.03e-20 6.55e-20 6.23e-20
-23.2 0.46 9.98e-20 8.14e-20 7.74e-20
-23.1 0.46 1.24e-19 1.01e-19 9.62e-20
-23 0.46 1.54e-19 1.26e-19 1.2e-19
-22.9 0.46 1.92e-19 1.56e-19 1.49e-19
-22.8 0.46 2.38e-19 1.94e-19 1.85e-19
-22.7 0.46 2.96e-19 2.41e-19 2.3e-19
-22.6 0.46 3.68e-19 3e-19 2.85e-19
-22.5 0.46 4.57e-19 3.73e-19 3.55e-19
-22.4 0.46 5.68e-19 4.63e-19 4.41e-19
-22.3 0.46 7.06e-19 5.76e-19 5.48e-19
-22.2 0.46 8.78e-19 7.16e-19 6.81e-19
-22.1 0.46 1.09e-18 8.9e-19 8.46e-19
-22 0.46 1.36e-18 1.11e-18 1.05e-18
-21.9 0.46 1.68e-18 1.37e-18 1.31e-18
-21.8 0.46 2.09e-18 1.71e-18 1.62e-18
-21.7 0.46 2.6e-18 2.12e-18 2.02e-18
-21.6 0.46 3.23e-18 2.64e-18 2.51e-18
-21.5 0.46 4.02e-18 3.28e-18 3.12e-18
-21.4 0.46 5e-18 4.07e-18 3.87e-18
-21.3 0.46 6.21e-18 5.06e-18 4.82e-18
-21.2 0.46 7.72e-18 6.29e-18 5.98e-18
-21.1 0.46 9.59e-18 7.82e-18 7.44e-18
-21 0.46 1.19e-17 9.72e-18 9.24e-18
-20.9 0.46 1.48e-17 1.21e-17 1.15e-17
-20.8 0.46 1.84e-17 1.5e-17 1.43e-17
-20.7 0.46 2.29e-17 1.87e-17 1.77e-17
-20.6 0.46 2.84e-17 2.32e-17 2.21e-17
-20.5 0.46 3.53e-17 2.88e-17 2.74e-17
-20.4 0.46 4.39e-17 3.58e-17 3.41e-17
-20.3 0.46 5.46e-17 4.45e-17 4.23e-17
-20.2 0.46 6.79e-17 5.53e-17 5.26e-17
-20.1 0.46 8.43e-17 6.88e-17 6.54e-17
-20 0.46 1.05e-16 8.55e-17 8.13e-17
-19.9 0.46 1.3e-16 1.06e-16 1.01e-16
-19.8 0.46 1.62e-16 1.32e-16 1.26e-16
-19.7 0.46 2.01e-16 1.64e-16 1.56e-16
-19.6 0.46 2.5e-16 2.04e-16 1.94e-16
-19.5 0.46 3.11e-16 2.53e-16 2.41e-16
-19.4 0.46 3.86e-16 3.15e-16 3e-16
-19.3 0.46 4.8e-16 3.92e-16 3.72e-16
-19.2 0.46 5.97e-16 4.87e-16 4.63e-16
-19.1 0.46 7.41e-16 6.05e-16 5.75e-16
-19 0.46 9.22e-16 7.52e-16 7.15e-16
-18.9 0.46 1.15e-15 9.34e-16 8.88e-16
-18.8 0.46 1.42e-15 1.16e-15 1.1e-15
-18.7 0.46 1.77e-15 1.44e-15 1.37e-15
-18.6 0.46 2.2e-15 1.79e-15 1.71e-15
-18.5 0.46 2.73e-15 2.23e-15 2.12e-15
-18.4 0.46 3.4e-15 2.77e-15 2.63e-15
-18.3 0.46 4.22e-15 3.44e-15 3.27e-15
-18.2 0.46 5.25e-15 4.28e-15 4.07e-15
-18.1 0.46 6.52e-15 5.32e-15 5.06e-15
-18 0.46 8.1e-15 6.61e-15 6.28e-15
-17.9 0.46 1.01e-14 8.21e-15 7.81e-15
-17.8 0.46 1.25e-14 1.02e-14 9.71e-15
-17.7 0.46 1.56e-14 1.27e-14 1.21e-14
-17.6 0.46 1.93e-14 1.58e-14 1.5e-14
-17.5 0.46 2.4e-14 1.96e-14 1.86e-14
-17.4 0.46 2.99e-14 2.44e-14 2.32e-14
-17.3 0.46 3.71e-14 3.03e-14 2.88e-14
-17.2 0.46 4.61e-14 3.76e-14 3.58e-14
-17.1 0.46 5.73e-14 4.68e-14 4.45e-14
-17 0.46 7.12e-14 5.81e-14 5.52e-14
-16.9 0.46 8.85e-14 7.22e-14 6.87e-14
-16.8 0.46 1.1e-13 8.98e-14 8.53e-14
-16.7 0.46 1.37e-13 1.12e-13 1.06e-13
-16.6 0.46 1.7e-13 1.39e-13 1.32e-13
-16.5 0.46 2.11e-13 1.72e-13 1.64e-13
-16.4 0.46 2.63e-13 2.14e-13 2.04e-13
-16.3 0.46 3.26e-13 2.66e-13 2.53e-13
-16.2 0.46 4.06e-13 3.31e-13 3.14e-13
-16.1 0.46 5.04e-13 4.11e-13 3.91e-13
-16 0.46 6.26e-13 5.11e-13 4.86e-13
-15.9 0.46 7.79e-13 6.35e-13 6.04e-13
-15.8 0.46 9.68e-13 7.89e-13 7.5e-13
-15.7 0.46 1.2e-12 9.81e-13 9.33e-13
-15.6 0.46 1.49e-12 1.22e-12 1.16e-12
-15.5 0.46 1.86e-12 1.51e-12 1.44e-12
-15.4 0.46 2.31e-12 1.88e-12 1.79e-12
-15.3 0.46 2.87e-12 2.34e-12 2.22e-12
-15.2 0.46 3.57e-12 2.91e-12 2.77e-12
-15.1 0.46 4.43e-12 3.61e-12 3.44e-12
-15 0.46 5.51e-12 4.49e-12 4.27e-12
-14.9 0.46 6.85e-12 5.58e-12 5.31e-12
-14.8 0.46 8.51e-12 6.94e-12 6.6e-12
-13.5 0.46 1.44e-10 1.17e-10 1.11e-10
-13.4 0.46 1.78e-10 1.46e-10 1.38e-10
-13.3 0.46 2.22e-10 1.81e-10 1.72e-10
-13.2 0.46 2.76e-10 2.25e-10 2.14e-10
-13.1 0.46 3.43e-10 2.79e-10 2.66e-10
-13 0.46 4.26e-10 3.47e-10 3.3e-10
-12.9 0.46 5.29e-10 4.32e-10 4.1e-10
-12.8 0.46 6.58e-10 5.36e-10 5.1e-10
-12.7 0.46 8.17e-10 6.67e-10 6.34e-10
-12.6 0.46 1.02e-09 8.29e-10 7.88e-10
-12.5 0.46 1.26e-09 1.03e-09 9.79e-10
-12.4 0.46 1.57e-09 1.28e-09 1.22e-09
-12.3 0.46 1.95e-09 1.59e-09 1.51e-09
-12.2 0.46 2.42e-09 1.98e-09 1.88e-09
-12.1 0.46 3.01e-09 2.46e-09 2.34e-09
-12 0.46 3.74e-09 3.05e-09 2.9e-09
-11.9 0.46 4.65e-09 3.8e-09 3.61e-09
-11.8 0.46 5.78e-09 4.72e-09 4.48e-09
-11.7 0.46 7.19e-09 5.86e-09 5.57e-09
-11.6 0.46 8.93e-09 7.29e-09 6.93e-09
-11.5 0.46 1.11e-08 9.05e-09 8.61e-09
-11.4 0.46 1.38e-08 1.13e-08 1.07e-08
-11.3 0.46 1.71e-08 1.4e-08 1.33e-08
-11.2 0.46 2.13e-08 1.74e-08 1.65e-08
-11.1 0.46 2.65e-08 2.16e-08 2.05e-08
-11 0.46 3.29e-08 2.68e-08 2.55e-08
-10.9 0.46 4.09e-08 3.34e-08 3.17e-08
-10.8 0.46 5.08e-08 4.15e-08 3.94e-08
-10.7 0.46 6.32e-08 5.15e-08 4.9e-08
-10.6 0.46 7.85e-08 6.41e-08 6.09e-08
-10.5 0.46 9.76e-08 7.96e-08 7.57e-08
-10.4 0.46 1.21e-07 9.89e-08 9.41e-08
-10.3 0.46 1.51e-07 1.23e-07 1.17e-07
-10.2 0.46 1.87e-07 1.53e-07 1.45e-07
-10.1 0.46 2.33e-07 1.9e-07 1.81e-07
-10 0.46 2.89e-07 2.36e-07 2.24e-07
-9.9 0.46 3.6e-07 2.93e-07 2.79e-07
-9.8 0.46 4.47e-07 3.65e-07 3.47e-07
-9.7 0.46 5.56e-07 4.53e-07 4.31e-07
-9.6 0.46 6.91e-07 5.63e-07 5.36e-07
-9.5 0.46 8.58e-07 7e-07 6.66e-07
-9.4 0.46 1.07e-06 8.7e-07 8.27e-07
-9.3 0.46 1.33e-06 1.08e-06 1.03e-06
-9.2 0.46 1.65e-06 1.34e-06 1.28e-06
-9.1 0.46 2.05e-06 1.67e-06 1.59e-06
-9 0.46 2.55e-06 2.08e-06 1.97e-06
-8.9 0.46 3.16e-06 2.58e-06 2.45e-06
-8.8 0.46 3.93e-06 3.21e-06 3.05e-06
-8.7 0.46 4.89e-06 3.98e-06 3.79e-06
-8.6 0.46 6.07e-06 4.95e-06 4.71e-06
-8.5 0.46 7.55e-06 6.16e-06 5.85e-06
-8.4 0.46 9.38e-06 7.65e-06 7.27e-06
-8.3 0.46 1.17e-05 9.51e-06 9.04e-06
-8.2 0.46 1.45e-05 1.18e-05 1.12e-05
-8.1 0.46 1.8e-05 1.47e-05 1.4e-05
-8 0.46 2.24e-05 1.83e-05 1.74e-05
-7.9 0.46 2.78e-05 2.27e-05 2.16e-05
-7.8 0.46 3.46e-05 2.82e-05 2.68e-05
-7.7 0.46 4.3e-05 3.5e-05 3.33e-05
-7.6 0.46 5.34e-05 4.35e-05 4.14e-05
-7.5 0.46 6.63e-05 5.41e-05 5.15e-05
-7.4 0.46 8.25e-05 6.73e-05 6.39e-05
-7.3 0.46 0.000102 8.36e-05 7.95e-05
-7.2 0.46 0.000127 0.000104 9.88e-05
-7.1 0.46 0.000158 0.000129 0.000123
-7 0.46 0.000197 0.00016 0.000153
-6.9 0.46 0.000244 0.000199 0.00019
-6.8 0.46 0.000304 0.000248 0.000236
-6.7 0.46 0.000377 0.000308 0.000293
-6.6 0.46 0.000469 0.000383 0.000364
-6.5 0.46 0.000583 0.000476 0.000452
-6.4 0.46 0.000724 0.000592 0.000562
-6.3 0.46 0.000899 0.000735 0.000698
-6.2 0.46 0.00112 0.000914 0.000867
-6.1 0.46 0.00139 0.00114 0.00108
-6 0.46 0.00172 0.00141 0.00134
-5.9 0.46 0.00214 0.00175 0.00166
-5.8 0.46 0.00265 0.00218 0.00206
-5.7 0.46 0.00329 0.00271 0.00256
-5.6 0.46 0.00408 0.00337 0.00318
-5.5 0.46 0.00506 0.00419 0.00395
-5.4 0.46 0.00627 0.00521 0.0049
-5.3 0.46 0.00776 0.00647 0.00608
-5.2 0.46 0.0096 0.00804 0.00753
-5.1 0.46 0.0119 0.01 0.00933
-5 0.46 0.0146 0.0124 0.0116
-4.9 0.46 0.0181 0.0154 0.0143
-4.8 0.46 0.0222 0.0191 0.0176
-4.7 0.46 0.0273 0.0237 0.0218
-4.6 0.46 0.0334 0.0293 0.0268
-4.5 0.46 0.0409 0.0362 0.0329
-4.4 0.46 0.0499 0.0446 0.0402
-4.3 0.46 0.0606 0.0546 0.049
-4.2 0.46 0.0734 0.0666 0.0594
-4.1 0.46 0.0983 0.11 0.0812
-4 0.46 0.118 0.13 0.0965
-3.9 0.46 0.14 0.151 0.113
-3.8 0.46 0.164 0.172 0.131
-3.7 0.46 0.218 0.2 0.175
-3.6 0.46 0.239 0.184 0.183
-3.5 0.46 0.268 0.192 0.196
-3.4 0.46 0.293 0.221 0.2
-3.3 0.46 0.309 0.247 0.191
-3.2 0.46 0.311 0.267 0.164
-3.1 0.46 0.292 0.273 0.113
-3 0.46 0.244 0.257 0.193
-2.9 0.46 0.162 0.208 0.368
-2.8 0.46 0.228 0.196 0.268
-2.7 0.46 0.141 0.137 0.404
-2.6 0.46 -0.0974 0.377 0.92
-2.5 0.46 -0.174 0.452 0.894
-2.4 0.46 -0.137 0.415 0.511
-2.3 0.46 -0.3 0.581 1.05
-2.2 0.46 -0.0897 0.506 1.18
-2.1 0.46 0.0322 0.288 0.724
-2 0.46 0.234 0.624 0.677
-1.9 0.46 1.45 2.95 1.2
-1.8 0.46 0.913 1.6 0.614
-1.7 0.46 0.782 0.628 0.459
-1.6 0.46 0.784 0.643 0.452
-1.5 0.46 0.669 2.02 1.42
-1.4 0.46 0.486 0.879 0.654
-1.3 0.46 0.294 0.637 0.789
-1.2 0.46 -0.0396 0.43 1.27
-1.1 0.46 -0.278 0.661 1.5
-1 0.46 0.187 0.206 0.604
-0.9 0.46 0.3 0.524 0.707
-0.8 0.46 0.417 0.576 0.537
-0.7 0.46 0.628 0.757 0.305
-0.6 0.46 0.518 0.23 0.113
-0.5 0.46 0.495 0.5 0.326
-0.4 0.46 0.452 0.53 0.444
-0.3 0.46 0.415 0.32 0.313
-0.2 0.46 0.396 0.0217 0.0208
-0.1 0.46 0.395 0.26 0.327
0 0.46 0.408 0.363 0.46
0.1 0.46 0.395 0.26 0.327
0.2 0.46 0.396 0.0217 0.0208
0.3 0.46 0.415 0.32 0.313
0.4 0.46 0.452 0.53 0.444
0.5 0.46 0.495 0.5 0.326
0.6 0.46 0.518 0.23 0.113
0.7 0.46 0.628 0.757 0.305
0.8 0.46 0.417 0.576 0.537
0.9 0.46 0.3 0.524 0.707
1 0.46 0.187 0.206 0.604
1.1 0.46 -0.278 0.661 1.5
1.2 0.46 -0.0396 0.43 1.27
1.3 0.46 0.294 0.637 0.789
1.4 0.46 0.486 0.879 0.654
1.5 0.46 0.669 2.02 1.42
1.6 0.46 0.784 0.643 0.452
1.7 0.46 0.782 0.628 0.459
1.8 0.46 0.913 1.6 0.614
1.9 0.46 1.45 2.95 1.2
2 0.46 0.234 0.624 0.677
2.1 0.46 0.0322 0.288 0.724
2.2 0.46 -0.0897 0.506 1.18
2.3 0.46 -0.3 0.581 1.05
2.4 0.46 -0.137 0.415 0.511
2.5 0.46 -0.174 0.452 0.894
2.6 0.46 -0.0974 0.377 0.92
2.7 0.46 0.141 0.137 0.404
2.8 0.46 0.228 0.196 0.268
2.9 0.46 0.162 0.208 0.368
3 0.46 0.244 0.257 0.193
3.1 0.46 0.292 0.273 0.113
3.2 0.46 0.311 0.267 0.164
3.3 0.46 0.309 0.247 0.191
3.4 0.46 0.293 0.221 0.2
3.5 0.46 0.268 0.192 0.196
3.6 0.46 0.239 0.184 0.183
3.7 0.46 0.218 0.2 0.175
3.8 0.46 0.164 0.172 0.131
3.9 0.46 0.14 0.151 0.113
4 0.46 0.118 0.13 0.0965
4.1 0.46 0.0983 0.11 0.0812
4.2 0.46 0.0734 0.0666 0.0594
4.3 0.46 0.0606 0.0546 0.049
4.4 0.46 0.0499 0.0446 0.0402
4.5 0.46 0.0409 0.0362 0.0329
4.6 0.46 0.0334 0.0293 0.0268
4.7 0.46 0.0273 0.0237 0.0218
4.8 0.46 0.0222 0.0191 0.0176
4.9 0.46 0.0181 0.0154 0.0143
5 0.46 0.0146 0.0124 0.0116
5.1 0.46 0.0119 0.01 0.00933
5.2 0.46 0.0096 0.00804 0.00753
5.3 0.46 0.00776 0.00647 0.00608
5.4 0.46 0.00627 0.00521 0.0049
5.5 0.46 0.00506 0.00419 0.00395
5.6 0.46 0.00408 0.00337 0.00318
5.7 0.46 0.00329 0.00271 0.00256
5.8 0.46 0.00265 0.00218 0.00206
5.9 0.46 0.00214 0.00175 0.00166
6 0.46 0.00172 0.00141 0.00134
6.1 0.46 0.00139 0.00114 0.00108
6.2 0.46 0.00112 0.000914 0.000867
6.3 0.46 0.000899 0.000735 0.000698
6.4 0.46 0.000724 0.000592 0.000562
6.5 0.46 0.000583 0.000476 0.000452
6.6 0.46 0.000469 0.000383 0.000364
6.7 0.46 0.000377 0.000308 0.000293
6.8 0.46 0.000304 0.000248 0.000236
6.9 0.46 0.000244 0.000199 0.00019
7 0.46 0.000197 0.00016 0.000153
7.1 0.46 0.000158 0.000129 0.000123
7.2 0.46 0.000127 0.000104 9.88e-05
7.3 0.46 0.000102 8.36e-05 7.95e-05
7.4 0.46 8.25e-05 6.73e-05 6.39e-05
7.5 0.46 6.63e-05 5.41e-05 5.15e-05
7.6 0.46 5.34e-05 4.35e-05 4.14e-05
7.7 0.46 4.3e-05 3.5e-05 3.33e-05
7.8 0.46 3.46e-05 2.82e-05 2.68e-05
7.9 0.46 2.78e-05 2.27e-05 2.16e-05
8 0.46 2.24e-05 1.83e-05 1.74e-05
8.1 0.46 1.8e-05 1.47e-05 1.4e-05
8.2 0.46 1.45e-05 1.18e-05 1.12e-05
8.3 0.46 1.17e-05 9.51e-06 9.04e-06
8.4 0.46 9.38e-06 7.65e-06 7.27e-06
8.5 0.46 7.55e-06 6.16e-06 5.85e-06
8.6 0.46 6.07e-06 4.95e-06 4.71e-06
8.7 0.46 4.89e-06 3.98e-06 3.79e-06
8.8 0.46 3.93e-06 3.21e-06 3.05e-06
8.9 0.46 3.16e-06 2.58e-06 2.45e-06
9 0.46 2.55e-06 2.08e-06 1.97e-06
9.1 0.46 2.05e-06 1.67e-06 1.59e-06
9.2 0.46 1.65e-06 1.34e-06 1.28e-06
9.3 0.46 1.33e-06 1.08e-06 1.03e-06
9.4 0.46 1.07e-06 8.7e-07 8.27e-07
9.5 0.46 8.58e-07 7e-07 6.66e-07
9.6 0.46 6.91e-07 5.63e-07 5.36e-07
9.7 0.46 5.56e-07 4.53e-07 4.31e-07
9.8 0.46 4.47e-07 3.65e-07 3.47e-07
9.9 0.46 3.6e-07 2.93e-07 2.79e-07
10 0.46 2.89e-07 2.36e-07 2.24e-07
10.1 0.46 2.33e-07 1.9e-07 1.81e-07
10.2 0.46 1.87e-07 1.53e-07 1.45e-07
10.3 0.46 1.51e-07 1.23e-07 1.17e-07
10.4 0.46 1.21e-07 9.89e-08 9.41e-08
10.5 0.46 9.76e-08 7.96e-08 7.57e-08
10.6 0.46 7.85e-08 6.41e-08 6.09e-08
10.7 0.46 6.32e-08 5.15e-08 4.9e-08
10.8 0.46 5.08e-08 4.15e-08 3.94e-08
10.9 0.46 4.09e-08 3.34e-08 3.17e-08
11 0.46 3.29e-08 2.68e-08 2.55e-08
11.1 0.46 2.65e-08 2.16e-08 2.05e-08
11.2 0.46 2.13e-08 1.74e-08 1.65e-08
11.3 0.46 1.71e-08 1.4e-08 1.33e-08
11.4 0.46 1.38e-08 1.13e-08 1.07e-08
11.5 0.46 1.11e-08 9.05e-09 8.61e-09
11.6 0.46 8.93e-09 7.29e-09 6.93e-09
11.7 0.46 7.19e-09 5.86e-09 5.57e-09
11.8 0.46 5.78e-09 4.72e-09 4.48e-09
11.9 0.46 4.65e-09 3.8e-09 3.61e-09
12 0.46 3.74e-09 3.05e-09 2.9e-09
12.1 0.46 3.01e-09 2.46e-09 2.34e-09
12.2 0.46 2.42e-09 1.98e-09 1.88e-09
12.3 0.46 1.95e-09 1.59e-09 1.51e-09
12.4 0.46 1.57e-09 1.28e-09 1.22e-09
12.5 0.46 1.26e-09 1.03e-09 9.79e-10
12.6 0.46 1.02e-09 8.29e-10 7.88e-10
12.7 0.46 8.17e-10 6.67e-10 6.34e-10
12.8 0.46 6.58e-10 5.36e-10 5.1e-10
12.9 0.46 5.29e-10 4.32e-10 4.1e-10
13 0.46 4.26e-10 3.47e-10 3.3e-10
13.1 0.46 3.43e-10 2.79e-10 2.66e-10
13.2 0.46 2.76e-10 2.25e-10 2.14e-10
13.3 0.46 2.22e-10 1.81e-10 1.72e-10
13.4 0.46 1.78e-10 1.46e-10 1.38e-10
13.5 0.46 1.44e-10 1.17e-10 1.11e-10
14.8 0.46 8.51e-12 6.94e-12 6.6e-12
14.9 0.46 6.85e-12 5.58e-12 5.31e-12
15 0.46 5.51e-12 4.49e-12 4.27e-12
15.1 0.46 4.43e-12 3.61e-12 3.44e-12
15.2 0.46 3.57e-12 2.91e-12 2.77e-12
15.3 0.46 2.87e-12 2.34e-12 2.22e-12
15.4 0.46 2.31e-12 1.88e-12 1.79e-12
15.5 0.46 1.86e-12 1.51e-12 1.44e-12
15.6 0.46 1.49e-12 1.22e-12 1.16e-12
15.7 0.46 1.2e-12 9.81e-13 9.33e-13
15.8 0.46 9.68e-13 7.89e-13 7.5e-13
15.9 0.46 7.79e-13 6.35e-13 6.04e-13
16 0.46 6.26e-13 5.11e-13 4.86e-13
16.1 0.46 5.04e-13 4.11e-13 3.91e-13
16.2 0.46 4.06e-13 3.31e-13 3.14e-13
16.3 0.46 3.26e-13 2.66e-13 2.53e-13
16.4 0.46 2.63e-13 2.14e-13 2.04e-13
16.5 0.46 2.11e-13 1.72e-13 1.64e-13
16.6 0.46 1.7e-13 1.39e-13 1.32e-13
16.7 0.46 1.37e-13 1.12e-13 1.06e-13
16.8 0.46 1.1e-13 8.98e-14 8.53e-14
16.9 0.46 8.85e-14 7.22e-14 6.87e-14
17 0.46 7.12e-14 5.81e-14 5.52e-14
17.1 0.46 5.73e-14 4.68e-14 4.45e-14
17.2 0.46 4.61e-14 3.76e-14 3.58e-14
17.3 0.46 3.71e-14 3.03e-14 2.88e-14
17.4 0.46 2.99e-14 2.44e-14 2.32e-14
17.5 0.46 2.4e-14 1.96e-14 1.86e-14
17.6 0.46 1.93e-14 1.58e-14 1.5e-14
17.7 0.46 1.56e-14 1.27e-14 1.21e-14
17.8 0.46 1.25e-14 1.02e-14 9.71e-15
17.9 0.46 1.01e-14 8.21e-15 7.81e-15
18 0.46 8.1e-15 6.61e-15 6.28e-15
18.1 0.46 6.52e-15 5.32e-15 5.06e-15
18.2 0.46 5.25e-15 4.28e-15 4.07e-15
18.3 0.46 4.22e-15 3.44e-15 3.27e-15
18.4 0.46 3.4e-15 2.77e-15 2.63e-15
18.5 0.46 2.73e-15 2.23e-15 2.12e-15
18.6 0.46 2.2e-15 1.79e-15 1.71e-15
18.7 0.46 1.77e-15 1.44e-15 1.37e-15
18.8 0.46 1.42e-15 1.16e-15 1.1e-15
18.9 0.46 1.15e-15 9.34e-16 8.88e-16
19 0.46 9.22e-16 7.52e-16 7.15e-16
19.1 0.46 7.41e-16 6.05e-16 5.75e-16
19.2 0.46 5.97e-16 4.87e-16 4.63e-16
19.3 0.46 4.8e-16 3.92e-16 3.72e-16
19.4 0.46 3.86e-16 3.15e-16 3e-16
19.5 0.46 3.11e-16 2.53e-16 2.41e-16
19.6 0.46 2.5e-16 2.04e-16 1.94e-16
19.7 0.46 2.01e-16 1.64e-16 1.56e-16
19.8 0.46 1.62e-16 1.32e-16 1.26e-16
19.9 0.46 1.3e-16 1.06e-16 1.01e-16
20 0.46 1.05e-16 8.55e-17 8.13e-17
20.1 0.46 8.43e-17 6.88e-17 6.54e-17
20.2 0.46 6.79e-17 5.53e-17 5.26e-17
20.3 0.46 5.46e-17 4.45e-17 4.23e-17
20.4 0.46 4.39e-17 3.58e-17 3.41e-17
20.5 0.46 3.53e-17 2.88e-17 2.74e-17
20.6 0.46 2.84e-17 2.32e-17 2.21e-17
20.7 0.46 2.29e-17 1.87e-17 1.77e-17
20.8 0.46 1.84e-17 1.5e-17 1.43e-17
20.9 0.46 1.48e-17 1.21e-17 1.15e-17
21 0.46 1.19e-17 9.72e-18 9.24e-18
21.1 0.46 9.59e-18 7.82e-18 7.44e-18
21.2 0.46 7.72e-18 6.29e-18 5.98e-18
21.3 0.46 6.21e-18 5.06e-18 4.82e-18
21.4 0.46 5e-18 4.07e-18 3.87e-18
21.5 0.46 4.02e-18 3.28e-18 3.12e-18
21.6 0.46 3.23e-18 2.64e-18 2.51e-18
21.7 0.46 2.6e-18 2.12e-18 2.02e-18
21.8 0.46 2.09e-18 1.71e-18 1.62e-18
21.9 0.46 1.68e-18 1.37e-18 1.31e-18
22 0.46 1.36e-18 1.11e-18 1.05e-18
22.1 0.46 1.09e-18 8.9e-19 8.46e-19
22.2 0.46 8.78e-19 7.16e-19 6.81e-19
22.3 0.46 7.06e-19 5.76e-19 5.48e-19
22.4 0.46 5.68e-19 4.63e-19 4.41e-19
22.5 0.46 4.57e-19 3.73e-19 3.55e-19
22.6 0.46 3.68e-19 3e-19 2.85e-19
22.7 0.46 2.96e-19 2.41e-19 2.3e-19
22.8 0.46 2.38e-19 1.94e-19 1.85e-19
22.9 0.46 1.92e-19 1.56e-19 1.49e-19
23 0.46 1.54e-19 1.26e-19 1.2e-19
23.1 0.46 1.24e-19 1.01e-19 9.62e-20
23.2 0.46 9.98e-20 8.14e-20 7.74e-20
23.3 0.46 8.03e-20 6.55e-20 6.23e-20
23.4 0.46 6.46e-20 5.27e-20 5.01e-20
23.5 0.46 5.2e-20 4.24e-20 4.03e-20
23.6 0.46 4.18e-20 3.41e-20 3.24e-20
23.7 0.46 3.37e-20 2.75e-20 2.61e-20
23.8 0.46 2.71e-20 2.21e-20 2.1e-20
23.9 0.46 2.18e-20 1.78e-20 1.69e-20
24 0.46 1.75e-20 1.43e-20 1.36e-20
24.1 0.46 1.41e-20 1.15e-20 1.09e-20
24.2 0.46 1.14e-20 9.26e-21 8.8e-21
24.3 0.46 9.13e-21 7.45e-21 7.08e-21
24.4 0.46 7.35e-21 5.99e-21 5.7e-21
24.5 0.46 5.91e-21 4.82e-21 4.59e-21
24.6 0.46 4.76e-21 3.88e-21 3.69e-21
24.7 0.46 3.83e-21 3.12e-21 2.97e-21
24.8 0.46 3.08e-21 2.51e-21 2.39e-21
24.9 0.46 2.48e-21 2.02e-21 1.92e-21
25 0.46 1.99e-21 1.63e-21 1.55e-21
25.1 0.46 1.6e-21 1.31e-21 1.24e-21
25.2 0.46 1.29e-21 1.05e-21 1e-21
25.3 0.46 1.04e-21 8.47e-22 8.06e-22
25.4 0.46 8.36e-22 6.82e-22 6.48e-22
25.5 0.46 6.73e-22 5.49e-22 5.22e-22
25.6 0.46 5.41e-22 4.41e-22 4.2e-22
25.7 0.46 4.35e-22 3.55e-22 3.38e-22
25.8 0.46 3.5e-22 2.86e-22 2.72e-22
25.9 0.46 2.82e-22 2.3e-22 2.19e-22
26 0.46 2.27e-22 1.85e-22 1.76e-22
26.1 0.46 1.83e-22 1.49e-22 1.42e-22
26.2 0.46 1.47e-22 1.2e-22 1.14e-22
26.3 0.46 1.18e-22 9.64e-23 9.16e-23
26.4 0.46 9.51e-23 7.75e-23 7.37e-23
26.5 0.46 7.65e-23 6.24e-23 5.93e-23
26.6 0.46 6.15e-23 5.02e-23 4.77e-23
26.7 0.46 4.95e-23 4.04e-23 3.84e-23
26.8 0.46 3.98e-23 3.25e-23 3.09e-23
26.9 0.46 3.21e-23 2.61e-23 2.49e-23
27 0.46 2.58e-23 2.1e-23 2e-23
27.1 0.46 2.08e-23 1.69e-23 1.61e-23
27.2 0.46 1.67e-23 1.36e-23 1.3e-23
27.3 0.46 1.34e-23 1.1e-23 1.04e-23
27.4 0.46 1.08e-23 8.82e-24 8.38e-24
27.5 0.46 8.7e-24 7.1e-24 6.75e-24
27.6 0.46 7e-24 5.71e-24 5.43e-24
27.7 0.46 5.63e-24 4.59e-24 4.37e-24
27.8 0.46 4.53e-24 3.7e-24 3.51e-24
27.9 0.46 3.65e-24 2.97e-24 2.83e-24
28 0.46 2.93e-24 2.39e-24 2.28e-24
28.1 0.46 2.36e-24 1.93e-24 1.83e-24
28.2 0.46 1.9e-24 1.55e-24 1.47e-24
28.3 0.46 1.53e-24 1.25e-24 1.19e-24
28.4 0.46 1.23e-24 1e-24 9.54e-25
28.5 0.46 9.89e-25 8.07e-25 7.67e-25
28.6 0.46 7.96e-25 6.49e-25 6.17e-25
28.7 0.46 6.41e-25 5.22e-25 4.97e-25
28.8 0.46 5.15e-25 4.2e-25 4e-25
28.9 0.46 4.15e-25 3.38e-25 3.22e-25
29 0.46 3.34e-25 2.72e-25 2.59e-25
29.1 0.46 2.68e-25 2.19e-25 2.08e-25
29.2 0.46 2.16e-25 1.76e-25 1.68e-25
29.3 0.46 1.74e-25 1.42e-25 1.35e-25
29.4 0.46 1.4e-25 1.14e-25 1.08e-25
29.5 0.46 1.13e-25 9.18e-26 8.73e-26
29.6 0.46 9.05e-26 7.38e-26 7.02e-26
29.7 0.46 7.29e-26 5.94e-26 5.65e-26
29.8 0.46 5.86e-26 4.78e-26 4.55e-26
29.9 0.46 4.72e-26 3.85e-26 3.66e-26
30 0.46 3.79e-26 3.1e-26 2.94e-26
30.1 0.46 3.05e-26 2.49e-26 2.37e-26
30.2 0.46 2.46e-26 2e-26 1.91e-26
30.3 0.46 1.98e-26 1.61e-26 1.53e-26
30.4 0.46 1.59e-26 1.3e-26 1.23e-26
30.5 0.46 1.28e-26 1.04e-26 9.92e-27
30.6 0.46 1.03e-26 8.4e-27 7.99e-27
30.7 0.46 8.29e-27 6.76e-27 6.43e-27
30.8 0.46 6.67e-27 5.44e-27 5.17e-27
30.9 0.46 5.36e-27 4.37e-27 4.16e-27
31 0.46 4.32e-27 3.52e-27 3.35e-27
31.1 0.46 3.47e-27 2.83e-27 2.69e-27
31.2 0.46 2.79e-27 2.28e-27 2.17e-27
31.3 0.46 2.25e-27 1.83e-27 1.74e-27
31.4 0.46 1.81e-27 1.48e-27 1.4e-27
31.5 0.46 1.46e-27 1.19e-27 1.13e-27
31.6 0.46 1.17e-27 9.55e-28 9.08e-28
31.7 0.46 9.42e-28 7.69e-28 7.31e-28
31.8 0.46 7.58e-28 6.18e-28 5.88e-28
31.9 0.46 6.1e-28 4.98e-28 4.73e-28
32 0.46 4.91e-28 4e-28 3.81e-28
32.1 0.46 3.95e-28 3.22e-28 3.06e-28
32.2 0.46 3.18e-28 2.59e-28 2.46e-28
32.3 0.46 2.56e-28 2.09e-28 1.98e-28
32.4 0.46 2.06e-28 1.68e-28 1.6e-28
32.5 0.46 1.66e-28 1.35e-28 1.28e-28
32.6 0.46 1.33e-28 1.09e-28 1.03e-28
32.7 0.46 1.07e-28 8.74e-29 8.31e-29
32.8 0.46 8.62e-29 7.03e-29 6.69e-29
32.9 0.46 6.94e-29 5.66e-29 5.38e-29
33 0.46 5.58e-29 4.55e-29 4.33e-29
33.1 0.46 4.49e-29 3.66e-29 3.48e-29
33.2 0.46 3.61e-29 2.95e-29 2.8e-29
33.3 0.46 2.91e-29 2.37e-29 2.26e-29
33.4 0.46 2.34e-29 1.91e-29 1.81e-29
33.5 0.46 1.88e-29 1.54e-29 1.46e-29
33.6 0.46 1.51e-29 1.24e-29 1.17e-29
33.7 0.46 1.22e-29 9.94e-30 9.45e-30
33.8 0.46 9.81e-30 8e-30 7.61e-30
33.9 0.46 7.89e-30 6.44e-30 6.12e-30
34 0.46 6.35e-30 5.18e-30 4.92e-30
34.1 0.46 5.11e-30 4.17e-30 3.96e-30
34.2 0.46 4.11e-30 3.35e-30 3.19e-30
34.3 0.46 3.31e-30 2.7e-30 2.56e-30
34.4 0.46 2.66e-30 2.17e-30 2.06e-30
34.5 0.46 2.14e-30 1.75e-30 1.66e-30
34.6 0.46 1.72e-30 1.41e-30 1.34e-30
34.7 0.46 1.39e-30 1.13e-30 1.08e-30
34.8 0.46 1.12e-30 9.1e-31 8.65e-31
34.9 0.46 8.97e-31 7.32e-31 6.96e-31
35 0.46 7.22e-31 5.89e-31 5.6e-31
35.1 0.46 5.81e-31 4.74e-31 4.51e-31
35.2 0.46 4.68e-31 3.81e-31 3.63e-31
35.3 0.46 3.76e-31 3.07e-31 2.92e-31
35.4 0.46 3.03e-31 2.47e-31 2.35e-31
35.5 0.46 2.44e-31 1.99e-31 1.89e-31
35.6 0.46 1.96e-31 1.6e-31 1.52e-31
35.7 0.46 1.58e-31 1.29e-31 1.22e-31
35.8 0.46 1.27e-31 1.03e-31 9.84e-32
35.9 0.46 1.02e-31 8.32e-32 7.92e-32
36 0.46 8.21e-32 6.7e-32 6.37e-32
36.1 0.46 6.61e-32 5.39e-32 5.12e-32
36.2 0.46 5.32e-32 4.34e-32 4.12e-32
36.3 0.46 4.28e-32 3.49e-32 3.32e-32
36.4 0.46 3.44e-32 2.81e-32 2.67e-32
36.5 0.46 2.77e-32 2.26e-32 2.15e-32
36.6 0.46 2.23e-32 1.82e-32 1.73e-32
36.7 0.46 1.79e-32 1.46e-32 1.39e-32
36.8 0.46 1.44e-32 1.18e-32 1.12e-32
36.9 0.46 1.16e-32 9.47e-33 9e-33
37 0.46 9.34e-33 7.62e-33 7.24e-33
37.1 0.46 7.52e-33 6.13e-33 5.83e-33
37.2 0.46 6.05e-33 4.93e-33 4.69e-33
37.3 0.46 4.87e-33 3.97e-33 3.77e-33
37.4 0.46 3.92e-33 3.19e-33 3.04e-33
37.5 0.46 3.15e-33 2.57e-33 2.44e-33
37.6 0.46 2.53e-33 2.07e-33 1.97e-33
37.7 0.46 2.04e-33 1.66e-33 1.58e-33
37.8 0.46 1.64e-33 1.34e-33 1.27e-33
37.9 0.46 1.32e-33 1.08e-33 1.02e-33
38 0.46 1.06e-33 8.66e-34 8.24e-34
38.1 0.46 8.55e-34 6.97e-34 6.63e-34
38.2 0.46 6.88e-34 5.61e-34 5.33e-34
38.3 0.46 5.53e-34 4.51e-34 4.29e-34
38.4 0.46 4.45e-34 3.63e-34 3.45e-34
38.5 0.46 3.58e-34 2.92e-34 2.78e-34
38.6 0.46 2.88e-34 2.35e-34 2.24e-34
38.7 0.46 2.32e-34 1.89e-34 1.8e-34
38.8 0.46 1.87e-34 1.52e-34 1.45e-34
38.9 0.46 1.5e-34 1.22e-34 1.16e-34
39 0.46 1.21e-34 9.85e-35 9.37e-35
39.1 0.46 9.72e-35 7.93e-35 7.54e-35
39.2 0.46 7.82e-35 6.38e-35 6.07e-35
39.3 0.46 6.29e-35 5.13e-35 4.88e-35
39.4 0.46 5.06e-35 4.13e-35 3.93e-35
39.5 0.46 4.07e-35 3.32e-35 3.16e-35
39.6 0.46 3.28e-35 2.67e-35 2.54e-35
39.7 0.46 2.64e-35 2.15e-35 2.05e-35
39.8 0.46 2.12e-35 1.73e-35 1.65e-35
39.9 0.46 1.71e-35 1.39e-35 1.32e-35
40 0.46 1.37e-35 1.12e-35 1.07e-35
40.1 0.46 1.11e-35 9.02e-36 8.57e-36
40.2 0.46 8.9e-36 7.26e-36 6.9e-36
40.3 0.46 7.16e-36 5.84e-36 5.55e-36
40.4 0.46 5.76e-36 4.7e-36 4.47e-36
40.5 0.46 4.63e-36 3.78e-36 3.59e-36
40.6 0.46 3.73e-36 3.04e-36 2.89e-36
40.7 0.46 3e-36 2.45e-36 2.33e-36
40.8 0.46 2.41e-36 1.97e-36 1.87e-36
40.9 0.46 1.94e-36 1.58e-36 1.51e-36
41 0.46 1.56e-36 1.27e-36 1.21e-36
41.1 0.46 1.26e-36 1.03e-36 9.75e-37
41.2 0.46 1.01e-36 8.25e-37 7.85e-37
41.3 0.46 8.14e-37 6.64e-37 6.31e-37
41.4 0.46 6.55e-37 5.34e-37 5.08e-37
41.5 0.46 5.27e-37 4.3e-37 4.09e-37
41.6 0.46 4.24e-37 3.46e-37 3.29e-37
41.7 0.46 3.41e-37 2.78e-37 2.65e-37
41.8 0.46 2.75e-37 2.24e-37 2.13e-37
41.9 0.46 2.21e-37 1.8e-37 1.71e-37
42 0.46 1.78e-37 1.45e-37 1.38e-37
42.1 0.46 1.43e-37 1.17e-37 1.11e-37
42.2 0.46 1.15e-37 9.39e-38 8.92e-38
42.3 0.46 9.26e-38 7.55e-38 7.18e-38
42.4 0.46 7.45e-38 6.08e-38 5.78e-38
42.5 0.46 5.99e-38 4.89e-38 4.65e-38
42.6 0.46 4.82e-38 3.93e-38 3.74e-38
42.7 0.46 3.88e-38 3.17e-38 3.01e-38
42.8 0.46 3.12e-38 2.55e-38 2.42e-38
42.9 0.46 2.51e-38 2.05e-38 1.95e-38
43 0.46 2.02e-38 1.65e-38 1.57e-38
43.1 0.46 1.63e-38 1.33e-38 1.26e-38
43.2 0.46 1.31e-38 1.07e-38 1.01e-38
43.3 0.46 1.05e-38 8.59e-39 8.17e-39
43.4 0.46 8.47e-39 6.91e-39 6.57e-39
43.5 0.46 6.82e-39 5.56e-39 5.29e-39
43.6 0.46 5.49e-39 4.47e-39 4.25e-39
43.7 0.46 4.41e-39 3.6e-39 3.42e-39
43.8 0.46 3.55e-39 2.9e-39 2.75e-39
43.9 0.46 2.86e-39 2.33e-39 2.22e-39
44 0.46 2.3e-39 1.88e-39 1.78e-39
44.1 0.46 1.85e-39 1.51e-39 1.43e-39
44.2 0.46 1.49e-39 1.21e-39 1.15e-39
44.3 0.46 1.2e-39 9.77e-40 9.29e-40
44.4 0.46 9.64e-40 7.86e-40 7.47e-40
44.5 0.46 7.75e-40 6.32e-40 6.01e-40
44.6 0.46 6.24e-40 5.09e-40 4.84e-40
44.7 0.46 5.02e-40 4.09e-40 3.89e-40
44.8 0.46 4.04e-40 3.29e-40 3.13e-40
44.9 0.46 3.25e-40 2.65e-40 2.52e-40
45 0.46 2.61e-40 2.13e-40 2.03e-40
45.1 0.46 2.1e-40 1.72e-40 1.63e-40
45.2 0.46 1.69e-40 1.38e-40 1.31e-40
45.3 0.46 1.36e-40 1.11e-40 1.06e-40
45.4 0.46 1.1e-40 8.94e-41 8.5e-41
45.5 0.46 8.82e-41 7.19e-41 6.84e-41
45.6 0.46 7.1e-41 5.79e-41 5.5e-41
45.7 0.46 5.71e-41 4.66e-41 4.43e-41
45.8 0.46 4.59e-41 3.75e-41 3.56e-41
45.9 0.46 3.7e-41 3.01e-41 2.87e-41
46 0.46 2.97e-41 2.43e-41 2.31e-41
46.1 0.46 2.39e-41 1.95e-41 1.86e-41
46.2 0.46 1.93e-41 1.57e-41 1.49e-41
46.3 0.46 1.55e-41 1.26e-41 1.2e-41
46.4 0.46 1.25e-41 1.02e-41 9.67e-42
46.5 0.46 1e-41 8.18e-42 7.78e-42
46.6 0.46 8.07e-42 6.58e-42 6.26e-42
46.7 0.46 6.49e-42 5.3e-42 5.04e-42
46.8 0.46 5.22e-42 4.26e-42 4.05e-42
46.9 0.46 4.2e-42 3.43e-42 3.26e-42
47 0.46 3.38e-42 2.76e-42 2.62e-42
47.1 0.46 2.72e-42 2.22e-42 2.11e-42
47.2 0.46 2.19e-42 1.79e-42 1.7e-42
47.3 0.46 1.76e-42 1.44e-42 1.37e-42
47.4 0.46 1.42e-42 1.16e-42 1.1e-42
47.5 0.46 1.14e-42 9.3e-43 8.85e-43
47.6 0.46 9.18e-43 7.49e-43 7.12e-43
47.7 0.46 7.38e-43 6.02e-43 5.73e-43
47.8 0.46 5.94e-43 4.85e-43 4.61e-43
47.9 0.46 4.78e-43 3.9e-43 3.71e-43
48 0.46 3.85e-43 3.14e-43 2.98e-43
48.1 0.46 3.1e-43 2.52e-43 2.4e-43
48.2 0.46 2.49e-43 2.03e-43 1.93e-43
48.3 0.46 2e-43 1.63e-43 1.55e-43
48.4 0.46 1.61e-43 1.31e-43 1.25e-43
48.5 0.46 1.3e-43 1.06e-43 1.01e-43
48.6 0.46 1.04e-43 8.51e-44 8.09e-44
48.7 0.46 8.4e-44 6.85e-44 6.51e-44
48.8 0.46 6.76e-44 5.51e-44 5.24e-44
48.9 0.46 5.44e-44 4.43e-44 4.22e-44
49 0.46 4.37e-44 3.57e-44 3.39e-44
49.1 0.46 3.52e-44 2.87e-44 2.73e-44
49.2 0.46 2.83e-44 2.31e-44 2.2e-44
49.3 0.46 2.28e-44 1.86e-44 1.77e-44
49.4 0.46 1.83e-44 1.5e-44 1.42e-44
49.5 0.46 1.48e-44 1.2e-44 1.14e-44
49.6 0.46 1.19e-44 9.68e-45 9.21e-45
49.7 0.46 9.55e-45 7.79e-45 7.41e-45
49.8 0.46 7.69e-45 6.27e-45 5.96e-45
49.9 0.46 6.18e-45 5.04e-45 4.8e-45
50 0.46 4.98e-45 4.06e-45 3.86e-45
50.1 0.46 4e-45 3.27e-45 3.1e-45
50.2 0.46 3.22e-45 2.63e-45 2.5e-45
50.3 0.46 2.59e-45 2.11e-45 2.01e-45
50.4 0.46 2.09e-45 1.7e-45 1.62e-45
50.5 0.46 1.68e-45 1.37e-45 1.3e-45
50.6 0.46 1.35e-45 1.1e-45 1.05e-45
50.7 0.46 1.09e-45 8.86e-46 8.42e-46
50.8 0.46 8.74e-46 7.13e-46 6.78e-46
50.9 0.46 7.03e-46 5.74e-46 5.45e-46
51 0.46 5.66e-46 4.62e-46 4.39e-46
51.1 0.46 4.55e-46 3.71e-46 3.53e-46
51.2 0.46 3.66e-46 2.99e-46 2.84e-46
51.3 0.46 2.95e-46 2.4e-46 2.29e-46
51.4 0.46 2.37e-46 1.93e-46 1.84e-46
51.5 0.46 1.91e-46 1.56e-46 1.48e-46
51.6 0.46 1.54e-46 1.25e-46 1.19e-46
51.7 0.46 1.24e-46 1.01e-46 9.58e-47
51.8 0.46 9.94e-47 8.11e-47 7.71e-47
51.9 0.46 8e-47 6.52e-47 6.2e-47
52 0.46 6.44e-47 5.25e-47 4.99e-47
52.1 0.46 5.18e-47 4.22e-47 4.02e-47
52.2 0.46 4.17e-47 3.4e-47 3.23e-47
52.3 0.46 3.35e-47 2.73e-47 2.6e-47
52.4 0.46 2.7e-47 2.2e-47 2.09e-47
52.5 0.46 2.17e-47 1.77e-47 1.68e-47
52.6 0.46 1.75e-47 1.42e-47 1.35e-47
52.7 0.46 1.41e-47 1.15e-47 1.09e-47
52.8 0.46 1.13e-47 9.22e-48 8.77e-48
52.9 0.46 9.1e-48 7.42e-48 7.05e-48
53 0.46 7.32e-48 5.97e-48 5.68e-48
53.1 0.46 5.89e-48 4.8e-48 4.57e-48
53.2 0.46 4.74e-48 3.86e-48 3.67e-48
53.3 0.46 3.81e-48 3.11e-48 2.96e-48
53.4 0.46 3.07e-48 2.5e-48 2.38e-48
53.5 0.46 2.47e-48 2.01e-48 1.91e-48
53.6 0.46 1.99e-48 1.62e-48 1.54e-48
53.7 0.46 1.6e-48 1.3e-48 1.24e-48
53.8 0.46 1.29e-48 1.05e-48 9.97e-49
53.9 0.46 1.03e-48 8.44e-49 8.02e-49
54 0.46 8.32e-49 6.79e-49 6.46e-49
54.1 0.46 6.7e-49 5.46e-49 5.19e-49
54.2 0.46 5.39e-49 4.4e-49 4.18e-49
54.3 0.46 4.34e-49 3.54e-49 3.36e-49
54.4 0.46 3.49e-49 2.85e-49 2.71e-49
54.5 0.46 2.81e-49 2.29e-49 2.18e-49
54.6 0.46 2.26e-49 1.84e-49 1.75e-49
54.7 0.46 1.82e-49 1.48e-49 1.41e-49
54.8 0.46 1.46e-49 1.19e-49 1.13e-49
54.9 0.46 1.18e-49 9.6e-50 9.13e-50
55 0.46 9.47e-50 7.72e-50 7.34e-50
55.1 0.46 7.62e-50 6.21e-50 5.91e-50
55.2 0.46 6.13e-50 5e-50 4.75e-50
55.3 0.46 4.93e-50 4.02e-50 3.82e-50
55.4 0.46 3.97e-50 3.24e-50 3.08e-50
55.5 0.46 3.19e-50 2.6e-50 2.48e-50
55.6 0.46 2.57e-50 2.1e-50 1.99e-50
55.7 0.46 2.07e-50 1.69e-50 1.6e-50
55.8 0.46 1.66e-50 1.36e-50 1.29e-50
55.9 0.46 1.34e-50 1.09e-50 1.04e-50
56 0.46 1.08e-50 8.78e-51 8.35e-51
56.1 0.46 8.66e-51 7.07e-51 6.72e-51
56.2 0.46 6.97e-51 5.69e-51 5.41e-51
56.3 0.46 5.61e-51 4.57e-51 4.35e-51
56.4 0.46 4.51e-51 3.68e-51 3.5e-51
56.5 0.46 3.63e-51 2.96e-51 2.82e-51
56.6 0.46 2.92e-51 2.38e-51 2.27e-51
56.7 0.46 2.35e-51 1.92e-51 1.82e-51
56.8 0.46 1.89e-51 1.54e-51 1.47e-51
56.9 0.46 1.52e-51 1.24e-51 1.18e-51
57 0.46 1.22e-51 9.99e-52 9.5e-52
57.1 0.46 9.85e-52 8.04e-52 7.64e-52
57.2 0.46 7.93e-52 6.47e-52 6.15e-52
57.3 0.46 6.38e-52 5.2e-52 4.95e-52
57.4 0.46 5.13e-52 4.19e-52 3.98e-52
57.5 0.46 4.13e-52 3.37e-52 3.2e-52
57.6 0.46 3.32e-52 2.71e-52 2.58e-52
57.7 0.46 2.67e-52 2.18e-52 2.07e-52
57.8 0.46 2.15e-52 1.75e-52 1.67e-52
57.9 0.46 1.73e-52 1.41e-52 1.34e-52
58 0.46 1.39e-52 1.14e-52 1.08e-52
58.1 0.46 1.12e-52 9.14e-53 8.69e-53
58.2 0.46 9.02e-53 7.35e-53 6.99e-53
58.3 0.46 7.26e-53 5.92e-53 5.63e-53
58.4 0.46 5.84e-53 4.76e-53 4.53e-53
58.5 0.46 4.7e-53 3.83e-53 3.64e-53
58.6 0.46 3.78e-53 3.08e-53 2.93e-53
58.7 0.46 3.04e-53 2.48e-53 2.36e-53
58.8 0.46 2.45e-53 2e-53 1.9e-53
58.9 0.46 1.97e-53 1.61e-53 1.53e-53
59 0.46 1.58e-53 1.29e-53 1.23e-53
59.1 0.46 1.27e-53 1.04e-53 9.88e-54
59.2 0.46 1.03e-53 8.36e-54 7.95e-54
59.3 0.46 8.25e-54 6.73e-54 6.4e-54
59.4 0.46 6.64e-54 5.41e-54 5.15e-54
59.5 0.46 5.34e-54 4.36e-54 4.14e-54
59.6 0.46 4.3e-54 3.51e-54 3.33e-54
59.7 0.46 3.46e-54 2.82e-54 2.68e-54
59.8 0.46 2.78e-54 2.27e-54 2.16e-54
59.9 0.46 2.24e-54 1.83e-54 1.74e-54
60 0.46 1.8e-54 1.47e-54 1.4e-54
60.1 0.46 1.45e-54 1.18e-54 1.12e-54
60.2 0.46 1.17e-54 9.51e-55 9.04e-55
60.3 0.46 9.38e-55 7.65e-55 7.28e-55
60.4 0.46 7.55e-55 6.16e-55 5.86e-55
60.5 0.46 6.08e-55 4.96e-55 4.71e-55
60.6 0.46 4.89e-55 3.99e-55 3.79e-55
60.7 0.46 3.93e-55 3.21e-55 3.05e-55
60.8 0.46 3.16e-55 2.58e-55 2.45e-55
60.9 0.46 2.55e-55 2.08e-55 1.97e-55
61 0.46 2.05e-55 1.67e-55 1.59e-55
61.1 0.46 1.65e-55 1.34e-55 1.28e-55
61.2 0.46 1.33e-55 1.08e-55 1.03e-55
61.3 0.46 1.07e-55 8.71e-56 8.28e-56
61.4 0.46 8.59e-56 7e-56 6.66e-56
61.5 0.46 6.91e-56 5.64e-56 5.36e-56
61.6 0.46 5.56e-56 4.53e-56 4.31e-56
61.7 0.46 4.47e-56 3.65e-56 3.47e-56
61.8 0.46 3.6e-56 2.94e-56 2.79e-56
61.9 0.46 2.9e-56 2.36e-56 2.25e-56
62 0.46 2.33e-56 1.9e-56 1.81e-56
62.1 0.46 1.88e-56 1.53e-56 1.45e-56
62.2 0.46 1.51e-56 1.23e-56 1.17e-56
62.3 0.46 1.21e-56 9.9e-57 9.41e-57
62.4 0.46 9.77e-57 7.97e-57 7.57e-57
62.5 0.46 7.86e-57 6.41e-57 6.09e-57
62.6 0.46 6.32e-57 5.16e-57 4.9e-57
62.7 0.46 5.09e-57 4.15e-57 3.95e-57
62.8 0.46 4.09e-57 3.34e-57 3.17e-57
62.9 0.46 3.29e-57 2.69e-57 2.55e-57
63 0.46 2.65e-57 2.16e-57 2.06e-57
63.1 0.46 2.13e-57 1.74e-57 1.65e-57
63.2 0.46 1.72e-57 1.4e-57 1.33e-57
63.3 0.46 1.38e-57 1.13e-57 1.07e-57
63.4 0.46 1.11e-57 9.06e-58 8.61e-58
63.5 0.46 8.94e-58 7.29e-58 6.93e-58
63.6 0.46 7.19e-58 5.87e-58 5.58e-58
63.7 0.46 5.79e-58 4.72e-58 4.49e-58
63.8 0.46 4.66e-58 3.8e-58 3.61e-58
63.9 0.46 3.75e-58 3.06e-58 2.91e-58
64 0.46 3.01e-58 2.46e-58 2.34e-58
64.1 0.46 2.43e-58 1.98e-58 1.88e-58
64.2 0.46 1.95e-58 1.59e-58 1.51e-58
64.3 0.46 1.57e-58 1.28e-58 1.22e-58
64.4 0.46 1.26e-58 1.03e-58 9.8e-59
64.5 0.46 1.02e-58 8.29e-59 7.88e-59
64.6 0.46 8.18e-59 6.67e-59 6.34e-59
64.7 0.46 6.58e-59 5.37e-59 5.1e-59
64.8 0.46 5.3e-59 4.32e-59 4.11e-59
64.9 0.46 4.26e-59 3.47e-59 3.3e-59
65 0.46 3.43e-59 2.8e-59 2.66e-59
65.1 0.46 2.76e-59 2.25e-59 2.14e-59
65.2 0.46 2.22e-59 1.81e-59 1.72e-59
65.3 0.46 1.79e-59 1.46e-59 1.38e-59
65.4 0.46 1.44e-59 1.17e-59 1.11e-59
65.5 0.46 1.16e-59 9.43e-60 8.97e-60
65.6 0.46 9.3e-60 7.59e-60 7.21e-60
65.7 0.46 7.48e-60 6.1e-60 5.8e-60
65.8 0.46 6.02e-60 4.91e-60 4.67e-60
65.9 0.46 4.85e-60 3.95e-60 3.76e-60
66 0.46 3.9e-60 3.18e-60 3.02e-60
66.1 0.46 3.14e-60 2.56e-60 2.43e-60
66.2 0.46 2.52e-60 2.06e-60 1.96e-60
66.3 0.46 2.03e-60 1.66e-60 1.58e-60
66.4 0.46 1.63e-60 1.33e-60 1.27e-60
66.5 0.46 1.31e-60 1.07e-60 1.02e-60
66.6 0.46 1.06e-60 8.63e-61 8.2e-61
66.7 0.46 8.51e-61 6.94e-61 6.6e-61
66.8 0.46 6.85e-61 5.59e-61 5.31e-61
66.9 0.46 5.51e-61 4.49e-61 4.27e-61
67 0.46 4.43e-61 3.62e-61 3.44e-61
67.1 0.46 3.57e-61 2.91e-61 2.77e-61
67.2 0.46 2.87e-61 2.34e-61 2.23e-61
67.3 0.46 2.31e-61 1.88e-61 1.79e-61
67.4 0.46 1.86e-61 1.52e-61 1.44e-61
67.5 0.46 1.5e-61 1.22e-61 1.16e-61
67.6 0.46 1.2e-61 9.81e-62 9.33e-62
67.7 0.46 9.68e-62 7.9e-62 7.51e-62
67.8 0.46 7.79e-62 6.35e-62 6.04e-62
67.9 0.46 6.27e-62 5.11e-62 4.86e-62
68 0.46 5.04e-62 4.11e-62 3.91e-62
68.1 0.46 4.06e-62 3.31e-62 3.15e-62
68.2 0.46 3.27e-62 2.66e-62 2.53e-62
68.3 0.46 2.63e-62 2.14e-62 2.04e-62
68.4 0.46 2.11e-62 1.72e-62 1.64e-62
68.5 0.46 1.7e-62 1.39e-62 1.32e-62
68.6 0.46 1.37e-62 1.12e-62 1.06e-62
68.7 0.46 1.1e-62 8.98e-63 8.54e-63
68.8 0.46 8.86e-63 7.23e-63 6.87e-63
68.9 0.46 7.13e-63 5.81e-63 5.53e-63
69 0.46 5.74e-63 4.68e-63 4.45e-63
69.1 0.46 4.62e-63 3.76e-63 3.58e-63
69.2 0.46 3.71e-63 3.03e-63 2.88e-63
69.3 0.46 2.99e-63 2.44e-63 2.32e-63
69.4 0.46 2.4e-63 1.96e-63 1.86e-63
69.5 0.46 1.93e-63 1.58e-63 1.5e-63
69.6 0.46 1.56e-63 1.27e-63 1.21e-63
69.7 0.46 1.25e-63 1.02e-63 9.71e-64
69.8 0.46 1.01e-63 8.22e-64 7.81e-64
69.9 0.46 8.11e-64 6.61e-64 6.29e-64
70 0.46 6.52e-64 5.32e-64 5.06e-64
70.1 0.46 5.25e-64 4.28e-64 4.07e-64
70.2 0.46 4.22e-64 3.44e-64 3.28e-64
70.3 0.46 3.4e-64 2.77e-64 2.64e-64
70.4 0.46 2.73e-64 2.23e-64 2.12e-64
70.5 0.46 2.2e-64 1.79e-64 1.71e-64
70.6 0.46 1.77e-64 1.44e-64 1.37e-64
70.7 0.46 1.42e-64 1.16e-64 1.1e-64
70.8 0.46 1.15e-64 9.35e-65 8.89e-65
70.9 0.46 9.22e-65 7.52e-65 7.15e-65
71 0.46 7.42e-65 6.05e-65 5.75e-65
71.1 0.46 5.97e-65 4.87e-65 4.63e-65
71.2 0.46 4.8e-65 3.92e-65 3.72e-65
71.3 0.46 3.86e-65 3.15e-65 3e-65
71.4 0.46 3.11e-65 2.54e-65 2.41e-65
71.5 0.46 2.5e-65 2.04e-65 1.94e-65
71.6 0.46 2.01e-65 1.64e-65 1.56e-65
71.7 0.46 1.62e-65 1.32e-65 1.26e-65
71.8 0.46 1.3e-65 1.06e-65 1.01e-65
71.9 0.46 1.05e-65 8.55e-66 8.13e-66
72 0.46 8.44e-66 6.88e-66 6.54e-66
72.1 0.46 6.79e-66 5.54e-66 5.26e-66
72.2 0.46 5.46e-66 4.46e-66 4.24e-66
72.3 0.46 4.4e-66 3.58e-66 3.41e-66
72.4 0.46 3.54e-66 2.88e-66 2.74e-66
72.5 0.46 2.85e-66 2.32e-66 2.21e-66
72.6 0.46 2.29e-66 1.87e-66 1.78e-66
72.7 0.46 1.84e-66 1.5e-66 1.43e-66
72.8 0.46 1.48e-66 1.21e-66 1.15e-66
72.9 0.46 1.19e-66 9.73e-67 9.25e-67
73 0.46 9.6e-67 7.83e-67 7.44e-67
73.1 0.46 7.72e-67 6.3e-67 5.99e-67
73.2 0.46 6.21e-67 5.07e-67 4.82e-67
73.3 0.46 5e-67 4.08e-67 3.88e-67
73.4 0.46 4.02e-67 3.28e-67 3.12e-67
73.5 0.46 3.24e-67 2.64e-67 2.51e-67
73.6 0.46 2.6e-67 2.12e-67 2.02e-67
73.7 0.46 2.1e-67 1.71e-67 1.62e-67
73.8 0.46 1.69e-67 1.37e-67 1.31e-67
73.9 0.46 1.36e-67 1.11e-67 1.05e-67
74 0.46 1.09e-67 8.9e-68 8.46e-68
74.1 0.46 8.78e-68 7.16e-68 6.81e-68
74.2 0.46 7.07e-68 5.76e-68 5.48e-68
74.3 0.46 5.69e-68 4.64e-68 4.41e-68
74.4 0.46 4.57e-68 3.73e-68 3.55e-68
74.5 0.46 3.68e-68 3e-68 2.85e-68
74.6 0.46 2.96e-68 2.42e-68 2.3e-68
74.7 0.46 2.38e-68 1.94e-68 1.85e-68
74.8 0.46 1.92e-68 1.56e-68 1.49e-68
74.9 0.46 1.54e-68 1.26e-68 1.2e-68
75 0.46 1.24e-68 1.01e-68 9.63e-69
75.1 0.46 9.99e-69 8.15e-69 7.75e-69
75.2 0.46 8.04e-69 6.55e-69 6.23e-69
75.3 0.46 6.47e-69 5.27e-69 5.01e-69
75.4 0.46 5.2e-69 4.24e-69 4.03e-69
75.5 0.46 4.19e-69 3.41e-69 3.25e-69
75.6 0.46 3.37e-69 2.75e-69 2.61e-69
75.7 0.46 2.71e-69 2.21e-69 2.1e-69
75.8 0.46 2.18e-69 1.78e-69 1.69e-69
75.9 0.46 1.75e-69 1.43e-69 1.36e-69
76 0.46 1.41e-69 1.15e-69 1.09e-69
76.1 0.46 1.14e-69 9.26e-70 8.81e-70
76.2 0.46 9.14e-70 7.45e-70 7.09e-70
76.3 0.46 7.35e-70 6e-70 5.7e-70
76.4 0.46 5.92e-70 4.83e-70 4.59e-70
76.5 0.46 4.76e-70 3.88e-70 3.69e-70
76.6 0.46 3.83e-70 3.12e-70 2.97e-70
76.7 0.46 3.08e-70 2.51e-70 2.39e-70
76.8 0.46 2.48e-70 2.02e-70 1.92e-70
76.9 0.46 2e-70 1.63e-70 1.55e-70
77 0.46 1.61e-70 1.31e-70 1.25e-70
77.1 0.46 1.29e-70 1.05e-70 1e-70
77.2 0.46 1.04e-70 8.48e-71 8.06e-71
77.3 0.46 8.36e-71 6.82e-71 6.49e-71
77.4 0.46 6.73e-71 5.49e-71 5.22e-71
77.5 0.46 5.41e-71 4.42e-71 4.2e-71
77.6 0.46 4.36e-71 3.55e-71 3.38e-71
77.7 0.46 3.51e-71 2.86e-71 2.72e-71
77.8 0.46 2.82e-71 2.3e-71 2.19e-71
77.9 0.46 2.27e-71 1.85e-71 1.76e-71
78 0.46 1.83e-71 1.49e-71 1.42e-71
78.1 0.46 1.47e-71 1.2e-71 1.14e-71
78.2 0.46 1.18e-71 9.64e-72 9.17e-72
78.3 0.46 9.51e-72 7.76e-72 7.38e-72
78.4 0.46 7.65e-72 6.24e-72 5.94e-72
78.5 0.46 6.16e-72 5.02e-72 4.78e-72
78.6 0.46 4.96e-72 4.04e-72 3.84e-72
78.7 0.46 3.99e-72 3.25e-72 3.09e-72
78.8 0.46 3.21e-72 2.62e-72 2.49e-72
78.9 0.46 2.58e-72 2.11e-72 2e-72
79 0.46 2.08e-72 1.69e-72 1.61e-72
79.1 0.46 1.67e-72 1.36e-72 1.3e-72
79.2 0.46 1.34e-72 1.1e-72 1.04e-72
79.3 0.46 1.08e-72 8.82e-73 8.39e-73
79.4 0.46 8.7e-73 7.1e-73 6.75e-73
79.5 0.46 7e-73 5.71e-73 5.43e-73
79.6 0.46 5.64e-73 4.6e-73 4.37e-73
79.7 0.46 4.53e-73 3.7e-73 3.52e-73
79.8 0.46 3.65e-73 2.98e-73 2.83e-73
79.9 0.46 2.94e-73 2.39e-73 2.28e-73
80 0.46 2.36e-73 1.93e-73 1.83e-73
80.1 0.46 1.9e-73 1.55e-73 1.47e-73
80.2 0.46 1.53e-73 1.25e-73 1.19e-73
80.3 0.46 1.23e-73 1e-73 9.54e-74
80.4 0.46 9.9e-74 8.07e-74 7.68e-74
80.5 0.46 7.97e-74 6.5e-74 6.18e-74
80.6 0.46 6.41e-74 5.23e-74 4.97e-74
80.7 0.46 5.16e-74 4.21e-74 4e-74
80.8 0.46 4.15e-74 3.38e-74 3.22e-74
80.9 0.46 3.34e-74 2.72e-74 2.59e-74
81 0.46 2.69e-74 2.19e-74 2.08e-74
81.1 0.46 2.16e-74 1.76e-74 1.68e-74
81.2 0.46 1.74e-74 1.42e-74 1.35e-74
81.3 0.46 1.4e-74 1.14e-74 1.09e-74
81.4 0.46 1.13e-74 9.18e-75 8.73e-75
81.5 0.46 9.06e-75 7.39e-75 7.03e-75
81.6 0.46 7.29e-75 5.95e-75 5.65e-75
81.7 0.46 5.87e-75 4.78e-75 4.55e-75
81.8 0.46 4.72e-75 3.85e-75 3.66e-75
81.9 0.46 3.8e-75 3.1e-75 2.94e-75
82 0.46 3.06e-75 2.49e-75 2.37e-75
82.1 0.46 2.46e-75 2e-75 1.91e-75
82.2 0.46 1.98e-75 1.61e-75 1.53e-75
82.3 0.46 1.59e-75 1.3e-75 1.23e-75
82.4 0.46 1.28e-75 1.04e-75 9.93e-76
82.5 0.46 1.03e-75 8.4e-76 7.99e-76
82.6 0.46 8.29e-76 6.76e-76 6.43e-76
82.7 0.46 6.67e-76 5.44e-76 5.17e-76
82.8 0.46 5.37e-76 4.38e-76 4.16e-76
82.9 0.46 4.32e-76 3.52e-76 3.35e-76
83 0.46 3.47e-76 2.83e-76 2.69e-76
83.1 0.46 2.8e-76 2.28e-76 2.17e-76
83.2 0.46 2.25e-76 1.83e-76 1.74e-76
83.3 0.46 1.81e-76 1.48e-76 1.4e-76
83.4 0.46 1.46e-76 1.19e-76 1.13e-76
83.5 0.46 1.17e-76 9.56e-77 9.09e-77
83.6 0.46 9.43e-77 7.69e-77 7.31e-77
83.7 0.46 7.59e-77 6.19e-77 5.88e-77
83.8 0.46 6.1e-77 4.98e-77 4.73e-77
83.9 0.46 4.91e-77 4.01e-77 3.81e-77
84 0.46 3.95e-77 3.22e-77 3.06e-77
84.1 0.46 3.18e-77 2.59e-77 2.47e-77
84.2 0.46 2.56e-77 2.09e-77 1.98e-77
84.3 0.46 2.06e-77 1.68e-77 1.6e-77
84.4 0.46 1.66e-77 1.35e-77 1.28e-77
84.5 0.46 1.33e-77 1.09e-77 1.03e-77
84.6 0.46 1.07e-77 8.75e-78 8.32e-78
84.7 0.46 8.63e-78 7.04e-78 6.69e-78
84.8 0.46 6.94e-78 5.66e-78 5.38e-78
84.9 0.46 5.59e-78 4.56e-78 4.33e-78
85 0.46 4.49e-78 3.67e-78 3.49e-78
85.1 0.46 3.62e-78 2.95e-78 2.8e-78
85.2 0.46 2.91e-78 2.37e-78 2.26e-78
85.3 0.46 2.34e-78 1.91e-78 1.82e-78
85.4 0.46 1.88e-78 1.54e-78 1.46e-78
85.5 0.46 1.52e-78 1.24e-78 1.18e-78
85.6 0.46 1.22e-78 9.95e-79 9.46e-79
85.7 0.46 9.81e-79 8e-79 7.61e-79
85.8 0.46 7.9e-79 6.44e-79 6.12e-79
85.9 0.46 6.35e-79 5.18e-79 4.93e-79
86 0.46 5.11e-79 4.17e-79 3.96e-79
86.1 0.46 4.11e-79 3.35e-79 3.19e-79
86.2 0.46 3.31e-79 2.7e-79 2.57e-79
86.3 0.46 2.66e-79 2.17e-79 2.06e-79
86.4 0.46 2.14e-79 1.75e-79 1.66e-79
86.5 0.46 1.72e-79 1.41e-79 1.34e-79
86.6 0.46 1.39e-79 1.13e-79 1.08e-79
86.7 0.46 1.12e-79 9.1e-80 8.66e-80
86.8 0.46 8.98e-80 7.32e-80 6.96e-80
86.9 0.46 7.23e-80 5.89e-80 5.6e-80
87 0.46 5.81e-80 4.74e-80 4.51e-80
87.1 0.46 4.68e-80 3.82e-80 3.63e-80
87.2 0.46 3.76e-80 3.07e-80 2.92e-80
87.3 0.46 3.03e-80 2.47e-80 2.35e-80
87.4 0.46 2.44e-80 1.99e-80 1.89e-80
87.5 0.46 1.96e-80 1.6e-80 1.52e-80
87.6 0.46 1.58e-80 1.29e-80 1.22e-80
87.7 0.46 1.27e-80 1.04e-80 9.84e-81
87.8 0.46 1.02e-80 8.33e-81 7.92e-81
87.9 0.46 8.22e-81 6.7e-81 6.37e-81
88 0.46 6.61e-81 5.39e-81 5.13e-81
88.1 0.46 5.32e-81 4.34e-81 4.13e-81
88.2 0.46 4.28e-81 3.49e-81 3.32e-81
88.3 0.46 3.44e-81 2.81e-81 2.67e-81
88.4 0.46 2.77e-81 2.26e-81 2.15e-81
88.5 0.46 2.23e-81 1.82e-81 1.73e-81
88.6 0.46 1.79e-81 1.46e-81 1.39e-81
88.7 0.46 1.44e-81 1.18e-81 1.12e-81
88.8 0.46 1.16e-81 9.47e-82 9.01e-82
88.9 0.46 9.35e-82 7.62e-82 7.25e-82
89 0.46 7.52e-82 6.13e-82 5.83e-82
89.1 0.46 6.05e-82 4.93e-82 4.69e-82
89.2 0.46 4.87e-82 3.97e-82 3.78e-82
89.3 0.46 3.92e-82 3.19e-82 3.04e-82
89.4 0.46 3.15e-82 2.57e-82 2.44e-82
89.5 0.46 2.54e-82 2.07e-82 1.97e-82
89.6 0.46 2.04e-82 1.66e-82 1.58e-82
89.7 0.46 1.64e-82 1.34e-82 1.27e-82
89.8 0.46 1.32e-82 1.08e-82 1.02e-82
89.9 0.46 1.06e-82 8.67e-83 8.24e-83
90 0.46 8.55e-83 6.98e-83 6.63e-83
90.1 0.46 6.88e-83 5.61e-83 5.34e-83
90.2 0.46 5.54e-83 4.52e-83 4.29e-83
90.3 0.46 4.46e-83 3.63e-83 3.45e-83
90.4 0.46 3.58e-83 2.92e-83 2.78e-83
90.5 0.46 2.88e-83 2.35e-83 2.24e-83
90.6 0.46 2.32e-83 1.89e-83 1.8e-83
90.7 0.46 1.87e-83 1.52e-83 1.45e-83
90.8 0.46 1.5e-83 1.23e-83 1.17e-83
90.9 0.46 1.21e-83 9.86e-84 9.37e-84
91 0.46 9.73e-84 7.93e-84 7.54e-84
91.1 0.46 7.83e-84 6.38e-84 6.07e-84
91.2 0.46 6.3e-84 5.14e-84 4.88e-84
91.3 0.46 5.07e-84 4.13e-84 3.93e-84
91.4 0.46 4.08e-84 3.33e-84 3.16e-84
91.5 0.46 3.28e-84 2.68e-84 2.54e-84
91.6 0.46 2.64e-84 2.15e-84 2.05e-84
91.7 0.46 2.12e-84 1.73e-84 1.65e-84
91.8 0.46 1.71e-84 1.39e-84 1.33e-84
91.9 0.46 1.37e-84 1.12e-84 1.07e-84
92 0.46 1.11e-84 9.02e-85 8.58e-85
92.1 0.46 8.9e-85 7.26e-85 6.9e-85
92.2 0.46 7.16e-85 5.84e-85 5.55e-85
92.3 0.46 5.76e-85 4.7e-85 4.47e-85
92.4 0.46 4.64e-85 3.78e-85 3.6e-85
92.5 0.46 3.73e-85 3.04e-85 2.89e-85
92.6 0.46 3e-85 2.45e-85 2.33e-85
92.7 0.46 2.42e-85 1.97e-85 1.87e-85
92.8 0.46 1.94e-85 1.59e-85 1.51e-85
92.9 0.46 1.56e-85 1.28e-85 1.21e-85
93 0.46 1.26e-85 1.03e-85 9.76e-86
93.1 0.46 1.01e-85 8.26e-86 7.85e-86
93.2 0.46 8.15e-86 6.64e-86 6.32e-86
93.3 0.46 6.55e-86 5.35e-86 5.08e-86
93.4 0.46 5.27e-86 4.3e-86 4.09e-86
93.5 0.46 4.24e-86 3.46e-86 3.29e-86
93.6 0.46 3.41e-86 2.78e-86 2.65e-86
93.7 0.46 2.75e-86 2.24e-86 2.13e-86
93.8 0.46 2.21e-86 1.8e-86 1.71e-86
93.9 0.46 1.78e-86 1.45e-86 1.38e-86
94 0.46 1.43e-86 1.17e-86 1.11e-86
94.1 0.46 1.15e-86 9.39e-87 8.93e-87
94.2 0.46 9.26e-87 7.56e-87 7.18e-87
94.3 0.46 7.45e-87 6.08e-87 5.78e-87
94.4 0.46 6e-87 4.89e-87 4.65e-87
94.5 0.46 4.83e-87 3.94e-87 3.74e-87
94.6 0.46 3.88e-87 3.17e-87 3.01e-87
94.7 0.46 3.12e-87 2.55e-87 2.42e-87
94.8 0.46 2.51e-87 2.05e-87 1.95e-87
94.9 0.46 2.02e-87 1.65e-87 1.57e-87
95 0.46 1.63e-87 1.33e-87 1.26e-87
95.1 0.46 1.31e-87 1.07e-87 1.02e-87
95.2 0.46 1.05e-87 8.59e-88 8.17e-88
95.3 0.46 8.48e-88 6.91e-88 6.57e-88
95.4 0.46 6.82e-88 5.56e-88 5.29e-88
95.5 0.46 5.49e-88 4.48e-88 4.26e-88
95.6 0.46 4.42e-88 3.6e-88 3.42e-88
95.7 0.46 3.55e-88 2.9e-88 2.76e-88
95.8 0.46 2.86e-88 2.33e-88 2.22e-88
95.9 0.46 2.3e-88 1.88e-88 1.78e-88
96 0.46 1.85e-88 1.51e-88 1.44e-88
96.1 0.46 1.49e-88 1.21e-88 1.15e-88
96.2 0.46 1.2e-88 9.77e-89 9.29e-89
96.3 0.46 9.64e-89 7.86e-89 7.48e-89
96.4 0.46 7.76e-89 6.33e-89 6.02e-89
96.5 0.46 6.24e-89 5.09e-89 4.84e-89
96.6 0.46 5.02e-89 4.1e-89 3.89e-89
96.7 0.46 4.04e-89 3.3e-89 3.13e-89
96.8 0.46 3.25e-89 2.65e-89 2.52e-89
96.9 0.46 2.62e-89 2.13e-89 2.03e-89
97 0.46 2.11e-89 1.72e-89 1.63e-89
97.1 0.46 1.69e-89 1.38e-89 1.31e-89
97.2 0.46 1.36e-89 1.11e-89 1.06e-89
97.3 0.46 1.1e-89 8.94e-90 8.5e-90
97.4 0.46 8.82e-90 7.2e-90 6.84e-90
97.5 0.46 7.1e-90 5.79e-90 5.51e-90
97.6 0.46 5.71e-90 4.66e-90 4.43e-90
97.7 0.46 4.6e-90 3.75e-90 3.56e-90
97.8 0.46 3.7e-90 3.02e-90 2.87e-90
97.9 0.46 2.98e-90 2.43e-90 2.31e-90
98 0.46 2.39e-90 1.95e-90 1.86e-90
98.1 0.46 1.93e-90 1.57e-90 1.49e-90
98.2 0.46 1.55e-90 1.26e-90 1.2e-90
98.3 0.46 1.25e-90 1.02e-90 9.67e-91
98.4 0.46 1e-90 8.18e-91 7.78e-91
98.5 0.46 8.07e-91 6.59e-91 6.26e-91
98.6 0.46 6.5e-91 5.3e-91 5.04e-91
98.7 0.46 5.23e-91 4.26e-91 4.05e-91
98.8 0.46 4.21e-91 3.43e-91 3.26e-91
98.9 0.46 3.38e-91 2.76e-91 2.62e-91
99 0.46 2.72e-91 2.22e-91 2.11e-91
99.1 0.46 2.19e-91 1.79e-91 1.7e-91
99.2 0.46 1.76e-91 1.44e-91 1.37e-91
99.3 0.46 1.42e-91 1.16e-91 1.1e-91
99.4 0.46 1.14e-91 9.31e-92 8.85e-92
99.5 0.46 9.18e-92 7.49e-92 7.12e-92
99.6 0.46 7.39e-92 6.03e-92 5.73e-92
99.7 0.46 5.95e-92 4.85e-92 4.61e-92
99.8 0.46 4.78e-92 3.9e-92 3.71e-92
99.9 0.46 3.85e-92 3.14e-92 2.98e-92
