-25 10 0.143 1.5e-08 5e-09
-24.9 10 0.144 1.5e-08 5e-09
-24.8 10 0.145 1.5e-08 5e-09
-24.7 10 0.147 1.5e-08 5e-09
-24.6 10 0.148 1.5e-08 5e-09
-24.5 10 0.149 1e-08 1e-08
-24.4 10 0.15 1.5e-08 5e-09
-24.3 10 0.152 1.5e-08 5e-09
-24.2 10 0.153 2.75e-08 2.25e-08
-24.1 10 0.154 3.5e-08 2.5e-08
-24 10 0.155 4e-08 3e-08
-23.9 10 0.157 5.25e-08 2.75e-08
-23.8 10 0.158 5.5e-08 2.5e-08
-23.7 10 0.159 5e-09 1.5e-08
-23.6 10 0.161 1.6e-07 8e-08
-23.5 10 0.162 3e-08 2e-08
-23.4 10 0.163 2e-08 1e-08
-23.3 10 0.165 2e-08 1e-08
-23.2 10 0.166 1.5e-08 5e-09
-23.1 10 0.167 1.5e-08 5e-09
-23 10 0.169 2e-08 1e-08
-22.9 10 0.17 1.5e-08 5e-09
-22.8 10 0.171 1.5e-08 5e-09
-22.7 10 0.173 1.5e-08 5e-09
-22.6 10 0.174 1.5e-08 5e-09
-22.5 10 0.176 1.5e-08 5e-09
-22.4 10 0.177 1.5e-08 5e-09
-22.3 10 0.178 1.5e-08 5e-09
-22.2 10 0.18 1.5e-08 5e-09
-22.1 10 0.181 1.5e-08 5e-09
-22 10 0.183 1.5e-08 5e-09
-21.9 10 0.184 1.5e-08 5e-09
-21.8 10 0.186 1.5e-08 5e-09
-21.7 10 0.187 1.5e-08 5e-09
-21.6 10 0.189 1.5e-08 5e-09
-21.5 10 0.19 1.5e-08 5e-09
-21.4 10 0.192 1.5e-08 5e-09
-21.3 10 0.193 1.5e-08 5e-09
-21.2 10 0.195 1.5e-08 5e-09
-21.1 10 0.196 1.5e-08 5e-09
-21 10 0.198 1.5e-08 5e-09
-20.9 10 0.199 1.5e-08 5e-09
-20.8 10 0.201 7.5e-09 2.5e-09
-20.7 10 0.202 7.5e-09 2.5e-09
-20.6 10 0.204 1.5e-08 5e-09
-20.5 10 0.205 7.5e-09 2.5e-09
-20.4 10 0.207 1.5e-08 5e-09
-20.3 10 0.208 7.5e-09 2.5e-09
-20.2 10 0.21 1e-08 1e-08
-20.1 10 0.212 1.5e-08 5e-09
-20 10 0.213 1.5e-08 5e-09
-19.9 10 0.215 1e-08 1e-08
-19.8 10 0.216 7.5e-09 2.5e-09
-19.7 10 0.218 1.5e-08 5e-09
-19.6 10 0.22 7.5e-09 2.5e-09
-19.5 10 0.221 7.5e-09 2.5e-09
-19.4 10 0.223 7.5e-09 2.5e-09
-19.3 10 0.225 1.5e-08 5e-09
-19.2 10 0.226 7.5e-09 2.5e-09
-19.1 10 0.228 7.5e-09 2.5e-09
-19 10 0.23 7.5e-09 2.5e-09
-18.9 10 0.231 7.5e-09 2.5e-09
-18.8 10 0.233 7.5e-09 2.5e-09
-18.7 10 0.235 7.5e-09 2.5e-09
-18.6 10 0.236 7.5e-09 2.5e-09
-18.5 10 0.238 7.5e-09 2.5e-09
-18.4 10 0.24 0 0
-18.3 10 0.241 0 0
-18.2 10 0.243 7.5e-09 2.5e-09
-18.1 10 0.245 7.5e-09 2.5e-09
-18 10 0.247 7.5e-09 2.5e-09
-17.9 10 0.248 7.5e-09 2.5e-09
-17.8 10 0.25 7.5e-09 2.5e-09
-17.7 10 0.252 0 0
-17.6 10 0.254 0 0
-17.5 10 0.255 0 0
-17.4 10 0.257 0 0
-17.3 10 0.259 7.5e-09 2.5e-09
-17.2 10 0.261 0 0
-17.1 10 0.262 0 0
-17 10 0.264 0 0
-16.9 10 0.266 7.5e-09 2.5e-09
-16.8 10 0.268 0 0
-16.7 10 0.27 0 0
-16.6 10 0.271 0 0
-16.5 10 0.273 0 0
-16.4 10 0.275 2.5e-09 7.5e-09
-16.3 10 0.277 2.5e-09 7.5e-09
-16.2 10 0.279 5e-09 5e-09
-16.1 10 0.281 2.5e-09 7.5e-09
-16 10 0.282 2.5e-09 7.5e-09
-15.9 10 0.284 2.5e-09 7.5e-09
-15.8 10 0.286 2.5e-09 7.5e-09
-15.7 10 0.288 2.5e-09 7.5e-09
-15.6 10 0.29 2.5e-09 7.5e-09
-15.5 10 0.292 1e-08 1e-08
-15.4 10 0.294 1e-08 1e-08
-15.3 10 0.295 1e-08 1e-08
-15.2 10 0.297 7.5e-09 1.25e-08
-15.1 10 0.299 5e-09 1.5e-08
-15 10 0.301 2.5e-09 7.5e-09
-14.9 10 0.303 5e-09 1.5e-08
-14.8 10 0.305 2.5e-09 7.5e-09
-14.7 10 0.307 5e-09 1.5e-08
-14.6 10 0.309 5e-09 1.5e-08
-14.5 10 0.31 5e-09 1.5e-08
-14.4 10 0.312 5e-09 1.5e-08
-14.3 10 0.314 7.5e-09 2.25e-08
-14.2 10 0.316 5e-09 1.5e-08
-14.1 10 0.318 7.5e-09 2.25e-08
-14 10 0.32 7.5e-09 2.25e-08
-13.9 10 0.322 5e-09 1.5e-08
-13.8 10 0.324 7.5e-09 2.25e-08
-13.7 10 0.325 7.5e-09 2.25e-08
-13.6 10 0.327 7.5e-09 2.25e-08
-13.5 10 0.329 7.5e-09 2.25e-08
-13.4 10 0.331 7.5e-09 2.25e-08
-13.3 10 0.333 7.5e-09 2.25e-08
-13.2 10 0.335 7.5e-09 2.25e-08
-13.1 10 0.337 7.5e-09 2.25e-08
-13 10 0.339 7.5e-09 2.25e-08
-12.9 10 0.341 7.5e-09 2.25e-08
-12.8 10 0.343 1.5e-08 2.5e-08
-12.7 10 0.344 7.5e-09 2.25e-08
-12.6 10 0.346 7.5e-09 2.25e-08
-12.5 10 0.348 7.5e-09 2.25e-08
-12.4 10 0.35 1e-08 3e-08
-12.3 10 0.352 1.5e-08 2.5e-08
-12.2 10 0.354 7.5e-09 2.25e-08
-12.1 10 0.356 7.5e-09 2.25e-08
-12 10 0.358 1.5e-08 2.5e-08
-11.9 10 0.359 7.5e-09 2.25e-08
-11.8 10 0.361 7.5e-09 2.25e-08
-11.7 10 0.363 1.5e-08 2.5e-08
-11.6 10 0.365 1e-08 3e-08
-11.5 10 0.367 1.5e-08 2.5e-08
-11.4 10 0.369 1e-08 3e-08
-11.3 10 0.371 1e-08 3e-08
-11.2 10 0.372 1.75e-08 3.25e-08
-11.1 10 0.374 1.5e-08 2.5e-08
-11 10 0.376 1e-08 3e-08
-10.9 10 0.378 1e-08 3e-08
-10.8 10 0.38 1.5e-08 2.5e-08
-10.7 10 0.382 1e-08 3e-08
-10.6 10 0.383 1e-08 3e-08
-10.5 10 0.385 1e-08 3e-08
-10.4 10 0.387 1e-08 3e-08
-10.3 10 0.389 1.75e-08 3.25e-08
-10.2 10 0.391 1e-08 3e-08
-10.1 10 0.392 1e-08 3e-08
-10 10 0.394 1e-08 3e-08
-9.9 10 0.396 1e-08 3e-08
-9.8 10 0.398 1e-08 3e-08
-9.7 10 0.399 1e-08 3e-08
-9.6 10 0.401 1.5e-08 2.5e-08
-9.5 10 0.403 1.25e-08 2.75e-08
-9.4 10 0.405 1.5e-08 2.5e-08
-9.3 10 0.406 1e-08 3e-08
-9.2 10 0.408 1e-08 3e-08
-9.1 10 0.41 1.5e-08 2.5e-08
-9 10 0.412 1e-08 3e-08
-8.9 10 0.413 1.5e-08 2.5e-08
-8.8 10 0.415 1.5e-08 2.5e-08
-8.7 10 0.417 7.5e-09 2.25e-08
-8.6 10 0.418 7.5e-09 2.25e-08
-8.5 10 0.42 7.5e-09 2.25e-08
-8.4 10 0.421 1e-08 2e-08
-8.3 10 0.423 7.5e-09 2.25e-08
-8.2 10 0.425 7.5e-09 2.25e-08
-8.1 10 0.426 1.25e-08 1.75e-08
-8 10 0.428 7.5e-09 2.25e-08
-7.9 10 0.429 1.25e-08 1.75e-08
-7.8 10 0.431 4.5e-08 5.5e-08
-7.7 10 0.433 4.75e-08 8.25e-08
-7.6 10 0.434 2.5e-08 5.5e-08
-7.5 10 0.436 1.05e-07 5.5e-08
-7.4 10 0.437 1.5e-08 2.5e-08
-7.3 10 0.439 7.5e-09 2.25e-08
-7.2 10 0.44 7.5e-09 2.25e-08
-7.1 10 0.442 5e-09 1.5e-08
-7 10 0.443 5e-09 1.5e-08
-6.9 10 0.444 5e-09 1.5e-08
-6.8 10 0.446 5e-09 1.5e-08
-6.7 10 0.447 5e-09 1.5e-08
-6.6 10 0.449 5e-09 1.5e-08
-6.5 10 0.45 2.5e-09 7.5e-09
-6.4 10 0.451 2.5e-09 7.5e-09
-6.3 10 0.453 1e-08 1e-08
-6.2 10 0.454 2.5e-09 7.5e-09
-6.1 10 0.455 2.5e-09 7.5e-09
-6 10 0.457 2.5e-09 7.5e-09
-5.9 10 0.458 2.5e-09 7.5e-09
-5.8 10 0.459 2.5e-09 7.5e-09
-5.7 10 0.461 5e-09 5e-09
-5.6 10 0.462 2.5e-09 7.5e-09
-5.5 10 0.463 0 0
-5.4 10 0.464 0 0
-5.3 10 0.465 0 0
-5.2 10 0.466 7.5e-09 2.5e-09
-5.1 10 0.468 0 0
-5 10 0.469 5e-09 5e-09
-4.9 10 0.47 7.5e-09 2.5e-09
-4.8 10 0.471 7.5e-09 2.5e-09
-4.7 10 0.472 7.5e-09 2.5e-09
-4.6 10 0.473 7.5e-09 2.5e-09
-4.5 10 0.474 7.5e-09 2.5e-09
-4.4 10 0.475 1.5e-08 5e-09
-4.3 10 0.476 1.5e-08 5e-09
-4.2 10 0.477 7.5e-09 2.5e-09
-4.1 10 0.478 1.5e-08 5e-09
-4 10 0.479 1.5e-08 5e-09
-3.9 10 0.48 1.5e-08 5e-09
-3.8 10 0.481 1.5e-08 5e-09
-3.7 10 0.482 2.25e-08 7.5e-09
-3.6 10 0.482 2.25e-08 7.5e-09
-3.5 10 0.483 1.75e-08 1.25e-08
-3.4 10 0.484 1.5e-08 5e-09
-3.3 10 0.485 2.25e-08 7.5e-09
-3.2 10 0.486 2.25e-08 7.5e-09
-3.1 10 0.486 2.5e-08 1.5e-08
-3 10 0.487 2.25e-08 7.5e-09
-2.9 10 0.488 2.5e-08 1.5e-08
-2.8 10 0.488 2.75e-08 1.25e-08
-2.7 10 0.489 3e-08 1e-08
-2.6 10 0.49 3e-08 1e-08
-2.5 10 0.49 2.75e-08 1.25e-08
-2.4 10 0.491 3e-08 1e-08
-2.3 10 0.491 3e-08 1e-08
-2.2 10 0.492 3e-08 1e-08
-2.1 10 0.492 3e-08 1e-08
-2 10 0.493 3e-08 1e-08
-1.9 10 0.493 3.25e-08 1.75e-08
-1.8 10 0.494 3e-08 1e-08
-1.7 10 0.494 3.75e-08 1.25e-08
-1.6 10 0.495 3e-08 1e-08
-1.5 10 0.495 3e-08 1e-08
-1.4 10 0.495 3.75e-08 1.25e-08
-1.3 10 0.496 3.75e-08 1.25e-08
-1.2 10 0.496 3.25e-08 1.75e-08
-1.1 10 0.496 3.75e-08 1.25e-08
-1 10 0.496 3.75e-08 1.25e-08
-0.9 10 0.497 3.75e-08 1.25e-08
-0.8 10 0.497 4e-08 2e-08
-0.7 10 0.497 3.75e-08 1.25e-08
-0.6 10 0.497 3.75e-08 1.25e-08
-0.5 10 0.497 4e-08 2e-08
-0.4 10 0.497 3.75e-08 1.25e-08
-0.3 10 0.498 3.75e-08 1.25e-08
-0.2 10 0.498 4.5e-08 1.5e-08
-0.1 10 0.498 3.75e-08 1.25e-08
0 10 0.498 3.75e-08 1.25e-08
0.1 10 0.498 3.75e-08 1.25e-08
0.2 10 0.498 4.5e-08 1.5e-08
0.3 10 0.498 3.75e-08 1.25e-08
0.4 10 0.497 3.75e-08 1.25e-08
0.5 10 0.497 4e-08 2e-08
0.6 10 0.497 3.75e-08 1.25e-08
0.7 10 0.497 3.75e-08 1.25e-08
0.8 10 0.497 4e-08 2e-08
0.9 10 0.497 3.75e-08 1.25e-08
1 10 0.496 3.75e-08 1.25e-08
1.1 10 0.496 3.75e-08 1.25e-08
1.2 10 0.496 3.25e-08 1.75e-08
1.3 10 0.496 3.75e-08 1.25e-08
1.4 10 0.495 3.75e-08 1.25e-08
1.5 10 0.495 3e-08 1e-08
1.6 10 0.495 3e-08 1e-08
1.7 10 0.494 3.75e-08 1.25e-08
1.8 10 0.494 3e-08 1e-08
1.9 10 0.493 3.25e-08 1.75e-08
2 10 0.493 3e-08 1e-08
2.1 10 0.492 3e-08 1e-08
2.2 10 0.492 3e-08 1e-08
2.3 10 0.491 3e-08 1e-08
2.4 10 0.491 3e-08 1e-08
2.5 10 0.49 2.75e-08 1.25e-08
2.6 10 0.49 3e-08 1e-08
2.7 10 0.489 3e-08 1e-08
2.8 10 0.488 2.75e-08 1.25e-08
2.9 10 0.488 2.5e-08 1.5e-08
3 10 0.487 2.25e-08 7.5e-09
3.1 10 0.486 2.5e-08 1.5e-08
3.2 10 0.486 2.25e-08 7.5e-09
3.3 10 0.485 2.25e-08 7.5e-09
3.4 10 0.484 1.5e-08 5e-09
3.5 10 0.483 1.75e-08 1.25e-08
3.6 10 0.482 2.25e-08 7.5e-09
3.7 10 0.482 2.25e-08 7.5e-09
3.8 10 0.481 1.5e-08 5e-09
3.9 10 0.48 1.5e-08 5e-09
4 10 0.479 1.5e-08 5e-09
4.1 10 0.478 1.5e-08 5e-09
4.2 10 0.477 7.5e-09 2.5e-09
4.3 10 0.476 1.5e-08 5e-09
4.4 10 0.475 1.5e-08 5e-09
4.5 10 0.474 7.5e-09 2.5e-09
4.6 10 0.473 7.5e-09 2.5e-09
4.7 10 0.472 7.5e-09 2.5e-09
4.8 10 0.471 7.5e-09 2.5e-09
4.9 10 0.47 7.5e-09 2.5e-09
5 10 0.469 5e-09 5e-09
5.1 10 0.468 0 0
5.2 10 0.466 7.5e-09 2.5e-09
5.3 10 0.465 0 0
5.4 10 0.464 0 0
5.5 10 0.463 0 0
5.6 10 0.462 2.5e-09 7.5e-09
5.7 10 0.461 5e-09 5e-09
5.8 10 0.459 2.5e-09 7.5e-09
5.9 10 0.458 2.5e-09 7.5e-09
6 10 0.457 2.5e-09 7.5e-09
6.1 10 0.455 2.5e-09 7.5e-09
6.2 10 0.454 2.5e-09 7.5e-09
6.3 10 0.453 1e-08 1e-08
6.4 10 0.451 2.5e-09 7.5e-09
6.5 10 0.45 2.5e-09 7.5e-09
6.6 10 0.449 5e-09 1.5e-08
6.7 10 0.447 5e-09 1.5e-08
6.8 10 0.446 5e-09 1.5e-08
6.9 10 0.444 5e-09 1.5e-08
7 10 0.443 5e-09 1.5e-08
7.1 10 0.442 5e-09 1.5e-08
7.2 10 0.44 7.5e-09 2.25e-08
7.3 10 0.439 7.5e-09 2.25e-08
7.4 10 0.437 1.5e-08 2.5e-08
7.5 10 0.436 1.05e-07 5.5e-08
7.6 10 0.434 2.5e-08 5.5e-08
7.7 10 0.433 4.75e-08 8.25e-08
7.8 10 0.431 4.5e-08 5.5e-08
7.9 10 0.429 1.25e-08 1.75e-08
8 10 0.428 7.5e-09 2.25e-08
8.1 10 0.426 1.25e-08 1.75e-08
8.2 10 0.425 7.5e-09 2.25e-08
8.3 10 0.423 7.5e-09 2.25e-08
8.4 10 0.421 1e-08 2e-08
8.5 10 0.42 7.5e-09 2.25e-08
8.6 10 0.418 7.5e-09 2.25e-08
8.7 10 0.417 7.5e-09 2.25e-08
8.8 10 0.415 1.5e-08 2.5e-08
8.9 10 0.413 1.5e-08 2.5e-08
9 10 0.412 1e-08 3e-08
9.1 10 0.41 1.5e-08 2.5e-08
9.2 10 0.408 1e-08 3e-08
9.3 10 0.406 1e-08 3e-08
9.4 10 0.405 1.5e-08 2.5e-08
9.5 10 0.403 1.25e-08 2.75e-08
9.6 10 0.401 1.5e-08 2.5e-08
9.7 10 0.399 1e-08 3e-08
9.8 10 0.398 1e-08 3e-08
9.9 10 0.396 1e-08 3e-08
10 10 0.394 1e-08 3e-08
10.1 10 0.392 1e-08 3e-08
10.2 10 0.391 1e-08 3e-08
10.3 10 0.389 1.75e-08 3.25e-08
10.4 10 0.387 1e-08 3e-08
10.5 10 0.385 1e-08 3e-08
10.6 10 0.383 1e-08 3e-08
10.7 10 0.382 1e-08 3e-08
10.8 10 0.38 1.5e-08 2.5e-08
10.9 10 0.378 1e-08 3e-08
11 10 0.376 1e-08 3e-08
11.1 10 0.374 1.5e-08 2.5e-08
11.2 10 0.372 1.75e-08 3.25e-08
11.3 10 0.371 1e-08 3e-08
11.4 10 0.369 1e-08 3e-08
11.5 10 0.367 1.5e-08 2.5e-08
11.6 10 0.365 1e-08 3e-08
11.7 10 0.363 1.5e-08 2.5e-08
11.8 10 0.361 7.5e-09 2.25e-08
11.9 10 0.359 7.5e-09 2.25e-08
12 10 0.358 1.5e-08 2.5e-08
12.1 10 0.356 7.5e-09 2.25e-08
12.2 10 0.354 7.5e-09 2.25e-08
12.3 10 0.352 1.5e-08 2.5e-08
12.4 10 0.35 1e-08 3e-08
12.5 10 0.348 7.5e-09 2.25e-08
12.6 10 0.346 7.5e-09 2.25e-08
12.7 10 0.344 7.5e-09 2.25e-08
12.8 10 0.343 1.5e-08 2.5e-08
12.9 10 0.341 7.5e-09 2.25e-08
13 10 0.339 7.5e-09 2.25e-08
13.1 10 0.337 7.5e-09 2.25e-08
13.2 10 0.335 7.5e-09 2.25e-08
13.3 10 0.333 7.5e-09 2.25e-08
13.4 10 0.331 7.5e-09 2.25e-08
13.5 10 0.329 7.5e-09 2.25e-08
13.6 10 0.327 7.5e-09 2.25e-08
13.7 10 0.325 7.5e-09 2.25e-08
13.8 10 0.324 7.5e-09 2.25e-08
13.9 10 0.322 5e-09 1.5e-08
14 10 0.32 7.5e-09 2.25e-08
14.1 10 0.318 7.5e-09 2.25e-08
14.2 10 0.316 5e-09 1.5e-08
14.3 10 0.314 7.5e-09 2.25e-08
14.4 10 0.312 5e-09 1.5e-08
14.5 10 0.31 5e-09 1.5e-08
14.6 10 0.309 5e-09 1.5e-08
14.7 10 0.307 5e-09 1.5e-08
14.8 10 0.305 2.5e-09 7.5e-09
14.9 10 0.303 5e-09 1.5e-08
15 10 0.301 2.5e-09 7.5e-09
15.1 10 0.299 5e-09 1.5e-08
15.2 10 0.297 7.5e-09 1.25e-08
15.3 10 0.295 1e-08 1e-08
15.4 10 0.294 1e-08 1e-08
15.5 10 0.292 1e-08 1e-08
15.6 10 0.29 2.5e-09 7.5e-09
15.7 10 0.288 2.5e-09 7.5e-09
15.8 10 0.286 2.5e-09 7.5e-09
15.9 10 0.284 2.5e-09 7.5e-09
16 10 0.282 2.5e-09 7.5e-09
16.1 10 0.281 2.5e-09 7.5e-09
16.2 10 0.279 5e-09 5e-09
16.3 10 0.277 2.5e-09 7.5e-09
16.4 10 0.275 2.5e-09 7.5e-09
16.5 10 0.273 0 0
16.6 10 0.271 0 0
16.7 10 0.27 0 0
16.8 10 0.268 0 0
16.9 10 0.266 7.5e-09 2.5e-09
17 10 0.264 0 0
17.1 10 0.262 0 0
17.2 10 0.261 0 0
17.3 10 0.259 7.5e-09 2.5e-09
17.4 10 0.257 0 0
17.5 10 0.255 0 0
17.6 10 0.254 0 0
17.7 10 0.252 0 0
17.8 10 0.25 7.5e-09 2.5e-09
17.9 10 0.248 7.5e-09 2.5e-09
18 10 0.247 7.5e-09 2.5e-09
18.1 10 0.245 7.5e-09 2.5e-09
18.2 10 0.243 7.5e-09 2.5e-09
18.3 10 0.241 0 0
18.4 10 0.24 0 0
18.5 10 0.238 7.5e-09 2.5e-09
18.6 10 0.236 7.5e-09 2.5e-09
18.7 10 0.235 7.5e-09 2.5e-09
18.8 10 0.233 7.5e-09 2.5e-09
18.9 10 0.231 7.5e-09 2.5e-09
19 10 0.23 7.5e-09 2.5e-09
19.1 10 0.228 7.5e-09 2.5e-09
19.2 10 0.226 7.5e-09 2.5e-09
19.3 10 0.225 1.5e-08 5e-09
19.4 10 0.223 7.5e-09 2.5e-09
19.5 10 0.221 7.5e-09 2.5e-09
19.6 10 0.22 7.5e-09 2.5e-09
19.7 10 0.218 1.5e-08 5e-09
19.8 10 0.216 7.5e-09 2.5e-09
19.9 10 0.215 1e-08 1e-08
20 10 0.213 1.5e-08 5e-09
20.1 10 0.212 1.5e-08 5e-09
20.2 10 0.21 1e-08 1e-08
20.3 10 0.208 7.5e-09 2.5e-09
20.4 10 0.207 1.5e-08 5e-09
20.5 10 0.205 7.5e-09 2.5e-09
20.6 10 0.204 1.5e-08 5e-09
20.7 10 0.202 7.5e-09 2.5e-09
20.8 10 0.201 7.5e-09 2.5e-09
20.9 10 0.199 1.5e-08 5e-09
21 10 0.198 1.5e-08 5e-09
21.1 10 0.196 1.5e-08 5e-09
21.2 10 0.195 1.5e-08 5e-09
21.3 10 0.193 1.5e-08 5e-09
21.4 10 0.192 1.5e-08 5e-09
21.5 10 0.19 1.5e-08 5e-09
21.6 10 0.189 1.5e-08 5e-09
21.7 10 0.187 1.5e-08 5e-09
21.8 10 0.186 1.5e-08 5e-09
21.9 10 0.184 1.5e-08 5e-09
22 10 0.183 1.5e-08 5e-09
22.1 10 0.181 1.5e-08 5e-09
22.2 10 0.18 1.5e-08 5e-09
22.3 10 0.178 1.5e-08 5e-09
22.4 10 0.177 1.5e-08 5e-09
22.5 10 0.176 1.5e-08 5e-09
22.6 10 0.174 1.5e-08 5e-09
22.7 10 0.173 1.5e-08 5e-09
22.8 10 0.171 1.5e-08 5e-09
22.9 10 0.17 1.5e-08 5e-09
23 10 0.169 2e-08 1e-08
23.1 10 0.167 1.5e-08 5e-09
23.2 10 0.166 1.5e-08 5e-09
23.3 10 0.165 2e-08 1e-08
23.4 10 0.163 2e-08 1e-08
23.5 10 0.162 3e-08 2e-08
23.6 10 0.161 1.6e-07 8e-08
23.7 10 0.159 5e-09 1.5e-08
23.8 10 0.158 5.5e-08 2.5e-08
23.9 10 0.157 5.25e-08 2.75e-08
24 10 0.155 4e-08 3e-08
24.1 10 0.154 3.5e-08 2.5e-08
24.2 10 0.153 2.75e-08 2.25e-08
24.3 10 0.152 1.5e-08 5e-09
24.4 10 0.15 1.5e-08 5e-09
24.5 10 0.149 1e-08 1e-08
24.6 10 0.148 1.5e-08 5e-09
24.7 10 0.147 1.5e-08 5e-09
24.8 10 0.145 1.5e-08 5e-09
24.9 10 0.144 1.5e-08 5e-09
25 10 0.143 1.5e-08 5e-09
25.1 10 0.142 1.5e-08 5e-09
25.2 10 0.141 1.5e-08 5e-09
25.3 10 0.139 1.5e-08 5e-09
25.4 10 0.138 1e-08 1e-08
25.5 10 0.137 1.5e-08 5e-09
25.6 10 0.136 1.5e-08 5e-09
25.7 10 0.135 1.5e-08 5e-09
25.8 10 0.134 7.5e-09 2.5e-09
25.9 10 0.133 1.5e-08 5e-09
26 10 0.131 1.5e-08 5e-09
26.1 10 0.13 1.5e-08 5e-09
26.2 10 0.129 7.5e-09 2.5e-09
26.3 10 0.128 7.5e-09 2.5e-09
26.4 10 0.127 1.5e-08 5e-09
26.5 10 0.126 1.5e-08 5e-09
26.6 10 0.125 1.5e-08 5e-09
26.7 10 0.124 7.5e-09 2.5e-09
26.8 10 0.123 1.5e-08 5e-09
26.9 10 0.122 1.5e-08 5e-09
27 10 0.121 7.5e-09 2.5e-09
27.1 10 0.12 1.5e-08 5e-09
27.2 10 0.119 1.5e-08 5e-09
27.3 10 0.117 1.5e-08 5e-09
27.4 10 0.116 1e-08 1e-08
27.5 10 0.115 7.5e-09 2.5e-09
27.6 10 0.114 7.5e-09 2.5e-09
27.7 10 0.113 1.5e-08 5e-09
27.8 10 0.112 1.5e-08 5e-09
27.9 10 0.111 7.5e-09 2.5e-09
28 10 0.111 1.5e-08 5e-09
28.1 10 0.11 1.5e-08 5e-09
28.2 10 0.109 1.5e-08 5e-09
28.3 10 0.108 1.5e-08 5e-09
28.4 10 0.107 7.5e-09 2.5e-09
28.5 10 0.106 1.5e-08 5e-09
28.6 10 0.105 7.5e-09 2.5e-09
28.7 10 0.104 7.5e-09 2.5e-09
28.8 10 0.103 1.5e-08 5e-09
28.9 10 0.102 7.5e-09 2.5e-09
29 10 0.101 1.5e-08 5e-09
29.1 10 0.1 7.5e-09 2.5e-09
29.2 10 0.0994 8.25e-09 2.75e-09
29.3 10 0.0985 8.25e-09 2.75e-09
29.4 10 0.0976 8.25e-09 2.75e-09
29.5 10 0.0967 8.25e-09 2.75e-09
29.6 10 0.0959 8.75e-09 3.25e-09
29.7 10 0.095 8.25e-09 2.75e-09
29.8 10 0.0942 7.5e-09 2.5e-09
29.9 10 0.0933 8.25e-09 2.75e-09
30 10 0.0925 7.5e-09 2.5e-09
30.1 10 0.0917 7.5e-09 2.5e-09
30.2 10 0.0909 7.25e-09 2.75e-09
30.3 10 0.09 7.5e-09 2.5e-09
30.4 10 0.0892 7e-09 3e-09
30.5 10 0.0884 7.25e-09 2.75e-09
30.6 10 0.0876 6.75e-09 2.25e-09
30.7 10 0.0868 6.75e-09 2.25e-09
30.8 10 0.0861 6.75e-09 2.25e-09
30.9 10 0.0853 6.75e-09 2.25e-09
31 10 0.0845 6e-09 2e-09
31.1 10 0.0837 6e-09 2e-09
31.2 10 0.083 6e-09 2e-09
31.3 10 0.0822 6e-09 2e-09
31.4 10 0.0815 5.25e-09 1.75e-09
31.5 10 0.0807 6e-09 2e-09
31.6 10 0.08 5.25e-09 1.75e-09
31.7 10 0.0793 6e-09 2e-09
31.8 10 0.0786 5.25e-09 1.75e-09
31.9 10 0.0778 5.25e-09 1.75e-09
32 10 0.0771 5e-09 2e-09
32.1 10 0.0764 5.25e-09 1.75e-09
32.2 10 0.0757 4.5e-09 1.5e-09
32.3 10 0.075 4.5e-09 1.5e-09
32.4 10 0.0744 4.5e-09 1.5e-09
32.5 10 0.0737 3.75e-09 1.25e-09
32.6 10 0.073 4.5e-09 1.5e-09
32.7 10 0.0723 4.5e-09 1.5e-09
32.8 10 0.0717 3.75e-09 1.25e-09
32.9 10 0.071 4.5e-09 1.5e-09
33 10 0.0704 3.75e-09 1.25e-09
33.1 10 0.0697 4.25e-09 1.75e-09
33.2 10 0.0691 3.75e-09 1.25e-09
33.3 10 0.0684 3.75e-09 1.25e-09
33.4 10 0.0678 3e-09 1e-09
33.5 10 0.0672 3.75e-09 1.25e-09
33.6 10 0.0665 3.5e-09 1.5e-09
33.7 10 0.0659 3.5e-09 1.5e-09
33.8 10 0.0653 3e-09 1e-09
33.9 10 0.0647 3.5e-09 1.5e-09
34 10 0.0641 3e-09 1e-09
34.1 10 0.0635 2.75e-09 1.25e-09
34.2 10 0.0629 2.25e-09 7.5e-10
34.3 10 0.0623 2.25e-09 7.5e-10
34.4 10 0.0618 3e-09 1e-09
34.5 10 0.0612 2.25e-09 7.5e-10
34.6 10 0.0606 2.25e-09 7.5e-10
34.7 10 0.0601 2.25e-09 7.5e-10
34.8 10 0.0595 3e-09 1e-09
34.9 10 0.0589 1.5e-09 5e-10
35 10 0.0584 2.25e-09 7.5e-10
35.1 10 0.0579 1.75e-09 1.25e-09
35.2 10 0.0573 2.25e-09 7.5e-10
35.3 10 0.0568 1.5e-09 5e-10
35.4 10 0.0562 2.25e-09 7.5e-10
35.5 10 0.0557 1.5e-09 5e-10
35.6 10 0.0552 2e-09 1e-09
35.7 10 0.0547 1.5e-09 5e-10
35.8 10 0.0542 1.5e-09 5e-10
35.9 10 0.0537 1.5e-09 5e-10
36 10 0.0532 1.5e-09 5e-10
36.1 10 0.0527 1.75e-09 1.25e-09
36.2 10 0.0522 1.25e-09 7.5e-10
36.3 10 0.0517 7.5e-10 2.5e-10
36.4 10 0.0512 1.5e-09 5e-10
36.5 10 0.0507 1e-09 1e-09
36.6 10 0.0502 1.25e-09 7.5e-10
36.7 10 0.0498 7.5e-10 2.5e-10
36.8 10 0.0493 7.5e-10 2.5e-10
36.9 10 0.0488 7.5e-10 2.5e-10
37 10 0.0484 7.5e-10 2.5e-10
37.1 10 0.0479 2.5e-10 7.5e-10
37.2 10 0.0474 5e-10 5e-10
37.3 10 0.047 7.5e-10 2.5e-10
37.4 10 0.0466 7.5e-10 2.5e-10
37.5 10 0.0461 7.5e-10 2.5e-10
37.6 10 0.0457 7.5e-10 2.5e-10
37.7 10 0.0452 7.5e-10 2.5e-10
37.8 10 0.0448 0 0
37.9 10 0.0444 7.5e-10 2.5e-10
38 10 0.044 2.5e-10 7.5e-10
38.1 10 0.0436 0 0
38.2 10 0.0431 7.5e-10 2.5e-10
38.3 10 0.0427 0 0
38.4 10 0.0423 0 0
38.5 10 0.0419 0 0
38.6 10 0.0415 5e-10 5e-10
38.7 10 0.0411 0 0
38.8 10 0.0407 0 0
38.9 10 0.0403 0 0
39 10 0.04 0 0
39.1 10 0.0396 5e-10 5e-10
39.2 10 0.0392 0 0
39.3 10 0.0388 2.5e-10 7.5e-10
39.4 10 0.0385 2.5e-10 7.5e-10
39.5 10 0.0381 0 0
39.6 10 0.0377 0 0
39.7 10 0.0374 5e-10 5e-10
39.8 10 0.037 0 0
39.9 10 0.0367 5e-10 5e-10
40 10 0.0363 2.5e-10 7.5e-10
40.1 10 0.036 2.5e-10 7.5e-10
40.2 10 0.0356 0 0
40.3 10 0.0353 5e-10 5e-10
40.4 10 0.0349 5e-10 5e-10
40.5 10 0.0346 1e-09 1e-09
40.6 10 0.0343 1e-09 1e-09
40.7 10 0.0339 2.5e-10 7.5e-10
40.8 10 0.0336 7.5e-10 1.25e-09
40.9 10 0.0333 2.5e-10 7.5e-10
41 10 0.033 2.5e-10 7.5e-10
41.1 10 0.0327 7.5e-10 1.25e-09
41.2 10 0.0323 5e-10 1.5e-09
41.3 10 0.032 5e-10 1.5e-09
41.4 10 0.0317 5e-10 1.5e-09
41.5 10 0.0314 7.5e-10 1.25e-09
41.6 10 0.0311 5e-10 1.5e-09
41.7 10 0.0308 1e-09 2e-09
41.8 10 0.0305 1e-09 2e-09
41.9 10 0.0302 1e-09 2e-09
42 10 0.0299 1e-09 2e-09
42.1 10 0.0296 1e-09 2e-09
42.2 10 0.0294 7.5e-10 2.25e-09
42.3 10 0.0291 2.5e-10 7.5e-10
42.4 10 0.0288 5e-10 1.5e-09
42.5 10 0.0285 2.5e-10 7.5e-10
42.6 10 0.0282 5e-10 1.5e-09
42.7 10 0.028 5e-10 1.5e-09
42.8 10 0.0277 5e-10 1.5e-09
42.9 10 0.0274 2.5e-10 7.5e-10
43 10 0.0272 2.5e-10 7.5e-10
43.1 10 0.0269 2.5e-10 7.5e-10
43.2 10 0.0266 2.5e-10 7.5e-10
43.3 10 0.0264 2.5e-10 7.5e-10
43.4 10 0.0261 5e-10 1.5e-09
43.5 10 0.0259 5e-10 1.5e-09
43.6 10 0.0256 5e-10 1.5e-09
43.7 10 0.0254 5e-10 1.5e-09
43.8 10 0.0251 2.5e-10 7.5e-10
43.9 10 0.0249 2.5e-10 7.5e-10
44 10 0.0246 5e-10 1.5e-09
44.1 10 0.0244 5e-10 1.5e-09
44.2 10 0.0242 5e-10 1.5e-09
44.3 10 0.0239 5e-10 1.5e-09
44.4 10 0.0237 2.5e-10 7.5e-10
44.5 10 0.0235 5e-10 1.5e-09
44.6 10 0.0232 5e-10 1.5e-09
44.7 10 0.023 5e-10 1.5e-09
44.8 10 0.0228 2.5e-10 7.5e-10
44.9 10 0.0226 5e-10 1.5e-09
45 10 0.0224 5e-10 1.5e-09
45.1 10 0.0221 5e-10 1.5e-09
45.2 10 0.0219 5e-10 1.5e-09
45.3 10 0.0217 5e-10 1.5e-09
45.4 10 0.0215 2.5e-10 7.5e-10
45.5 10 0.0213 5e-10 1.5e-09
45.6 10 0.0211 5e-10 1.5e-09
45.7 10 0.0209 5e-10 1.5e-09
45.8 10 0.0207 5e-10 1.5e-09
45.9 10 0.0205 2.5e-10 7.5e-10
46 10 0.0203 5e-10 1.5e-09
46.1 10 0.0201 2.5e-10 7.5e-10
46.2 10 0.0199 5e-10 1.5e-09
46.3 10 0.0197 2.5e-10 7.5e-10
46.4 10 0.0195 2.5e-10 7.5e-10
46.5 10 0.0193 5e-10 1.5e-09
46.6 10 0.0191 2.5e-10 7.5e-10
46.7 10 0.0189 5e-10 1.5e-09
46.8 10 0.0187 5e-10 1.5e-09
46.9 10 0.0186 2.5e-10 7.5e-10
47 10 0.0184 2.5e-10 7.5e-10
47.1 10 0.0182 7.5e-10 1.25e-09
47.2 10 0.018 5e-10 1.5e-09
47.3 10 0.0179 2.5e-10 7.5e-10
47.4 10 0.0177 5e-10 1.5e-09
47.5 10 0.0175 5e-10 1.5e-09
47.6 10 0.0173 2.5e-10 7.5e-10
47.7 10 0.0172 5e-10 1.5e-09
47.8 10 0.017 5e-10 1.5e-09
47.9 10 0.0168 2.5e-10 7.5e-10
48 10 0.0167 2.5e-10 7.5e-10
48.1 10 0.0165 5e-10 1.5e-09
48.2 10 0.0163 5e-10 1.5e-09
48.3 10 0.0162 5e-10 1.5e-09
48.4 10 0.016 7.5e-10 1.25e-09
48.5 10 0.0159 5e-10 1.5e-09
48.6 10 0.0157 5e-10 1.5e-09
48.7 10 0.0156 2.5e-10 7.5e-10
48.8 10 0.0154 5e-10 1.5e-09
48.9 10 0.0153 2.5e-10 7.5e-10
49 10 0.0151 2.5e-10 7.5e-10
49.1 10 0.015 5e-10 1.5e-09
49.2 10 0.0148 5e-10 1.5e-09
49.3 10 0.0147 5e-10 1.5e-09
49.4 10 0.0145 5e-10 1.5e-09
49.5 10 0.0144 5e-10 1.5e-09
49.6 10 0.0142 5e-10 1.5e-09
49.7 10 0.0141 5e-10 1.5e-09
49.8 10 0.014 2.5e-10 7.5e-10
49.9 10 0.0138 2.5e-10 7.5e-10
50 10 0.0137 5e-10 1.5e-09
50.1 10 0.0136 5e-10 1.5e-09
50.2 10 0.0134 5e-10 1.5e-09
50.3 10 0.0133 7.5e-10 1.25e-09
50.4 10 0.0132 2.5e-10 7.5e-10
50.5 10 0.013 5e-10 1.5e-09
50.6 10 0.0129 2.5e-10 7.5e-10
50.7 10 0.0128 5e-10 1.5e-09
50.8 10 0.0126 2.5e-10 7.5e-10
50.9 10 0.0125 5e-10 1.5e-09
51 10 0.0124 5e-10 1.5e-09
51.1 10 0.0123 5e-10 1.5e-09
51.2 10 0.0122 5e-10 1.5e-09
51.3 10 0.012 5e-10 1.5e-09
51.4 10 0.0119 5e-10 1.5e-09
51.5 10 0.0118 2.5e-10 7.5e-10
51.6 10 0.0117 5e-10 1.5e-09
51.7 10 0.0116 5e-10 1.5e-09
51.8 10 0.0115 2.5e-10 7.5e-10
51.9 10 0.0113 5e-10 1.5e-09
52 10 0.0112 5e-10 1.5e-09
52.1 10 0.0111 5e-10 1.5e-09
52.2 10 0.011 2.5e-10 7.5e-10
52.3 10 0.0109 5e-10 1.5e-09
52.4 10 0.0108 2.5e-10 7.5e-10
52.5 10 0.0107 2.5e-10 7.5e-10
52.6 10 0.0106 2.5e-10 7.5e-10
52.7 10 0.0105 2.5e-10 7.5e-10
52.8 10 0.0104 5e-10 1.5e-09
52.9 10 0.0103 2.5e-10 7.5e-10
53 10 0.0102 2.5e-10 7.5e-10
53.1 10 0.0101 2.5e-10 7.5e-10
53.2 10 0.00998 3.75e-10 9.25e-10
53.3 10 0.00988 3.25e-10 8.75e-10
53.4 10 0.00978 3.25e-10 9.75e-10
53.5 10 0.00969 3e-10 9e-10
53.6 10 0.00959 3.25e-10 9.75e-10
53.7 10 0.0095 3.25e-10 9.75e-10
53.8 10 0.0094 3.25e-10 9.75e-10
53.9 10 0.00931 3e-10 9e-10
54 10 0.00922 3e-10 9e-10
54.1 10 0.00913 3.25e-10 9.75e-10
54.2 10 0.00904 3e-10 9e-10
54.3 10 0.00895 3e-10 9e-10
54.4 10 0.00886 3e-10 9e-10
54.5 10 0.00877 3e-10 9e-10
54.6 10 0.00869 3e-10 9e-10
54.7 10 0.0086 3e-10 9e-10
54.8 10 0.00852 3.5e-10 9.5e-10
54.9 10 0.00843 2.75e-10 8.25e-10
55 10 0.00835 3e-10 9e-10
55.1 10 0.00827 3.25e-10 8.75e-10
55.2 10 0.00818 3.25e-10 8.75e-10
55.3 10 0.0081 3.25e-10 8.75e-10
55.4 10 0.00802 3e-10 9e-10
55.5 10 0.00794 2.75e-10 8.25e-10
55.6 10 0.00787 2.75e-10 8.25e-10
55.7 10 0.00779 2.75e-10 8.25e-10
55.8 10 0.00771 2.75e-10 8.25e-10
55.9 10 0.00764 2.75e-10 8.25e-10
56 10 0.00756 2.5e-10 7.5e-10
56.1 10 0.00749 2.5e-10 7.5e-10
56.2 10 0.00741 3e-10 8e-10
56.3 10 0.00734 2.75e-10 8.25e-10
56.4 10 0.00727 2.5e-10 7.5e-10
56.5 10 0.00719 3e-10 8e-10
56.6 10 0.00712 2.75e-10 8.25e-10
56.7 10 0.00705 2.5e-10 7.5e-10
56.8 10 0.00698 2.75e-10 8.25e-10
56.9 10 0.00691 2.5e-10 7.5e-10
57 10 0.00685 2.5e-10 7.5e-10
57.1 10 0.00678 2.5e-10 7.5e-10
57.2 10 0.00671 2.5e-10 7.5e-10
57.3 10 0.00665 2.5e-10 7.5e-10
57.4 10 0.00658 2.5e-10 7.5e-10
57.5 10 0.00651 2.75e-10 7.25e-10
57.6 10 0.00645 3e-10 7e-10
57.7 10 0.00639 2.75e-10 7.25e-10
57.8 10 0.00632 2.75e-10 7.25e-10
57.9 10 0.00626 2.5e-10 7.5e-10
58 10 0.0062 2.25e-10 6.75e-10
58.1 10 0.00614 2.5e-10 7.5e-10
58.2 10 0.00608 2.25e-10 6.75e-10
58.3 10 0.00602 2.25e-10 6.75e-10
58.4 10 0.00596 2.5e-10 6.5e-10
58.5 10 0.0059 2.25e-10 6.75e-10
58.6 10 0.00584 2e-10 6e-10
58.7 10 0.00578 3e-10 7e-10
58.8 10 0.00573 2e-10 6e-10
58.9 10 0.00567 2.5e-10 6.5e-10
59 10 0.00561 3.5e-10 6.5e-10
59.1 10 0.00556 2e-10 6e-10
59.2 10 0.0055 2.25e-10 6.75e-10
59.3 10 0.00545 2.25e-10 6.75e-10
59.4 10 0.00539 2.75e-10 6.25e-10
59.5 10 0.00534 2e-10 6e-10
59.6 10 0.00529 2e-10 6e-10
59.7 10 0.00523 2e-10 6e-10
59.8 10 0.00518 2e-10 6e-10
59.9 10 0.00513 2.75e-10 6.25e-10
60 10 0.00508 2.75e-10 6.25e-10
60.1 10 0.00503 2e-10 6e-10
60.2 10 0.00498 1.75e-10 5.25e-10
60.3 10 0.00493 2e-10 6e-10
60.4 10 0.00488 2.25e-10 5.75e-10
60.5 10 0.00483 1.75e-10 5.25e-10
60.6 10 0.00479 2.5e-10 5.5e-10
60.7 10 0.00474 1.75e-10 5.25e-10
60.8 10 0.00469 2e-10 5e-10
60.9 10 0.00465 2.25e-10 4.75e-10
61 10 0.0046 2e-10 5e-10
61.1 10 0.00455 2e-10 5e-10
61.2 10 0.00451 2e-10 5e-10
61.3 10 0.00446 2.25e-10 4.75e-10
61.4 10 0.00442 1.75e-10 5.25e-10
61.5 10 0.00438 1.75e-10 5.25e-10
61.6 10 0.00433 1.75e-10 5.25e-10
61.7 10 0.00429 1.75e-10 5.25e-10
61.8 10 0.00425 1.75e-10 5.25e-10
61.9 10 0.00421 1.5e-10 4.5e-10
62 10 0.00416 1.5e-10 4.5e-10
62.1 10 0.00412 1.75e-10 5.25e-10
62.2 10 0.00408 2.25e-10 4.75e-10
62.3 10 0.00404 1.75e-10 5.25e-10
62.4 10 0.004 1.5e-10 4.5e-10
62.5 10 0.00396 1.5e-10 4.5e-10
62.6 10 0.00392 1.5e-10 4.5e-10
62.7 10 0.00388 1.5e-10 4.5e-10
62.8 10 0.00385 1.5e-10 4.5e-10
62.9 10 0.00381 1.5e-10 4.5e-10
63 10 0.00377 1.75e-10 5.25e-10
63.1 10 0.00373 1.5e-10 4.5e-10
63.2 10 0.00369 1.5e-10 4.5e-10
63.3 10 0.00366 1.5e-10 4.5e-10
63.4 10 0.00362 1.5e-10 4.5e-10
63.5 10 0.00359 1.5e-10 4.5e-10
63.6 10 0.00355 1.5e-10 4.5e-10
63.7 10 0.00352 1.5e-10 4.5e-10
63.8 10 0.00348 1.5e-10 4.5e-10
63.9 10 0.00345 1.5e-10 4.5e-10
64 10 0.00341 1.5e-10 4.5e-10
64.1 10 0.00338 1.5e-10 4.5e-10
64.2 10 0.00334 1.75e-10 4.25e-10
64.3 10 0.00331 1.5e-10 4.5e-10
64.4 10 0.00328 1.25e-10 3.75e-10
64.5 10 0.00325 1.5e-10 4.5e-10
64.6 10 0.00321 1.5e-10 4.5e-10
64.7 10 0.00318 1.25e-10 3.75e-10
64.8 10 0.00315 1.25e-10 3.75e-10
64.9 10 0.00312 1.5e-10 4.5e-10
65 10 0.00309 1.25e-10 3.75e-10
65.1 10 0.00306 1.25e-10 3.75e-10
65.2 10 0.00303 1.25e-10 3.75e-10
65.3 10 0.003 1.25e-10 3.75e-10
65.4 10 0.00297 1.25e-10 3.75e-10
65.5 10 0.00294 1.25e-10 3.75e-10
65.6 10 0.00291 1e-10 3e-10
65.7 10 0.00288 1.25e-10 3.75e-10
65.8 10 0.00285 1e-10 3e-10
65.9 10 0.00282 1.25e-10 3.75e-10
66 10 0.0028 1e-10 3e-10
66.1 10 0.00277 1.5e-10 3.5e-10
66.2 10 0.00274 1e-10 3e-10
66.3 10 0.00271 1.25e-10 3.75e-10
66.4 10 0.00269 1e-10 3e-10
66.5 10 0.00266 1.25e-10 3.75e-10
66.6 10 0.00263 1.25e-10 3.75e-10
66.7 10 0.00261 1e-10 3e-10
66.8 10 0.00258 1e-10 3e-10
66.9 10 0.00256 1e-10 3e-10
67 10 0.00253 1e-10 3e-10
67.1 10 0.0025 1e-10 3e-10
67.2 10 0.00248 1.5e-10 3.5e-10
67.3 10 0.00246 1e-10 3e-10
67.4 10 0.00243 1e-10 3e-10
67.5 10 0.00241 1e-10 3e-10
67.6 10 0.00238 1e-10 3e-10
67.7 10 0.00236 1e-10 3e-10
67.8 10 0.00234 1e-10 3e-10
68 10 0.00229 1e-10 3e-10
68.1 10 0.00227 1e-10 3e-10
68.2 10 0.00224 1e-10 3e-10
68.3 10 0.00222 1.25e-10 2.75e-10
68.4 10 0.0022 1e-10 3e-10
68.8 10 0.00211 1e-10 3e-10
69.1 10 0.00205 1e-10 3e-10
69.2 10 0.00203 1.25e-10 2.75e-10
69.5 10 0.00197 1e-10 3e-10
69.9 10 0.00189 1e-10 3e-10
70.3 10 0.00182 1e-10 3e-10
70.6 10 0.00177 1e-10 3e-10
71 10 0.0017 1e-10 2e-10
72.8 10 0.00142 1e-10 2e-10
99.2 10 0.000101 2.5e-12 7.5e-12
