-25 8 0.0837 2.38e-08 8.25e-09
-24.9 8 0.0847 2.38e-08 8.25e-09
-24.8 8 0.0856 2.4e-08 8e-09
-24.7 8 0.0866 2.47e-08 8.25e-09
-24.6 8 0.0876 2.55e-08 8.5e-09
-24.5 8 0.0886 2.63e-08 8.75e-09
-24.4 8 0.0896 2.7e-08 9e-09
-24.3 8 0.0906 2.78e-08 9.25e-09
-24.2 8 0.0916 2.85e-08 9.5e-09
-24.1 8 0.0927 2.93e-08 9.75e-09
-24 8 0.0937 2.93e-08 9.75e-09
-23.9 8 0.0948 3e-08 1e-08
-23.8 8 0.0958 3.08e-08 1.03e-08
-23.7 8 0.0969 3.15e-08 1.05e-08
-23.6 8 0.098 3.18e-08 1.12e-08
-23.5 8 0.0991 3.18e-08 1.12e-08
-23.4 8 0.1 3e-08 1e-08
-23.3 8 0.101 3e-08 1e-08
-23.2 8 0.102 3e-08 1e-08
-23.1 8 0.104 3e-08 1e-08
-23 8 0.105 3.75e-08 1.25e-08
-22.9 8 0.106 3.75e-08 1.25e-08
-22.8 8 0.107 3.75e-08 1.25e-08
-22.7 8 0.108 3.75e-08 1.25e-08
-22.6 8 0.109 3.75e-08 1.25e-08
-22.5 8 0.111 4e-08 2e-08
-22.4 8 0.112 4e-08 2e-08
-22.3 8 0.113 3.75e-08 1.25e-08
-22.2 8 0.114 3.75e-08 1.25e-08
-22.1 8 0.116 4e-08 2e-08
-22 8 0.117 4.5e-08 1.5e-08
-21.9 8 0.118 4e-08 2e-08
-21.8 8 0.119 4e-08 2e-08
-21.7 8 0.121 4e-08 2e-08
-21.6 8 0.122 4.5e-08 1.5e-08
-21.5 8 0.123 4e-08 2e-08
-21.4 8 0.125 4.5e-08 1.5e-08
-21.3 8 0.126 4.5e-08 1.5e-08
-21.2 8 0.127 4.75e-08 2.25e-08
-21.1 8 0.129 4e-08 2e-08
-21 8 0.13 4.5e-08 1.5e-08
-20.9 8 0.132 4.5e-08 1.5e-08
-20.8 8 0.133 4.75e-08 2.25e-08
-20.7 8 0.134 4.5e-08 1.5e-08
-20.6 8 0.136 5.25e-08 1.75e-08
-20.5 8 0.137 4.5e-08 1.5e-08
-20.4 8 0.139 4.5e-08 1.5e-08
-20.3 8 0.14 5.25e-08 1.75e-08
-20.2 8 0.142 4.75e-08 2.25e-08
-20.1 8 0.143 4.5e-08 1.5e-08
-20 8 0.145 4.75e-08 2.25e-08
-19.9 8 0.146 4.75e-08 2.25e-08
-19.8 8 0.148 4.75e-08 2.25e-08
-19.7 8 0.149 9.25e-08 7.75e-08
-19.6 8 0.151 1.05e-07 8.5e-08
-19.5 8 0.152 1.3e-07 1e-07
-19.4 8 0.154 1.43e-07 1.08e-07
-19.3 8 0.156 1.63e-07 1.17e-07
-19.2 8 0.157 2e-07 1e-07
-19.1 8 0.159 1.33e-07 4.75e-08
-19 8 0.16 2.25e-08 4.75e-08
-18.9 8 0.162 1.12e-07 1.08e-07
-18.8 8 0.164 2.1e-07 3.1e-07
-18.7 8 0.165 8.75e-08 6.25e-08
-18.6 8 0.167 7.75e-08 4.25e-08
-18.5 8 0.169 6.75e-08 3.25e-08
-18.4 8 0.17 6.25e-08 2.75e-08
-18.3 8 0.172 6.5e-08 2.5e-08
-18.2 8 0.174 6.25e-08 2.75e-08
-18.1 8 0.176 5.75e-08 2.25e-08
-18 8 0.177 5.75e-08 2.25e-08
-17.9 8 0.179 5.75e-08 2.25e-08
-17.8 8 0.181 5.25e-08 1.75e-08
-17.7 8 0.183 5.75e-08 2.25e-08
-17.6 8 0.184 5.25e-08 1.75e-08
-17.5 8 0.186 5e-08 2e-08
-17.4 8 0.188 5e-08 2e-08
-17.3 8 0.19 5.25e-08 1.75e-08
-17.2 8 0.192 5.25e-08 1.75e-08
-17.1 8 0.194 5.25e-08 1.75e-08
-17 8 0.196 4.5e-08 1.5e-08
-16.9 8 0.197 4.5e-08 1.5e-08
-16.8 8 0.199 4.5e-08 1.5e-08
-16.7 8 0.201 4.5e-08 1.5e-08
-16.6 8 0.203 4.5e-08 1.5e-08
-16.5 8 0.205 4e-08 2e-08
-16.4 8 0.207 4.5e-08 1.5e-08
-16.3 8 0.209 3.75e-08 1.25e-08
-16.2 8 0.211 4e-08 2e-08
-16.1 8 0.213 3.75e-08 1.25e-08
-16 8 0.215 3.75e-08 1.25e-08
-15.9 8 0.217 3.75e-08 1.25e-08
-15.8 8 0.219 3.75e-08 1.25e-08
-15.7 8 0.221 3.25e-08 1.75e-08
-15.6 8 0.223 3e-08 1e-08
-15.5 8 0.225 2.5e-08 1.5e-08
-15.4 8 0.227 3e-08 1e-08
-15.3 8 0.229 2.5e-08 1.5e-08
-15.2 8 0.231 2.25e-08 7.5e-09
-15.1 8 0.233 2.5e-08 1.5e-08
-15 8 0.236 2.25e-08 7.5e-09
-14.9 8 0.238 1.75e-08 1.25e-08
-14.8 8 0.24 2.25e-08 7.5e-09
-14.7 8 0.242 1.5e-08 5e-09
-14.6 8 0.244 1.5e-08 5e-09
-14.5 8 0.246 2.25e-08 7.5e-09
-14.4 8 0.248 2e-08 1e-08
-14.3 8 0.25 1.5e-08 5e-09
-14.2 8 0.253 1e-08 1e-08
-14.1 8 0.255 0 0
-14 8 0.257 2.5e-09 7.5e-09
-13.9 8 0.259 7.5e-09 2.5e-09
-13.8 8 0.261 0 0
-13.7 8 0.264 5e-09 5e-09
-13.6 8 0.266 0.000191 6.38e-05
-13.5 8 0.268 1.5e-08 1.5e-08
-13.4 8 0.27 1.25e-08 1.75e-08
-13.3 8 0.273 1.25e-08 1.75e-08
-13.2 8 0.275 7.5e-09 2.25e-08
-13.1 8 0.277 7.5e-09 2.25e-08
-13 8 0.279 7.5e-09 2.25e-08
-12.9 8 0.282 1.5e-08 2.5e-08
-12.8 8 0.284 1.5e-08 2.5e-08
-12.7 8 0.286 1.75e-08 3.25e-08
-12.6 8 0.289 2e-08 3e-08
-12.5 8 0.291 5.25e-08 4.75e-08
-12.4 8 0.293 2e-08 4e-08
-12.3 8 0.296 1.75e-08 4.25e-08
-12.2 8 0.298 1.5e-08 4.5e-08
-12.1 8 0.3 2e-08 5e-08
-12 8 0.302 1.75e-08 5.25e-08
-11.9 8 0.305 1.75e-08 5.25e-08
-11.8 8 0.307 1.75e-08 5.25e-08
-11.7 8 0.309 1.75e-08 5.25e-08
-11.6 8 0.312 2e-08 6e-08
-11.5 8 0.314 2.25e-08 6.75e-08
-11.4 8 0.316 2.5e-08 6.5e-08
-11.3 8 0.319 2.25e-08 6.75e-08
-11.2 8 0.321 2.25e-08 6.75e-08
-11.1 8 0.324 2.5e-08 7.5e-08
-11 8 0.326 2.5e-08 7.5e-08
-10.9 8 0.328 2.5e-08 7.5e-08
-10.8 8 0.331 2.75e-08 8.25e-08
-10.7 8 0.333 2.5e-08 7.5e-08
-10.6 8 0.335 2.75e-08 8.25e-08
-10.5 8 0.338 2.75e-08 8.25e-08
-10.4 8 0.34 3.5e-08 8.5e-08
-10.3 8 0.342 3e-08 9e-08
-10.2 8 0.345 3e-08 9e-08
-10.1 8 0.347 3e-08 9e-08
-10 8 0.349 3.75e-08 9.25e-08
-9.9 8 0.352 3.75e-08 9.25e-08
-9.8 8 0.354 3.75e-08 9.25e-08
-9.7 8 0.356 4e-08 1e-07
-9.6 8 0.359 4e-08 1e-07
-9.5 8 0.361 3.75e-08 9.25e-08
-9.4 8 0.363 4e-08 1e-07
-9.3 8 0.365 4e-08 1e-07
-9.2 8 0.368 4e-08 1e-07
-9.1 8 0.37 4e-08 1e-07
-9 8 0.372 4e-08 1e-07
-8.9 8 0.375 4e-08 1e-07
-8.8 8 0.377 4.25e-08 1.08e-07
-8.7 8 0.379 4.75e-08 1.02e-07
-8.6 8 0.381 4.75e-08 1.02e-07
-8.5 8 0.384 4.75e-08 1.02e-07
-8.4 8 0.386 4e-08 1e-07
-8.3 8 0.388 4.25e-08 1.08e-07
-8.2 8 0.39 4e-08 1e-07
-8.1 8 0.393 4.75e-08 1.02e-07
-8 8 0.395 4.75e-08 1.02e-07
-7.9 8 0.397 4e-08 1e-07
-7.8 8 0.399 4e-08 1e-07
-7.7 8 0.401 4e-08 1e-07
-7.6 8 0.403 4.5e-08 9.5e-08
-7.5 8 0.406 4.5e-08 9.5e-08
-7.4 8 0.408 4.5e-08 9.5e-08
-7.3 8 0.41 4.25e-08 8.75e-08
-7.2 8 0.412 4.25e-08 8.75e-08
-7.1 8 0.414 4.25e-08 8.75e-08
-7 8 0.416 4.25e-08 8.75e-08
-6.9 8 0.418 4e-08 8e-08
-6.8 8 0.42 4.25e-08 7.75e-08
-6.7 8 0.422 3.75e-08 7.25e-08
-6.6 8 0.424 4.5e-08 7.5e-08
-6.5 8 0.426 1.43e-07 1.68e-07
-6.4 8 0.428 1.68e-07 2.13e-07
-6.3 8 0.43 1.9e-07 2.5e-07
-6.2 8 0.432 1.8e-07 3.4e-07
-6.1 8 0.434 5.25e-08 4.75e-08
-6 8 0.436 3.95e-07 1.95e-07
-5.9 8 0.437 5.5e-08 7.5e-08
-5.8 8 0.439 3e-08 6e-08
-5.7 8 0.441 2.25e-08 5.75e-08
-5.6 8 0.443 1.75e-08 5.25e-08
-5.5 8 0.445 1.5e-08 4.5e-08
-5.4 8 0.446 1.5e-08 4.5e-08
-5.3 8 0.448 1.75e-08 4.25e-08
-5.2 8 0.45 1.75e-08 3.25e-08
-5.1 8 0.451 1.5e-08 3.5e-08
-5 8 0.453 1.25e-08 2.75e-08
-4.9 8 0.455 7.5e-09 2.25e-08
-4.8 8 0.456 5e-09 1.5e-08
-4.7 8 0.458 1e-08 1e-08
-4.6 8 0.459 1e-08 2e-08
-4.5 8 0.461 7.5e-09 2.5e-09
-4.4 8 0.462 5e-09 5e-09
-4.3 8 0.464 2.5e-09 7.5e-09
-4.2 8 0.465 1.25e-08 7.5e-09
-4.1 8 0.467 1.75e-08 1.25e-08
-4 8 0.468 2.25e-08 7.5e-09
-3.9 8 0.469 2.5e-08 1.5e-08
-3.8 8 0.471 3e-08 1e-08
-3.7 8 0.472 3e-08 1e-08
-3.6 8 0.473 3.75e-08 1.25e-08
-3.5 8 0.474 3.75e-08 1.25e-08
-3.4 8 0.476 5e-08 2e-08
-3.3 8 0.477 5.25e-08 1.75e-08
-3.2 8 0.478 5.25e-08 1.75e-08
-3.1 8 0.479 5.5e-08 2.5e-08
-3 8 0.48 6e-08 2e-08
-2.9 8 0.481 7e-08 3e-08
-2.8 8 0.482 7e-08 3e-08
-2.7 8 0.483 7e-08 3e-08
-2.6 8 0.484 7.75e-08 3.25e-08
-2.5 8 0.485 8.5e-08 3.5e-08
-2.4 8 0.486 8.5e-08 3.5e-08
-2.3 8 0.487 9.25e-08 3.75e-08
-2.2 8 0.488 9.25e-08 3.75e-08
-2.1 8 0.488 9.25e-08 3.75e-08
-2 8 0.489 9.5e-08 4.5e-08
-1.9 8 0.49 1.08e-07 4.25e-08
-1.8 8 0.49 1.08e-07 4.25e-08
-1.7 8 0.491 1.1e-07 5e-08
-1.6 8 0.492 1.15e-07 4.5e-08
-1.5 8 0.492 1.1e-07 5e-08
-1.4 8 0.493 1.17e-07 5.25e-08
-1.3 8 0.493 1.17e-07 5.25e-08
-1.2 8 0.494 1.22e-07 4.75e-08
-1.1 8 0.494 1.25e-07 5.5e-08
-1 8 0.495 1.22e-07 4.75e-08
-0.9 8 0.495 1.25e-07 5.5e-08
-0.8 8 0.495 1.33e-07 5.75e-08
-0.7 8 0.495 1.3e-07 5e-08
-0.6 8 0.496 1.3e-07 5e-08
-0.5 8 0.496 1.33e-07 5.75e-08
-0.4 8 0.496 1.33e-07 5.75e-08
-0.3 8 0.496 1.33e-07 5.75e-08
-0.2 8 0.496 1.33e-07 5.75e-08
-0.1 8 0.496 1.33e-07 5.75e-08
0 8 0.496 1.33e-07 5.75e-08
0.1 8 0.496 1.33e-07 5.75e-08
0.2 8 0.496 1.33e-07 5.75e-08
0.3 8 0.496 1.33e-07 5.75e-08
0.4 8 0.496 1.33e-07 5.75e-08
0.5 8 0.496 1.33e-07 5.75e-08
0.6 8 0.496 1.3e-07 5e-08
0.7 8 0.495 1.3e-07 5e-08
0.8 8 0.495 1.33e-07 5.75e-08
0.9 8 0.495 1.25e-07 5.5e-08
1 8 0.495 1.22e-07 4.75e-08
1.1 8 0.494 1.25e-07 5.5e-08
1.2 8 0.494 1.22e-07 4.75e-08
1.3 8 0.493 1.17e-07 5.25e-08
1.4 8 0.493 1.17e-07 5.25e-08
1.5 8 0.492 1.1e-07 5e-08
1.6 8 0.492 1.15e-07 4.5e-08
1.7 8 0.491 1.1e-07 5e-08
1.8 8 0.49 1.08e-07 4.25e-08
1.9 8 0.49 1.08e-07 4.25e-08
2 8 0.489 9.5e-08 4.5e-08
2.1 8 0.488 9.25e-08 3.75e-08
2.2 8 0.488 9.25e-08 3.75e-08
2.3 8 0.487 9.25e-08 3.75e-08
2.4 8 0.486 8.5e-08 3.5e-08
2.5 8 0.485 8.5e-08 3.5e-08
2.6 8 0.484 7.75e-08 3.25e-08
2.7 8 0.483 7e-08 3e-08
2.8 8 0.482 7e-08 3e-08
2.9 8 0.481 7e-08 3e-08
3 8 0.48 6e-08 2e-08
3.1 8 0.479 5.5e-08 2.5e-08
3.2 8 0.478 5.25e-08 1.75e-08
3.3 8 0.477 5.25e-08 1.75e-08
3.4 8 0.476 5e-08 2e-08
3.5 8 0.474 3.75e-08 1.25e-08
3.6 8 0.473 3.75e-08 1.25e-08
3.7 8 0.472 3e-08 1e-08
3.8 8 0.471 3e-08 1e-08
3.9 8 0.469 2.5e-08 1.5e-08
4 8 0.468 2.25e-08 7.5e-09
4.1 8 0.467 1.75e-08 1.25e-08
4.2 8 0.465 1.25e-08 7.5e-09
4.3 8 0.464 2.5e-09 7.5e-09
4.4 8 0.462 5e-09 5e-09
4.5 8 0.461 7.5e-09 2.5e-09
4.6 8 0.459 1e-08 2e-08
4.7 8 0.458 1e-08 1e-08
4.8 8 0.456 5e-09 1.5e-08
4.9 8 0.455 7.5e-09 2.25e-08
5 8 0.453 1.25e-08 2.75e-08
5.1 8 0.451 1.5e-08 3.5e-08
5.2 8 0.45 1.75e-08 3.25e-08
5.3 8 0.448 1.75e-08 4.25e-08
5.4 8 0.446 1.5e-08 4.5e-08
5.5 8 0.445 1.5e-08 4.5e-08
5.6 8 0.443 1.75e-08 5.25e-08
5.7 8 0.441 2.25e-08 5.75e-08
5.8 8 0.439 3e-08 6e-08
5.9 8 0.437 5.5e-08 7.5e-08
6 8 0.436 3.95e-07 1.95e-07
6.1 8 0.434 5.25e-08 4.75e-08
6.2 8 0.432 1.8e-07 3.4e-07
6.3 8 0.43 1.9e-07 2.5e-07
6.4 8 0.428 1.68e-07 2.13e-07
6.5 8 0.426 1.43e-07 1.68e-07
6.6 8 0.424 4.5e-08 7.5e-08
6.7 8 0.422 3.75e-08 7.25e-08
6.8 8 0.42 4.25e-08 7.75e-08
6.9 8 0.418 4e-08 8e-08
7 8 0.416 4.25e-08 8.75e-08
7.1 8 0.414 4.25e-08 8.75e-08
7.2 8 0.412 4.25e-08 8.75e-08
7.3 8 0.41 4.25e-08 8.75e-08
7.4 8 0.408 4.5e-08 9.5e-08
7.5 8 0.406 4.5e-08 9.5e-08
7.6 8 0.403 4.5e-08 9.5e-08
7.7 8 0.401 4e-08 1e-07
7.8 8 0.399 4e-08 1e-07
7.9 8 0.397 4e-08 1e-07
8 8 0.395 4.75e-08 1.02e-07
8.1 8 0.393 4.75e-08 1.02e-07
8.2 8 0.39 4e-08 1e-07
8.3 8 0.388 4.25e-08 1.08e-07
8.4 8 0.386 4e-08 1e-07
8.5 8 0.384 4.75e-08 1.02e-07
8.6 8 0.381 4.75e-08 1.02e-07
8.7 8 0.379 4.75e-08 1.02e-07
8.8 8 0.377 4.25e-08 1.08e-07
8.9 8 0.375 4e-08 1e-07
9 8 0.372 4e-08 1e-07
9.1 8 0.37 4e-08 1e-07
9.2 8 0.368 4e-08 1e-07
9.3 8 0.365 4e-08 1e-07
9.4 8 0.363 4e-08 1e-07
9.5 8 0.361 3.75e-08 9.25e-08
9.6 8 0.359 4e-08 1e-07
9.7 8 0.356 4e-08 1e-07
9.8 8 0.354 3.75e-08 9.25e-08
9.9 8 0.352 3.75e-08 9.25e-08
10 8 0.349 3.75e-08 9.25e-08
10.1 8 0.347 3e-08 9e-08
10.2 8 0.345 3e-08 9e-08
10.3 8 0.342 3e-08 9e-08
10.4 8 0.34 3.5e-08 8.5e-08
10.5 8 0.338 2.75e-08 8.25e-08
10.6 8 0.335 2.75e-08 8.25e-08
10.7 8 0.333 2.5e-08 7.5e-08
10.8 8 0.331 2.75e-08 8.25e-08
10.9 8 0.328 2.5e-08 7.5e-08
11 8 0.326 2.5e-08 7.5e-08
11.1 8 0.324 2.5e-08 7.5e-08
11.2 8 0.321 2.25e-08 6.75e-08
11.3 8 0.319 2.25e-08 6.75e-08
11.4 8 0.316 2.5e-08 6.5e-08
11.5 8 0.314 2.25e-08 6.75e-08
11.6 8 0.312 2e-08 6e-08
11.7 8 0.309 1.75e-08 5.25e-08
11.8 8 0.307 1.75e-08 5.25e-08
11.9 8 0.305 1.75e-08 5.25e-08
12 8 0.302 1.75e-08 5.25e-08
12.1 8 0.3 2e-08 5e-08
12.2 8 0.298 1.5e-08 4.5e-08
12.3 8 0.296 1.75e-08 4.25e-08
12.4 8 0.293 2e-08 4e-08
12.5 8 0.291 5.25e-08 4.75e-08
12.6 8 0.289 2e-08 3e-08
12.7 8 0.286 1.75e-08 3.25e-08
12.8 8 0.284 1.5e-08 2.5e-08
12.9 8 0.282 1.5e-08 2.5e-08
13 8 0.279 7.5e-09 2.25e-08
13.1 8 0.277 7.5e-09 2.25e-08
13.2 8 0.275 7.5e-09 2.25e-08
13.3 8 0.273 1.25e-08 1.75e-08
13.4 8 0.27 1.25e-08 1.75e-08
13.5 8 0.268 1.5e-08 1.5e-08
13.6 8 0.266 0.000191 6.38e-05
13.7 8 0.264 5e-09 5e-09
13.8 8 0.261 0 0
13.9 8 0.259 7.5e-09 2.5e-09
14 8 0.257 2.5e-09 7.5e-09
14.1 8 0.255 0 0
14.2 8 0.253 1e-08 1e-08
14.3 8 0.25 1.5e-08 5e-09
14.4 8 0.248 2e-08 1e-08
14.5 8 0.246 2.25e-08 7.5e-09
14.6 8 0.244 1.5e-08 5e-09
14.7 8 0.242 1.5e-08 5e-09
14.8 8 0.24 2.25e-08 7.5e-09
14.9 8 0.238 1.75e-08 1.25e-08
15 8 0.236 2.25e-08 7.5e-09
15.1 8 0.233 2.5e-08 1.5e-08
15.2 8 0.231 2.25e-08 7.5e-09
15.3 8 0.229 2.5e-08 1.5e-08
15.4 8 0.227 3e-08 1e-08
15.5 8 0.225 2.5e-08 1.5e-08
15.6 8 0.223 3e-08 1e-08
15.7 8 0.221 3.25e-08 1.75e-08
15.8 8 0.219 3.75e-08 1.25e-08
15.9 8 0.217 3.75e-08 1.25e-08
16 8 0.215 3.75e-08 1.25e-08
16.1 8 0.213 3.75e-08 1.25e-08
16.2 8 0.211 4e-08 2e-08
16.3 8 0.209 3.75e-08 1.25e-08
16.4 8 0.207 4.5e-08 1.5e-08
16.5 8 0.205 4e-08 2e-08
16.6 8 0.203 4.5e-08 1.5e-08
16.7 8 0.201 4.5e-08 1.5e-08
16.8 8 0.199 4.5e-08 1.5e-08
16.9 8 0.197 4.5e-08 1.5e-08
17 8 0.196 4.5e-08 1.5e-08
17.1 8 0.194 5.25e-08 1.75e-08
17.2 8 0.192 5.25e-08 1.75e-08
17.3 8 0.19 5.25e-08 1.75e-08
17.4 8 0.188 5e-08 2e-08
17.5 8 0.186 5e-08 2e-08
17.6 8 0.184 5.25e-08 1.75e-08
17.7 8 0.183 5.75e-08 2.25e-08
17.8 8 0.181 5.25e-08 1.75e-08
17.9 8 0.179 5.75e-08 2.25e-08
18 8 0.177 5.75e-08 2.25e-08
18.1 8 0.176 5.75e-08 2.25e-08
18.2 8 0.174 6.25e-08 2.75e-08
18.3 8 0.172 6.5e-08 2.5e-08
18.4 8 0.17 6.25e-08 2.75e-08
18.5 8 0.169 6.75e-08 3.25e-08
18.6 8 0.167 7.75e-08 4.25e-08
18.7 8 0.165 8.75e-08 6.25e-08
18.8 8 0.164 2.1e-07 3.1e-07
18.9 8 0.162 1.12e-07 1.08e-07
19 8 0.16 2.25e-08 4.75e-08
19.1 8 0.159 1.33e-07 4.75e-08
19.2 8 0.157 2e-07 1e-07
19.3 8 0.156 1.63e-07 1.17e-07
19.4 8 0.154 1.43e-07 1.08e-07
19.5 8 0.152 1.3e-07 1e-07
19.6 8 0.151 1.05e-07 8.5e-08
19.7 8 0.149 9.25e-08 7.75e-08
19.8 8 0.148 4.75e-08 2.25e-08
19.9 8 0.146 4.75e-08 2.25e-08
20 8 0.145 4.75e-08 2.25e-08
20.1 8 0.143 4.5e-08 1.5e-08
20.2 8 0.142 4.75e-08 2.25e-08
20.3 8 0.14 5.25e-08 1.75e-08
20.4 8 0.139 4.5e-08 1.5e-08
20.5 8 0.137 4.5e-08 1.5e-08
20.6 8 0.136 5.25e-08 1.75e-08
20.7 8 0.134 4.5e-08 1.5e-08
20.8 8 0.133 4.75e-08 2.25e-08
20.9 8 0.132 4.5e-08 1.5e-08
21 8 0.13 4.5e-08 1.5e-08
21.1 8 0.129 4e-08 2e-08
21.2 8 0.127 4.75e-08 2.25e-08
21.3 8 0.126 4.5e-08 1.5e-08
21.4 8 0.125 4.5e-08 1.5e-08
21.5 8 0.123 4e-08 2e-08
21.6 8 0.122 4.5e-08 1.5e-08
21.7 8 0.121 4e-08 2e-08
21.8 8 0.119 4e-08 2e-08
21.9 8 0.118 4e-08 2e-08
22 8 0.117 4.5e-08 1.5e-08
22.1 8 0.116 4e-08 2e-08
22.2 8 0.114 3.75e-08 1.25e-08
22.3 8 0.113 3.75e-08 1.25e-08
22.4 8 0.112 4e-08 2e-08
22.5 8 0.111 4e-08 2e-08
22.6 8 0.109 3.75e-08 1.25e-08
22.7 8 0.108 3.75e-08 1.25e-08
22.8 8 0.107 3.75e-08 1.25e-08
22.9 8 0.106 3.75e-08 1.25e-08
23 8 0.105 3.75e-08 1.25e-08
23.1 8 0.104 3e-08 1e-08
23.2 8 0.102 3e-08 1e-08
23.3 8 0.101 3e-08 1e-08
23.4 8 0.1 3e-08 1e-08
23.5 8 0.0991 3.18e-08 1.12e-08
23.6 8 0.098 3.18e-08 1.12e-08
23.7 8 0.0969 3.15e-08 1.05e-08
23.8 8 0.0958 3.08e-08 1.03e-08
23.9 8 0.0948 3e-08 1e-08
24 8 0.0937 2.93e-08 9.75e-09
24.1 8 0.0927 2.93e-08 9.75e-09
24.2 8 0.0916 2.85e-08 9.5e-09
24.3 8 0.0906 2.78e-08 9.25e-09
24.4 8 0.0896 2.7e-08 9e-09
24.5 8 0.0886 2.63e-08 8.75e-09
24.6 8 0.0876 2.55e-08 8.5e-09
24.7 8 0.0866 2.47e-08 8.25e-09
24.8 8 0.0856 2.4e-08 8e-09
24.9 8 0.0847 2.38e-08 8.25e-09
25 8 0.0837 2.38e-08 8.25e-09
25.1 8 0.0828 2.25e-08 7.5e-09
25.2 8 0.0818 2.25e-08 7.5e-09
25.3 8 0.0809 2.2e-08 8e-09
25.4 8 0.08 2.1e-08 7e-09
25.5 8 0.0791 2.02e-08 6.75e-09
25.6 8 0.0782 2e-08 7e-09
25.7 8 0.0773 1.98e-08 7.25e-09
25.8 8 0.0764 1.87e-08 6.25e-09
25.9 8 0.0756 1.8e-08 6e-09
26 8 0.0747 1.78e-08 6.25e-09
26.1 8 0.0738 1.72e-08 5.75e-09
26.2 8 0.073 1.65e-08 5.5e-09
26.3 8 0.0722 1.65e-08 5.5e-09
26.4 8 0.0713 1.57e-08 5.25e-09
26.5 8 0.0705 1.55e-08 5.5e-09
26.6 8 0.0697 1.47e-08 5.25e-09
26.7 8 0.0689 1.4e-08 5e-09
26.8 8 0.0681 1.4e-08 5e-09
26.9 8 0.0673 1.32e-08 4.75e-09
27 8 0.0666 1.3e-08 5e-09
27.1 8 0.0658 1.25e-08 4.5e-09
27.2 8 0.065 1.17e-08 4.25e-09
27.3 8 0.0643 1.1e-08 4e-09
27.4 8 0.0635 1.1e-08 4e-09
27.5 8 0.0628 1.05e-08 3.5e-09
27.6 8 0.0621 1.03e-08 3.75e-09
27.7 8 0.0614 1.03e-08 3.75e-09
27.8 8 0.0606 9.25e-09 3.75e-09
27.9 8 0.0599 8.75e-09 3.25e-09
28 8 0.0592 8.25e-09 2.75e-09
28.1 8 0.0586 8e-09 3e-09
28.2 8 0.0579 7.5e-09 2.5e-09
28.3 8 0.0572 7.5e-09 2.5e-09
28.4 8 0.0565 7.25e-09 2.75e-09
28.5 8 0.0559 7.25e-09 2.75e-09
28.6 8 0.0552 7.25e-09 2.75e-09
28.7 8 0.0546 6.5e-09 2.5e-09
28.8 8 0.0539 5.75e-09 2.25e-09
28.9 8 0.0533 5.5e-09 2.5e-09
29 8 0.0527 5e-09 2e-09
29.1 8 0.0521 5e-09 2e-09
29.2 8 0.0515 5e-09 2e-09
29.3 8 0.0509 4.75e-09 2.25e-09
29.4 8 0.0503 4.25e-09 1.75e-09
29.5 8 0.0497 4.25e-09 1.75e-09
29.6 8 0.0491 3.25e-09 1.75e-09
29.7 8 0.0485 3.25e-09 1.75e-09
29.8 8 0.0479 3.5e-09 1.5e-09
29.9 8 0.0474 3.25e-09 1.75e-09
30 8 0.0468 2.25e-09 7.5e-10
30.1 8 0.0463 2.5e-09 1.5e-09
30.2 8 0.0457 2.25e-09 1.75e-09
30.3 8 0.0452 1.25e-09 7.5e-10
30.4 8 0.0446 1.5e-09 1.5e-09
30.5 8 0.0441 1.5e-09 1.5e-09
30.6 8 0.0436 1.5e-09 2.5e-09
30.7 8 0.0431 2.5e-10 7.5e-10
30.8 8 0.0426 2.5e-10 7.5e-10
30.9 8 0.0421 0 0
31 8 0.0416 0 0
31.1 8 0.0411 0 0
31.2 8 0.0406 2.5e-10 7.5e-10
31.3 8 0.0401 7.5e-10 2.5e-10
31.4 8 0.0396 2.5e-10 7.5e-10
31.5 8 0.0391 5e-10 5e-10
31.6 8 0.0387 2.5e-10 7.5e-10
31.7 8 0.0382 7.5e-10 2.5e-10
31.8 8 0.0378 0 0
31.9 8 0.0373 7.5e-10 1.25e-09
32 8 0.0369 5e-10 5e-10
32.1 8 0.0364 1.5e-09 1.5e-09
32.2 8 0.036 1.25e-09 1.75e-09
32.3 8 0.0356 1.5e-09 2.5e-09
32.4 8 0.0351 1.75e-09 2.25e-09
32.5 8 0.0347 1.5e-09 3.5e-09
32.6 8 0.0343 1.75e-09 3.25e-09
32.7 8 0.0339 1.5e-09 3.5e-09
32.8 8 0.0335 2e-09 4e-09
32.9 8 0.0331 2e-09 4e-09
33 8 0.0327 1.75e-09 4.25e-09
33.1 8 0.0323 2e-09 5e-09
33.2 8 0.0319 2.5e-09 5.5e-09
33.3 8 0.0315 2.5e-09 5.5e-09
33.4 8 0.0311 2.5e-09 5.5e-09
33.5 8 0.0308 2.75e-09 6.25e-09
33.6 8 0.0304 2.75e-09 6.25e-09
33.7 8 0.03 2.75e-09 6.25e-09
33.8 8 0.0297 3e-09 7e-09
33.9 8 0.0293 1.25e-09 3.75e-09
34 8 0.029 1.25e-09 3.75e-09
34.1 8 0.0286 1.25e-09 3.75e-09
34.2 8 0.0283 1.5e-09 3.5e-09
34.3 8 0.0279 2e-09 4e-09
34.4 8 0.0276 1.5e-09 3.5e-09
34.5 8 0.0273 1.25e-09 3.75e-09
34.6 8 0.0269 1.5e-09 4.5e-09
34.7 8 0.0266 1.25e-09 3.75e-09
34.8 8 0.0263 1.5e-09 4.5e-09
34.9 8 0.026 1.75e-09 4.25e-09
35 8 0.0257 1.25e-09 3.75e-09
35.1 8 0.0253 2e-09 4e-09
35.2 8 0.025 1.25e-09 3.75e-09
35.3 8 0.0247 1.5e-09 4.5e-09
35.4 8 0.0244 1.5e-09 4.5e-09
35.5 8 0.0241 1.5e-09 4.5e-09
35.6 8 0.0239 1.5e-09 4.5e-09
35.7 8 0.0236 2e-09 4e-09
35.8 8 0.0233 1.5e-09 4.5e-09
35.9 8 0.023 1.5e-09 4.5e-09
36 8 0.0227 1.5e-09 4.5e-09
36.1 8 0.0224 1.5e-09 4.5e-09
36.2 8 0.0222 1.5e-09 4.5e-09
36.3 8 0.0219 1.5e-09 4.5e-09
36.4 8 0.0216 2e-09 4e-09
36.5 8 0.0214 1.5e-09 4.5e-09
36.6 8 0.0211 2.25e-09 4.75e-09
36.7 8 0.0209 2.25e-09 4.75e-09
36.8 8 0.0206 1.5e-09 4.5e-09
36.9 8 0.0204 1.5e-09 4.5e-09
37 8 0.0201 1.5e-09 4.5e-09
37.1 8 0.0199 1.75e-09 5.25e-09
37.2 8 0.0196 1.5e-09 4.5e-09
37.3 8 0.0194 1.5e-09 4.5e-09
37.4 8 0.0191 1.5e-09 4.5e-09
37.5 8 0.0189 1.5e-09 4.5e-09
37.6 8 0.0187 1.5e-09 4.5e-09
37.7 8 0.0185 1.75e-09 5.25e-09
37.8 8 0.0182 1.75e-09 5.25e-09
37.9 8 0.018 1.5e-09 4.5e-09
38 8 0.0178 1.75e-09 5.25e-09
38.1 8 0.0176 1.5e-09 4.5e-09
38.2 8 0.0174 1.5e-09 4.5e-09
38.3 8 0.0171 1.5e-09 4.5e-09
38.4 8 0.0169 1.75e-09 5.25e-09
38.5 8 0.0167 1.5e-09 4.5e-09
38.6 8 0.0165 1.5e-09 4.5e-09
38.7 8 0.0163 1.5e-09 4.5e-09
38.8 8 0.0161 1.5e-09 4.5e-09
38.9 8 0.0159 1.5e-09 4.5e-09
39 8 0.0157 2.25e-09 4.75e-09
39.1 8 0.0155 1.5e-09 4.5e-09
39.2 8 0.0153 1.5e-09 4.5e-09
39.3 8 0.0152 1.5e-09 4.5e-09
39.4 8 0.015 1.5e-09 4.5e-09
39.5 8 0.0148 1.5e-09 4.5e-09
39.6 8 0.0146 1.5e-09 4.5e-09
39.7 8 0.0144 1.5e-09 4.5e-09
39.8 8 0.0143 1.5e-09 4.5e-09
39.9 8 0.0141 1.5e-09 4.5e-09
40 8 0.0139 1.5e-09 4.5e-09
40.1 8 0.0137 1.5e-09 4.5e-09
40.2 8 0.0136 1.5e-09 4.5e-09
40.3 8 0.0134 1.5e-09 4.5e-09
40.4 8 0.0132 1.75e-09 4.25e-09
40.5 8 0.0131 1.25e-09 3.75e-09
40.6 8 0.0129 1.5e-09 4.5e-09
40.7 8 0.0128 1.5e-09 4.5e-09
40.8 8 0.0126 1.25e-09 3.75e-09
40.9 8 0.0125 1.5e-09 4.5e-09
41 8 0.0123 1.25e-09 3.75e-09
41.1 8 0.0121 1.25e-09 3.75e-09
41.2 8 0.012 1.5e-09 4.5e-09
41.3 8 0.0119 1.5e-09 4.5e-09
41.4 8 0.0117 1.25e-09 3.75e-09
41.5 8 0.0116 1.25e-09 3.75e-09
41.6 8 0.0114 1.25e-09 3.75e-09
41.7 8 0.0113 2e-09 4e-09
41.8 8 0.0111 1.25e-09 3.75e-09
41.9 8 0.011 1.25e-09 3.75e-09
42 8 0.0109 1.25e-09 3.75e-09
42.1 8 0.0107 1.25e-09 3.75e-09
42.2 8 0.0106 1.5e-09 3.5e-09
42.3 8 0.0105 1.25e-09 3.75e-09
42.4 8 0.0103 1.25e-09 3.75e-09
42.5 8 0.0102 1.25e-09 3.75e-09
42.6 8 0.0101 1.25e-09 3.75e-09
42.7 8 0.00997 1.28e-09 3.63e-09
42.8 8 0.00985 1.25e-09 3.65e-09
42.9 8 0.00972 1.2e-09 3.6e-09
43 8 0.00961 1.23e-09 3.58e-09
43.1 8 0.00949 1.2e-09 3.6e-09
43.2 8 0.00937 1.23e-09 3.58e-09
43.3 8 0.00926 1.17e-09 3.53e-09
43.4 8 0.00914 1.17e-09 3.53e-09
43.5 8 0.00903 1.15e-09 3.45e-09
43.6 8 0.00892 1.17e-09 3.43e-09
43.7 8 0.00881 1.12e-09 3.38e-09
43.8 8 0.0087 1.17e-09 3.43e-09
43.9 8 0.00859 1.12e-09 3.38e-09
44 8 0.00849 1.15e-09 3.35e-09
44.1 8 0.00838 1.12e-09 3.27e-09
44.2 8 0.00828 1.12e-09 3.27e-09
44.3 8 0.00818 1.12e-09 3.27e-09
44.4 8 0.00808 1.07e-09 3.22e-09
44.5 8 0.00798 1.1e-09 3.2e-09
44.6 8 0.00788 1.07e-09 3.12e-09
44.7 8 0.00778 1.05e-09 3.15e-09
44.8 8 0.00769 1.03e-09 3.07e-09
44.9 8 0.00759 1.03e-09 3.07e-09
45 8 0.0075 1.07e-09 3.03e-09
45.1 8 0.00741 1e-09 3e-09
45.2 8 0.00731 1e-09 3e-09
45.3 8 0.00722 9.75e-10 2.93e-09
45.4 8 0.00713 9.75e-10 2.93e-09
45.5 8 0.00705 1.03e-09 2.88e-09
45.6 8 0.00696 9.5e-10 2.85e-09
45.7 8 0.00687 9.5e-10 2.85e-09
45.8 8 0.00679 9.25e-10 2.78e-09
45.9 8 0.00671 1e-09 2.8e-09
46 8 0.00662 9.75e-10 2.83e-09
46.1 8 0.00654 9.5e-10 2.75e-09
46.2 8 0.00646 9.5e-10 2.75e-09
46.3 8 0.00638 9e-10 2.7e-09
46.4 8 0.0063 8.75e-10 2.62e-09
46.5 8 0.00622 8.75e-10 2.62e-09
46.6 8 0.00615 9e-10 2.6e-09
46.7 8 0.00607 9.25e-10 2.57e-09
46.8 8 0.006 8.5e-10 2.55e-09
46.9 8 0.00592 8.25e-10 2.47e-09
47 8 0.00585 8.25e-10 2.47e-09
47.1 8 0.00578 8.25e-10 2.47e-09
47.2 8 0.00571 8.5e-10 2.45e-09
47.3 8 0.00564 8e-10 2.4e-09
47.4 8 0.00557 8.25e-10 2.38e-09
47.5 8 0.0055 8.25e-10 2.38e-09
47.6 8 0.00543 7.75e-10 2.33e-09
47.7 8 0.00536 8.25e-10 2.38e-09
47.8 8 0.0053 8e-10 2.3e-09
47.9 8 0.00523 8e-10 2.3e-09
48 8 0.00517 8.25e-10 2.28e-09
48.1 8 0.0051 7.75e-10 2.23e-09
48.2 8 0.00504 8.5e-10 2.25e-09
48.3 8 0.00498 7.75e-10 2.23e-09
48.4 8 0.00492 7.5e-10 2.15e-09
48.5 8 0.00485 7.75e-10 2.13e-09
48.6 8 0.00479 7.5e-10 2.05e-09
48.7 8 0.00474 7.75e-10 2.13e-09
48.8 8 0.00468 7.5e-10 2.05e-09
48.9 8 0.00462 7.5e-10 2.05e-09
49 8 0.00456 6.75e-10 2.02e-09
49.1 8 0.00451 7e-10 2e-09
49.2 8 0.00445 6.75e-10 2.02e-09
49.3 8 0.00439 6.5e-10 1.95e-09
49.4 8 0.00434 6.5e-10 1.95e-09
49.5 8 0.00429 6.5e-10 1.95e-09
49.6 8 0.00423 6.5e-10 1.95e-09
49.7 8 0.00418 6.75e-10 1.92e-09
49.8 8 0.00413 6.25e-10 1.87e-09
49.9 8 0.00408 6.25e-10 1.87e-09
50 8 0.00403 6.5e-10 1.85e-09
50.1 8 0.00398 6e-10 1.8e-09
50.2 8 0.00393 6e-10 1.8e-09
50.3 8 0.00388 6e-10 1.8e-09
50.4 8 0.00383 6e-10 1.8e-09
50.5 8 0.00379 5.75e-10 1.72e-09
50.6 8 0.00374 5.75e-10 1.72e-09
50.7 8 0.00369 5.5e-10 1.65e-09
50.8 8 0.00365 6e-10 1.7e-09
50.9 8 0.0036 5.5e-10 1.65e-09
51 8 0.00356 5.5e-10 1.65e-09
51.1 8 0.00351 5.75e-10 1.63e-09
51.2 8 0.00347 5.5e-10 1.65e-09
51.3 8 0.00343 5.5e-10 1.65e-09
51.4 8 0.00338 5.25e-10 1.58e-09
51.5 8 0.00334 5.25e-10 1.58e-09
51.6 8 0.0033 5.5e-10 1.55e-09
51.7 8 0.00326 5.25e-10 1.58e-09
51.8 8 0.00322 5.5e-10 1.55e-09
51.9 8 0.00318 5e-10 1.5e-09
52 8 0.00314 5e-10 1.5e-09
52.1 8 0.0031 5.25e-10 1.47e-09
52.2 8 0.00306 5e-10 1.5e-09
52.3 8 0.00302 4.75e-10 1.42e-09
52.4 8 0.00299 4.75e-10 1.42e-09
52.5 8 0.00295 4.75e-10 1.42e-09
52.6 8 0.00291 4.5e-10 1.35e-09
52.7 8 0.00288 5e-10 1.4e-09
52.8 8 0.00284 4.5e-10 1.35e-09
52.9 8 0.00281 4.75e-10 1.33e-09
53 8 0.00277 4.75e-10 1.33e-09
53.1 8 0.00274 4.25e-10 1.28e-09
53.2 8 0.0027 4.25e-10 1.28e-09
53.3 8 0.00267 4.25e-10 1.28e-09
53.4 8 0.00264 4.25e-10 1.28e-09
53.5 8 0.0026 4e-10 1.2e-09
53.6 8 0.00257 4.5e-10 1.25e-09
53.7 8 0.00254 4.5e-10 1.25e-09
53.8 8 0.00251 4e-10 1.2e-09
53.9 8 0.00248 4e-10 1.2e-09
54 8 0.00245 4e-10 1.2e-09
54.1 8 0.00242 3.75e-10 1.12e-09
54.2 8 0.00239 3.75e-10 1.12e-09
54.3 8 0.00236 3.75e-10 1.12e-09
54.4 8 0.00233 3.75e-10 1.12e-09
54.5 8 0.0023 3.75e-10 1.12e-09
54.6 8 0.00227 3.75e-10 1.12e-09
54.7 8 0.00224 3.5e-10 1.05e-09
54.8 8 0.00221 3.75e-10 1.12e-09
54.9 8 0.00219 3.5e-10 1.05e-09
55 8 0.00216 3.5e-10 1.05e-09
55.1 8 0.00213 3.5e-10 1.05e-09
55.2 8 0.00211 3.5e-10 1.05e-09
55.3 8 0.00208 3.25e-10 9.75e-10
55.4 8 0.00206 3.75e-10 1.03e-09
55.5 8 0.00203 3.75e-10 1.03e-09
55.6 8 0.002 3.75e-10 1.03e-09
55.7 8 0.00198 3.25e-10 9.75e-10
55.8 8 0.00196 3.25e-10 9.75e-10
55.9 8 0.00193 3e-10 9e-10
56 8 0.00191 3e-10 9e-10
56.1 8 0.00188 3e-10 9e-10
56.2 8 0.00186 3e-10 9e-10
56.3 8 0.00184 3e-10 9e-10
56.4 8 0.00181 2.75e-10 8.25e-10
56.5 8 0.00179 2.75e-10 8.25e-10
56.6 8 0.00177 2.75e-10 8.25e-10
56.7 8 0.00175 2.75e-10 8.25e-10
56.8 8 0.00173 3.25e-10 8.75e-10
56.9 8 0.0017 2.75e-10 8.25e-10
57 8 0.00168 2.75e-10 8.25e-10
57.1 8 0.00166 2.75e-10 8.25e-10
57.2 8 0.00164 2.75e-10 8.25e-10
57.3 8 0.00162 2.75e-10 8.25e-10
57.4 8 0.0016 2.75e-10 8.25e-10
57.5 8 0.00158 2.5e-10 7.5e-10
57.6 8 0.00156 2.75e-10 8.25e-10
57.7 8 0.00154 3e-10 8e-10
57.8 8 0.00152 2.5e-10 7.5e-10
57.9 8 0.0015 2.5e-10 7.5e-10
58 8 0.00149 2.75e-10 7.25e-10
58.1 8 0.00147 2.5e-10 7.5e-10
58.2 8 0.00145 2.5e-10 7.5e-10
58.3 8 0.00143 2.25e-10 6.75e-10
58.4 8 0.00141 2.25e-10 6.75e-10
58.5 8 0.0014 2.25e-10 6.75e-10
58.6 8 0.00138 2.25e-10 6.75e-10
58.7 8 0.00136 2.25e-10 6.75e-10
58.8 8 0.00134 2.5e-10 6.5e-10
58.9 8 0.00133 2.25e-10 6.75e-10
59 8 0.00131 2e-10 6e-10
59.1 8 0.0013 2.25e-10 6.75e-10
59.2 8 0.00128 2.25e-10 6.75e-10
59.3 8 0.00126 2e-10 6e-10
59.4 8 0.00125 2e-10 6e-10
59.5 8 0.00123 2e-10 6e-10
59.6 8 0.00122 2e-10 6e-10
59.7 8 0.0012 2e-10 6e-10
59.8 8 0.00119 2e-10 6e-10
59.9 8 0.00117 1.75e-10 5.25e-10
60 8 0.00116 1.75e-10 5.25e-10
60.1 8 0.00114 1.75e-10 5.25e-10
60.2 8 0.00113 1.75e-10 5.25e-10
60.3 8 0.00112 1.75e-10 5.25e-10
60.4 8 0.0011 1.75e-10 5.25e-10
60.5 8 0.00109 2e-10 6e-10
60.6 8 0.00107 2e-10 6e-10
60.7 8 0.00106 1.75e-10 5.25e-10
60.8 8 0.00105 2.25e-10 5.75e-10
60.9 8 0.00103 1.75e-10 5.25e-10
61 8 0.00102 1.75e-10 5.25e-10
61.1 8 0.00101 1.5e-10 4.5e-10
61.2 8 0.000997 1.7e-10 5e-10
61.3 8 0.000984 1.67e-10 4.93e-10
61.4 8 0.000972 1.65e-10 4.85e-10
61.5 8 0.00096 1.67e-10 4.83e-10
61.6 8 0.000948 1.63e-10 4.77e-10
61.7 8 0.000936 1.6e-10 4.7e-10
61.8 8 0.000925 1.6e-10 4.7e-10
61.9 8 0.000913 1.57e-10 4.63e-10
62 8 0.000902 1.55e-10 4.55e-10
62.1 8 0.000891 1.55e-10 4.55e-10
62.2 8 0.00088 1.5e-10 4.4e-10
62.3 8 0.000869 1.5e-10 4.4e-10
62.4 8 0.000858 1.52e-10 4.37e-10
62.5 8 0.000847 1.45e-10 4.25e-10
62.6 8 0.000837 1.45e-10 4.25e-10
62.7 8 0.000826 1.42e-10 4.18e-10
62.8 8 0.000816 1.42e-10 4.18e-10
62.9 8 0.000806 1.37e-10 4.03e-10
63 8 0.000796 1.4e-10 4.1e-10
63.1 8 0.000786 1.37e-10 4.03e-10
63.2 8 0.000776 1.35e-10 3.95e-10
63.3 8 0.000767 1.33e-10 3.88e-10
63.4 8 0.000757 1.35e-10 3.85e-10
63.5 8 0.000748 1.3e-10 3.8e-10
63.6 8 0.000738 1.27e-10 3.73e-10
63.7 8 0.000729 1.27e-10 3.73e-10
63.8 8 0.00072 1.25e-10 3.65e-10
63.9 8 0.000711 1.22e-10 3.58e-10
64 8 0.000702 1.22e-10 3.58e-10
64.1 8 0.000694 1.2e-10 3.5e-10
64.2 8 0.000685 1.2e-10 3.5e-10
64.3 8 0.000677 1.2e-10 3.5e-10
64.4 8 0.000668 1.15e-10 3.35e-10
64.5 8 0.00066 1.15e-10 3.35e-10
64.6 8 0.000652 1.15e-10 3.35e-10
64.7 8 0.000644 1.12e-10 3.28e-10
64.8 8 0.000636 1.12e-10 3.28e-10
64.9 8 0.000628 1.1e-10 3.2e-10
65 8 0.00062 1.1e-10 3.2e-10
65.1 8 0.000612 1.08e-10 3.13e-10
65.2 8 0.000605 1.05e-10 3.05e-10
65.3 8 0.000597 1.05e-10 3.05e-10
65.4 8 0.00059 1e-10 3e-10
65.5 8 0.000582 1.02e-10 2.98e-10
65.6 8 0.000575 1.02e-10 2.98e-10
65.8 8 0.000561 1e-10 2.9e-10
92.9 8 1.9e-05 3.25e-12 9.75e-12
93 8 1.87e-05 3.25e-12 9.75e-12
93.1 8 1.85e-05 3e-12 9e-12
93.2 8 1.83e-05 3e-12 9e-12
93.3 8 1.8e-05 3.25e-12 9.75e-12
93.4 8 1.78e-05 3.25e-12 9.75e-12
93.5 8 1.76e-05 3e-12 9e-12
93.6 8 1.74e-05 3e-12 9e-12
93.7 8 1.72e-05 3e-12 9e-12
93.8 8 1.7e-05 3.25e-12 8.75e-12
93.9 8 1.67e-05 2.75e-12 8.25e-12
94 8 1.65e-05 3e-12 9e-12
94.1 8 1.63e-05 2.75e-12 8.25e-12
94.2 8 1.61e-05 2.75e-12 8.25e-12
94.3 8 1.59e-05 3e-12 8e-12
94.4 8 1.57e-05 3e-12 8e-12
94.5 8 1.55e-05 3e-12 8e-12
94.6 8 1.53e-05 2.5e-12 7.5e-12
94.7 8 1.51e-05 2.5e-12 7.5e-12
94.8 8 1.5e-05 2.5e-12 7.5e-12
94.9 8 1.48e-05 2.5e-12 7.5e-12
95 8 1.46e-05 2.5e-12 7.5e-12
95.1 8 1.44e-05 2.5e-12 7.5e-12
95.2 8 1.42e-05 2.5e-12 7.5e-12
95.3 8 1.41e-05 2.5e-12 7.5e-12
95.4 8 1.39e-05 2.25e-12 6.75e-12
95.5 8 1.37e-05 2.25e-12 6.75e-12
95.6 8 1.35e-05 2.75e-12 7.25e-12
95.7 8 1.34e-05 2.5e-12 7.5e-12
95.8 8 1.32e-05 2.75e-12 7.25e-12
95.9 8 1.3e-05 2.25e-12 6.75e-12
96 8 1.29e-05 2.25e-12 6.75e-12
96.1 8 1.27e-05 2.25e-12 6.75e-12
96.2 8 1.26e-05 2e-12 6e-12
96.3 8 1.24e-05 2.5e-12 6.5e-12
96.4 8 1.22e-05 2.5e-12 6.5e-12
96.5 8 1.21e-05 2e-12 6e-12
96.6 8 1.19e-05 2.25e-12 6.75e-12
96.7 8 1.18e-05 2.5e-12 6.5e-12
96.8 8 1.17e-05 2e-12 6e-12
96.9 8 1.15e-05 2e-12 6e-12
97 8 1.14e-05 2e-12 6e-12
97.1 8 1.12e-05 2e-12 6e-12
97.2 8 1.11e-05 2e-12 6e-12
97.3 8 1.09e-05 1.75e-12 5.25e-12
97.4 8 1.08e-05 2e-12 6e-12
97.5 8 1.07e-05 1.75e-12 5.25e-12
97.6 8 1.05e-05 1.75e-12 5.25e-12
97.7 8 1.04e-05 1.75e-12 5.25e-12
97.8 8 1.03e-05 1.75e-12 5.25e-12
97.9 8 1.02e-05 1.75e-12 5.25e-12
98 8 1e-05 1.5e-12 4.5e-12
98.1 8 9.9e-06 1.78e-12 5.13e-12
98.2 8 9.78e-06 1.73e-12 5.08e-12
98.3 8 9.66e-06 1.7e-12 5e-12
98.4 8 9.54e-06 1.68e-12 4.93e-12
98.5 8 9.42e-06 1.65e-12 4.85e-12
98.6 8 9.3e-06 1.65e-12 4.85e-12
98.7 8 9.19e-06 1.63e-12 4.78e-12
98.8 8 9.07e-06 1.6e-12 4.7e-12
98.9 8 8.96e-06 1.58e-12 4.63e-12
99 8 8.85e-06 1.6e-12 4.6e-12
99.1 8 8.74e-06 1.58e-12 4.53e-12
99.2 8 8.63e-06 1.53e-12 4.48e-12
99.3 8 8.52e-06 1.5e-12 4.4e-12
99.4 8 8.42e-06 1.5e-12 4.4e-12
99.5 8 8.31e-06 1.48e-12 4.33e-12
99.6 8 8.21e-06 1.5e-12 4.3e-12
99.7 8 8.11e-06 1.45e-12 4.25e-12
99.8 8 8.01e-06 1.4e-12 4.1e-12
99.9 8 7.91e-06 1.4e-12 4.1e-12
