-25 9.2 0.119 2.25e-08 7.5e-09
-24.9 9.2 0.12 1.5e-08 5e-09
-24.8 9.2 0.122 1.5e-08 5e-09
-24.7 9.2 0.123 2.25e-08 7.5e-09
-24.6 9.2 0.124 2.25e-08 7.5e-09
-24.5 9.2 0.125 2.25e-08 7.5e-09
-24.4 9.2 0.126 2.25e-08 7.5e-09
-24.3 9.2 0.127 2.25e-08 7.5e-09
-24.2 9.2 0.129 1.5e-08 5e-09
-24.1 9.2 0.13 1.5e-08 5e-09
-24 9.2 0.131 1.75e-08 1.25e-08
-23.9 9.2 0.132 2.25e-08 7.5e-09
-23.8 9.2 0.133 1.5e-08 5e-09
-23.7 9.2 0.135 2.25e-08 7.5e-09
-23.6 9.2 0.136 2.25e-08 7.5e-09
-23.5 9.2 0.137 1.75e-08 1.25e-08
-23.4 9.2 0.138 2.25e-08 7.5e-09
-23.3 9.2 0.14 1.75e-08 1.25e-08
-23.2 9.2 0.141 2.25e-08 7.5e-09
-23.1 9.2 0.142 2.25e-08 7.5e-09
-23 9.2 0.144 2.25e-08 7.5e-09
-22.9 9.2 0.145 1.75e-08 1.25e-08
-22.8 9.2 0.146 2.25e-08 7.5e-09
-22.7 9.2 0.148 2.25e-08 7.5e-09
-22.6 9.2 0.149 1.75e-08 1.25e-08
-22.5 9.2 0.15 2.25e-08 7.5e-09
-22.4 9.2 0.152 3.75e-08 3.25e-08
-22.3 9.2 0.153 5e-08 4e-08
-22.2 9.2 0.154 5.75e-08 4.25e-08
-22.1 9.2 0.156 6.75e-08 5.25e-08
-22 9.2 0.157 8.75e-08 4.25e-08
-21.9 9.2 0.159 6e-08 2e-08
-21.8 9.2 0.16 1.5e-08 2.5e-08
-21.7 9.2 0.161 6.77e-07 2.72e-07
-21.6 9.2 0.163 4.75e-08 4.25e-08
-21.5 9.2 0.164 3.25e-08 1.75e-08
-21.4 9.2 0.166 2.75e-08 1.25e-08
-21.3 9.2 0.167 2.75e-08 1.25e-08
-21.2 9.2 0.169 2.75e-08 1.25e-08
-21.1 9.2 0.17 2.75e-08 1.25e-08
-21 9.2 0.172 2.25e-08 7.5e-09
-20.9 9.2 0.173 3e-08 1e-08
-20.8 9.2 0.175 2.25e-08 7.5e-09
-20.7 9.2 0.176 3e-08 1e-08
-20.6 9.2 0.178 3e-08 1e-08
-20.5 9.2 0.179 2.25e-08 7.5e-09
-20.4 9.2 0.181 2.25e-08 7.5e-09
-20.3 9.2 0.182 2.25e-08 7.5e-09
-20.2 9.2 0.184 2.25e-08 7.5e-09
-20.1 9.2 0.185 2.25e-08 7.5e-09
-20 9.2 0.187 2.75e-08 1.25e-08
-19.9 9.2 0.189 2.25e-08 7.5e-09
-19.8 9.2 0.19 2.25e-08 7.5e-09
-19.7 9.2 0.192 2.25e-08 7.5e-09
-19.6 9.2 0.194 2.25e-08 7.5e-09
-19.5 9.2 0.195 2.25e-08 7.5e-09
-19.4 9.2 0.197 2.25e-08 7.5e-09
-19.3 9.2 0.198 2.25e-08 7.5e-09
-19.2 9.2 0.2 2.25e-08 7.5e-09
-19.1 9.2 0.202 2.25e-08 7.5e-09
-19 9.2 0.203 2.25e-08 7.5e-09
-18.9 9.2 0.205 1.5e-08 5e-09
-18.8 9.2 0.207 1.5e-08 5e-09
-18.7 9.2 0.209 2.25e-08 7.5e-09
-18.6 9.2 0.21 2.25e-08 7.5e-09
-18.5 9.2 0.212 1.5e-08 5e-09
-18.4 9.2 0.214 2.25e-08 7.5e-09
-18.3 9.2 0.216 1.5e-08 5e-09
-18.2 9.2 0.217 1.5e-08 5e-09
-18.1 9.2 0.219 1.5e-08 5e-09
-18 9.2 0.221 1.5e-08 5e-09
-17.9 9.2 0.223 1e-08 1e-08
-17.8 9.2 0.224 1.5e-08 5e-09
-17.7 9.2 0.226 1.5e-08 5e-09
-17.6 9.2 0.228 1.5e-08 5e-09
-17.5 9.2 0.23 1.5e-08 5e-09
-17.4 9.2 0.232 7.5e-09 2.5e-09
-17.3 9.2 0.233 7.5e-09 2.5e-09
-17.2 9.2 0.235 7.5e-09 2.5e-09
-17.1 9.2 0.237 7.5e-09 2.5e-09
-17 9.2 0.239 1.5e-08 5e-09
-16.9 9.2 0.241 7.5e-09 2.5e-09
-16.8 9.2 0.243 2.5e-09 7.5e-09
-16.7 9.2 0.245 7.5e-09 2.5e-09
-16.6 9.2 0.246 1.25e-08 7.5e-09
-16.5 9.2 0.248 7.5e-09 2.5e-09
-16.4 9.2 0.25 7.5e-09 2.5e-09
-16.3 9.2 0.252 0 0
-16.2 9.2 0.254 0 0
-16.1 9.2 0.256 0 0
-16 9.2 0.258 0 0
-15.9 9.2 0.26 5e-09 5e-09
-15.8 9.2 0.262 0 0
-15.7 9.2 0.264 0 0
-15.6 9.2 0.266 5e-09 1.5e-08
-15.5 9.2 0.268 2.5e-09 7.5e-09
-15.4 9.2 0.269 2.5e-09 7.5e-09
-15.3 9.2 0.271 7.5e-09 2.5e-09
-15.2 9.2 0.273 5e-09 5e-09
-15.1 9.2 0.275 2.5e-09 7.5e-09
-15 9.2 0.277 2.5e-09 7.5e-09
-14.9 9.2 0.279 5e-09 1.5e-08
-14.8 9.2 0.281 1e-08 1e-08
-14.7 9.2 0.283 5e-09 1.5e-08
-14.6 9.2 0.285 5e-09 1.5e-08
-14.5 9.2 0.287 5e-09 1.5e-08
-14.4 9.2 0.289 5e-09 1.5e-08
-14.3 9.2 0.291 7.25e-08 3.75e-08
-14.2 9.2 0.293 5e-09 1.5e-08
-14.1 9.2 0.295 5e-09 1.5e-08
-14 9.2 0.297 1.5e-08 2.5e-08
-13.9 9.2 0.299 1.25e-08 1.75e-08
-13.8 9.2 0.301 7.5e-09 2.25e-08
-13.7 9.2 0.304 1e-08 2e-08
-13.6 9.2 0.306 7.5e-09 2.25e-08
-13.5 9.2 0.308 1e-08 3e-08
-13.4 9.2 0.31 7.5e-09 2.25e-08
-13.3 9.2 0.312 1e-08 3e-08
-13.2 9.2 0.314 1e-08 3e-08
-13.1 9.2 0.316 1e-08 3e-08
-13 9.2 0.318 1e-08 3e-08
-12.9 9.2 0.32 1e-08 3e-08
-12.8 9.2 0.322 1e-08 3e-08
-12.7 9.2 0.324 1e-08 3e-08
-12.6 9.2 0.326 1e-08 3e-08
-12.5 9.2 0.328 1.25e-08 3.75e-08
-12.4 9.2 0.33 1e-08 3e-08
-12.3 9.2 0.332 1e-08 3e-08
-12.2 9.2 0.334 1e-08 3e-08
-12.1 9.2 0.336 1.25e-08 3.75e-08
-12 9.2 0.338 1.25e-08 3.75e-08
-11.9 9.2 0.34 2e-08 4e-08
-11.8 9.2 0.342 1.25e-08 3.75e-08
-11.7 9.2 0.344 1.5e-08 4.5e-08
-11.6 9.2 0.347 2e-08 4e-08
-11.5 9.2 0.349 1.25e-08 3.75e-08
-11.4 9.2 0.351 1.25e-08 3.75e-08
-11.3 9.2 0.353 1.5e-08 4.5e-08
-11.2 9.2 0.355 2e-08 4e-08
-11.1 9.2 0.357 1.5e-08 4.5e-08
-11 9.2 0.359 1.5e-08 4.5e-08
-10.9 9.2 0.361 1.5e-08 4.5e-08
-10.8 9.2 0.363 1.5e-08 4.5e-08
-10.7 9.2 0.365 1.5e-08 4.5e-08
-10.6 9.2 0.367 1.5e-08 4.5e-08
-10.5 9.2 0.369 2.25e-08 4.75e-08
-10.4 9.2 0.371 2.25e-08 4.75e-08
-10.3 9.2 0.373 2.25e-08 4.75e-08
-10.2 9.2 0.375 1.5e-08 4.5e-08
-10.1 9.2 0.377 1.5e-08 4.5e-08
-10 9.2 0.379 1.5e-08 4.5e-08
-9.9 9.2 0.381 1.75e-08 5.25e-08
-9.8 9.2 0.383 2.25e-08 4.75e-08
-9.7 9.2 0.385 2.25e-08 4.75e-08
-9.6 9.2 0.387 1.5e-08 4.5e-08
-9.5 9.2 0.389 1.5e-08 4.5e-08
-9.4 9.2 0.391 2.25e-08 4.75e-08
-9.3 9.2 0.392 2.25e-08 4.75e-08
-9.2 9.2 0.394 2.25e-08 4.75e-08
-9.1 9.2 0.396 2.25e-08 4.75e-08
-9 9.2 0.398 2.25e-08 4.75e-08
-8.9 9.2 0.4 2.25e-08 4.75e-08
-8.8 9.2 0.402 2.25e-08 4.75e-08
-8.7 9.2 0.404 2.25e-08 4.75e-08
-8.6 9.2 0.406 2e-08 4e-08
-8.5 9.2 0.408 1.5e-08 4.5e-08
-8.4 9.2 0.409 1.5e-08 4.5e-08
-8.3 9.2 0.411 1.5e-08 4.5e-08
-8.2 9.2 0.413 2e-08 4e-08
-8.1 9.2 0.415 1.25e-08 3.75e-08
-8 9.2 0.417 1.25e-08 3.75e-08
-7.9 9.2 0.418 1.75e-08 3.25e-08
-7.8 9.2 0.42 1.5e-08 3.5e-08
-7.7 9.2 0.422 1.5e-08 3.5e-08
-7.6 9.2 0.424 1.25e-08 3.75e-08
-7.5 9.2 0.425 1.75e-08 3.25e-08
-7.4 9.2 0.427 1.75e-08 3.25e-08
-7.3 9.2 0.429 6.25e-08 7.75e-08
-7.2 9.2 0.431 7.5e-08 9.5e-08
-7.1 9.2 0.432 8e-08 1.4e-07
-7 9.2 0.434 2e-08 3e-08
-6.9 9.2 0.436 1.68e-07 8.25e-08
-6.8 9.2 0.437 2.5e-08 3.5e-08
-6.7 9.2 0.439 1.75e-08 3.25e-08
-6.6 9.2 0.44 1e-08 3e-08
-6.5 9.2 0.442 7.5e-09 2.25e-08
-6.4 9.2 0.444 1e-08 3e-08
-6.3 9.2 0.445 7.5e-09 2.25e-08
-6.2 9.2 0.447 7.5e-09 2.25e-08
-6.1 9.2 0.448 5e-09 1.5e-08
-6 9.2 0.45 5e-09 1.5e-08
-5.9 9.2 0.451 5e-09 1.5e-08
-5.8 9.2 0.453 5e-09 1.5e-08
-5.7 9.2 0.454 1e-08 1e-08
-5.6 9.2 0.455 2.5e-09 7.5e-09
-5.5 9.2 0.457 2.5e-09 7.5e-09
-5.4 9.2 0.458 2.5e-09 7.5e-09
-5.3 9.2 0.46 7.5e-09 1.25e-08
-5.2 9.2 0.461 5e-09 5e-09
-5.1 9.2 0.462 0 0
-5 9.2 0.464 0 0
-4.9 9.2 0.465 2.5e-09 7.5e-09
-4.8 9.2 0.466 7.5e-09 2.5e-09
-4.7 9.2 0.467 7.5e-09 2.5e-09
-4.6 9.2 0.469 7.5e-09 2.5e-09
-4.5 9.2 0.47 1.5e-08 5e-09
-4.4 9.2 0.471 1.5e-08 5e-09
-4.3 9.2 0.472 1.5e-08 5e-09
-4.2 9.2 0.473 1.5e-08 5e-09
-4.1 9.2 0.474 1.5e-08 5e-09
-4 9.2 0.475 2.25e-08 7.5e-09
-3.9 9.2 0.476 2.25e-08 7.5e-09
-3.8 9.2 0.477 2.25e-08 7.5e-09
-3.7 9.2 0.478 2.25e-08 7.5e-09
-3.6 9.2 0.479 3e-08 1e-08
-3.5 9.2 0.48 3e-08 1e-08
-3.4 9.2 0.481 3e-08 1e-08
-3.3 9.2 0.482 3e-08 1e-08
-3.2 9.2 0.483 3.75e-08 1.25e-08
-3.1 9.2 0.484 3e-08 1e-08
-3 9.2 0.485 3.25e-08 1.75e-08
-2.9 9.2 0.486 3.75e-08 1.25e-08
-2.8 9.2 0.486 3.75e-08 1.25e-08
-2.7 9.2 0.487 3.75e-08 1.25e-08
-2.6 9.2 0.488 4.5e-08 1.5e-08
-2.5 9.2 0.489 4.5e-08 1.5e-08
-2.4 9.2 0.489 4.75e-08 2.25e-08
-2.3 9.2 0.49 4.5e-08 1.5e-08
-2.2 9.2 0.49 4.75e-08 2.25e-08
-2.1 9.2 0.491 4.75e-08 2.25e-08
-2 9.2 0.492 4.75e-08 2.25e-08
-1.9 9.2 0.492 5.25e-08 1.75e-08
-1.8 9.2 0.493 5.5e-08 2.5e-08
-1.7 9.2 0.493 5.5e-08 2.5e-08
-1.6 9.2 0.494 5.5e-08 2.5e-08
-1.5 9.2 0.494 5.5e-08 2.5e-08
-1.4 9.2 0.494 5.5e-08 2.5e-08
-1.3 9.2 0.495 6e-08 2e-08
-1.2 9.2 0.495 6e-08 2e-08
-1.1 9.2 0.496 5.5e-08 2.5e-08
-1 9.2 0.496 5.5e-08 2.5e-08
-0.9 9.2 0.496 6e-08 2e-08
-0.8 9.2 0.496 5.5e-08 2.5e-08
-0.7 9.2 0.497 6.25e-08 2.75e-08
-0.6 9.2 0.497 6e-08 2e-08
-0.5 9.2 0.497 5.5e-08 2.5e-08
-0.4 9.2 0.497 6e-08 2e-08
-0.3 9.2 0.497 6.25e-08 2.75e-08
-0.2 9.2 0.497 6.25e-08 2.75e-08
-0.1 9.2 0.497 6e-08 2e-08
0 9.2 0.497 6.25e-08 2.75e-08
0.1 9.2 0.497 6e-08 2e-08
0.2 9.2 0.497 6.25e-08 2.75e-08
0.3 9.2 0.497 6.25e-08 2.75e-08
0.4 9.2 0.497 6e-08 2e-08
0.5 9.2 0.497 5.5e-08 2.5e-08
0.6 9.2 0.497 6e-08 2e-08
0.7 9.2 0.497 6.25e-08 2.75e-08
0.8 9.2 0.496 5.5e-08 2.5e-08
0.9 9.2 0.496 6e-08 2e-08
1 9.2 0.496 5.5e-08 2.5e-08
1.1 9.2 0.496 5.5e-08 2.5e-08
1.2 9.2 0.495 6e-08 2e-08
1.3 9.2 0.495 6e-08 2e-08
1.4 9.2 0.494 5.5e-08 2.5e-08
1.5 9.2 0.494 5.5e-08 2.5e-08
1.6 9.2 0.494 5.5e-08 2.5e-08
1.7 9.2 0.493 5.5e-08 2.5e-08
1.8 9.2 0.493 5.5e-08 2.5e-08
1.9 9.2 0.492 5.25e-08 1.75e-08
2 9.2 0.492 4.75e-08 2.25e-08
2.1 9.2 0.491 4.75e-08 2.25e-08
2.2 9.2 0.49 4.75e-08 2.25e-08
2.3 9.2 0.49 4.5e-08 1.5e-08
2.4 9.2 0.489 4.75e-08 2.25e-08
2.5 9.2 0.489 4.5e-08 1.5e-08
2.6 9.2 0.488 4.5e-08 1.5e-08
2.7 9.2 0.487 3.75e-08 1.25e-08
2.8 9.2 0.486 3.75e-08 1.25e-08
2.9 9.2 0.486 3.75e-08 1.25e-08
3 9.2 0.485 3.25e-08 1.75e-08
3.1 9.2 0.484 3e-08 1e-08
3.2 9.2 0.483 3.75e-08 1.25e-08
3.3 9.2 0.482 3e-08 1e-08
3.4 9.2 0.481 3e-08 1e-08
3.5 9.2 0.48 3e-08 1e-08
3.6 9.2 0.479 3e-08 1e-08
3.7 9.2 0.478 2.25e-08 7.5e-09
3.8 9.2 0.477 2.25e-08 7.5e-09
3.9 9.2 0.476 2.25e-08 7.5e-09
4 9.2 0.475 2.25e-08 7.5e-09
4.1 9.2 0.474 1.5e-08 5e-09
4.2 9.2 0.473 1.5e-08 5e-09
4.3 9.2 0.472 1.5e-08 5e-09
4.4 9.2 0.471 1.5e-08 5e-09
4.5 9.2 0.47 1.5e-08 5e-09
4.6 9.2 0.469 7.5e-09 2.5e-09
4.7 9.2 0.467 7.5e-09 2.5e-09
4.8 9.2 0.466 7.5e-09 2.5e-09
4.9 9.2 0.465 2.5e-09 7.5e-09
5 9.2 0.464 0 0
5.1 9.2 0.462 0 0
5.2 9.2 0.461 5e-09 5e-09
5.3 9.2 0.46 7.5e-09 1.25e-08
5.4 9.2 0.458 2.5e-09 7.5e-09
5.5 9.2 0.457 2.5e-09 7.5e-09
5.6 9.2 0.455 2.5e-09 7.5e-09
5.7 9.2 0.454 1e-08 1e-08
5.8 9.2 0.453 5e-09 1.5e-08
5.9 9.2 0.451 5e-09 1.5e-08
6 9.2 0.45 5e-09 1.5e-08
6.1 9.2 0.448 5e-09 1.5e-08
6.2 9.2 0.447 7.5e-09 2.25e-08
6.3 9.2 0.445 7.5e-09 2.25e-08
6.4 9.2 0.444 1e-08 3e-08
6.5 9.2 0.442 7.5e-09 2.25e-08
6.6 9.2 0.44 1e-08 3e-08
6.7 9.2 0.439 1.75e-08 3.25e-08
6.8 9.2 0.437 2.5e-08 3.5e-08
6.9 9.2 0.436 1.68e-07 8.25e-08
7 9.2 0.434 2e-08 3e-08
7.1 9.2 0.432 8e-08 1.4e-07
7.2 9.2 0.431 7.5e-08 9.5e-08
7.3 9.2 0.429 6.25e-08 7.75e-08
7.4 9.2 0.427 1.75e-08 3.25e-08
7.5 9.2 0.425 1.75e-08 3.25e-08
7.6 9.2 0.424 1.25e-08 3.75e-08
7.7 9.2 0.422 1.5e-08 3.5e-08
7.8 9.2 0.42 1.5e-08 3.5e-08
7.9 9.2 0.418 1.75e-08 3.25e-08
8 9.2 0.417 1.25e-08 3.75e-08
8.1 9.2 0.415 1.25e-08 3.75e-08
8.2 9.2 0.413 2e-08 4e-08
8.3 9.2 0.411 1.5e-08 4.5e-08
8.4 9.2 0.409 1.5e-08 4.5e-08
8.5 9.2 0.408 1.5e-08 4.5e-08
8.6 9.2 0.406 2e-08 4e-08
8.7 9.2 0.404 2.25e-08 4.75e-08
8.8 9.2 0.402 2.25e-08 4.75e-08
8.9 9.2 0.4 2.25e-08 4.75e-08
9 9.2 0.398 2.25e-08 4.75e-08
9.1 9.2 0.396 2.25e-08 4.75e-08
9.2 9.2 0.394 2.25e-08 4.75e-08
9.3 9.2 0.392 2.25e-08 4.75e-08
9.4 9.2 0.391 2.25e-08 4.75e-08
9.5 9.2 0.389 1.5e-08 4.5e-08
9.6 9.2 0.387 1.5e-08 4.5e-08
9.7 9.2 0.385 2.25e-08 4.75e-08
9.8 9.2 0.383 2.25e-08 4.75e-08
9.9 9.2 0.381 1.75e-08 5.25e-08
10 9.2 0.379 1.5e-08 4.5e-08
10.1 9.2 0.377 1.5e-08 4.5e-08
10.2 9.2 0.375 1.5e-08 4.5e-08
10.3 9.2 0.373 2.25e-08 4.75e-08
10.4 9.2 0.371 2.25e-08 4.75e-08
10.5 9.2 0.369 2.25e-08 4.75e-08
10.6 9.2 0.367 1.5e-08 4.5e-08
10.7 9.2 0.365 1.5e-08 4.5e-08
10.8 9.2 0.363 1.5e-08 4.5e-08
10.9 9.2 0.361 1.5e-08 4.5e-08
11 9.2 0.359 1.5e-08 4.5e-08
11.1 9.2 0.357 1.5e-08 4.5e-08
11.2 9.2 0.355 2e-08 4e-08
11.3 9.2 0.353 1.5e-08 4.5e-08
11.4 9.2 0.351 1.25e-08 3.75e-08
11.5 9.2 0.349 1.25e-08 3.75e-08
11.6 9.2 0.347 2e-08 4e-08
11.7 9.2 0.344 1.5e-08 4.5e-08
11.8 9.2 0.342 1.25e-08 3.75e-08
11.9 9.2 0.34 2e-08 4e-08
12 9.2 0.338 1.25e-08 3.75e-08
12.1 9.2 0.336 1.25e-08 3.75e-08
12.2 9.2 0.334 1e-08 3e-08
12.3 9.2 0.332 1e-08 3e-08
12.4 9.2 0.33 1e-08 3e-08
12.5 9.2 0.328 1.25e-08 3.75e-08
12.6 9.2 0.326 1e-08 3e-08
12.7 9.2 0.324 1e-08 3e-08
12.8 9.2 0.322 1e-08 3e-08
12.9 9.2 0.32 1e-08 3e-08
13 9.2 0.318 1e-08 3e-08
13.1 9.2 0.316 1e-08 3e-08
13.2 9.2 0.314 1e-08 3e-08
13.3 9.2 0.312 1e-08 3e-08
13.4 9.2 0.31 7.5e-09 2.25e-08
13.5 9.2 0.308 1e-08 3e-08
13.6 9.2 0.306 7.5e-09 2.25e-08
13.7 9.2 0.304 1e-08 2e-08
13.8 9.2 0.301 7.5e-09 2.25e-08
13.9 9.2 0.299 1.25e-08 1.75e-08
14 9.2 0.297 1.5e-08 2.5e-08
14.1 9.2 0.295 5e-09 1.5e-08
14.2 9.2 0.293 5e-09 1.5e-08
14.3 9.2 0.291 7.25e-08 3.75e-08
14.4 9.2 0.289 5e-09 1.5e-08
14.5 9.2 0.287 5e-09 1.5e-08
14.6 9.2 0.285 5e-09 1.5e-08
14.7 9.2 0.283 5e-09 1.5e-08
14.8 9.2 0.281 1e-08 1e-08
14.9 9.2 0.279 5e-09 1.5e-08
15 9.2 0.277 2.5e-09 7.5e-09
15.1 9.2 0.275 2.5e-09 7.5e-09
15.2 9.2 0.273 5e-09 5e-09
15.3 9.2 0.271 7.5e-09 2.5e-09
15.4 9.2 0.269 2.5e-09 7.5e-09
15.5 9.2 0.268 2.5e-09 7.5e-09
15.6 9.2 0.266 5e-09 1.5e-08
15.7 9.2 0.264 0 0
15.8 9.2 0.262 0 0
15.9 9.2 0.26 5e-09 5e-09
16 9.2 0.258 0 0
16.1 9.2 0.256 0 0
16.2 9.2 0.254 0 0
16.3 9.2 0.252 0 0
16.4 9.2 0.25 7.5e-09 2.5e-09
16.5 9.2 0.248 7.5e-09 2.5e-09
16.6 9.2 0.246 1.25e-08 7.5e-09
16.7 9.2 0.245 7.5e-09 2.5e-09
16.8 9.2 0.243 2.5e-09 7.5e-09
16.9 9.2 0.241 7.5e-09 2.5e-09
17 9.2 0.239 1.5e-08 5e-09
17.1 9.2 0.237 7.5e-09 2.5e-09
17.2 9.2 0.235 7.5e-09 2.5e-09
17.3 9.2 0.233 7.5e-09 2.5e-09
17.4 9.2 0.232 7.5e-09 2.5e-09
17.5 9.2 0.23 1.5e-08 5e-09
17.6 9.2 0.228 1.5e-08 5e-09
17.7 9.2 0.226 1.5e-08 5e-09
17.8 9.2 0.224 1.5e-08 5e-09
17.9 9.2 0.223 1e-08 1e-08
18 9.2 0.221 1.5e-08 5e-09
18.1 9.2 0.219 1.5e-08 5e-09
18.2 9.2 0.217 1.5e-08 5e-09
18.3 9.2 0.216 1.5e-08 5e-09
18.4 9.2 0.214 2.25e-08 7.5e-09
18.5 9.2 0.212 1.5e-08 5e-09
18.6 9.2 0.21 2.25e-08 7.5e-09
18.7 9.2 0.209 2.25e-08 7.5e-09
18.8 9.2 0.207 1.5e-08 5e-09
18.9 9.2 0.205 1.5e-08 5e-09
19 9.2 0.203 2.25e-08 7.5e-09
19.1 9.2 0.202 2.25e-08 7.5e-09
19.2 9.2 0.2 2.25e-08 7.5e-09
19.3 9.2 0.198 2.25e-08 7.5e-09
19.4 9.2 0.197 2.25e-08 7.5e-09
19.5 9.2 0.195 2.25e-08 7.5e-09
19.6 9.2 0.194 2.25e-08 7.5e-09
19.7 9.2 0.192 2.25e-08 7.5e-09
19.8 9.2 0.19 2.25e-08 7.5e-09
19.9 9.2 0.189 2.25e-08 7.5e-09
20 9.2 0.187 2.75e-08 1.25e-08
20.1 9.2 0.185 2.25e-08 7.5e-09
20.2 9.2 0.184 2.25e-08 7.5e-09
20.3 9.2 0.182 2.25e-08 7.5e-09
20.4 9.2 0.181 2.25e-08 7.5e-09
20.5 9.2 0.179 2.25e-08 7.5e-09
20.6 9.2 0.178 3e-08 1e-08
20.7 9.2 0.176 3e-08 1e-08
20.8 9.2 0.175 2.25e-08 7.5e-09
20.9 9.2 0.173 3e-08 1e-08
21 9.2 0.172 2.25e-08 7.5e-09
21.1 9.2 0.17 2.75e-08 1.25e-08
21.2 9.2 0.169 2.75e-08 1.25e-08
21.3 9.2 0.167 2.75e-08 1.25e-08
21.4 9.2 0.166 2.75e-08 1.25e-08
21.5 9.2 0.164 3.25e-08 1.75e-08
21.6 9.2 0.163 4.75e-08 4.25e-08
21.7 9.2 0.161 6.77e-07 2.72e-07
21.8 9.2 0.16 1.5e-08 2.5e-08
21.9 9.2 0.159 6e-08 2e-08
22 9.2 0.157 8.75e-08 4.25e-08
22.1 9.2 0.156 6.75e-08 5.25e-08
22.2 9.2 0.154 5.75e-08 4.25e-08
22.3 9.2 0.153 5e-08 4e-08
22.4 9.2 0.152 3.75e-08 3.25e-08
22.5 9.2 0.15 2.25e-08 7.5e-09
22.6 9.2 0.149 1.75e-08 1.25e-08
22.7 9.2 0.148 2.25e-08 7.5e-09
22.8 9.2 0.146 2.25e-08 7.5e-09
22.9 9.2 0.145 1.75e-08 1.25e-08
23 9.2 0.144 2.25e-08 7.5e-09
23.1 9.2 0.142 2.25e-08 7.5e-09
23.2 9.2 0.141 2.25e-08 7.5e-09
23.3 9.2 0.14 1.75e-08 1.25e-08
23.4 9.2 0.138 2.25e-08 7.5e-09
23.5 9.2 0.137 1.75e-08 1.25e-08
23.6 9.2 0.136 2.25e-08 7.5e-09
23.7 9.2 0.135 2.25e-08 7.5e-09
23.8 9.2 0.133 1.5e-08 5e-09
23.9 9.2 0.132 2.25e-08 7.5e-09
24 9.2 0.131 1.75e-08 1.25e-08
24.1 9.2 0.13 1.5e-08 5e-09
24.2 9.2 0.129 1.5e-08 5e-09
24.3 9.2 0.127 2.25e-08 7.5e-09
24.4 9.2 0.126 2.25e-08 7.5e-09
24.5 9.2 0.125 2.25e-08 7.5e-09
24.6 9.2 0.124 2.25e-08 7.5e-09
24.7 9.2 0.123 2.25e-08 7.5e-09
24.8 9.2 0.122 1.5e-08 5e-09
24.9 9.2 0.12 1.5e-08 5e-09
25 9.2 0.119 2.25e-08 7.5e-09
25.1 9.2 0.118 1.5e-08 5e-09
25.2 9.2 0.117 1.5e-08 5e-09
25.3 9.2 0.116 2.25e-08 7.5e-09
25.4 9.2 0.115 2.25e-08 7.5e-09
25.5 9.2 0.114 1.5e-08 5e-09
25.6 9.2 0.113 1.5e-08 5e-09
25.7 9.2 0.112 2.25e-08 7.5e-09
25.8 9.2 0.111 1.5e-08 5e-09
25.9 9.2 0.109 1.5e-08 5e-09
26 9.2 0.108 1.5e-08 5e-09
26.1 9.2 0.107 1.5e-08 5e-09
26.2 9.2 0.106 1.5e-08 5e-09
26.3 9.2 0.105 1.5e-08 5e-09
26.4 9.2 0.104 1.5e-08 5e-09
26.5 9.2 0.103 1.5e-08 5e-09
26.6 9.2 0.102 1.5e-08 5e-09
26.7 9.2 0.101 1.5e-08 5e-09
26.8 9.2 0.1 1.5e-08 5e-09
26.9 9.2 0.0994 1.38e-08 5.25e-09
27 9.2 0.0985 1.43e-08 4.75e-09
27.1 9.2 0.0975 1.35e-08 4.5e-09
27.2 9.2 0.0966 1.35e-08 4.5e-09
27.3 9.2 0.0957 1.3e-08 5e-09
27.4 9.2 0.0947 1.35e-08 4.5e-09
27.5 9.2 0.0938 1.28e-08 4.25e-09
27.6 9.2 0.0929 1.28e-08 4.25e-09
27.7 9.2 0.092 1.28e-08 4.25e-09
27.8 9.2 0.0911 1.2e-08 4e-09
27.9 9.2 0.0902 1.2e-08 4e-09
28 9.2 0.0893 1.12e-08 3.75e-09
28.1 9.2 0.0885 1.12e-08 3.75e-09
28.2 9.2 0.0876 1.12e-08 3.75e-09
28.3 9.2 0.0867 1.1e-08 4e-09
28.4 9.2 0.0859 1.05e-08 3.5e-09
28.5 9.2 0.085 1.05e-08 3.5e-09
28.6 9.2 0.0842 9.75e-09 3.25e-09
28.7 9.2 0.0834 1.05e-08 3.5e-09
28.8 9.2 0.0826 9.75e-09 3.25e-09
28.9 9.2 0.0817 9.5e-09 3.5e-09
29 9.2 0.0809 9e-09 3e-09
29.1 9.2 0.0801 9e-09 3e-09
29.2 9.2 0.0793 9e-09 3e-09
29.3 9.2 0.0786 9e-09 3e-09
29.4 9.2 0.0778 8.25e-09 2.75e-09
29.5 9.2 0.077 8.25e-09 2.75e-09
29.6 9.2 0.0763 8e-09 3e-09
29.7 9.2 0.0755 7.5e-09 2.5e-09
29.8 9.2 0.0747 8e-09 3e-09
29.9 9.2 0.074 7.5e-09 2.5e-09
30 9.2 0.0733 7.5e-09 2.5e-09
30.1 9.2 0.0725 6.75e-09 2.25e-09
30.2 9.2 0.0718 6.75e-09 2.25e-09
30.3 9.2 0.0711 6.5e-09 2.5e-09
30.4 9.2 0.0704 6e-09 2e-09
30.5 9.2 0.0697 6.5e-09 2.5e-09
30.6 9.2 0.069 6e-09 2e-09
30.7 9.2 0.0683 5.25e-09 1.75e-09
30.8 9.2 0.0676 5.75e-09 2.25e-09
30.9 9.2 0.0669 6e-09 2e-09
31 9.2 0.0663 5.25e-09 1.75e-09
31.1 9.2 0.0656 5.25e-09 1.75e-09
31.2 9.2 0.0649 5.25e-09 1.75e-09
31.3 9.2 0.0643 4.75e-09 2.25e-09
31.4 9.2 0.0636 4.5e-09 1.5e-09
31.5 9.2 0.063 4.5e-09 1.5e-09
31.6 9.2 0.0624 4.5e-09 1.5e-09
31.7 9.2 0.0617 3.75e-09 1.25e-09
31.8 9.2 0.0611 3.75e-09 1.25e-09
31.9 9.2 0.0605 4.5e-09 1.5e-09
32 9.2 0.0599 3.5e-09 1.5e-09
32.1 9.2 0.0593 3.75e-09 1.25e-09
32.2 9.2 0.0587 3.75e-09 1.25e-09
32.3 9.2 0.0581 3e-09 1e-09
32.4 9.2 0.0575 3.75e-09 1.25e-09
32.5 9.2 0.0569 3e-09 1e-09
32.6 9.2 0.0563 3.25e-09 1.75e-09
32.7 9.2 0.0558 3e-09 1e-09
32.8 9.2 0.0552 2.25e-09 7.5e-10
32.9 9.2 0.0546 3e-09 1e-09
33 9.2 0.0541 2.25e-09 7.5e-10
33.1 9.2 0.0535 2.25e-09 7.5e-10
33.2 9.2 0.053 2.25e-09 7.5e-10
33.3 9.2 0.0524 2.25e-09 7.5e-10
33.4 9.2 0.0519 2.25e-09 7.5e-10
33.5 9.2 0.0514 1.5e-09 5e-10
33.6 9.2 0.0508 2.25e-09 7.5e-10
33.7 9.2 0.0503 1.5e-09 5e-10
33.8 9.2 0.0498 1.5e-09 5e-10
33.9 9.2 0.0493 1.5e-09 5e-10
34 9.2 0.0488 7.5e-10 2.5e-10
34.1 9.2 0.0483 7.5e-10 2.5e-10
34.2 9.2 0.0478 7.5e-10 2.5e-10
34.3 9.2 0.0473 7.5e-10 2.5e-10
34.4 9.2 0.0468 7.5e-10 2.5e-10
34.5 9.2 0.0463 7.5e-10 2.5e-10
34.6 9.2 0.0459 7.5e-10 2.5e-10
34.7 9.2 0.0454 7.5e-10 2.5e-10
34.8 9.2 0.0449 7.5e-10 2.5e-10
34.9 9.2 0.0445 2.5e-10 7.5e-10
35 9.2 0.044 0 0
35.1 9.2 0.0435 1.47e-08 4.33e-08
35.2 9.2 0.0431 7.5e-10 2.5e-10
35.3 9.2 0.0427 0 0
35.4 9.2 0.0422 0 0
35.5 9.2 0.0418 0 0
35.6 9.2 0.0413 0 0
35.7 9.2 0.0409 0 0
35.8 9.2 0.0405 0 0
35.9 9.2 0.0401 0 0
36 9.2 0.0397 5e-10 5e-10
36.1 9.2 0.0393 0 0
36.2 9.2 0.0388 2.5e-10 7.5e-10
36.3 9.2 0.0384 0 0
36.4 9.2 0.038 0 0
36.5 9.2 0.0376 0 0
36.6 9.2 0.0373 7.5e-10 2.5e-10
36.7 9.2 0.0369 5e-10 5e-10
36.8 9.2 0.0365 5e-10 5e-10
36.9 9.2 0.0361 2.5e-10 7.5e-10
37 9.2 0.0357 5e-10 5e-10
37.1 9.2 0.0354 7.5e-10 1.25e-09
37.2 9.2 0.035 7.5e-10 1.25e-09
37.3 9.2 0.0346 7.5e-10 1.25e-09
37.4 9.2 0.0343 7.5e-10 1.25e-09
37.5 9.2 0.0339 7.5e-10 1.25e-09
37.6 9.2 0.0336 5e-10 1.5e-09
37.7 9.2 0.0332 1e-09 2e-09
37.8 9.2 0.0329 1e-09 2e-09
37.9 9.2 0.0325 7.5e-10 2.25e-09
38 9.2 0.0322 1e-09 2e-09
38.1 9.2 0.0318 1.25e-09 2.75e-09
38.2 9.2 0.0315 1.25e-09 2.75e-09
38.3 9.2 0.0312 1.5e-09 2.5e-09
38.4 9.2 0.0309 1e-09 2e-09
38.5 9.2 0.0305 1.25e-09 2.75e-09
38.6 9.2 0.0302 1.25e-09 2.75e-09
38.7 9.2 0.0299 1.75e-09 3.25e-09
38.8 9.2 0.0296 1.25e-09 2.75e-09
38.9 9.2 0.0293 7.5e-10 2.25e-09
39 9.2 0.029 5e-10 1.5e-09
39.1 9.2 0.0287 7.5e-10 2.25e-09
39.2 9.2 0.0284 7.5e-10 2.25e-09
39.3 9.2 0.0281 5e-10 1.5e-09
39.4 9.2 0.0278 5e-10 1.5e-09
39.5 9.2 0.0275 1.25e-09 1.75e-09
39.6 9.2 0.0272 7.5e-10 2.25e-09
39.7 9.2 0.0269 7.5e-10 2.25e-09
39.8 9.2 0.0266 7.5e-10 2.25e-09
39.9 9.2 0.0263 7.5e-10 2.25e-09
40 9.2 0.0261 5e-10 1.5e-09
40.1 9.2 0.0258 5e-10 1.5e-09
40.2 9.2 0.0255 7.5e-10 2.25e-09
40.3 9.2 0.0253 5e-10 1.5e-09
40.4 9.2 0.025 5e-10 1.5e-09
40.5 9.2 0.0247 7.5e-10 2.25e-09
40.6 9.2 0.0245 5e-10 1.5e-09
40.7 9.2 0.0242 5e-10 1.5e-09
40.8 9.2 0.0239 5e-10 1.5e-09
40.9 9.2 0.0237 5e-10 1.5e-09
41 9.2 0.0234 7.5e-10 2.25e-09
41.1 9.2 0.0232 7.5e-10 2.25e-09
41.2 9.2 0.023 7.5e-10 2.25e-09
41.3 9.2 0.0227 5e-10 1.5e-09
41.4 9.2 0.0225 5e-10 1.5e-09
41.5 9.2 0.0222 5e-10 1.5e-09
41.6 9.2 0.022 5e-10 1.5e-09
41.7 9.2 0.0218 1.25e-09 1.75e-09
41.8 9.2 0.0215 7.5e-10 2.25e-09
41.9 9.2 0.0213 7.5e-10 2.25e-09
42 9.2 0.0211 7.5e-10 2.25e-09
42.1 9.2 0.0209 7.5e-10 2.25e-09
42.2 9.2 0.0206 7.5e-10 2.25e-09
42.3 9.2 0.0204 1.25e-09 1.75e-09
42.4 9.2 0.0202 7.5e-10 2.25e-09
42.5 9.2 0.02 5e-10 1.5e-09
42.6 9.2 0.0198 5e-10 1.5e-09
42.7 9.2 0.0196 5e-10 1.5e-09
42.8 9.2 0.0194 7.5e-10 2.25e-09
42.9 9.2 0.0192 7.5e-10 2.25e-09
43 9.2 0.019 7.5e-10 2.25e-09
43.1 9.2 0.0188 7.5e-10 2.25e-09
43.2 9.2 0.0186 7.5e-10 2.25e-09
43.3 9.2 0.0184 5e-10 1.5e-09
43.4 9.2 0.0182 7.5e-10 2.25e-09
43.5 9.2 0.018 7.5e-10 2.25e-09
43.6 9.2 0.0178 7.5e-10 2.25e-09
43.7 9.2 0.0176 7.5e-10 2.25e-09
43.8 9.2 0.0174 7.5e-10 2.25e-09
43.9 9.2 0.0172 7.5e-10 2.25e-09
44 9.2 0.017 7.5e-10 2.25e-09
44.1 9.2 0.0169 7.5e-10 2.25e-09
44.2 9.2 0.0167 7.5e-10 2.25e-09
44.3 9.2 0.0165 7.5e-10 2.25e-09
44.4 9.2 0.0163 5e-10 1.5e-09
44.5 9.2 0.0162 5e-10 1.5e-09
44.6 9.2 0.016 5e-10 1.5e-09
44.7 9.2 0.0158 7.5e-10 2.25e-09
44.8 9.2 0.0156 7.5e-10 2.25e-09
44.9 9.2 0.0155 7.5e-10 2.25e-09
45 9.2 0.0153 1e-09 2e-09
45.1 9.2 0.0152 7.5e-10 2.25e-09
45.2 9.2 0.015 7.5e-10 2.25e-09
45.3 9.2 0.0148 5e-10 1.5e-09
45.4 9.2 0.0147 7.5e-10 2.25e-09
45.5 9.2 0.0145 7.5e-10 2.25e-09
45.6 9.2 0.0144 7.5e-10 2.25e-09
45.7 9.2 0.0142 7.5e-10 2.25e-09
45.8 9.2 0.0141 7.5e-10 2.25e-09
45.9 9.2 0.0139 7.5e-10 2.25e-09
46 9.2 0.0138 7.5e-10 2.25e-09
46.1 9.2 0.0136 5e-10 1.5e-09
46.2 9.2 0.0135 7.5e-10 2.25e-09
46.3 9.2 0.0133 7.5e-10 2.25e-09
46.4 9.2 0.0132 5e-10 1.5e-09
46.5 9.2 0.013 7.5e-10 2.25e-09
46.6 9.2 0.0129 7.5e-10 2.25e-09
46.7 9.2 0.0128 7.5e-10 2.25e-09
46.8 9.2 0.0126 5e-10 1.5e-09
46.9 9.2 0.0125 5e-10 1.5e-09
47 9.2 0.0124 7.5e-10 2.25e-09
47.1 9.2 0.0122 5e-10 1.5e-09
47.2 9.2 0.0121 5e-10 1.5e-09
47.3 9.2 0.012 5e-10 1.5e-09
47.4 9.2 0.0118 5e-10 1.5e-09
47.5 9.2 0.0117 7.5e-10 2.25e-09
47.6 9.2 0.0116 5e-10 1.5e-09
47.7 9.2 0.0115 5e-10 1.5e-09
47.8 9.2 0.0113 5e-10 1.5e-09
47.9 9.2 0.0112 5e-10 1.5e-09
48 9.2 0.0111 5e-10 1.5e-09
48.1 9.2 0.011 5e-10 1.5e-09
48.2 9.2 0.0109 5e-10 1.5e-09
48.3 9.2 0.0107 5e-10 1.5e-09
48.4 9.2 0.0106 5e-10 1.5e-09
48.5 9.2 0.0105 5e-10 1.5e-09
48.6 9.2 0.0104 5e-10 1.5e-09
48.7 9.2 0.0103 5e-10 1.5e-09
48.8 9.2 0.0102 5e-10 1.5e-09
48.9 9.2 0.0101 1e-09 2e-09
49 9.2 0.00997 5.25e-10 1.58e-09
49.1 9.2 0.00986 5.25e-10 1.58e-09
49.2 9.2 0.00976 5.25e-10 1.58e-09
49.3 9.2 0.00965 5.25e-10 1.58e-09
49.4 9.2 0.00955 5.5e-10 1.55e-09
49.5 9.2 0.00945 5.25e-10 1.58e-09
49.6 9.2 0.00935 5.5e-10 1.55e-09
49.7 9.2 0.00925 5.25e-10 1.58e-09
49.8 9.2 0.00915 5e-10 1.5e-09
49.9 9.2 0.00905 5.25e-10 1.58e-09
50 9.2 0.00895 5.5e-10 1.55e-09
50.1 9.2 0.00886 5e-10 1.5e-09
50.2 9.2 0.00876 5.25e-10 1.47e-09
50.3 9.2 0.00867 5.25e-10 1.47e-09
50.4 9.2 0.00858 5.25e-10 1.47e-09
50.5 9.2 0.00848 4.75e-10 1.42e-09
50.6 9.2 0.00839 5.25e-10 1.47e-09
50.7 9.2 0.0083 5.25e-10 1.47e-09
50.8 9.2 0.00821 4.75e-10 1.42e-09
50.9 9.2 0.00813 4.5e-10 1.35e-09
51 9.2 0.00804 4.5e-10 1.35e-09
51.1 9.2 0.00795 4.75e-10 1.42e-09
51.2 9.2 0.00787 4.5e-10 1.35e-09
51.3 9.2 0.00778 5e-10 1.4e-09
51.4 9.2 0.0077 5e-10 1.4e-09
51.5 9.2 0.00762 4.25e-10 1.28e-09
51.6 9.2 0.00754 4.5e-10 1.35e-09
51.7 9.2 0.00745 4.25e-10 1.28e-09
51.8 9.2 0.00737 4.25e-10 1.28e-09
51.9 9.2 0.0073 4.25e-10 1.28e-09
52 9.2 0.00722 4.5e-10 1.35e-09
52.1 9.2 0.00714 4.25e-10 1.28e-09
52.2 9.2 0.00706 4.25e-10 1.28e-09
52.3 9.2 0.00699 4.25e-10 1.28e-09
52.4 9.2 0.00691 4.25e-10 1.28e-09
52.5 9.2 0.00684 4.25e-10 1.28e-09
52.6 9.2 0.00676 4.5e-10 1.25e-09
52.7 9.2 0.00669 4e-10 1.2e-09
52.8 9.2 0.00662 4e-10 1.2e-09
52.9 9.2 0.00655 4e-10 1.2e-09
53 9.2 0.00648 4e-10 1.2e-09
53.1 9.2 0.00641 3.75e-10 1.12e-09
53.2 9.2 0.00634 4e-10 1.2e-09
53.3 9.2 0.00627 4e-10 1.2e-09
53.4 9.2 0.00621 4.25e-10 1.17e-09
53.5 9.2 0.00614 3.75e-10 1.12e-09
53.6 9.2 0.00607 3.75e-10 1.12e-09
53.7 9.2 0.00601 3.75e-10 1.12e-09
53.8 9.2 0.00594 4e-10 1.1e-09
53.9 9.2 0.00588 3.5e-10 1.05e-09
54 9.2 0.00582 3.5e-10 1.05e-09
54.1 9.2 0.00575 3.5e-10 1.05e-09
54.2 9.2 0.00569 3.75e-10 1.12e-09
54.3 9.2 0.00563 3.5e-10 1.05e-09
54.4 9.2 0.00557 3.5e-10 1.05e-09
54.5 9.2 0.00551 3.5e-10 1.05e-09
54.6 9.2 0.00545 4e-10 1e-09
54.7 9.2 0.00539 3.5e-10 1.05e-09
54.8 9.2 0.00533 3.5e-10 1.05e-09
54.9 9.2 0.00528 3.5e-10 1.05e-09
55 9.2 0.00522 3.75e-10 1.03e-09
55.1 9.2 0.00516 3.5e-10 1.05e-09
55.2 9.2 0.00511 3.25e-10 9.75e-10
55.3 9.2 0.00505 4e-10 1e-09
55.4 9.2 0.005 3.25e-10 9.75e-10
55.5 9.2 0.00495 3e-10 9e-10
55.6 9.2 0.00489 3.75e-10 9.25e-10
55.7 9.2 0.00484 3.25e-10 8.75e-10
55.8 9.2 0.00479 3e-10 9e-10
55.9 9.2 0.00474 3.5e-10 8.5e-10
56 9.2 0.00468 3.5e-10 8.5e-10
56.1 9.2 0.00463 3.5e-10 8.5e-10
56.2 9.2 0.00458 3e-10 9e-10
56.3 9.2 0.00454 3.5e-10 8.5e-10
56.4 9.2 0.00449 3.5e-10 8.5e-10
56.5 9.2 0.00444 3.5e-10 8.5e-10
56.6 9.2 0.00439 2.75e-10 8.25e-10
56.7 9.2 0.00434 3e-10 9e-10
56.8 9.2 0.0043 2.75e-10 8.25e-10
56.9 9.2 0.00425 2.75e-10 8.25e-10
57 9.2 0.0042 2.75e-10 8.25e-10
57.1 9.2 0.00416 2.75e-10 8.25e-10
57.2 9.2 0.00411 2.75e-10 8.25e-10
57.3 9.2 0.00407 2.75e-10 8.25e-10
57.4 9.2 0.00403 2.75e-10 8.25e-10
57.5 9.2 0.00398 2.5e-10 7.5e-10
57.6 9.2 0.00394 2.5e-10 7.5e-10
57.7 9.2 0.0039 2.75e-10 8.25e-10
57.8 9.2 0.00386 2.5e-10 7.5e-10
57.9 9.2 0.00381 2.5e-10 7.5e-10
58 9.2 0.00377 3e-10 8e-10
58.1 9.2 0.00373 2.5e-10 7.5e-10
58.2 9.2 0.00369 2.5e-10 7.5e-10
58.3 9.2 0.00365 2.5e-10 7.5e-10
58.4 9.2 0.00361 2.5e-10 7.5e-10
58.5 9.2 0.00357 2.75e-10 7.25e-10
58.6 9.2 0.00354 2.5e-10 7.5e-10
58.7 9.2 0.0035 2.25e-10 6.75e-10
58.8 9.2 0.00346 2.25e-10 6.75e-10
58.9 9.2 0.00342 2.25e-10 6.75e-10
59 9.2 0.00339 2.25e-10 6.75e-10
59.1 9.2 0.00335 2.25e-10 6.75e-10
59.2 9.2 0.00331 2.25e-10 6.75e-10
59.3 9.2 0.00328 2.5e-10 6.5e-10
59.4 9.2 0.00324 2.25e-10 6.75e-10
59.5 9.2 0.00321 2e-10 6e-10
59.6 9.2 0.00317 2.25e-10 6.75e-10
59.7 9.2 0.00314 2e-10 6e-10
59.8 9.2 0.0031 2e-10 6e-10
59.9 9.2 0.00307 2.25e-10 6.75e-10
60 9.2 0.00304 2e-10 6e-10
60.1 9.2 0.00301 2e-10 6e-10
60.2 9.2 0.00297 2e-10 6e-10
60.3 9.2 0.00294 2e-10 6e-10
60.4 9.2 0.00291 2e-10 6e-10
60.5 9.2 0.00288 2e-10 6e-10
60.6 9.2 0.00285 1.75e-10 5.25e-10
60.7 9.2 0.00282 1.75e-10 5.25e-10
60.8 9.2 0.00279 1.75e-10 5.25e-10
60.9 9.2 0.00276 1.75e-10 5.25e-10
61 9.2 0.00273 1.75e-10 5.25e-10
61.1 9.2 0.0027 2e-10 6e-10
61.2 9.2 0.00267 2e-10 6e-10
61.3 9.2 0.00264 1.75e-10 5.25e-10
61.4 9.2 0.00261 1.75e-10 5.25e-10
61.5 9.2 0.00258 2e-10 6e-10
61.6 9.2 0.00255 1.75e-10 5.25e-10
61.7 9.2 0.00253 1.75e-10 5.25e-10
61.8 9.2 0.0025 1.75e-10 5.25e-10
61.9 9.2 0.00247 1.75e-10 5.25e-10
62 9.2 0.00245 1.75e-10 5.25e-10
62.1 9.2 0.00242 1.5e-10 4.5e-10
62.2 9.2 0.00239 1.5e-10 4.5e-10
62.3 9.2 0.00237 1.75e-10 5.25e-10
62.4 9.2 0.00234 1.75e-10 5.25e-10
62.5 9.2 0.00232 2e-10 5e-10
62.6 9.2 0.00229 1.5e-10 4.5e-10
62.7 9.2 0.00227 1.5e-10 4.5e-10
62.8 9.2 0.00224 2e-10 5e-10
62.9 9.2 0.00222 1.5e-10 4.5e-10
63 9.2 0.00219 1.5e-10 4.5e-10
63.1 9.2 0.00217 1.5e-10 4.5e-10
63.2 9.2 0.00215 1.5e-10 4.5e-10
63.3 9.2 0.00212 1.5e-10 4.5e-10
63.4 9.2 0.0021 1.5e-10 4.5e-10
63.5 9.2 0.00208 1.75e-10 4.25e-10
63.6 9.2 0.00206 1.5e-10 4.5e-10
63.7 9.2 0.00203 1.5e-10 4.5e-10
63.8 9.2 0.00201 1.5e-10 4.5e-10
63.9 9.2 0.00199 1.25e-10 3.75e-10
64 9.2 0.00197 1.25e-10 3.75e-10
64.1 9.2 0.00195 1.25e-10 3.75e-10
64.2 9.2 0.00193 1.5e-10 4.5e-10
64.3 9.2 0.00191 1.25e-10 3.75e-10
64.4 9.2 0.00189 1.5e-10 4.5e-10
64.5 9.2 0.00187 1.5e-10 4.5e-10
64.6 9.2 0.00185 1.25e-10 3.75e-10
64.7 9.2 0.00183 1.5e-10 4.5e-10
64.8 9.2 0.00181 1.25e-10 3.75e-10
64.9 9.2 0.00179 1.25e-10 3.75e-10
65 9.2 0.00177 1.25e-10 3.75e-10
65.1 9.2 0.00175 1.25e-10 3.75e-10
65.2 9.2 0.00173 1.25e-10 3.75e-10
65.3 9.2 0.00171 1.25e-10 3.75e-10
65.4 9.2 0.00169 1.25e-10 3.75e-10
65.5 9.2 0.00167 1.25e-10 3.75e-10
65.6 9.2 0.00166 1.5e-10 3.5e-10
65.7 9.2 0.00164 1.25e-10 3.75e-10
65.8 9.2 0.00162 1.25e-10 3.75e-10
65.9 9.2 0.0016 1.5e-10 3.5e-10
66 9.2 0.00159 1.25e-10 3.75e-10
66.1 9.2 0.00157 1e-10 3e-10
66.2 9.2 0.00155 1e-10 3e-10
66.3 9.2 0.00153 1e-10 3e-10
66.4 9.2 0.00152 1.25e-10 3.75e-10
66.5 9.2 0.0015 1e-10 3e-10
66.6 9.2 0.00149 1e-10 3e-10
66.7 9.2 0.00147 1e-10 3e-10
66.8 9.2 0.00145 1e-10 3e-10
66.9 9.2 0.00144 1e-10 3e-10
67 9.2 0.00142 1e-10 3e-10
67.1 9.2 0.00141 1e-10 3e-10
67.2 9.2 0.00139 1e-10 3e-10
67.3 9.2 0.00138 1e-10 3e-10
67.4 9.2 0.00136 1e-10 3e-10
67.5 9.2 0.00135 1e-10 3e-10
67.6 9.2 0.00133 1e-10 3e-10
67.7 9.2 0.00132 1e-10 3e-10
67.8 9.2 0.0013 1e-10 3e-10
67.9 9.2 0.00129 1e-10 3e-10
68 9.2 0.00128 1e-10 3e-10
68.1 9.2 0.00126 1e-10 3e-10
68.4 9.2 0.00122 1e-10 3e-10
68.6 9.2 0.0012 1e-10 3e-10
68.8 9.2 0.00117 1e-10 3e-10
69 9.2 0.00114 1e-10 3e-10
69.1 9.2 0.00113 1e-10 3e-10
98.7 9.2 4.54e-05 3.25e-12 9.75e-12
98.8 9.2 4.49e-05 3.25e-12 9.75e-12
99.1 9.2 4.35e-05 3.25e-12 9.75e-12
99.2 9.2 4.3e-05 3.25e-12 9.75e-12
99.3 9.2 4.25e-05 3.25e-12 9.75e-12
99.4 9.2 4.21e-05 3e-12 9e-12
99.5 9.2 4.16e-05 3e-12 9e-12
99.6 9.2 4.12e-05 3e-12 9e-12
99.7 9.2 4.07e-05 3e-12 9e-12
99.8 9.2 4.03e-05 3e-12 9e-12
99.9 9.2 3.99e-05 3e-12 9e-12
