   -11.5   0.0261  3.5e-05        1 0.000642        1 0.000534        0
     -11   0.0319 4.06e-05        1 0.000642        1 0.000534        0
   -10.5   0.0388  4.5e-05        1 0.000643        1 0.000535        0
     -10   0.0471 5.59e-05        1 0.000644        1 0.000536        0
    -9.5   0.0569 4.88e-05        1 0.000643        1 0.000535        0
      -9   0.0687  7.7e-05        1 0.000646        1 0.000538        0
    -8.5   0.0824  7.5e-05        1 0.000646        1 0.000538        0
      -8   0.0986 7.32e-05        1 0.000645        1 0.000538        0
    -7.5    0.117 5.92e-05     1.01 0.000644    0.981 0.000536        0
    -7.3    0.126 5.77e-05     1.01 0.000644    0.977 0.000536        0
    -7.1    0.134 9.45e-05     1.01 0.000648    0.977 0.000541        0
    -6.9    0.143 7.89e-05     1.01 0.000646    0.978 0.000539        0
    -6.7    0.153 9.14e-05     1.01 0.000648    0.972 0.000541        0
    -6.5    0.164 0.000116     1.01 0.000651    0.974 0.000546        0
    -6.3    0.174 0.000169     1.01 0.000663    0.974 0.000559        0
    -6.1    0.185 0.000206     1.01 0.000673    0.974  0.00057        0
    -5.9    0.197 0.000172     1.02 0.000664    0.968  0.00056        0
    -5.7    0.209 0.000132     1.01 0.000656     0.97 0.000548        0
    -5.5    0.222 0.000159     1.02 0.000661    0.963 0.000556        0
    -5.3    0.235 0.000104     1.01 0.000649    0.964 0.000543        0
    -5.1    0.249  0.00016     1.02 0.000659    0.959 0.000558        0
    -4.9    0.263 0.000158     1.03  0.00066    0.957 0.000558        0
    -4.7    0.278 0.000118     1.02 0.000653    0.953 0.000545        0
    -4.5    0.293 0.000211     1.03 0.000675    0.956 0.000576        0
    -4.3    0.309 0.000153     1.03 0.000657    0.947 0.000556        0
    -4.1    0.325 0.000124     1.02 0.000654     0.95 0.000549        0
    -3.9    0.341 0.000245     1.02 0.000686    0.944  0.00059        0
    -3.7    0.358 0.000233     1.03 0.000684    0.942 0.000583        0
    -3.5    0.376 0.000249     1.02 0.000678    0.938 0.000596        0
    -3.3    0.393 0.000179     1.03  0.00066    0.933 0.000569        0
    -3.1     0.41 0.000189     1.03 0.000671    0.932 0.000569        0
    -2.9    0.429 0.000219     1.03 0.000676    0.934 0.000587        0
    -2.7    0.447 0.000121     1.03 0.000654     0.92 0.000549        0
    -2.5    0.466 0.000192     1.04 0.000681    0.921 0.000562        0
    -2.3    0.485 0.000193     1.03 0.000674    0.912 0.000567        0
    -2.1    0.504  0.00016     1.03 0.000668    0.914 0.000558        0
    -1.9    0.523 0.000135     1.02 0.000653    0.911 0.000551        0
    -1.7    0.542 0.000158     1.03 0.000673    0.904 0.000556        0
    -1.5    0.561 0.000201     1.02 0.000679    0.892  0.00058        0
    -1.3     0.58 0.000245     1.03 0.000684    0.889 0.000604        0
    -1.1    0.599 0.000126     1.03 0.000662    0.885  0.00055        0
    -0.9    0.618 0.000181     1.02 0.000663    0.888 0.000577        0
    -0.7    0.637 0.000155     1.01 0.000653    0.879 0.000566        0
    -0.5    0.656 0.000158     1.03 0.000667     0.88 0.000583        0
    -0.3    0.675 0.000168     1.02 0.000662    0.865 0.000582        0
    -0.1    0.694 0.000119     1.02 0.000676    0.871 0.000558        0
     0.1    0.712 0.000127     1.01 0.000666    0.864 0.000566        0
     0.3    0.731 0.000119     1.02 0.000659     0.85 0.000552        0
     0.5    0.749 0.000172     1.01 0.000682     0.85 0.000574        0
     0.7    0.767 0.000108        1 0.000662    0.845 0.000553        0
     0.9    0.785 0.000112        1 0.000656    0.831 0.000563        0
     1.1    0.803 8.79e-05    0.999  0.00069    0.822 0.000553        0
     1.3     0.82 0.000105    0.993 0.000663    0.818 0.000586        0
     1.5    0.837 6.82e-05    0.986 0.000659    0.807 0.000577        0
     1.7    0.854  9.6e-05    0.974 0.000703    0.797 0.000574        0
     1.9    0.871 7.29e-05    0.965  0.00068    0.804 0.000557        0
     2.1    0.887 6.32e-05    0.976 0.000652    0.782 0.000569        0
     2.3    0.904 7.26e-05    0.949  0.00066    0.775 0.000616        0
     2.5     0.92 4.95e-05    0.942 0.000665    0.765 0.000567        0
     2.7    0.936 3.56e-05    0.929 0.000685    0.754  0.00057        0
     2.9    0.952 3.16e-05    0.929  0.00066    0.756 0.000584        0
     3.1    0.968 2.16e-05    0.905  0.00068    0.735 0.000585        0
     3.3    0.984 8.48e-06    0.896 0.000671    0.726 0.000574        0
     3.5        1        0    0.879 0.000663    0.711 0.000602        0
     3.7     1.02 8.48e-06    0.868 0.000671    0.703 0.000574        0
     3.9     1.03 2.16e-05    0.849  0.00068     0.69 0.000585        0
     4.1     1.05 3.16e-05    0.844  0.00066    0.687 0.000584        0
     4.3     1.06 3.56e-05    0.818 0.000685    0.664  0.00057        0
     4.5     1.08 4.95e-05    0.803 0.000665    0.651 0.000567        0
     4.7      1.1 7.26e-05    0.782  0.00066    0.639 0.000616        0
     4.9     1.11 6.32e-05    0.778 0.000652    0.623 0.000569        0
     5.1     1.13 7.29e-05    0.744  0.00068     0.62 0.000557        0
     5.3     1.15  9.6e-05    0.726 0.000703    0.594 0.000574        0
     5.5     1.16 6.82e-05     0.71 0.000659    0.581 0.000577        0
     5.7     1.18 0.000105    0.689 0.000663    0.568 0.000586        0
     5.9      1.2 8.79e-05    0.669  0.00069    0.551 0.000553        0
     6.1     1.22 0.000112    0.648 0.000656    0.537 0.000563        0
     6.3     1.23 0.000108    0.625 0.000662    0.526 0.000553        0
     6.5     1.25 0.000172    0.606 0.000682    0.509 0.000574        0
     6.7     1.27 0.000119     0.59 0.000659     0.49 0.000552        0
     6.9     1.29 0.000127    0.559 0.000666    0.478 0.000566        0
     7.1     1.31 0.000119    0.542 0.000676    0.463 0.000558        0
     7.3     1.32 0.000168    0.522 0.000662    0.441 0.000582        0
     7.5     1.34 0.000158    0.501 0.000667     0.43 0.000583        0
     7.7     1.36 0.000155    0.475 0.000653    0.411 0.000566        0
     7.9     1.38 0.000181    0.457 0.000663    0.398 0.000577        0
     8.1      1.4 0.000126    0.438 0.000662    0.378  0.00055        0
     8.3     1.42 0.000245    0.421 0.000684    0.363 0.000604        0
     8.5     1.44 0.000201    0.398 0.000679    0.348  0.00058        0
     8.7     1.46 0.000158    0.382 0.000673    0.336 0.000556        0
     8.9     1.48 0.000135    0.362 0.000653    0.322 0.000551        0
     9.1      1.5  0.00016    0.348 0.000668    0.308 0.000558        0
     9.3     1.52 0.000193     0.33 0.000674    0.292 0.000567        0
     9.5     1.53 0.000192    0.315 0.000681    0.279 0.000562        0
     9.7     1.55 0.000121    0.296 0.000654    0.265 0.000549        0
     9.9     1.57 0.000219     0.28 0.000676    0.255 0.000587        0
    10.1     1.59 0.000189    0.267 0.000671    0.241 0.000569        0
    10.3     1.61 0.000179    0.251  0.00066    0.228 0.000569        0
    10.5     1.62 0.000249    0.236 0.000678    0.217 0.000596        0
    10.7     1.64 0.000233    0.224 0.000684    0.206 0.000583        0
    10.9     1.66 0.000245     0.21 0.000686    0.194  0.00059        0
    11.1     1.68 0.000124    0.198 0.000654    0.184 0.000549        0
    11.3     1.69 0.000153    0.187 0.000657    0.173 0.000556        0
    11.5     1.71 0.000211    0.177 0.000675    0.164 0.000576        0
    11.7     1.72 0.000118    0.165 0.000653    0.154 0.000545        0
    11.9     1.74 0.000158    0.156  0.00066    0.145 0.000558        0
    12.1     1.75  0.00016    0.145 0.000659    0.136 0.000558        0
    12.3     1.76 0.000104    0.135 0.000649    0.129 0.000543        0
    12.5     1.78 0.000159    0.127 0.000661     0.12 0.000556        0
    12.7     1.79 0.000132    0.118 0.000656    0.113 0.000548        0
    12.9      1.8 0.000172    0.111 0.000664    0.106  0.00056        0
    13.1     1.81 0.000206    0.103 0.000673   0.0995  0.00057        0
    13.3     1.83 0.000169   0.0967 0.000663   0.0929 0.000559        0
    13.5     1.84 0.000116     0.09 0.000651   0.0867 0.000546        0
    13.7     1.85 9.14e-05   0.0839 0.000648   0.0807 0.000541        0
    13.9     1.86 7.89e-05   0.0778 0.000646   0.0755 0.000539        0
    14.1     1.87 9.45e-05   0.0728 0.000648   0.0705 0.000541        0
    14.3     1.87 5.77e-05   0.0678 0.000644   0.0655 0.000536        0
    14.5     1.88 5.92e-05   0.0628 0.000644   0.0612 0.000536        0
      15      1.9 7.32e-05   0.0521 0.000645    0.051 0.000538        0
    15.5     1.92  7.5e-05   0.0432 0.000646   0.0423 0.000538        0
      16     1.93  7.7e-05   0.0358 0.000646   0.0352 0.000538        0
    16.5     1.94 4.88e-05   0.0294 0.000643    0.029 0.000535        0
      17     1.95 5.59e-05   0.0242 0.000644   0.0239 0.000536        0
    17.5     1.96  4.5e-05   0.0199 0.000643   0.0197 0.000535        0
      18     1.97 4.06e-05   0.0162 0.000642   0.0161 0.000534        0
    18.5     1.97  3.5e-05   0.0132 0.000642   0.0132 0.000534        0
