-25 0.46 1.99e-21 1.63e-21 1.55e-21
-24.9 0.46 2.48e-21 2.02e-21 1.92e-21
-24.8 0.46 3.08e-21 2.51e-21 2.39e-21
-24.7 0.46 3.83e-21 3.12e-21 2.97e-21
-24.6 0.46 4.76e-21 3.88e-21 3.69e-21
-24.5 0.46 5.91e-21 4.82e-21 4.59e-21
-24.4 0.46 7.35e-21 5.99e-21 5.7e-21
-24.3 0.46 9.13e-21 7.45e-21 7.08e-21
-24.2 0.46 1.14e-20 9.26e-21 8.8e-21
-24.1 0.46 1.41e-20 1.15e-20 1.09e-20
-24 0.46 1.75e-20 1.43e-20 1.36e-20
-23.9 0.46 2.18e-20 1.78e-20 1.69e-20
-23.8 0.46 2.71e-20 2.21e-20 2.1e-20
-23.7 0.46 3.37e-20 2.75e-20 2.61e-20
-23.6 0.46 4.18e-20 3.41e-20 3.24e-20
-23.5 0.46 5.2e-20 4.24e-20 4.03e-20
-23.4 0.46 6.46e-20 5.27e-20 5.01e-20
-23.3 0.46 8.03e-20 6.55e-20 6.23e-20
-23.2 0.46 9.98e-20 8.14e-20 7.74e-20
-23.1 0.46 1.24e-19 1.01e-19 9.62e-20
-23 0.46 1.54e-19 1.26e-19 1.2e-19
-22.9 0.46 1.92e-19 1.56e-19 1.49e-19
-22.8 0.46 2.38e-19 1.94e-19 1.85e-19
-22.7 0.46 2.96e-19 2.41e-19 2.3e-19
-22.6 0.46 3.68e-19 3e-19 2.85e-19
-22.5 0.46 4.57e-19 3.73e-19 3.55e-19
-22.4 0.46 5.68e-19 4.63e-19 4.41e-19
-22.3 0.46 7.06e-19 5.76e-19 5.48e-19
-22.2 0.46 8.78e-19 7.16e-19 6.81e-19
-22.1 0.46 1.09e-18 8.9e-19 8.46e-19
-22 0.46 1.36e-18 1.11e-18 1.05e-18
-21.9 0.46 1.68e-18 1.37e-18 1.31e-18
-21.8 0.46 2.09e-18 1.71e-18 1.62e-18
-21.7 0.46 2.6e-18 2.12e-18 2.02e-18
-21.6 0.46 3.23e-18 2.64e-18 2.51e-18
-21.5 0.46 4.02e-18 3.28e-18 3.12e-18
-21.4 0.46 5e-18 4.07e-18 3.87e-18
-21.3 0.46 6.21e-18 5.06e-18 4.82e-18
-21.2 0.46 7.72e-18 6.29e-18 5.98e-18
-21.1 0.46 9.59e-18 7.82e-18 7.44e-18
-21 0.46 1.19e-17 9.72e-18 9.24e-18
-20.9 0.46 1.48e-17 1.21e-17 1.15e-17
-20.8 0.46 1.84e-17 1.5e-17 1.43e-17
-20.7 0.46 2.29e-17 1.87e-17 1.77e-17
-20.6 0.46 2.84e-17 2.32e-17 2.21e-17
-20.5 0.46 3.53e-17 2.88e-17 2.74e-17
-20.4 0.46 4.39e-17 3.58e-17 3.41e-17
-20.3 0.46 5.46e-17 4.45e-17 4.23e-17
-20.2 0.46 6.79e-17 5.53e-17 5.26e-17
-20.1 0.46 8.43e-17 6.88e-17 6.54e-17
-20 0.46 1.05e-16 8.55e-17 8.13e-17
-19.9 0.46 1.3e-16 1.06e-16 1.01e-16
-19.8 0.46 1.62e-16 1.32e-16 1.26e-16
-19.7 0.46 2.01e-16 1.64e-16 1.56e-16
-19.6 0.46 2.5e-16 2.04e-16 1.94e-16
-19.5 0.46 3.11e-16 2.53e-16 2.41e-16
-19.4 0.46 3.86e-16 3.15e-16 3e-16
-19.3 0.46 4.8e-16 3.92e-16 3.72e-16
-19.2 0.46 5.97e-16 4.87e-16 4.63e-16
-19.1 0.46 7.41e-16 6.05e-16 5.75e-16
-19 0.46 9.22e-16 7.52e-16 7.15e-16
-18.9 0.46 1.15e-15 9.34e-16 8.88e-16
-18.8 0.46 1.42e-15 1.16e-15 1.1e-15
-18.7 0.46 1.77e-15 1.44e-15 1.37e-15
-18.6 0.46 2.2e-15 1.79e-15 1.71e-15
-18.5 0.46 2.73e-15 2.23e-15 2.12e-15
-18.4 0.46 3.4e-15 2.77e-15 2.63e-15
-18.3 0.46 4.22e-15 3.44e-15 3.27e-15
-18.2 0.46 5.25e-15 4.28e-15 4.07e-15
-18.1 0.46 6.52e-15 5.32e-15 5.06e-15
-18 0.46 8.1e-15 6.61e-15 6.28e-15
-17.9 0.46 1.01e-14 8.21e-15 7.81e-15
-17.8 0.46 1.25e-14 1.02e-14 9.71e-15
-17.7 0.46 1.56e-14 1.27e-14 1.21e-14
-17.6 0.46 1.93e-14 1.58e-14 1.5e-14
-17.5 0.46 2.4e-14 1.96e-14 1.86e-14
-17.4 0.46 2.99e-14 2.44e-14 2.32e-14
-17.3 0.46 3.71e-14 3.03e-14 2.88e-14
-17.2 0.46 4.61e-14 3.76e-14 3.58e-14
-17.1 0.46 5.73e-14 4.68e-14 4.45e-14
-17 0.46 7.12e-14 5.81e-14 5.52e-14
-16.9 0.46 8.85e-14 7.22e-14 6.87e-14
-16.8 0.46 1.1e-13 8.98e-14 8.53e-14
-16.7 0.46 1.37e-13 1.12e-13 1.06e-13
-16.6 0.46 1.7e-13 1.39e-13 1.32e-13
-16.5 0.46 2.11e-13 1.72e-13 1.64e-13
-16.4 0.46 2.63e-13 2.14e-13 2.04e-13
-16.3 0.46 3.26e-13 2.66e-13 2.53e-13
-16.2 0.46 4.06e-13 3.31e-13 3.14e-13
-16.1 0.46 5.04e-13 4.11e-13 3.91e-13
-16 0.46 6.26e-13 5.11e-13 4.86e-13
-15.9 0.46 7.79e-13 6.35e-13 6.04e-13
-15.8 0.46 9.68e-13 7.89e-13 7.5e-13
-15.7 0.46 1.2e-12 9.81e-13 9.33e-13
-15.6 0.46 1.49e-12 1.22e-12 1.16e-12
-15.5 0.46 1.86e-12 1.51e-12 1.44e-12
-15.4 0.46 2.31e-12 1.88e-12 1.79e-12
-15.3 0.46 2.87e-12 2.34e-12 2.22e-12
-15.2 0.46 3.57e-12 2.91e-12 2.77e-12
-15.1 0.46 4.43e-12 3.61e-12 3.44e-12
-15 0.46 5.51e-12 4.49e-12 4.27e-12
-14.9 0.46 6.85e-12 5.58e-12 5.31e-12
-14.8 0.46 8.51e-12 6.94e-12 6.6e-12
-13.5 0.46 1.44e-10 1.17e-10 1.11e-10
-13.4 0.46 1.78e-10 1.46e-10 1.38e-10
-13.3 0.46 2.22e-10 1.81e-10 1.72e-10
-13.2 0.46 2.76e-10 2.25e-10 2.14e-10
-13.1 0.46 3.43e-10 2.79e-10 2.66e-10
-13 0.46 4.26e-10 3.47e-10 3.3e-10
-12.9 0.46 5.29e-10 4.32e-10 4.1e-10
-12.8 0.46 6.58e-10 5.36e-10 5.1e-10
-12.7 0.46 8.17e-10 6.67e-10 6.34e-10
-12.6 0.46 1.02e-09 8.29e-10 7.88e-10
-12.5 0.46 1.26e-09 1.03e-09 9.79e-10
-12.4 0.46 1.57e-09 1.28e-09 1.22e-09
-12.3 0.46 1.95e-09 1.59e-09 1.51e-09
-12.2 0.46 2.42e-09 1.98e-09 1.88e-09
-12.1 0.46 3.01e-09 2.46e-09 2.34e-09
-12 0.46 3.74e-09 3.05e-09 2.9e-09
-11.9 0.46 4.65e-09 3.8e-09 3.61e-09
-11.8 0.46 5.78e-09 4.72e-09 4.48e-09
-11.7 0.46 7.19e-09 5.86e-09 5.57e-09
-11.6 0.46 8.93e-09 7.29e-09 6.93e-09
-11.5 0.46 1.11e-08 9.05e-09 8.61e-09
-11.4 0.46 1.38e-08 1.13e-08 1.07e-08
-11.3 0.46 1.71e-08 1.4e-08 1.33e-08
-11.2 0.46 2.13e-08 1.74e-08 1.65e-08
-11.1 0.46 2.65e-08 2.16e-08 2.05e-08
-11 0.46 3.29e-08 2.68e-08 2.55e-08
-10.9 0.46 4.09e-08 3.34e-08 3.17e-08
-10.8 0.46 5.08e-08 4.15e-08 3.94e-08
-10.7 0.46 6.32e-08 5.15e-08 4.9e-08
-10.6 0.46 7.85e-08 6.41e-08 6.09e-08
-10.5 0.46 9.76e-08 7.96e-08 7.57e-08
-10.4 0.46 1.21e-07 9.89e-08 9.41e-08
-10.3 0.46 1.51e-07 1.23e-07 1.17e-07
-10.2 0.46 1.87e-07 1.53e-07 1.45e-07
-10.1 0.46 2.33e-07 1.9e-07 1.81e-07
-10 0.46 2.89e-07 2.36e-07 2.24e-07
-9.9 0.46 3.6e-07 2.93e-07 2.79e-07
-9.8 0.46 4.47e-07 3.65e-07 3.47e-07
-9.7 0.46 5.56e-07 4.53e-07 4.31e-07
-9.6 0.46 6.91e-07 5.63e-07 5.36e-07
-9.5 0.46 8.58e-07 7e-07 6.66e-07
-9.4 0.46 1.07e-06 8.7e-07 8.27e-07
-9.3 0.46 1.33e-06 1.08e-06 1.03e-06
-9.2 0.46 1.65e-06 1.34e-06 1.28e-06
-9.1 0.46 2.05e-06 1.67e-06 1.59e-06
-9 0.46 2.55e-06 2.08e-06 1.97e-06
-8.9 0.46 3.16e-06 2.58e-06 2.45e-06
-8.8 0.46 3.93e-06 3.21e-06 3.05e-06
-8.7 0.46 4.89e-06 3.98e-06 3.79e-06
-8.6 0.46 6.07e-06 4.95e-06 4.71e-06
-8.5 0.46 7.55e-06 6.16e-06 5.85e-06
-8.4 0.46 9.38e-06 7.65e-06 7.27e-06
-8.3 0.46 1.17e-05 9.51e-06 9.04e-06
-8.2 0.46 1.45e-05 1.18e-05 1.12e-05
-8.1 0.46 1.8e-05 1.47e-05 1.4e-05
-8 0.46 2.24e-05 1.83e-05 1.74e-05
-7.9 0.46 2.78e-05 2.27e-05 2.16e-05
-7.8 0.46 3.46e-05 2.82e-05 2.68e-05
-7.7 0.46 4.3e-05 3.5e-05 3.33e-05
-7.6 0.46 5.34e-05 4.35e-05 4.14e-05
-7.5 0.46 6.63e-05 5.41e-05 5.14e-05
-7.4 0.46 8.24e-05 6.73e-05 6.39e-05
-7.3 0.46 0.000102 8.36e-05 7.95e-05
-7.2 0.46 0.000127 0.000104 9.88e-05
-7.1 0.46 0.000158 0.000129 0.000123
-7 0.46 0.000197 0.00016 0.000153
-6.9 0.46 0.000244 0.000199 0.00019
-6.8 0.46 0.000304 0.000248 0.000236
-6.7 0.46 0.000377 0.000308 0.000293
-6.6 0.46 0.000469 0.000383 0.000364
-6.5 0.46 0.000582 0.000476 0.000452
-6.4 0.46 0.000723 0.000592 0.000561
-6.3 0.46 0.000898 0.000735 0.000697
-6.2 0.46 0.00112 0.000914 0.000866
-6.1 0.46 0.00138 0.00114 0.00108
-6 0.46 0.00172 0.00141 0.00134
-5.9 0.46 0.00213 0.00175 0.00166
-5.8 0.46 0.00265 0.00218 0.00206
-5.7 0.46 0.00328 0.00271 0.00256
-5.6 0.46 0.00406 0.00337 0.00317
-5.5 0.46 0.00503 0.00419 0.00393
-5.4 0.46 0.00623 0.0052 0.00487
-5.3 0.46 0.0077 0.00647 0.00603
-5.2 0.46 0.00951 0.00803 0.00747
-5.1 0.46 0.0117 0.00997 0.00923
-5 0.46 0.0144 0.0124 0.0114
-4.9 0.46 0.0177 0.0153 0.014
-4.8 0.46 0.0218 0.019 0.0173
-4.7 0.46 0.0266 0.0234 0.0212
-4.6 0.46 0.0325 0.0288 0.0259
-4.5 0.46 0.0396 0.0353 0.0315
-4.4 0.46 0.0481 0.043 0.0381
-4.3 0.46 0.0582 0.0521 0.0458
-4.2 0.46 0.0775 0.0842 0.0619
-4.1 0.46 0.0924 0.0983 0.0725
-4 0.46 0.109 0.112 0.0836
-3.9 0.46 0.146 0.133 0.113
-3.8 0.46 0.166 0.135 0.122
-3.7 0.46 0.184 0.124 0.126
-3.6 0.46 0.204 0.14 0.129
-3.5 0.46 0.222 0.156 0.125
-3.4 0.46 0.232 0.167 0.111
-3.3 0.46 0.232 0.169 0.0853
-3.2 0.46 0.218 0.157 0.101
-3.1 0.46 0.184 0.125 0.206
-3 0.46 0.23 0.111 0.151
-2.9 0.46 0.188 0.0961 0.227
-2.8 0.46 0.0582 0.22 0.516
-2.7 0.46 0.0197 0.25 0.496
-2.6 0.46 0.0429 0.222 0.278
-2.5 0.46 -0.0526 0.317 0.636
-2.4 0.46 0.0683 0.341 0.725
-2.3 0.46 0.138 0.184 0.432
-2.2 0.46 0.248 0.373 0.408
-2.1 0.46 0.952 1.71 0.697
-2 0.46 0.826 0.664 0.562
-1.9 0.46 0.539 0.299 0.263
-1.8 0.46 0.533 0.446 0.245
-1.7 0.46 0.444 1.45 1.2
-1.6 0.46 0.357 0.598 0.538
-1.5 0.46 0.253 0.406 0.58
-1.4 0.46 0.0745 0.313 0.753
-1.3 0.46 0.213 0.28 0.327
-1.2 0.46 0.0815 1.38 1.86
-1.1 0.46 0.317 0.558 0.637
-1 0.46 0.547 1.38 1.03
-0.9 0.46 0.548 0.515 0.188
-0.8 0.46 0.479 0.317 0.151
-0.7 0.46 0.47 0.62 0.487
-0.6 0.46 0.46 0.675 0.597
-0.5 0.46 0.461 0.455 0.42
-0.4 0.46 0.446 0.0693 0.0821
-0.3 0.46 0.462 0.39 0.377
-0.2 0.46 0.451 0.635 0.663
-0.1 0.46 0.427 0.597 0.69
8.88e-15 0.46 0.405 0.295 0.454
0.1 0.46 0.407 0.0888 0.127
0.2 0.46 0.45 0.363 0.48
0.3 0.46 0.533 0.637 0.614
0.4 0.46 0.635 0.684 0.485
0.5 0.46 0.927 1.79 1.04
0.6 0.46 0.758 0.213 0.205
0.7 0.46 0.898 0.989 0.335
0.8 0.46 0.653 0.589 0.444
0.9 0.46 0.547 0.492 0.577
1 0.46 0.493 1.04 1.25
1.1 0.46 0.394 0.221 0.422
1.2 0.46 0.39 0.234 0.227
1.3 0.46 0.356 0.278 0.581
1.4 0.46 0.144 0.497 0.928
1.5 0.46 0.203 0.444 1.16
1.6 0.46 0.522 0.271 0.508
1.7 0.46 0.722 0.249 0.0891
1.8 0.46 0.752 0.216 0.115
1.9 0.46 0.768 0.301 0.131
2 0.46 0.783 0.247 0.149
2.1 0.46 0.775 0.194 0.148
2.2 0.46 0.724 0.158 0.11
2.3 0.46 0.699 0.164 0.111
2.4 0.46 0.666 0.167 0.127
2.5 0.46 0.623 0.18 0.17
2.6 0.46 0.572 0.203 0.233
2.7 0.46 0.562 0.224 0.258
2.8 0.46 0.575 0.189 0.184
2.9 0.46 0.607 0.139 0.118
3 0.46 0.633 0.0822 0.0766
3.1 0.46 0.656 0.0543 0.0576
3.2 0.46 0.67 0.0365 0.046
3.3 0.46 0.679 0.0254 0.0384
3.4 0.46 0.684 0.0186 0.0336
3.5 0.46 0.687 0.0147 0.0313
3.6 0.46 0.687 0.0121 0.0315
3.7 0.46 0.686 0.0159 0.0428
3.8 0.46 0.596 0.105 0.314
3.9 0.46 0.71 0.0248 0.00843
4 0.46 0.704 0.00752 0.00262
4.1 0.46 0.703 0.00281 0.0013
4.2 0.46 0.703 0.000864 0.000905
4.3 0.46 0.703 0.000939 0.00083
4.4 0.46 0.703 0.0013 0.000879
4.5 0.46 0.703 0.00155 0.000973
4.6 0.46 0.703 0.00174 0.00108
4.7 0.46 0.703 0.00188 0.00118
4.8 0.46 0.703 0.00199 0.00128
4.9 0.46 0.703 0.00208 0.00136
5 0.46 0.703 0.00215 0.00143
5.1 0.46 0.704 0.0022 0.00148
5.2 0.46 0.704 0.00224 0.00153
5.3 0.46 0.704 0.00228 0.00157
5.4 0.46 0.704 0.00231 0.0016
5.5 0.46 0.704 0.00233 0.00163
5.6 0.46 0.704 0.00235 0.00165
5.7 0.46 0.704 0.00236 0.00167
5.8 0.46 0.704 0.00237 0.00168
5.9 0.46 0.704 0.00238 0.0017
6 0.46 0.704 0.00239 0.00171
6.1 0.46 0.704 0.00239 0.00171
6.2 0.46 0.704 0.0024 0.00172
6.3 0.46 0.704 0.0024 0.00172
6.4 0.46 0.704 0.0024 0.00173
6.5 0.46 0.704 0.00241 0.00173
6.6 0.46 0.704 0.00241 0.00173
6.7 0.46 0.704 0.00241 0.00173
6.8 0.46 0.704 0.00241 0.00173
6.9 0.46 0.704 0.00241 0.00174
7 0.46 0.704 0.00241 0.00174
7.1 0.46 0.704 0.00241 0.00174
7.2 0.46 0.704 0.00241 0.00173
7.3 0.46 0.704 0.00241 0.00173
7.4 0.46 0.704 0.00241 0.00173
7.5 0.46 0.704 0.00241 0.00173
7.6 0.46 0.704 0.0024 0.00173
7.7 0.46 0.704 0.0024 0.00172
7.8 0.46 0.704 0.0024 0.00172
7.9 0.46 0.704 0.00239 0.00171
8 0.46 0.704 0.00239 0.00171
8.1 0.46 0.704 0.00238 0.0017
8.2 0.46 0.704 0.00237 0.00168
8.3 0.46 0.704 0.00236 0.00167
8.4 0.46 0.704 0.00235 0.00165
8.5 0.46 0.704 0.00233 0.00163
8.6 0.46 0.704 0.00231 0.0016
8.7 0.46 0.704 0.00228 0.00157
8.8 0.46 0.704 0.00224 0.00153
8.9 0.46 0.704 0.0022 0.00148
9 0.46 0.703 0.00215 0.00143
9.1 0.46 0.703 0.00208 0.00136
9.2 0.46 0.703 0.00199 0.00128
9.3 0.46 0.703 0.00188 0.00118
9.4 0.46 0.703 0.00174 0.00108
9.5 0.46 0.703 0.00155 0.000973
9.6 0.46 0.703 0.0013 0.000879
9.7 0.46 0.703 0.000939 0.00083
9.8 0.46 0.703 0.000864 0.000905
9.9 0.46 0.703 0.00281 0.0013
10 0.46 0.704 0.00752 0.00262
10.1 0.46 0.71 0.0248 0.00843
10.2 0.46 0.596 0.105 0.314
10.3 0.46 0.686 0.0159 0.0428
10.4 0.46 0.687 0.0121 0.0315
10.5 0.46 0.687 0.0147 0.0313
10.6 0.46 0.684 0.0186 0.0336
10.7 0.46 0.679 0.0254 0.0384
10.8 0.46 0.67 0.0365 0.046
10.9 0.46 0.656 0.0543 0.0576
11 0.46 0.633 0.0822 0.0766
11.1 0.46 0.607 0.139 0.118
11.2 0.46 0.575 0.189 0.184
11.3 0.46 0.562 0.224 0.258
11.4 0.46 0.572 0.203 0.233
11.5 0.46 0.623 0.18 0.17
11.6 0.46 0.666 0.167 0.127
11.7 0.46 0.699 0.164 0.111
11.8 0.46 0.724 0.158 0.11
11.9 0.46 0.775 0.194 0.148
12 0.46 0.783 0.247 0.149
12.1 0.46 0.768 0.301 0.131
12.2 0.46 0.752 0.216 0.115
12.3 0.46 0.722 0.249 0.0891
12.4 0.46 0.522 0.271 0.508
12.5 0.46 0.203 0.444 1.16
12.6 0.46 0.144 0.497 0.928
12.7 0.46 0.356 0.278 0.581
12.8 0.46 0.39 0.234 0.227
12.9 0.46 0.394 0.221 0.422
13 0.46 0.493 1.04 1.25
13.1 0.46 0.547 0.492 0.577
13.2 0.46 0.653 0.589 0.444
13.3 0.46 0.898 0.989 0.335
13.4 0.46 0.758 0.213 0.205
13.5 0.46 0.927 1.79 1.04
13.6 0.46 0.635 0.684 0.485
13.7 0.46 0.533 0.637 0.614
13.8 0.46 0.45 0.363 0.48
13.9 0.46 0.407 0.0888 0.127
14 0.46 0.405 0.295 0.454
14.1 0.46 0.427 0.597 0.69
14.2 0.46 0.451 0.635 0.663
14.3 0.46 0.462 0.39 0.377
14.4 0.46 0.446 0.0693 0.0821
14.5 0.46 0.461 0.455 0.42
14.6 0.46 0.46 0.675 0.597
14.7 0.46 0.47 0.62 0.487
14.8 0.46 0.479 0.317 0.151
14.9 0.46 0.548 0.515 0.188
15 0.46 0.547 1.38 1.03
15.1 0.46 0.317 0.558 0.637
15.2 0.46 0.0815 1.38 1.86
15.3 0.46 0.213 0.28 0.327
15.4 0.46 0.0745 0.313 0.753
15.5 0.46 0.253 0.406 0.58
15.6 0.46 0.357 0.598 0.538
15.7 0.46 0.444 1.45 1.2
15.8 0.46 0.533 0.446 0.245
15.9 0.46 0.539 0.299 0.263
16 0.46 0.826 0.664 0.562
16.1 0.46 0.952 1.71 0.697
16.2 0.46 0.248 0.373 0.408
16.3 0.46 0.138 0.184 0.432
16.4 0.46 0.0683 0.341 0.725
16.5 0.46 -0.0526 0.317 0.636
16.6 0.46 0.0429 0.222 0.278
16.7 0.46 0.0197 0.25 0.496
16.8 0.46 0.0582 0.22 0.516
16.9 0.46 0.188 0.0961 0.227
17 0.46 0.23 0.111 0.151
17.1 0.46 0.184 0.125 0.206
17.2 0.46 0.218 0.157 0.101
17.3 0.46 0.232 0.169 0.0853
17.4 0.46 0.232 0.167 0.111
17.5 0.46 0.222 0.156 0.125
17.6 0.46 0.204 0.14 0.129
17.7 0.46 0.184 0.124 0.126
17.8 0.46 0.166 0.135 0.122
17.9 0.46 0.146 0.133 0.113
18 0.46 0.109 0.112 0.0836
18.1 0.46 0.0924 0.0983 0.0725
18.2 0.46 0.0775 0.0842 0.0619
18.3 0.46 0.0582 0.0521 0.0458
18.4 0.46 0.0481 0.043 0.0381
18.5 0.46 0.0396 0.0353 0.0315
18.6 0.46 0.0325 0.0288 0.0259
18.7 0.46 0.0266 0.0234 0.0212
18.8 0.46 0.0218 0.019 0.0173
18.9 0.46 0.0177 0.0153 0.014
19 0.46 0.0144 0.0124 0.0114
19.1 0.46 0.0117 0.00997 0.00923
19.2 0.46 0.00951 0.00803 0.00747
19.3 0.46 0.0077 0.00647 0.00603
19.4 0.46 0.00623 0.0052 0.00487
19.5 0.46 0.00503 0.00419 0.00393
19.6 0.46 0.00406 0.00337 0.00317
19.7 0.46 0.00328 0.00271 0.00256
19.8 0.46 0.00265 0.00218 0.00206
19.9 0.46 0.00213 0.00175 0.00166
20 0.46 0.00172 0.00141 0.00134
20.1 0.46 0.00138 0.00114 0.00108
20.2 0.46 0.00112 0.000914 0.000866
20.3 0.46 0.000898 0.000735 0.000697
20.4 0.46 0.000723 0.000592 0.000561
20.5 0.46 0.000582 0.000476 0.000452
20.6 0.46 0.000469 0.000383 0.000364
20.7 0.46 0.000377 0.000308 0.000293
20.8 0.46 0.000304 0.000248 0.000236
20.9 0.46 0.000244 0.000199 0.00019
21 0.46 0.000197 0.00016 0.000153
21.1 0.46 0.000158 0.000129 0.000123
21.2 0.46 0.000127 0.000104 9.88e-05
21.3 0.46 0.000102 8.36e-05 7.95e-05
21.4 0.46 8.24e-05 6.73e-05 6.39e-05
21.5 0.46 6.63e-05 5.41e-05 5.14e-05
21.6 0.46 5.34e-05 4.35e-05 4.14e-05
21.7 0.46 4.3e-05 3.5e-05 3.33e-05
21.8 0.46 3.46e-05 2.82e-05 2.68e-05
21.9 0.46 2.78e-05 2.27e-05 2.16e-05
22 0.46 2.24e-05 1.83e-05 1.74e-05
22.1 0.46 1.8e-05 1.47e-05 1.4e-05
22.2 0.46 1.45e-05 1.18e-05 1.12e-05
22.3 0.46 1.17e-05 9.51e-06 9.04e-06
22.4 0.46 9.38e-06 7.65e-06 7.27e-06
22.5 0.46 7.55e-06 6.16e-06 5.85e-06
22.6 0.46 6.07e-06 4.95e-06 4.71e-06
22.7 0.46 4.89e-06 3.98e-06 3.79e-06
22.8 0.46 3.93e-06 3.21e-06 3.05e-06
22.9 0.46 3.16e-06 2.58e-06 2.45e-06
23 0.46 2.55e-06 2.08e-06 1.97e-06
23.1 0.46 2.05e-06 1.67e-06 1.59e-06
23.2 0.46 1.65e-06 1.34e-06 1.28e-06
23.3 0.46 1.33e-06 1.08e-06 1.03e-06
23.4 0.46 1.07e-06 8.7e-07 8.27e-07
23.5 0.46 8.58e-07 7e-07 6.66e-07
23.6 0.46 6.91e-07 5.63e-07 5.36e-07
23.7 0.46 5.56e-07 4.53e-07 4.31e-07
23.8 0.46 4.47e-07 3.65e-07 3.47e-07
23.9 0.46 3.6e-07 2.93e-07 2.79e-07
24 0.46 2.89e-07 2.36e-07 2.24e-07
24.1 0.46 2.33e-07 1.9e-07 1.81e-07
24.2 0.46 1.87e-07 1.53e-07 1.45e-07
24.3 0.46 1.51e-07 1.23e-07 1.17e-07
24.4 0.46 1.21e-07 9.89e-08 9.41e-08
24.5 0.46 9.76e-08 7.96e-08 7.57e-08
24.6 0.46 7.85e-08 6.41e-08 6.09e-08
24.7 0.46 6.32e-08 5.15e-08 4.9e-08
24.8 0.46 5.08e-08 4.15e-08 3.94e-08
24.9 0.46 4.09e-08 3.34e-08 3.17e-08
25 0.46 3.29e-08 2.68e-08 2.55e-08
25.1 0.46 2.65e-08 2.16e-08 2.05e-08
25.2 0.46 2.13e-08 1.74e-08 1.65e-08
25.3 0.46 1.71e-08 1.4e-08 1.33e-08
25.4 0.46 1.38e-08 1.13e-08 1.07e-08
25.5 0.46 1.11e-08 9.05e-09 8.61e-09
25.6 0.46 8.93e-09 7.29e-09 6.93e-09
25.7 0.46 7.19e-09 5.86e-09 5.57e-09
25.8 0.46 5.78e-09 4.72e-09 4.48e-09
25.9 0.46 4.65e-09 3.8e-09 3.61e-09
26 0.46 3.74e-09 3.05e-09 2.9e-09
26.1 0.46 3.01e-09 2.46e-09 2.34e-09
26.2 0.46 2.42e-09 1.98e-09 1.88e-09
26.3 0.46 1.95e-09 1.59e-09 1.51e-09
26.4 0.46 1.57e-09 1.28e-09 1.22e-09
26.5 0.46 1.26e-09 1.03e-09 9.79e-10
26.6 0.46 1.02e-09 8.29e-10 7.88e-10
26.7 0.46 8.17e-10 6.67e-10 6.34e-10
26.8 0.46 6.58e-10 5.36e-10 5.1e-10
26.9 0.46 5.29e-10 4.32e-10 4.1e-10
27 0.46 4.26e-10 3.47e-10 3.3e-10
27.1 0.46 3.43e-10 2.79e-10 2.66e-10
27.2 0.46 2.76e-10 2.25e-10 2.14e-10
27.3 0.46 2.22e-10 1.81e-10 1.72e-10
27.4 0.46 1.78e-10 1.46e-10 1.38e-10
27.5 0.46 1.44e-10 1.17e-10 1.11e-10
28.8 0.46 8.51e-12 6.94e-12 6.6e-12
28.9 0.46 6.85e-12 5.58e-12 5.31e-12
29 0.46 5.51e-12 4.49e-12 4.27e-12
29.1 0.46 4.43e-12 3.61e-12 3.44e-12
29.2 0.46 3.57e-12 2.91e-12 2.77e-12
29.3 0.46 2.87e-12 2.34e-12 2.22e-12
29.4 0.46 2.31e-12 1.88e-12 1.79e-12
29.5 0.46 1.86e-12 1.51e-12 1.44e-12
29.6 0.46 1.49e-12 1.22e-12 1.16e-12
29.7 0.46 1.2e-12 9.81e-13 9.33e-13
29.8 0.46 9.68e-13 7.89e-13 7.5e-13
29.9 0.46 7.79e-13 6.35e-13 6.04e-13
30 0.46 6.26e-13 5.11e-13 4.86e-13
30.1 0.46 5.04e-13 4.11e-13 3.91e-13
30.2 0.46 4.06e-13 3.31e-13 3.14e-13
30.3 0.46 3.26e-13 2.66e-13 2.53e-13
30.4 0.46 2.63e-13 2.14e-13 2.04e-13
30.5 0.46 2.11e-13 1.72e-13 1.64e-13
30.6 0.46 1.7e-13 1.39e-13 1.32e-13
30.7 0.46 1.37e-13 1.12e-13 1.06e-13
30.8 0.46 1.1e-13 8.98e-14 8.53e-14
30.9 0.46 8.85e-14 7.22e-14 6.87e-14
31 0.46 7.12e-14 5.81e-14 5.52e-14
31.1 0.46 5.73e-14 4.68e-14 4.45e-14
31.2 0.46 4.61e-14 3.76e-14 3.58e-14
31.3 0.46 3.71e-14 3.03e-14 2.88e-14
31.4 0.46 2.99e-14 2.44e-14 2.32e-14
31.5 0.46 2.4e-14 1.96e-14 1.86e-14
31.6 0.46 1.93e-14 1.58e-14 1.5e-14
31.7 0.46 1.56e-14 1.27e-14 1.21e-14
31.8 0.46 1.25e-14 1.02e-14 9.71e-15
31.9 0.46 1.01e-14 8.21e-15 7.81e-15
32 0.46 8.1e-15 6.61e-15 6.28e-15
32.1 0.46 6.52e-15 5.32e-15 5.06e-15
32.2 0.46 5.25e-15 4.28e-15 4.07e-15
32.3 0.46 4.22e-15 3.44e-15 3.27e-15
32.4 0.46 3.4e-15 2.77e-15 2.63e-15
32.5 0.46 2.73e-15 2.23e-15 2.12e-15
32.6 0.46 2.2e-15 1.79e-15 1.71e-15
32.7 0.46 1.77e-15 1.44e-15 1.37e-15
32.8 0.46 1.42e-15 1.16e-15 1.1e-15
32.9 0.46 1.15e-15 9.34e-16 8.88e-16
33 0.46 9.22e-16 7.52e-16 7.15e-16
33.1 0.46 7.41e-16 6.05e-16 5.75e-16
33.2 0.46 5.97e-16 4.87e-16 4.63e-16
33.3 0.46 4.8e-16 3.92e-16 3.72e-16
33.4 0.46 3.86e-16 3.15e-16 3e-16
33.5 0.46 3.11e-16 2.53e-16 2.41e-16
33.6 0.46 2.5e-16 2.04e-16 1.94e-16
33.7 0.46 2.01e-16 1.64e-16 1.56e-16
33.8 0.46 1.62e-16 1.32e-16 1.26e-16
33.9 0.46 1.3e-16 1.06e-16 1.01e-16
34 0.46 1.05e-16 8.55e-17 8.13e-17
34.1 0.46 8.43e-17 6.88e-17 6.54e-17
34.2 0.46 6.79e-17 5.53e-17 5.26e-17
34.3 0.46 5.46e-17 4.45e-17 4.23e-17
34.4 0.46 4.39e-17 3.58e-17 3.41e-17
34.5 0.46 3.53e-17 2.88e-17 2.74e-17
34.6 0.46 2.84e-17 2.32e-17 2.21e-17
34.7 0.46 2.29e-17 1.87e-17 1.77e-17
34.8 0.46 1.84e-17 1.5e-17 1.43e-17
34.9 0.46 1.48e-17 1.21e-17 1.15e-17
35 0.46 1.19e-17 9.72e-18 9.24e-18
35.1 0.46 9.59e-18 7.82e-18 7.44e-18
35.2 0.46 7.72e-18 6.29e-18 5.98e-18
35.3 0.46 6.21e-18 5.06e-18 4.82e-18
35.4 0.46 5e-18 4.07e-18 3.87e-18
35.5 0.46 4.02e-18 3.28e-18 3.12e-18
35.6 0.46 3.23e-18 2.64e-18 2.51e-18
35.7 0.46 2.6e-18 2.12e-18 2.02e-18
35.8 0.46 2.09e-18 1.71e-18 1.62e-18
35.9 0.46 1.68e-18 1.37e-18 1.31e-18
36 0.46 1.36e-18 1.11e-18 1.05e-18
36.1 0.46 1.09e-18 8.9e-19 8.46e-19
36.2 0.46 8.78e-19 7.16e-19 6.81e-19
36.3 0.46 7.06e-19 5.76e-19 5.48e-19
36.4 0.46 5.68e-19 4.63e-19 4.41e-19
36.5 0.46 4.57e-19 3.73e-19 3.55e-19
36.6 0.46 3.68e-19 3e-19 2.85e-19
36.7 0.46 2.96e-19 2.41e-19 2.3e-19
36.8 0.46 2.38e-19 1.94e-19 1.85e-19
36.9 0.46 1.92e-19 1.56e-19 1.49e-19
37 0.46 1.54e-19 1.26e-19 1.2e-19
37.1 0.46 1.24e-19 1.01e-19 9.62e-20
37.2 0.46 9.98e-20 8.14e-20 7.74e-20
37.3 0.46 8.03e-20 6.55e-20 6.23e-20
37.4 0.46 6.46e-20 5.27e-20 5.01e-20
37.5 0.46 5.2e-20 4.24e-20 4.03e-20
37.6 0.46 4.18e-20 3.41e-20 3.24e-20
37.7 0.46 3.37e-20 2.75e-20 2.61e-20
37.8 0.46 2.71e-20 2.21e-20 2.1e-20
37.9 0.46 2.18e-20 1.78e-20 1.69e-20
38 0.46 1.75e-20 1.43e-20 1.36e-20
38.1 0.46 1.41e-20 1.15e-20 1.09e-20
38.2 0.46 1.14e-20 9.26e-21 8.8e-21
38.3 0.46 9.13e-21 7.45e-21 7.08e-21
38.4 0.46 7.35e-21 5.99e-21 5.7e-21
38.5 0.46 5.91e-21 4.82e-21 4.59e-21
38.6 0.46 4.76e-21 3.88e-21 3.69e-21
38.7 0.46 3.83e-21 3.12e-21 2.97e-21
38.8 0.46 3.08e-21 2.51e-21 2.39e-21
38.9 0.46 2.48e-21 2.02e-21 1.92e-21
39 0.46 1.99e-21 1.63e-21 1.55e-21
39.1 0.46 1.6e-21 1.31e-21 1.24e-21
39.2 0.46 1.29e-21 1.05e-21 1e-21
39.3 0.46 1.04e-21 8.47e-22 8.06e-22
39.4 0.46 8.36e-22 6.82e-22 6.48e-22
39.5 0.46 6.73e-22 5.49e-22 5.22e-22
39.6 0.46 5.41e-22 4.41e-22 4.2e-22
39.7 0.46 4.35e-22 3.55e-22 3.38e-22
39.8 0.46 3.5e-22 2.86e-22 2.72e-22
39.9 0.46 2.82e-22 2.3e-22 2.19e-22
40 0.46 2.27e-22 1.85e-22 1.76e-22
40.1 0.46 1.83e-22 1.49e-22 1.42e-22
40.2 0.46 1.47e-22 1.2e-22 1.14e-22
40.3 0.46 1.18e-22 9.64e-23 9.16e-23
40.4 0.46 9.51e-23 7.75e-23 7.37e-23
40.5 0.46 7.65e-23 6.24e-23 5.93e-23
40.6 0.46 6.15e-23 5.02e-23 4.77e-23
40.7 0.46 4.95e-23 4.04e-23 3.84e-23
40.8 0.46 3.98e-23 3.25e-23 3.09e-23
40.9 0.46 3.21e-23 2.61e-23 2.49e-23
41 0.46 2.58e-23 2.1e-23 2e-23
41.1 0.46 2.08e-23 1.69e-23 1.61e-23
41.2 0.46 1.67e-23 1.36e-23 1.3e-23
41.3 0.46 1.34e-23 1.1e-23 1.04e-23
41.4 0.46 1.08e-23 8.82e-24 8.38e-24
41.5 0.46 8.7e-24 7.1e-24 6.75e-24
41.6 0.46 7e-24 5.71e-24 5.43e-24
41.7 0.46 5.63e-24 4.59e-24 4.37e-24
41.8 0.46 4.53e-24 3.7e-24 3.51e-24
41.9 0.46 3.65e-24 2.97e-24 2.83e-24
42 0.46 2.93e-24 2.39e-24 2.28e-24
42.1 0.46 2.36e-24 1.93e-24 1.83e-24
42.2 0.46 1.9e-24 1.55e-24 1.47e-24
42.3 0.46 1.53e-24 1.25e-24 1.19e-24
42.4 0.46 1.23e-24 1e-24 9.54e-25
42.5 0.46 9.89e-25 8.07e-25 7.67e-25
42.6 0.46 7.96e-25 6.49e-25 6.17e-25
42.7 0.46 6.41e-25 5.22e-25 4.97e-25
42.8 0.46 5.15e-25 4.2e-25 4e-25
42.9 0.46 4.15e-25 3.38e-25 3.22e-25
43 0.46 3.34e-25 2.72e-25 2.59e-25
43.1 0.46 2.68e-25 2.19e-25 2.08e-25
43.2 0.46 2.16e-25 1.76e-25 1.68e-25
43.3 0.46 1.74e-25 1.42e-25 1.35e-25
43.4 0.46 1.4e-25 1.14e-25 1.08e-25
43.5 0.46 1.13e-25 9.18e-26 8.73e-26
43.6 0.46 9.05e-26 7.38e-26 7.02e-26
43.7 0.46 7.29e-26 5.94e-26 5.65e-26
43.8 0.46 5.86e-26 4.78e-26 4.55e-26
43.9 0.46 4.72e-26 3.85e-26 3.66e-26
44 0.46 3.79e-26 3.1e-26 2.94e-26
44.1 0.46 3.05e-26 2.49e-26 2.37e-26
44.2 0.46 2.46e-26 2e-26 1.91e-26
44.3 0.46 1.98e-26 1.61e-26 1.53e-26
44.4 0.46 1.59e-26 1.3e-26 1.23e-26
44.5 0.46 1.28e-26 1.04e-26 9.92e-27
44.6 0.46 1.03e-26 8.4e-27 7.99e-27
44.7 0.46 8.29e-27 6.76e-27 6.43e-27
44.8 0.46 6.67e-27 5.44e-27 5.17e-27
44.9 0.46 5.36e-27 4.37e-27 4.16e-27
45 0.46 4.32e-27 3.52e-27 3.35e-27
45.1 0.46 3.47e-27 2.83e-27 2.69e-27
45.2 0.46 2.79e-27 2.28e-27 2.17e-27
45.3 0.46 2.25e-27 1.83e-27 1.74e-27
45.4 0.46 1.81e-27 1.48e-27 1.4e-27
45.5 0.46 1.46e-27 1.19e-27 1.13e-27
45.6 0.46 1.17e-27 9.55e-28 9.08e-28
45.7 0.46 9.42e-28 7.69e-28 7.31e-28
45.8 0.46 7.58e-28 6.18e-28 5.88e-28
45.9 0.46 6.1e-28 4.98e-28 4.73e-28
46 0.46 4.91e-28 4e-28 3.81e-28
46.1 0.46 3.95e-28 3.22e-28 3.06e-28
46.2 0.46 3.18e-28 2.59e-28 2.46e-28
46.3 0.46 2.56e-28 2.09e-28 1.98e-28
46.4 0.46 2.06e-28 1.68e-28 1.6e-28
46.5 0.46 1.66e-28 1.35e-28 1.28e-28
46.6 0.46 1.33e-28 1.09e-28 1.03e-28
46.7 0.46 1.07e-28 8.74e-29 8.31e-29
46.8 0.46 8.62e-29 7.03e-29 6.69e-29
46.9 0.46 6.94e-29 5.66e-29 5.38e-29
47 0.46 5.58e-29 4.55e-29 4.33e-29
47.1 0.46 4.49e-29 3.66e-29 3.48e-29
47.2 0.46 3.61e-29 2.95e-29 2.8e-29
47.3 0.46 2.91e-29 2.37e-29 2.26e-29
47.4 0.46 2.34e-29 1.91e-29 1.81e-29
47.5 0.46 1.88e-29 1.54e-29 1.46e-29
47.6 0.46 1.51e-29 1.24e-29 1.17e-29
47.7 0.46 1.22e-29 9.94e-30 9.45e-30
47.8 0.46 9.81e-30 8e-30 7.61e-30
47.9 0.46 7.89e-30 6.44e-30 6.12e-30
48 0.46 6.35e-30 5.18e-30 4.92e-30
48.1 0.46 5.11e-30 4.17e-30 3.96e-30
48.2 0.46 4.11e-30 3.35e-30 3.19e-30
48.3 0.46 3.31e-30 2.7e-30 2.56e-30
48.4 0.46 2.66e-30 2.17e-30 2.06e-30
48.5 0.46 2.14e-30 1.75e-30 1.66e-30
48.6 0.46 1.72e-30 1.41e-30 1.34e-30
48.7 0.46 1.39e-30 1.13e-30 1.08e-30
48.8 0.46 1.12e-30 9.1e-31 8.65e-31
48.9 0.46 8.97e-31 7.32e-31 6.96e-31
49 0.46 7.22e-31 5.89e-31 5.6e-31
49.1 0.46 5.81e-31 4.74e-31 4.51e-31
49.2 0.46 4.68e-31 3.81e-31 3.63e-31
49.3 0.46 3.76e-31 3.07e-31 2.92e-31
49.4 0.46 3.03e-31 2.47e-31 2.35e-31
49.5 0.46 2.44e-31 1.99e-31 1.89e-31
49.6 0.46 1.96e-31 1.6e-31 1.52e-31
49.7 0.46 1.58e-31 1.29e-31 1.22e-31
49.8 0.46 1.27e-31 1.03e-31 9.84e-32
49.9 0.46 1.02e-31 8.32e-32 7.92e-32
50 0.46 8.21e-32 6.7e-32 6.37e-32
50.1 0.46 6.61e-32 5.39e-32 5.12e-32
50.2 0.46 5.32e-32 4.34e-32 4.12e-32
50.3 0.46 4.28e-32 3.49e-32 3.32e-32
50.4 0.46 3.44e-32 2.81e-32 2.67e-32
50.5 0.46 2.77e-32 2.26e-32 2.15e-32
50.6 0.46 2.23e-32 1.82e-32 1.73e-32
50.7 0.46 1.79e-32 1.46e-32 1.39e-32
50.8 0.46 1.44e-32 1.18e-32 1.12e-32
50.9 0.46 1.16e-32 9.47e-33 9e-33
51 0.46 9.34e-33 7.62e-33 7.24e-33
51.1 0.46 7.52e-33 6.13e-33 5.83e-33
51.2 0.46 6.05e-33 4.93e-33 4.69e-33
51.3 0.46 4.87e-33 3.97e-33 3.77e-33
51.4 0.46 3.92e-33 3.19e-33 3.04e-33
51.5 0.46 3.15e-33 2.57e-33 2.44e-33
51.6 0.46 2.53e-33 2.07e-33 1.97e-33
51.7 0.46 2.04e-33 1.66e-33 1.58e-33
51.8 0.46 1.64e-33 1.34e-33 1.27e-33
51.9 0.46 1.32e-33 1.08e-33 1.02e-33
52 0.46 1.06e-33 8.66e-34 8.24e-34
52.1 0.46 8.55e-34 6.97e-34 6.63e-34
52.2 0.46 6.88e-34 5.61e-34 5.33e-34
52.3 0.46 5.53e-34 4.51e-34 4.29e-34
52.4 0.46 4.45e-34 3.63e-34 3.45e-34
52.5 0.46 3.58e-34 2.92e-34 2.78e-34
52.6 0.46 2.88e-34 2.35e-34 2.24e-34
52.7 0.46 2.32e-34 1.89e-34 1.8e-34
52.8 0.46 1.87e-34 1.52e-34 1.45e-34
52.9 0.46 1.5e-34 1.22e-34 1.16e-34
53 0.46 1.21e-34 9.85e-35 9.37e-35
53.1 0.46 9.72e-35 7.93e-35 7.54e-35
53.2 0.46 7.82e-35 6.38e-35 6.07e-35
53.3 0.46 6.29e-35 5.13e-35 4.88e-35
53.4 0.46 5.06e-35 4.13e-35 3.93e-35
53.5 0.46 4.07e-35 3.32e-35 3.16e-35
53.6 0.46 3.28e-35 2.67e-35 2.54e-35
53.7 0.46 2.64e-35 2.15e-35 2.05e-35
53.8 0.46 2.12e-35 1.73e-35 1.65e-35
53.9 0.46 1.71e-35 1.39e-35 1.32e-35
54 0.46 1.37e-35 1.12e-35 1.07e-35
54.1 0.46 1.11e-35 9.02e-36 8.57e-36
54.2 0.46 8.9e-36 7.26e-36 6.9e-36
54.3 0.46 7.16e-36 5.84e-36 5.55e-36
54.4 0.46 5.76e-36 4.7e-36 4.47e-36
54.5 0.46 4.63e-36 3.78e-36 3.59e-36
54.6 0.46 3.73e-36 3.04e-36 2.89e-36
54.7 0.46 3e-36 2.45e-36 2.33e-36
54.8 0.46 2.41e-36 1.97e-36 1.87e-36
54.9 0.46 1.94e-36 1.58e-36 1.51e-36
55 0.46 1.56e-36 1.27e-36 1.21e-36
55.1 0.46 1.26e-36 1.03e-36 9.75e-37
55.2 0.46 1.01e-36 8.25e-37 7.85e-37
55.3 0.46 8.14e-37 6.64e-37 6.31e-37
55.4 0.46 6.55e-37 5.34e-37 5.08e-37
55.5 0.46 5.27e-37 4.3e-37 4.09e-37
55.6 0.46 4.24e-37 3.46e-37 3.29e-37
55.7 0.46 3.41e-37 2.78e-37 2.65e-37
55.8 0.46 2.75e-37 2.24e-37 2.13e-37
55.9 0.46 2.21e-37 1.8e-37 1.71e-37
56 0.46 1.78e-37 1.45e-37 1.38e-37
56.1 0.46 1.43e-37 1.17e-37 1.11e-37
56.2 0.46 1.15e-37 9.39e-38 8.92e-38
56.3 0.46 9.26e-38 7.55e-38 7.18e-38
56.4 0.46 7.45e-38 6.08e-38 5.78e-38
56.5 0.46 5.99e-38 4.89e-38 4.65e-38
56.6 0.46 4.82e-38 3.93e-38 3.74e-38
56.7 0.46 3.88e-38 3.17e-38 3.01e-38
56.8 0.46 3.12e-38 2.55e-38 2.42e-38
56.9 0.46 2.51e-38 2.05e-38 1.95e-38
57 0.46 2.02e-38 1.65e-38 1.57e-38
57.1 0.46 1.63e-38 1.33e-38 1.26e-38
57.2 0.46 1.31e-38 1.07e-38 1.01e-38
57.3 0.46 1.05e-38 8.59e-39 8.17e-39
57.4 0.46 8.47e-39 6.91e-39 6.57e-39
57.5 0.46 6.82e-39 5.56e-39 5.29e-39
57.6 0.46 5.49e-39 4.47e-39 4.25e-39
57.7 0.46 4.41e-39 3.6e-39 3.42e-39
57.8 0.46 3.55e-39 2.9e-39 2.75e-39
57.9 0.46 2.86e-39 2.33e-39 2.22e-39
58 0.46 2.3e-39 1.88e-39 1.78e-39
58.1 0.46 1.85e-39 1.51e-39 1.43e-39
58.2 0.46 1.49e-39 1.21e-39 1.15e-39
58.3 0.46 1.2e-39 9.77e-40 9.29e-40
58.4 0.46 9.64e-40 7.86e-40 7.47e-40
58.5 0.46 7.75e-40 6.32e-40 6.01e-40
58.6 0.46 6.24e-40 5.09e-40 4.84e-40
58.7 0.46 5.02e-40 4.09e-40 3.89e-40
58.8 0.46 4.04e-40 3.29e-40 3.13e-40
58.9 0.46 3.25e-40 2.65e-40 2.52e-40
59 0.46 2.61e-40 2.13e-40 2.03e-40
59.1 0.46 2.1e-40 1.72e-40 1.63e-40
59.2 0.46 1.69e-40 1.38e-40 1.31e-40
59.3 0.46 1.36e-40 1.11e-40 1.06e-40
59.4 0.46 1.1e-40 8.94e-41 8.5e-41
59.5 0.46 8.82e-41 7.19e-41 6.84e-41
59.6 0.46 7.1e-41 5.79e-41 5.5e-41
59.7 0.46 5.71e-41 4.66e-41 4.43e-41
59.8 0.46 4.59e-41 3.75e-41 3.56e-41
59.9 0.46 3.7e-41 3.01e-41 2.87e-41
60 0.46 2.97e-41 2.43e-41 2.31e-41
60.1 0.46 2.39e-41 1.95e-41 1.86e-41
60.2 0.46 1.93e-41 1.57e-41 1.49e-41
60.3 0.46 1.55e-41 1.26e-41 1.2e-41
60.4 0.46 1.25e-41 1.02e-41 9.67e-42
60.5 0.46 1e-41 8.18e-42 7.78e-42
60.6 0.46 8.07e-42 6.58e-42 6.26e-42
60.7 0.46 6.49e-42 5.3e-42 5.04e-42
60.8 0.46 5.22e-42 4.26e-42 4.05e-42
60.9 0.46 4.2e-42 3.43e-42 3.26e-42
61 0.46 3.38e-42 2.76e-42 2.62e-42
61.1 0.46 2.72e-42 2.22e-42 2.11e-42
61.2 0.46 2.19e-42 1.79e-42 1.7e-42
61.3 0.46 1.76e-42 1.44e-42 1.37e-42
61.4 0.46 1.42e-42 1.16e-42 1.1e-42
61.5 0.46 1.14e-42 9.3e-43 8.85e-43
61.6 0.46 9.18e-43 7.49e-43 7.12e-43
61.7 0.46 7.38e-43 6.02e-43 5.73e-43
61.8 0.46 5.94e-43 4.85e-43 4.61e-43
61.9 0.46 4.78e-43 3.9e-43 3.71e-43
62 0.46 3.85e-43 3.14e-43 2.98e-43
62.1 0.46 3.1e-43 2.52e-43 2.4e-43
62.2 0.46 2.49e-43 2.03e-43 1.93e-43
62.3 0.46 2e-43 1.63e-43 1.55e-43
62.4 0.46 1.61e-43 1.31e-43 1.25e-43
62.5 0.46 1.3e-43 1.06e-43 1.01e-43
62.6 0.46 1.04e-43 8.51e-44 8.09e-44
62.7 0.46 8.4e-44 6.85e-44 6.51e-44
62.8 0.46 6.76e-44 5.51e-44 5.24e-44
62.9 0.46 5.44e-44 4.43e-44 4.22e-44
63 0.46 4.37e-44 3.57e-44 3.39e-44
63.1 0.46 3.52e-44 2.87e-44 2.73e-44
63.2 0.46 2.83e-44 2.31e-44 2.2e-44
63.3 0.46 2.28e-44 1.86e-44 1.77e-44
63.4 0.46 1.83e-44 1.5e-44 1.42e-44
63.5 0.46 1.48e-44 1.2e-44 1.14e-44
63.6 0.46 1.19e-44 9.68e-45 9.21e-45
63.7 0.46 9.55e-45 7.79e-45 7.41e-45
63.8 0.46 7.69e-45 6.27e-45 5.96e-45
63.9 0.46 6.18e-45 5.04e-45 4.8e-45
64 0.46 4.98e-45 4.06e-45 3.86e-45
64.1 0.46 4e-45 3.27e-45 3.1e-45
64.2 0.46 3.22e-45 2.63e-45 2.5e-45
64.3 0.46 2.59e-45 2.11e-45 2.01e-45
64.4 0.46 2.09e-45 1.7e-45 1.62e-45
64.5 0.46 1.68e-45 1.37e-45 1.3e-45
64.6 0.46 1.35e-45 1.1e-45 1.05e-45
64.7 0.46 1.09e-45 8.86e-46 8.42e-46
64.8 0.46 8.74e-46 7.13e-46 6.78e-46
64.9 0.46 7.03e-46 5.74e-46 5.45e-46
65 0.46 5.66e-46 4.62e-46 4.39e-46
65.1 0.46 4.55e-46 3.71e-46 3.53e-46
65.2 0.46 3.66e-46 2.99e-46 2.84e-46
65.3 0.46 2.95e-46 2.4e-46 2.29e-46
65.4 0.46 2.37e-46 1.93e-46 1.84e-46
65.5 0.46 1.91e-46 1.56e-46 1.48e-46
65.6 0.46 1.54e-46 1.25e-46 1.19e-46
65.7 0.46 1.24e-46 1.01e-46 9.58e-47
65.8 0.46 9.94e-47 8.11e-47 7.71e-47
65.9 0.46 8e-47 6.52e-47 6.2e-47
66 0.46 6.44e-47 5.25e-47 4.99e-47
66.1 0.46 5.18e-47 4.22e-47 4.02e-47
66.2 0.46 4.17e-47 3.4e-47 3.23e-47
66.3 0.46 3.35e-47 2.73e-47 2.6e-47
66.4 0.46 2.7e-47 2.2e-47 2.09e-47
66.5 0.46 2.17e-47 1.77e-47 1.68e-47
66.6 0.46 1.75e-47 1.42e-47 1.35e-47
66.7 0.46 1.41e-47 1.15e-47 1.09e-47
66.8 0.46 1.13e-47 9.22e-48 8.77e-48
66.9 0.46 9.1e-48 7.42e-48 7.05e-48
67 0.46 7.32e-48 5.97e-48 5.68e-48
67.1 0.46 5.89e-48 4.8e-48 4.57e-48
67.2 0.46 4.74e-48 3.86e-48 3.67e-48
67.3 0.46 3.81e-48 3.11e-48 2.96e-48
67.4 0.46 3.07e-48 2.5e-48 2.38e-48
67.5 0.46 2.47e-48 2.01e-48 1.91e-48
67.6 0.46 1.99e-48 1.62e-48 1.54e-48
67.7 0.46 1.6e-48 1.3e-48 1.24e-48
67.8 0.46 1.29e-48 1.05e-48 9.97e-49
67.9 0.46 1.03e-48 8.44e-49 8.02e-49
68 0.46 8.32e-49 6.79e-49 6.46e-49
68.1 0.46 6.7e-49 5.46e-49 5.19e-49
68.2 0.46 5.39e-49 4.4e-49 4.18e-49
68.3 0.46 4.34e-49 3.54e-49 3.36e-49
68.4 0.46 3.49e-49 2.85e-49 2.71e-49
68.5 0.46 2.81e-49 2.29e-49 2.18e-49
68.6 0.46 2.26e-49 1.84e-49 1.75e-49
68.7 0.46 1.82e-49 1.48e-49 1.41e-49
68.8 0.46 1.46e-49 1.19e-49 1.13e-49
68.9 0.46 1.18e-49 9.6e-50 9.13e-50
69 0.46 9.47e-50 7.72e-50 7.34e-50
69.1 0.46 7.62e-50 6.21e-50 5.91e-50
69.2 0.46 6.13e-50 5e-50 4.75e-50
69.3 0.46 4.93e-50 4.02e-50 3.82e-50
69.4 0.46 3.97e-50 3.24e-50 3.08e-50
69.5 0.46 3.19e-50 2.6e-50 2.48e-50
69.6 0.46 2.57e-50 2.1e-50 1.99e-50
69.7 0.46 2.07e-50 1.69e-50 1.6e-50
69.8 0.46 1.66e-50 1.36e-50 1.29e-50
69.9 0.46 1.34e-50 1.09e-50 1.04e-50
70 0.46 1.08e-50 8.78e-51 8.35e-51
70.1 0.46 8.66e-51 7.07e-51 6.72e-51
70.2 0.46 6.97e-51 5.69e-51 5.41e-51
70.3 0.46 5.61e-51 4.57e-51 4.35e-51
70.4 0.46 4.51e-51 3.68e-51 3.5e-51
70.5 0.46 3.63e-51 2.96e-51 2.82e-51
70.6 0.46 2.92e-51 2.38e-51 2.27e-51
70.7 0.46 2.35e-51 1.92e-51 1.82e-51
70.8 0.46 1.89e-51 1.54e-51 1.47e-51
70.9 0.46 1.52e-51 1.24e-51 1.18e-51
71 0.46 1.22e-51 9.99e-52 9.5e-52
71.1 0.46 9.85e-52 8.04e-52 7.64e-52
71.2 0.46 7.93e-52 6.47e-52 6.15e-52
71.3 0.46 6.38e-52 5.2e-52 4.95e-52
71.4 0.46 5.13e-52 4.19e-52 3.98e-52
71.5 0.46 4.13e-52 3.37e-52 3.2e-52
71.6 0.46 3.32e-52 2.71e-52 2.58e-52
71.7 0.46 2.67e-52 2.18e-52 2.07e-52
71.8 0.46 2.15e-52 1.75e-52 1.67e-52
71.9 0.46 1.73e-52 1.41e-52 1.34e-52
72 0.46 1.39e-52 1.14e-52 1.08e-52
72.1 0.46 1.12e-52 9.14e-53 8.69e-53
72.2 0.46 9.02e-53 7.35e-53 6.99e-53
72.3 0.46 7.26e-53 5.92e-53 5.63e-53
72.4 0.46 5.84e-53 4.76e-53 4.53e-53
72.5 0.46 4.7e-53 3.83e-53 3.64e-53
72.6 0.46 3.78e-53 3.08e-53 2.93e-53
72.7 0.46 3.04e-53 2.48e-53 2.36e-53
72.8 0.46 2.45e-53 2e-53 1.9e-53
72.9 0.46 1.97e-53 1.61e-53 1.53e-53
73 0.46 1.58e-53 1.29e-53 1.23e-53
73.1 0.46 1.27e-53 1.04e-53 9.88e-54
73.2 0.46 1.03e-53 8.36e-54 7.95e-54
73.3 0.46 8.25e-54 6.73e-54 6.4e-54
73.4 0.46 6.64e-54 5.41e-54 5.15e-54
73.5 0.46 5.34e-54 4.36e-54 4.14e-54
73.6 0.46 4.3e-54 3.51e-54 3.33e-54
73.7 0.46 3.46e-54 2.82e-54 2.68e-54
73.8 0.46 2.78e-54 2.27e-54 2.16e-54
73.9 0.46 2.24e-54 1.83e-54 1.74e-54
74 0.46 1.8e-54 1.47e-54 1.4e-54
74.1 0.46 1.45e-54 1.18e-54 1.12e-54
74.2 0.46 1.17e-54 9.51e-55 9.04e-55
74.3 0.46 9.38e-55 7.65e-55 7.28e-55
74.4 0.46 7.55e-55 6.16e-55 5.86e-55
74.5 0.46 6.08e-55 4.96e-55 4.71e-55
74.6 0.46 4.89e-55 3.99e-55 3.79e-55
74.7 0.46 3.93e-55 3.21e-55 3.05e-55
74.8 0.46 3.16e-55 2.58e-55 2.45e-55
74.9 0.46 2.55e-55 2.08e-55 1.97e-55
75 0.46 2.05e-55 1.67e-55 1.59e-55
75.1 0.46 1.65e-55 1.34e-55 1.28e-55
75.2 0.46 1.33e-55 1.08e-55 1.03e-55
75.3 0.46 1.07e-55 8.71e-56 8.28e-56
75.4 0.46 8.59e-56 7e-56 6.66e-56
75.5 0.46 6.91e-56 5.64e-56 5.36e-56
75.6 0.46 5.56e-56 4.53e-56 4.31e-56
75.7 0.46 4.47e-56 3.65e-56 3.47e-56
75.8 0.46 3.6e-56 2.94e-56 2.79e-56
75.9 0.46 2.9e-56 2.36e-56 2.25e-56
76 0.46 2.33e-56 1.9e-56 1.81e-56
76.1 0.46 1.88e-56 1.53e-56 1.45e-56
76.2 0.46 1.51e-56 1.23e-56 1.17e-56
76.3 0.46 1.21e-56 9.9e-57 9.41e-57
76.4 0.46 9.77e-57 7.97e-57 7.57e-57
76.5 0.46 7.86e-57 6.41e-57 6.09e-57
76.6 0.46 6.32e-57 5.16e-57 4.9e-57
76.7 0.46 5.09e-57 4.15e-57 3.95e-57
76.8 0.46 4.09e-57 3.34e-57 3.17e-57
76.9 0.46 3.29e-57 2.69e-57 2.55e-57
77 0.46 2.65e-57 2.16e-57 2.06e-57
77.1 0.46 2.13e-57 1.74e-57 1.65e-57
77.2 0.46 1.72e-57 1.4e-57 1.33e-57
77.3 0.46 1.38e-57 1.13e-57 1.07e-57
77.4 0.46 1.11e-57 9.06e-58 8.61e-58
77.5 0.46 8.94e-58 7.29e-58 6.93e-58
77.6 0.46 7.19e-58 5.87e-58 5.58e-58
77.7 0.46 5.79e-58 4.72e-58 4.49e-58
77.8 0.46 4.66e-58 3.8e-58 3.61e-58
77.9 0.46 3.75e-58 3.06e-58 2.91e-58
78 0.46 3.01e-58 2.46e-58 2.34e-58
78.1 0.46 2.43e-58 1.98e-58 1.88e-58
78.2 0.46 1.95e-58 1.59e-58 1.51e-58
78.3 0.46 1.57e-58 1.28e-58 1.22e-58
78.4 0.46 1.26e-58 1.03e-58 9.8e-59
78.5 0.46 1.02e-58 8.29e-59 7.88e-59
78.6 0.46 8.18e-59 6.67e-59 6.34e-59
78.7 0.46 6.58e-59 5.37e-59 5.1e-59
78.8 0.46 5.3e-59 4.32e-59 4.11e-59
78.9 0.46 4.26e-59 3.47e-59 3.3e-59
79 0.46 3.43e-59 2.8e-59 2.66e-59
79.1 0.46 2.76e-59 2.25e-59 2.14e-59
79.2 0.46 2.22e-59 1.81e-59 1.72e-59
79.3 0.46 1.79e-59 1.46e-59 1.38e-59
79.4 0.46 1.44e-59 1.17e-59 1.11e-59
79.5 0.46 1.16e-59 9.43e-60 8.97e-60
79.6 0.46 9.3e-60 7.59e-60 7.21e-60
79.7 0.46 7.48e-60 6.1e-60 5.8e-60
79.8 0.46 6.02e-60 4.91e-60 4.67e-60
79.9 0.46 4.85e-60 3.95e-60 3.76e-60
80 0.46 3.9e-60 3.18e-60 3.02e-60
80.1 0.46 3.14e-60 2.56e-60 2.43e-60
80.2 0.46 2.52e-60 2.06e-60 1.96e-60
80.3 0.46 2.03e-60 1.66e-60 1.58e-60
80.4 0.46 1.63e-60 1.33e-60 1.27e-60
80.5 0.46 1.31e-60 1.07e-60 1.02e-60
80.6 0.46 1.06e-60 8.63e-61 8.2e-61
80.7 0.46 8.51e-61 6.94e-61 6.6e-61
80.8 0.46 6.85e-61 5.59e-61 5.31e-61
80.9 0.46 5.51e-61 4.49e-61 4.27e-61
81 0.46 4.43e-61 3.62e-61 3.44e-61
81.1 0.46 3.57e-61 2.91e-61 2.77e-61
81.2 0.46 2.87e-61 2.34e-61 2.23e-61
81.3 0.46 2.31e-61 1.88e-61 1.79e-61
81.4 0.46 1.86e-61 1.52e-61 1.44e-61
81.5 0.46 1.5e-61 1.22e-61 1.16e-61
81.6 0.46 1.2e-61 9.81e-62 9.33e-62
81.7 0.46 9.68e-62 7.9e-62 7.51e-62
81.8 0.46 7.79e-62 6.35e-62 6.04e-62
81.9 0.46 6.27e-62 5.11e-62 4.86e-62
82 0.46 5.04e-62 4.11e-62 3.91e-62
82.1 0.46 4.06e-62 3.31e-62 3.15e-62
82.2 0.46 3.27e-62 2.66e-62 2.53e-62
82.3 0.46 2.63e-62 2.14e-62 2.04e-62
82.4 0.46 2.11e-62 1.72e-62 1.64e-62
82.5 0.46 1.7e-62 1.39e-62 1.32e-62
82.6 0.46 1.37e-62 1.12e-62 1.06e-62
82.7 0.46 1.1e-62 8.98e-63 8.54e-63
82.8 0.46 8.86e-63 7.23e-63 6.87e-63
82.9 0.46 7.13e-63 5.81e-63 5.53e-63
83 0.46 5.74e-63 4.68e-63 4.45e-63
83.1 0.46 4.62e-63 3.76e-63 3.58e-63
83.2 0.46 3.71e-63 3.03e-63 2.88e-63
83.3 0.46 2.99e-63 2.44e-63 2.32e-63
83.4 0.46 2.4e-63 1.96e-63 1.86e-63
83.5 0.46 1.93e-63 1.58e-63 1.5e-63
83.6 0.46 1.56e-63 1.27e-63 1.21e-63
83.7 0.46 1.25e-63 1.02e-63 9.71e-64
83.8 0.46 1.01e-63 8.22e-64 7.81e-64
83.9 0.46 8.11e-64 6.61e-64 6.29e-64
84 0.46 6.52e-64 5.32e-64 5.06e-64
84.1 0.46 5.25e-64 4.28e-64 4.07e-64
84.2 0.46 4.22e-64 3.44e-64 3.28e-64
84.3 0.46 3.4e-64 2.77e-64 2.64e-64
84.4 0.46 2.73e-64 2.23e-64 2.12e-64
84.5 0.46 2.2e-64 1.79e-64 1.71e-64
84.6 0.46 1.77e-64 1.44e-64 1.37e-64
84.7 0.46 1.42e-64 1.16e-64 1.1e-64
84.8 0.46 1.15e-64 9.35e-65 8.89e-65
84.9 0.46 9.22e-65 7.52e-65 7.15e-65
85 0.46 7.42e-65 6.05e-65 5.75e-65
85.1 0.46 5.97e-65 4.87e-65 4.63e-65
85.2 0.46 4.8e-65 3.92e-65 3.72e-65
85.3 0.46 3.86e-65 3.15e-65 3e-65
85.4 0.46 3.11e-65 2.54e-65 2.41e-65
85.5 0.46 2.5e-65 2.04e-65 1.94e-65
85.6 0.46 2.01e-65 1.64e-65 1.56e-65
85.7 0.46 1.62e-65 1.32e-65 1.26e-65
85.8 0.46 1.3e-65 1.06e-65 1.01e-65
85.9 0.46 1.05e-65 8.55e-66 8.13e-66
86 0.46 8.44e-66 6.88e-66 6.54e-66
86.1 0.46 6.79e-66 5.54e-66 5.26e-66
86.2 0.46 5.46e-66 4.46e-66 4.24e-66
86.3 0.46 4.4e-66 3.58e-66 3.41e-66
86.4 0.46 3.54e-66 2.88e-66 2.74e-66
86.5 0.46 2.85e-66 2.32e-66 2.21e-66
86.6 0.46 2.29e-66 1.87e-66 1.78e-66
86.7 0.46 1.84e-66 1.5e-66 1.43e-66
86.8 0.46 1.48e-66 1.21e-66 1.15e-66
86.9 0.46 1.19e-66 9.73e-67 9.25e-67
87 0.46 9.6e-67 7.83e-67 7.44e-67
87.1 0.46 7.72e-67 6.3e-67 5.99e-67
87.2 0.46 6.21e-67 5.07e-67 4.82e-67
87.3 0.46 5e-67 4.08e-67 3.88e-67
87.4 0.46 4.02e-67 3.28e-67 3.12e-67
87.5 0.46 3.24e-67 2.64e-67 2.51e-67
87.6 0.46 2.6e-67 2.12e-67 2.02e-67
87.7 0.46 2.1e-67 1.71e-67 1.62e-67
87.8 0.46 1.69e-67 1.37e-67 1.31e-67
87.9 0.46 1.36e-67 1.11e-67 1.05e-67
88 0.46 1.09e-67 8.9e-68 8.46e-68
88.1 0.46 8.78e-68 7.16e-68 6.81e-68
88.2 0.46 7.07e-68 5.76e-68 5.48e-68
88.3 0.46 5.69e-68 4.64e-68 4.41e-68
88.4 0.46 4.57e-68 3.73e-68 3.55e-68
88.5 0.46 3.68e-68 3e-68 2.85e-68
88.6 0.46 2.96e-68 2.42e-68 2.3e-68
88.7 0.46 2.38e-68 1.94e-68 1.85e-68
88.8 0.46 1.92e-68 1.56e-68 1.49e-68
88.9 0.46 1.54e-68 1.26e-68 1.2e-68
89 0.46 1.24e-68 1.01e-68 9.63e-69
89.1 0.46 9.99e-69 8.15e-69 7.75e-69
89.2 0.46 8.04e-69 6.55e-69 6.23e-69
89.3 0.46 6.47e-69 5.27e-69 5.01e-69
89.4 0.46 5.2e-69 4.24e-69 4.03e-69
89.5 0.46 4.19e-69 3.41e-69 3.25e-69
89.6 0.46 3.37e-69 2.75e-69 2.61e-69
89.7 0.46 2.71e-69 2.21e-69 2.1e-69
89.8 0.46 2.18e-69 1.78e-69 1.69e-69
89.9 0.46 1.75e-69 1.43e-69 1.36e-69
90 0.46 1.41e-69 1.15e-69 1.09e-69
90.1 0.46 1.14e-69 9.26e-70 8.81e-70
90.2 0.46 9.14e-70 7.45e-70 7.09e-70
90.3 0.46 7.35e-70 6e-70 5.7e-70
90.4 0.46 5.92e-70 4.83e-70 4.59e-70
90.5 0.46 4.76e-70 3.88e-70 3.69e-70
90.6 0.46 3.83e-70 3.12e-70 2.97e-70
90.7 0.46 3.08e-70 2.51e-70 2.39e-70
90.8 0.46 2.48e-70 2.02e-70 1.92e-70
90.9 0.46 2e-70 1.63e-70 1.55e-70
91 0.46 1.61e-70 1.31e-70 1.25e-70
91.1 0.46 1.29e-70 1.05e-70 1e-70
91.2 0.46 1.04e-70 8.48e-71 8.06e-71
91.3 0.46 8.36e-71 6.82e-71 6.49e-71
91.4 0.46 6.73e-71 5.49e-71 5.22e-71
91.5 0.46 5.41e-71 4.42e-71 4.2e-71
91.6 0.46 4.36e-71 3.55e-71 3.38e-71
91.7 0.46 3.51e-71 2.86e-71 2.72e-71
91.8 0.46 2.82e-71 2.3e-71 2.19e-71
91.9 0.46 2.27e-71 1.85e-71 1.76e-71
92 0.46 1.83e-71 1.49e-71 1.42e-71
92.1 0.46 1.47e-71 1.2e-71 1.14e-71
92.2 0.46 1.18e-71 9.64e-72 9.17e-72
92.3 0.46 9.51e-72 7.76e-72 7.38e-72
92.4 0.46 7.65e-72 6.24e-72 5.94e-72
92.5 0.46 6.16e-72 5.02e-72 4.78e-72
92.6 0.46 4.96e-72 4.04e-72 3.84e-72
92.7 0.46 3.99e-72 3.25e-72 3.09e-72
92.8 0.46 3.21e-72 2.62e-72 2.49e-72
92.9 0.46 2.58e-72 2.11e-72 2e-72
93 0.46 2.08e-72 1.69e-72 1.61e-72
93.1 0.46 1.67e-72 1.36e-72 1.3e-72
93.2 0.46 1.34e-72 1.1e-72 1.04e-72
93.3 0.46 1.08e-72 8.82e-73 8.39e-73
93.4 0.46 8.7e-73 7.1e-73 6.75e-73
93.5 0.46 7e-73 5.71e-73 5.43e-73
93.6 0.46 5.64e-73 4.6e-73 4.37e-73
93.7 0.46 4.53e-73 3.7e-73 3.52e-73
93.8 0.46 3.65e-73 2.98e-73 2.83e-73
93.9 0.46 2.94e-73 2.39e-73 2.28e-73
94 0.46 2.36e-73 1.93e-73 1.83e-73
94.1 0.46 1.9e-73 1.55e-73 1.47e-73
94.2 0.46 1.53e-73 1.25e-73 1.19e-73
94.3 0.46 1.23e-73 1e-73 9.54e-74
94.4 0.46 9.9e-74 8.07e-74 7.68e-74
94.5 0.46 7.97e-74 6.5e-74 6.18e-74
94.6 0.46 6.41e-74 5.23e-74 4.97e-74
94.7 0.46 5.16e-74 4.21e-74 4e-74
94.8 0.46 4.15e-74 3.38e-74 3.22e-74
94.9 0.46 3.34e-74 2.72e-74 2.59e-74
95 0.46 2.69e-74 2.19e-74 2.08e-74
95.1 0.46 2.16e-74 1.76e-74 1.68e-74
95.2 0.46 1.74e-74 1.42e-74 1.35e-74
95.3 0.46 1.4e-74 1.14e-74 1.09e-74
95.4 0.46 1.13e-74 9.18e-75 8.73e-75
95.5 0.46 9.06e-75 7.39e-75 7.03e-75
95.6 0.46 7.29e-75 5.95e-75 5.65e-75
95.7 0.46 5.87e-75 4.78e-75 4.55e-75
95.8 0.46 4.72e-75 3.85e-75 3.66e-75
95.9 0.46 3.8e-75 3.1e-75 2.94e-75
96 0.46 3.06e-75 2.49e-75 2.37e-75
96.1 0.46 2.46e-75 2e-75 1.91e-75
96.2 0.46 1.98e-75 1.61e-75 1.53e-75
96.3 0.46 1.59e-75 1.3e-75 1.23e-75
96.4 0.46 1.28e-75 1.04e-75 9.93e-76
96.5 0.46 1.03e-75 8.4e-76 7.99e-76
96.6 0.46 8.29e-76 6.76e-76 6.43e-76
96.7 0.46 6.67e-76 5.44e-76 5.17e-76
96.8 0.46 5.37e-76 4.38e-76 4.16e-76
96.9 0.46 4.32e-76 3.52e-76 3.35e-76
97 0.46 3.47e-76 2.83e-76 2.69e-76
97.1 0.46 2.8e-76 2.28e-76 2.17e-76
97.2 0.46 2.25e-76 1.83e-76 1.74e-76
97.3 0.46 1.81e-76 1.48e-76 1.4e-76
97.4 0.46 1.46e-76 1.19e-76 1.13e-76
97.5 0.46 1.17e-76 9.56e-77 9.09e-77
97.6 0.46 9.43e-77 7.69e-77 7.31e-77
97.7 0.46 7.59e-77 6.19e-77 5.88e-77
97.8 0.46 6.1e-77 4.98e-77 4.73e-77
97.9 0.46 4.91e-77 4.01e-77 3.81e-77
98 0.46 3.95e-77 3.22e-77 3.06e-77
98.1 0.46 3.18e-77 2.59e-77 2.47e-77
98.2 0.46 2.56e-77 2.09e-77 1.98e-77
98.3 0.46 2.06e-77 1.68e-77 1.6e-77
98.4 0.46 1.66e-77 1.35e-77 1.28e-77
98.5 0.46 1.33e-77 1.09e-77 1.03e-77
98.6 0.46 1.07e-77 8.75e-78 8.32e-78
98.7 0.46 8.63e-78 7.04e-78 6.69e-78
98.8 0.46 6.94e-78 5.66e-78 5.38e-78
98.9 0.46 5.59e-78 4.56e-78 4.33e-78
99 0.46 4.49e-78 3.67e-78 3.49e-78
99.1 0.46 3.62e-78 2.95e-78 2.8e-78
99.2 0.46 2.91e-78 2.37e-78 2.26e-78
99.3 0.46 2.34e-78 1.91e-78 1.82e-78
99.4 0.46 1.88e-78 1.54e-78 1.46e-78
99.5 0.46 1.52e-78 1.24e-78 1.18e-78
99.6 0.46 1.22e-78 9.95e-79 9.46e-79
99.7 0.46 9.81e-79 8e-79 7.61e-79
99.8 0.46 7.9e-79 6.44e-79 6.12e-79
99.9 0.46 6.35e-79 5.18e-79 4.93e-79
