-25 0.76 4.81e-13 1.43e-13 9.94e-14
-24.9 0.76 5.49e-13 1.64e-13 1.13e-13
-24.8 0.76 6.26e-13 1.87e-13 1.29e-13
-24.7 0.76 7.14e-13 2.13e-13 1.47e-13
-24.6 0.76 8.15e-13 2.43e-13 1.68e-13
-24.5 0.76 9.29e-13 2.77e-13 1.92e-13
-24.4 0.76 1.06e-12 3.16e-13 2.19e-13
-24.3 0.76 1.21e-12 3.6e-13 2.5e-13
-24.2 0.76 1.38e-12 4.11e-13 2.85e-13
-24.1 0.76 1.57e-12 4.69e-13 3.25e-13
-24 0.76 1.79e-12 5.35e-13 3.71e-13
-23.9 0.76 2.05e-12 6.1e-13 4.23e-13
-23.8 0.76 2.33e-12 6.95e-13 4.82e-13
-23.7 0.76 2.66e-12 7.93e-13 5.5e-13
-23.6 0.76 3.04e-12 9.05e-13 6.27e-13
-23.5 0.76 3.46e-12 1.03e-12 7.15e-13
-23.4 0.76 3.95e-12 1.18e-12 8.16e-13
-23.3 0.76 4.51e-12 1.34e-12 9.31e-13
-23.2 0.76 5.14e-12 1.53e-12 1.06e-12
-23.1 0.76 5.86e-12 1.75e-12 1.21e-12
-23 0.76 6.69e-12 1.99e-12 1.38e-12
-22.9 0.76 7.63e-12 2.27e-12 1.58e-12
-22.8 0.76 8.7e-12 2.59e-12 1.8e-12
-22.7 0.76 9.92e-12 2.96e-12 2.05e-12
-19.7 0.76 5.14e-10 1.53e-10 1.06e-10
-19.6 0.76 5.86e-10 1.75e-10 1.21e-10
-19.5 0.76 6.69e-10 1.99e-10 1.38e-10
-19.4 0.76 7.63e-10 2.27e-10 1.58e-10
-19.3 0.76 8.7e-10 2.59e-10 1.8e-10
-19.2 0.76 9.93e-10 2.96e-10 2.05e-10
-19.1 0.76 1.13e-09 3.37e-10 2.34e-10
-19 0.76 1.29e-09 3.85e-10 2.67e-10
-18.9 0.76 1.47e-09 4.39e-10 3.04e-10
-18.8 0.76 1.68e-09 5.01e-10 3.47e-10
-18.7 0.76 1.92e-09 5.71e-10 3.96e-10
-18.6 0.76 2.19e-09 6.51e-10 4.51e-10
-18.5 0.76 2.49e-09 7.43e-10 5.15e-10
-18.4 0.76 2.84e-09 8.47e-10 5.87e-10
-18.3 0.76 3.24e-09 9.66e-10 6.7e-10
-18.2 0.76 3.7e-09 1.1e-09 7.64e-10
-18.1 0.76 4.22e-09 1.26e-09 8.72e-10
-18 0.76 4.81e-09 1.43e-09 9.94e-10
-17.9 0.76 5.49e-09 1.64e-09 1.13e-09
-17.8 0.76 6.26e-09 1.87e-09 1.29e-09
-17.7 0.76 7.14e-09 2.13e-09 1.48e-09
-17.6 0.76 8.15e-09 2.43e-09 1.68e-09
-17.5 0.76 9.29e-09 2.77e-09 1.92e-09
-17.4 0.76 1.06e-08 3.16e-09 2.19e-09
-17.3 0.76 1.21e-08 3.6e-09 2.5e-09
-17.2 0.76 1.38e-08 4.11e-09 2.85e-09
-17.1 0.76 1.57e-08 4.69e-09 3.25e-09
-17 0.76 1.79e-08 5.35e-09 3.71e-09
-16.9 0.76 2.05e-08 6.1e-09 4.23e-09
-16.8 0.76 2.33e-08 6.96e-09 4.82e-09
-16.7 0.76 2.66e-08 7.93e-09 5.5e-09
-16.6 0.76 3.04e-08 9.05e-09 6.27e-09
-16.5 0.76 3.46e-08 1.03e-08 7.15e-09
-16.4 0.76 3.95e-08 1.18e-08 8.16e-09
-16.3 0.76 4.51e-08 1.34e-08 9.31e-09
-16.2 0.76 5.14e-08 1.53e-08 1.06e-08
-16.1 0.76 5.86e-08 1.75e-08 1.21e-08
-16 0.76 6.69e-08 1.99e-08 1.38e-08
-15.9 0.76 7.63e-08 2.27e-08 1.58e-08
-15.8 0.76 8.7e-08 2.59e-08 1.8e-08
-15.7 0.76 9.93e-08 2.96e-08 2.05e-08
-15.6 0.76 1.13e-07 3.37e-08 2.34e-08
-15.5 0.76 1.29e-07 3.85e-08 2.67e-08
-15.4 0.76 1.47e-07 4.39e-08 3.04e-08
-15.3 0.76 1.68e-07 5.01e-08 3.47e-08
-15.2 0.76 1.92e-07 5.71e-08 3.96e-08
-15.1 0.76 2.19e-07 6.51e-08 4.51e-08
-15 0.76 2.49e-07 7.43e-08 5.15e-08
-14.9 0.76 2.84e-07 8.47e-08 5.87e-08
-14.8 0.76 3.24e-07 9.67e-08 6.7e-08
-14.7 0.76 3.7e-07 1.1e-07 7.64e-08
-14.6 0.76 4.22e-07 1.26e-07 8.72e-08
-14.5 0.76 4.81e-07 1.43e-07 9.94e-08
-14.4 0.76 5.49e-07 1.64e-07 1.13e-07
-14.3 0.76 6.26e-07 1.87e-07 1.29e-07
-14.2 0.76 7.14e-07 2.13e-07 1.48e-07
-14.1 0.76 8.15e-07 2.43e-07 1.68e-07
-14 0.76 9.29e-07 2.77e-07 1.92e-07
-13.9 0.76 1.06e-06 3.16e-07 2.19e-07
-13.8 0.76 1.21e-06 3.6e-07 2.5e-07
-13.7 0.76 1.38e-06 4.11e-07 2.85e-07
-13.6 0.76 1.57e-06 4.69e-07 3.25e-07
-13.5 0.76 1.79e-06 5.35e-07 3.71e-07
-13.4 0.76 2.05e-06 6.1e-07 4.23e-07
-13.3 0.76 2.33e-06 6.96e-07 4.82e-07
-13.2 0.76 2.66e-06 7.93e-07 5.5e-07
-13.1 0.76 3.04e-06 9.05e-07 6.27e-07
-13 0.76 3.46e-06 1.03e-06 7.15e-07
-12.9 0.76 3.95e-06 1.18e-06 8.16e-07
-12.8 0.76 4.51e-06 1.34e-06 9.31e-07
-12.7 0.76 5.14e-06 1.53e-06 1.06e-06
-12.6 0.76 5.86e-06 1.75e-06 1.21e-06
-12.5 0.76 6.69e-06 1.99e-06 1.38e-06
-12.4 0.76 7.63e-06 2.27e-06 1.58e-06
-12.3 0.76 8.7e-06 2.59e-06 1.8e-06
-12.2 0.76 9.93e-06 2.96e-06 2.05e-06
-12.1 0.76 1.13e-05 3.37e-06 2.34e-06
-12 0.76 1.29e-05 3.85e-06 2.67e-06
-11.9 0.76 1.47e-05 4.39e-06 3.04e-06
-11.8 0.76 1.68e-05 5.01e-06 3.47e-06
-11.7 0.76 1.92e-05 5.71e-06 3.96e-06
-11.6 0.76 2.19e-05 6.51e-06 4.51e-06
-11.5 0.76 2.49e-05 7.43e-06 5.15e-06
-11.4 0.76 2.84e-05 8.47e-06 5.87e-06
-11.3 0.76 3.24e-05 9.66e-06 6.69e-06
-11.2 0.76 3.7e-05 1.1e-05 7.64e-06
-11.1 0.76 4.22e-05 1.26e-05 8.71e-06
-11 0.76 4.81e-05 1.43e-05 9.93e-06
-10.9 0.76 5.49e-05 1.63e-05 1.13e-05
-10.8 0.76 6.26e-05 1.86e-05 1.29e-05
-10.7 0.76 7.14e-05 2.13e-05 1.47e-05
-10.6 0.76 8.14e-05 2.42e-05 1.68e-05
-10.5 0.76 9.29e-05 2.77e-05 1.92e-05
-10.4 0.76 0.000106 3.15e-05 2.18e-05
-10.3 0.76 0.000121 3.6e-05 2.49e-05
-10.2 0.76 0.000138 4.1e-05 2.84e-05
-10.1 0.76 0.000157 4.68e-05 3.24e-05
-10 0.76 0.000179 5.33e-05 3.69e-05
-9.9 0.76 0.000204 6.08e-05 4.21e-05
-9.8 0.76 0.000233 6.93e-05 4.8e-05
-9.7 0.76 0.000266 7.9e-05 5.47e-05
-9.6 0.76 0.000303 9e-05 6.23e-05
-9.5 0.76 0.000346 0.000103 7.1e-05
-9.4 0.76 0.000394 0.000117 8.09e-05
-9.3 0.76 0.000449 0.000133 9.21e-05
-9.2 0.76 0.000512 0.000152 0.000105
-9.1 0.76 0.000584 0.000173 0.000119
-9 0.76 0.000666 0.000197 0.000136
-8.9 0.76 0.000759 0.000224 0.000155
-8.8 0.76 0.000865 0.000256 0.000176
-8.7 0.76 0.000986 0.000291 0.0002
-8.6 0.76 0.00112 0.000331 0.000228
-8.5 0.76 0.00128 0.000377 0.000259
-8.4 0.76 0.00146 0.000428 0.000294
-8.3 0.76 0.00166 0.000487 0.000333
-8.2 0.76 0.00189 0.000553 0.000378
-8.1 0.76 0.00216 0.000628 0.000429
-8 0.76 0.00245 0.000713 0.000485
-7.9 0.76 0.00279 0.000809 0.000549
-7.8 0.76 0.00318 0.000916 0.00062
-7.7 0.76 0.00361 0.00104 0.0007
-7.6 0.76 0.00411 0.00117 0.000788
-7.5 0.76 0.00467 0.00133 0.000886
-7.4 0.76 0.0053 0.0015 0.000995
-7.3 0.76 0.00602 0.00169 0.00111
-7.2 0.76 0.00683 0.0019 0.00124
-7.1 0.76 0.00774 0.00213 0.00139
-7 0.76 0.00877 0.00239 0.00154
-6.9 0.76 0.00993 0.00267 0.0017
-6.8 0.76 0.0112 0.00298 0.00187
-6.7 0.76 0.0127 0.00332 0.00205
-6.6 0.76 0.0143 0.00369 0.00224
-6.5 0.76 0.0161 0.00408 0.00242
-6.4 0.76 0.0182 0.0045 0.0026
-6.3 0.76 0.0204 0.00495 0.00277
-6.2 0.76 0.0229 0.00543 0.00293
-6.1 0.76 0.0256 0.00594 0.00305
-6 0.76 0.0287 0.00647 0.00314
-5.9 0.76 0.032 0.00703 0.00318
-5.8 0.76 0.0357 0.00764 0.00389
-5.7 0.76 0.0396 0.00829 0.00477
-5.6 0.76 0.044 0.00901 0.00581
-5.5 0.76 0.0487 0.00984 0.00702
-5.4 0.76 0.0538 0.0108 0.00844
-5.3 0.76 0.0593 0.0121 0.0101
-5.2 0.76 0.0652 0.014 0.0118
-5.1 0.76 0.0718 0.0163 0.0142
-5 0.76 0.0791 0.02 0.017
-4.9 0.76 0.0876 0.0261 0.0207
-4.8 0.76 0.0982 0.0381 0.0262
-4.7 0.76 0.115 0.0691 0.0379
-4.6 0.76 0.196 0.292 0.114
-4.5 0.76 0.0568 0.0606 0.149
-4.4 0.76 0.0929 0.0336 0.0637
-4.3 0.76 0.107 0.0279 0.0422
-4.2 0.76 0.118 0.0257 0.0321
-4.1 0.76 0.126 0.0244 0.0256
-4 0.76 0.138 0.0239 0.0242
-3.9 0.76 0.146 0.0239 0.0212
-3.8 0.76 0.154 0.0235 0.0182
-3.7 0.76 0.161 0.0224 0.015
-3.6 0.76 0.162 0.0257 0.0169
-3.5 0.76 0.168 0.023 0.0221
-3.4 0.76 0.173 0.0189 0.026
-3.3 0.76 0.171 0.0174 0.0193
-3.2 0.76 0.176 0.021 0.021
-3.1 0.76 0.184 0.0233 0.0285
-3 0.76 0.193 0.0238 0.0344
-2.9 0.76 0.204 0.0223 0.038
-2.8 0.76 0.217 0.0187 0.0382
-2.7 0.76 0.244 0.0473 0.0463
-2.6 0.76 0.26 0.052 0.0384
-2.5 0.76 0.254 0.0117 0.0234
-2.4 0.76 0.275 0.0288 0.0268
-2.3 0.76 0.288 0.0275 0.0205
-2.2 0.76 0.3 0.0222 0.0128
-2.1 0.76 0.309 0.00648 0.00588
-2 0.76 0.329 0.0368 0.0204
-1.9 0.76 0.338 0.0333 0.0124
-1.8 0.76 0.341 0.00843 0.00426
-1.7 0.76 0.351 0.00761 0.00311
-1.6 0.76 0.359 0.00485 0.00642
-1.5 0.76 0.368 0.00315 0.00445
-1.4 0.76 0.382 0.000335 0.000341
-1.3 0.76 0.392 0.00101 0.00152
-1.2 0.76 0.403 0.00178 0.00193
-1.1 0.76 0.414 0.00236 0.0011
-1 0.76 0.422 0.00808 0.00586
-0.9 0.76 0.441 0.00537 0.0034
-0.8 0.76 0.451 0.00334 0.00203
-0.7 0.76 0.462 0.00337 0.00241
-0.6 0.76 0.471 0.00547 0.00311
-0.5 0.76 0.483 0.00304 0.00346
-0.4 0.76 0.494 0.00285 0.00353
-0.3 0.76 0.505 0.00217 0.00264
-0.2 0.76 0.517 0.00226 0.00155
-0.1 0.76 0.527 0.00079 0.00151
8.88e-15 0.76 0.543 0.0183 0.00686
0.1 0.76 0.549 0.00194 0.00219
0.2 0.76 0.56 0.00288 0.00202
0.3 0.76 0.569 0.00487 0.00321
0.4 0.76 0.582 0.0175 0.0113
0.5 0.76 0.598 0.0171 0.00878
0.6 0.76 0.603 0.023 0.0165
0.7 0.76 0.603 0.00737 0.0187
0.8 0.76 0.611 0.0091 0.0186
0.9 0.76 0.613 0.0179 0.0493
1 0.76 0.618 0.0211 0.05
1.1 0.76 0.624 0.0237 0.0454
1.2 0.76 0.65 0.00636 0.0126
1.3 0.76 0.656 0.0138 0.0296
1.4 0.76 0.667 0.0209 0.0325
1.5 0.76 0.677 0.0259 0.0319
1.6 0.76 0.695 0.0215 0.00798
1.7 0.76 0.705 0.0228 0.0103
1.8 0.76 0.696 0.0311 0.042
1.9 0.76 0.707 0.0337 0.0359
2 0.76 0.725 0.026 0.0108
2.1 0.76 0.733 0.0255 0.0124
2.2 0.76 0.739 0.0239 0.0132
2.3 0.76 0.745 0.0215 0.0132
2.4 0.76 0.749 0.0189 0.0127
2.5 0.76 0.753 0.0162 0.0119
2.6 0.76 0.756 0.0137 0.0109
2.7 0.76 0.759 0.0116 0.0102
2.8 0.76 0.762 0.01 0.00997
2.9 0.76 0.764 0.0135 0.0128
3 0.76 0.761 0.0181 0.0297
3.1 0.76 0.777 0.0149 0.0173
3.2 0.76 0.774 0.00666 0.0175
3.3 0.76 0.762 0.0194 0.0548
3.4 0.76 0.786 0.0139 0.00562
3.5 0.76 0.785 0.00402 0.00219
3.6 0.76 0.785 0.00175 0.00122
3.7 0.76 0.786 0.000892 0.000735
3.8 0.76 0.788 0.000503 0.000432
3.9 0.76 0.789 0.000311 0.000231
4 0.76 0.79 0.000211 0.000139
4.1 0.76 0.791 0.000311 0.000626
4.2 0.76 0.792 0.000226 0.000469
4.3 0.76 0.793 0.00016 0.000326
4.4 0.76 0.794 0.000131 0.000173
4.5 0.76 0.795 7.13e-05 7.47e-05
4.6 0.76 0.796 2.55e-05 5.35e-05
4.7 0.76 0.796 0.000109 0.000194
4.8 0.76 0.797 0.000141 0.000174
4.9 0.76 0.797 7.48e-05 0.000125
5 0.76 0.798 6.28e-05 0.000114
5.1 0.76 0.798 6.93e-05 8.63e-05
5.2 0.76 0.798 6.02e-05 7.6e-05
5.3 0.76 0.799 5.26e-05 6.64e-05
5.4 0.76 0.799 4.64e-05 5.77e-05
5.5 0.76 0.799 4.13e-05 4.99e-05
5.6 0.76 0.8 3.73e-05 4.3e-05
5.7 0.76 0.8 3.41e-05 3.7e-05
5.8 0.76 0.8 3.16e-05 3.17e-05
5.9 0.76 0.8 2.97e-05 3.17e-05
6 0.76 0.8 2.83e-05 3.2e-05
6.1 0.76 0.8 2.73e-05 3.23e-05
6.2 0.76 0.8 2.66e-05 3.26e-05
6.3 0.76 0.8 2.6e-05 3.28e-05
6.4 0.76 0.801 2.57e-05 3.31e-05
6.5 0.76 0.801 2.55e-05 3.33e-05
6.6 0.76 0.801 2.53e-05 3.35e-05
6.7 0.76 0.801 2.53e-05 3.36e-05
6.8 0.76 0.801 2.52e-05 3.37e-05
6.9 0.76 0.801 2.52e-05 3.38e-05
7 0.76 0.801 2.52e-05 3.38e-05
7.1 0.76 0.801 2.52e-05 3.38e-05
7.2 0.76 0.801 2.52e-05 3.37e-05
7.3 0.76 0.801 2.53e-05 3.36e-05
7.4 0.76 0.801 2.53e-05 3.35e-05
7.5 0.76 0.801 2.55e-05 3.33e-05
7.6 0.76 0.801 2.57e-05 3.31e-05
7.7 0.76 0.8 2.6e-05 3.28e-05
7.8 0.76 0.8 2.66e-05 3.26e-05
7.9 0.76 0.8 2.73e-05 3.23e-05
8 0.76 0.8 2.83e-05 3.2e-05
8.1 0.76 0.8 2.97e-05 3.17e-05
8.2 0.76 0.8 3.16e-05 3.17e-05
8.3 0.76 0.8 3.41e-05 3.7e-05
8.4 0.76 0.8 3.73e-05 4.3e-05
8.5 0.76 0.799 4.13e-05 4.99e-05
8.6 0.76 0.799 4.64e-05 5.77e-05
8.7 0.76 0.799 5.26e-05 6.64e-05
8.8 0.76 0.798 6.02e-05 7.6e-05
8.9 0.76 0.798 6.93e-05 8.63e-05
9 0.76 0.798 6.28e-05 0.000114
9.1 0.76 0.797 7.48e-05 0.000125
9.2 0.76 0.797 0.000141 0.000174
9.3 0.76 0.796 0.000109 0.000194
9.4 0.76 0.796 2.55e-05 5.35e-05
9.5 0.76 0.795 7.13e-05 7.47e-05
9.6 0.76 0.794 0.000131 0.000173
9.7 0.76 0.793 0.00016 0.000326
9.8 0.76 0.792 0.000226 0.000469
9.9 0.76 0.791 0.000311 0.000626
10 0.76 0.79 0.000211 0.000139
10.1 0.76 0.789 0.000311 0.000231
10.2 0.76 0.788 0.000503 0.000432
10.3 0.76 0.786 0.000892 0.000735
10.4 0.76 0.785 0.00175 0.00122
10.5 0.76 0.785 0.00402 0.00219
10.6 0.76 0.786 0.0139 0.00562
10.7 0.76 0.762 0.0194 0.0548
10.8 0.76 0.774 0.00666 0.0175
10.9 0.76 0.777 0.0149 0.0173
11 0.76 0.761 0.0181 0.0297
11.1 0.76 0.764 0.0135 0.0128
11.2 0.76 0.762 0.01 0.00997
11.3 0.76 0.759 0.0116 0.0102
11.4 0.76 0.756 0.0137 0.0109
11.5 0.76 0.753 0.0162 0.0119
11.6 0.76 0.749 0.0189 0.0127
11.7 0.76 0.745 0.0215 0.0132
11.8 0.76 0.739 0.0239 0.0132
11.9 0.76 0.733 0.0255 0.0124
12 0.76 0.725 0.026 0.0108
12.1 0.76 0.707 0.0337 0.0359
12.2 0.76 0.696 0.0311 0.042
12.3 0.76 0.705 0.0228 0.0103
12.4 0.76 0.695 0.0215 0.00798
12.5 0.76 0.677 0.0259 0.0319
12.6 0.76 0.667 0.0209 0.0325
12.7 0.76 0.656 0.0138 0.0296
12.8 0.76 0.65 0.00636 0.0126
12.9 0.76 0.624 0.0237 0.0454
13 0.76 0.618 0.0211 0.05
13.1 0.76 0.613 0.0179 0.0493
13.2 0.76 0.611 0.0091 0.0186
13.3 0.76 0.603 0.00737 0.0187
13.4 0.76 0.603 0.023 0.0165
13.5 0.76 0.598 0.0171 0.00878
13.6 0.76 0.582 0.0175 0.0113
13.7 0.76 0.569 0.00487 0.00321
13.8 0.76 0.56 0.00288 0.00202
13.9 0.76 0.549 0.00194 0.00219
14 0.76 0.543 0.0183 0.00686
14.1 0.76 0.527 0.00079 0.00151
14.2 0.76 0.517 0.00226 0.00155
14.3 0.76 0.505 0.00217 0.00264
14.4 0.76 0.494 0.00285 0.00353
14.5 0.76 0.483 0.00304 0.00346
14.6 0.76 0.471 0.00547 0.00311
14.7 0.76 0.462 0.00337 0.00241
14.8 0.76 0.451 0.00334 0.00203
14.9 0.76 0.441 0.00537 0.0034
15 0.76 0.422 0.00808 0.00586
15.1 0.76 0.414 0.00236 0.0011
15.2 0.76 0.403 0.00178 0.00193
15.3 0.76 0.392 0.00101 0.00152
15.4 0.76 0.382 0.000335 0.000341
15.5 0.76 0.368 0.00315 0.00445
15.6 0.76 0.359 0.00485 0.00642
15.7 0.76 0.351 0.00761 0.00311
15.8 0.76 0.341 0.00843 0.00426
15.9 0.76 0.338 0.0333 0.0124
16 0.76 0.329 0.0368 0.0204
16.1 0.76 0.309 0.00648 0.00588
16.2 0.76 0.3 0.0222 0.0128
16.3 0.76 0.288 0.0275 0.0205
16.4 0.76 0.275 0.0288 0.0268
16.5 0.76 0.254 0.0117 0.0234
16.6 0.76 0.26 0.052 0.0384
16.7 0.76 0.244 0.0473 0.0463
16.8 0.76 0.217 0.0187 0.0382
16.9 0.76 0.204 0.0223 0.038
17 0.76 0.193 0.0238 0.0344
17.1 0.76 0.184 0.0233 0.0285
17.2 0.76 0.176 0.021 0.021
17.3 0.76 0.171 0.0174 0.0193
17.4 0.76 0.173 0.0189 0.026
17.5 0.76 0.168 0.023 0.0221
17.6 0.76 0.162 0.0257 0.0169
17.7 0.76 0.161 0.0224 0.015
17.8 0.76 0.154 0.0235 0.0182
17.9 0.76 0.146 0.0239 0.0212
18 0.76 0.138 0.0239 0.0242
18.1 0.76 0.126 0.0244 0.0256
18.2 0.76 0.118 0.0257 0.0321
18.3 0.76 0.107 0.0279 0.0422
18.4 0.76 0.0929 0.0336 0.0637
18.5 0.76 0.0568 0.0606 0.149
18.6 0.76 0.196 0.292 0.114
18.7 0.76 0.115 0.0691 0.0379
18.8 0.76 0.0982 0.0381 0.0262
18.9 0.76 0.0876 0.0261 0.0207
19 0.76 0.0791 0.02 0.017
19.1 0.76 0.0718 0.0163 0.0142
19.2 0.76 0.0652 0.014 0.0118
19.3 0.76 0.0593 0.0121 0.0101
19.4 0.76 0.0538 0.0108 0.00844
19.5 0.76 0.0487 0.00984 0.00702
19.6 0.76 0.044 0.00901 0.00581
19.7 0.76 0.0396 0.00829 0.00477
19.8 0.76 0.0357 0.00764 0.00389
19.9 0.76 0.032 0.00703 0.00318
20 0.76 0.0287 0.00647 0.00314
20.1 0.76 0.0256 0.00594 0.00305
20.2 0.76 0.0229 0.00543 0.00293
20.3 0.76 0.0204 0.00495 0.00277
20.4 0.76 0.0182 0.0045 0.0026
20.5 0.76 0.0161 0.00408 0.00242
20.6 0.76 0.0143 0.00369 0.00224
20.7 0.76 0.0127 0.00332 0.00205
20.8 0.76 0.0112 0.00298 0.00187
20.9 0.76 0.00993 0.00267 0.0017
21 0.76 0.00877 0.00239 0.00154
21.1 0.76 0.00774 0.00213 0.00139
21.2 0.76 0.00683 0.0019 0.00124
21.3 0.76 0.00602 0.00169 0.00111
21.4 0.76 0.0053 0.0015 0.000995
21.5 0.76 0.00467 0.00133 0.000886
21.6 0.76 0.00411 0.00117 0.000788
21.7 0.76 0.00361 0.00104 0.0007
21.8 0.76 0.00318 0.000916 0.00062
21.9 0.76 0.00279 0.000809 0.000549
22 0.76 0.00245 0.000713 0.000485
22.1 0.76 0.00216 0.000628 0.000429
22.2 0.76 0.00189 0.000553 0.000378
22.3 0.76 0.00166 0.000487 0.000333
22.4 0.76 0.00146 0.000428 0.000294
22.5 0.76 0.00128 0.000377 0.000259
22.6 0.76 0.00112 0.000331 0.000228
22.7 0.76 0.000986 0.000291 0.0002
22.8 0.76 0.000865 0.000256 0.000176
22.9 0.76 0.000759 0.000224 0.000155
23 0.76 0.000666 0.000197 0.000136
23.1 0.76 0.000584 0.000173 0.000119
23.2 0.76 0.000512 0.000152 0.000105
23.3 0.76 0.000449 0.000133 9.21e-05
23.4 0.76 0.000394 0.000117 8.09e-05
23.5 0.76 0.000346 0.000103 7.1e-05
23.6 0.76 0.000303 9e-05 6.23e-05
23.7 0.76 0.000266 7.9e-05 5.47e-05
23.8 0.76 0.000233 6.93e-05 4.8e-05
23.9 0.76 0.000204 6.08e-05 4.21e-05
24 0.76 0.000179 5.33e-05 3.69e-05
24.1 0.76 0.000157 4.68e-05 3.24e-05
24.2 0.76 0.000138 4.1e-05 2.84e-05
24.3 0.76 0.000121 3.6e-05 2.49e-05
24.4 0.76 0.000106 3.15e-05 2.18e-05
24.5 0.76 9.29e-05 2.77e-05 1.92e-05
24.6 0.76 8.14e-05 2.42e-05 1.68e-05
24.7 0.76 7.14e-05 2.13e-05 1.47e-05
24.8 0.76 6.26e-05 1.86e-05 1.29e-05
24.9 0.76 5.49e-05 1.63e-05 1.13e-05
25 0.76 4.81e-05 1.43e-05 9.93e-06
25.1 0.76 4.22e-05 1.26e-05 8.71e-06
25.2 0.76 3.7e-05 1.1e-05 7.64e-06
25.3 0.76 3.24e-05 9.66e-06 6.69e-06
25.4 0.76 2.84e-05 8.47e-06 5.87e-06
25.5 0.76 2.49e-05 7.43e-06 5.15e-06
25.6 0.76 2.19e-05 6.51e-06 4.51e-06
25.7 0.76 1.92e-05 5.71e-06 3.96e-06
25.8 0.76 1.68e-05 5.01e-06 3.47e-06
25.9 0.76 1.47e-05 4.39e-06 3.04e-06
26 0.76 1.29e-05 3.85e-06 2.67e-06
26.1 0.76 1.13e-05 3.37e-06 2.34e-06
26.2 0.76 9.93e-06 2.96e-06 2.05e-06
26.3 0.76 8.7e-06 2.59e-06 1.8e-06
26.4 0.76 7.63e-06 2.27e-06 1.58e-06
26.5 0.76 6.69e-06 1.99e-06 1.38e-06
26.6 0.76 5.86e-06 1.75e-06 1.21e-06
26.7 0.76 5.14e-06 1.53e-06 1.06e-06
26.8 0.76 4.51e-06 1.34e-06 9.31e-07
26.9 0.76 3.95e-06 1.18e-06 8.16e-07
27 0.76 3.46e-06 1.03e-06 7.15e-07
27.1 0.76 3.04e-06 9.05e-07 6.27e-07
27.2 0.76 2.66e-06 7.93e-07 5.5e-07
27.3 0.76 2.33e-06 6.96e-07 4.82e-07
27.4 0.76 2.05e-06 6.1e-07 4.23e-07
27.5 0.76 1.79e-06 5.35e-07 3.71e-07
27.6 0.76 1.57e-06 4.69e-07 3.25e-07
27.7 0.76 1.38e-06 4.11e-07 2.85e-07
27.8 0.76 1.21e-06 3.6e-07 2.5e-07
27.9 0.76 1.06e-06 3.16e-07 2.19e-07
28 0.76 9.29e-07 2.77e-07 1.92e-07
28.1 0.76 8.15e-07 2.43e-07 1.68e-07
28.2 0.76 7.14e-07 2.13e-07 1.48e-07
28.3 0.76 6.26e-07 1.87e-07 1.29e-07
28.4 0.76 5.49e-07 1.64e-07 1.13e-07
28.5 0.76 4.81e-07 1.43e-07 9.94e-08
28.6 0.76 4.22e-07 1.26e-07 8.72e-08
28.7 0.76 3.7e-07 1.1e-07 7.64e-08
28.8 0.76 3.24e-07 9.67e-08 6.7e-08
28.9 0.76 2.84e-07 8.47e-08 5.87e-08
29 0.76 2.49e-07 7.43e-08 5.15e-08
29.1 0.76 2.19e-07 6.51e-08 4.51e-08
29.2 0.76 1.92e-07 5.71e-08 3.96e-08
29.3 0.76 1.68e-07 5.01e-08 3.47e-08
29.4 0.76 1.47e-07 4.39e-08 3.04e-08
29.5 0.76 1.29e-07 3.85e-08 2.67e-08
29.6 0.76 1.13e-07 3.37e-08 2.34e-08
29.7 0.76 9.93e-08 2.96e-08 2.05e-08
29.8 0.76 8.7e-08 2.59e-08 1.8e-08
29.9 0.76 7.63e-08 2.27e-08 1.58e-08
30 0.76 6.69e-08 1.99e-08 1.38e-08
30.1 0.76 5.86e-08 1.75e-08 1.21e-08
30.2 0.76 5.14e-08 1.53e-08 1.06e-08
30.3 0.76 4.51e-08 1.34e-08 9.31e-09
30.4 0.76 3.95e-08 1.18e-08 8.16e-09
30.5 0.76 3.46e-08 1.03e-08 7.15e-09
30.6 0.76 3.04e-08 9.05e-09 6.27e-09
30.7 0.76 2.66e-08 7.93e-09 5.5e-09
30.8 0.76 2.33e-08 6.96e-09 4.82e-09
30.9 0.76 2.05e-08 6.1e-09 4.23e-09
31 0.76 1.79e-08 5.35e-09 3.71e-09
31.1 0.76 1.57e-08 4.69e-09 3.25e-09
31.2 0.76 1.38e-08 4.11e-09 2.85e-09
31.3 0.76 1.21e-08 3.6e-09 2.5e-09
31.4 0.76 1.06e-08 3.16e-09 2.19e-09
31.5 0.76 9.29e-09 2.77e-09 1.92e-09
31.6 0.76 8.15e-09 2.43e-09 1.68e-09
31.7 0.76 7.14e-09 2.13e-09 1.48e-09
31.8 0.76 6.26e-09 1.87e-09 1.29e-09
31.9 0.76 5.49e-09 1.64e-09 1.13e-09
32 0.76 4.81e-09 1.43e-09 9.94e-10
32.1 0.76 4.22e-09 1.26e-09 8.72e-10
32.2 0.76 3.7e-09 1.1e-09 7.64e-10
32.3 0.76 3.24e-09 9.66e-10 6.7e-10
32.4 0.76 2.84e-09 8.47e-10 5.87e-10
32.5 0.76 2.49e-09 7.43e-10 5.15e-10
32.6 0.76 2.19e-09 6.51e-10 4.51e-10
32.7 0.76 1.92e-09 5.71e-10 3.96e-10
32.8 0.76 1.68e-09 5.01e-10 3.47e-10
32.9 0.76 1.47e-09 4.39e-10 3.04e-10
33 0.76 1.29e-09 3.85e-10 2.67e-10
33.1 0.76 1.13e-09 3.37e-10 2.34e-10
33.2 0.76 9.93e-10 2.96e-10 2.05e-10
33.3 0.76 8.7e-10 2.59e-10 1.8e-10
33.4 0.76 7.63e-10 2.27e-10 1.58e-10
33.5 0.76 6.69e-10 1.99e-10 1.38e-10
33.6 0.76 5.86e-10 1.75e-10 1.21e-10
33.7 0.76 5.14e-10 1.53e-10 1.06e-10
36.7 0.76 9.92e-12 2.96e-12 2.05e-12
36.8 0.76 8.7e-12 2.59e-12 1.8e-12
36.9 0.76 7.63e-12 2.27e-12 1.58e-12
37 0.76 6.69e-12 1.99e-12 1.38e-12
37.1 0.76 5.86e-12 1.75e-12 1.21e-12
37.2 0.76 5.14e-12 1.53e-12 1.06e-12
37.3 0.76 4.51e-12 1.34e-12 9.31e-13
37.4 0.76 3.95e-12 1.18e-12 8.16e-13
37.5 0.76 3.46e-12 1.03e-12 7.15e-13
37.6 0.76 3.04e-12 9.05e-13 6.27e-13
37.7 0.76 2.66e-12 7.93e-13 5.5e-13
37.8 0.76 2.33e-12 6.95e-13 4.82e-13
37.9 0.76 2.05e-12 6.1e-13 4.23e-13
38 0.76 1.79e-12 5.35e-13 3.71e-13
38.1 0.76 1.57e-12 4.69e-13 3.25e-13
38.2 0.76 1.38e-12 4.11e-13 2.85e-13
38.3 0.76 1.21e-12 3.6e-13 2.5e-13
38.4 0.76 1.06e-12 3.16e-13 2.19e-13
38.5 0.76 9.29e-13 2.77e-13 1.92e-13
38.6 0.76 8.15e-13 2.43e-13 1.68e-13
38.7 0.76 7.14e-13 2.13e-13 1.47e-13
38.8 0.76 6.26e-13 1.87e-13 1.29e-13
38.9 0.76 5.49e-13 1.64e-13 1.13e-13
39 0.76 4.81e-13 1.43e-13 9.94e-14
39.1 0.76 4.22e-13 1.26e-13 8.71e-14
39.2 0.76 3.7e-13 1.1e-13 7.64e-14
39.3 0.76 3.24e-13 9.66e-14 6.7e-14
39.4 0.76 2.84e-13 8.47e-14 5.87e-14
39.5 0.76 2.49e-13 7.43e-14 5.15e-14
39.6 0.76 2.19e-13 6.51e-14 4.51e-14
39.7 0.76 1.92e-13 5.71e-14 3.96e-14
39.8 0.76 1.68e-13 5e-14 3.47e-14
39.9 0.76 1.47e-13 4.39e-14 3.04e-14
40 0.76 1.29e-13 3.85e-14 2.67e-14
40.1 0.76 1.13e-13 3.37e-14 2.34e-14
40.2 0.76 9.92e-14 2.96e-14 2.05e-14
40.3 0.76 8.7e-14 2.59e-14 1.8e-14
40.4 0.76 7.63e-14 2.27e-14 1.58e-14
40.5 0.76 6.69e-14 1.99e-14 1.38e-14
40.6 0.76 5.86e-14 1.75e-14 1.21e-14
40.7 0.76 5.14e-14 1.53e-14 1.06e-14
40.8 0.76 4.51e-14 1.34e-14 9.31e-15
40.9 0.76 3.95e-14 1.18e-14 8.16e-15
41 0.76 3.46e-14 1.03e-14 7.15e-15
41.1 0.76 3.04e-14 9.05e-15 6.27e-15
41.2 0.76 2.66e-14 7.93e-15 5.5e-15
41.3 0.76 2.33e-14 6.95e-15 4.82e-15
41.4 0.76 2.05e-14 6.1e-15 4.23e-15
41.5 0.76 1.79e-14 5.34e-15 3.7e-15
41.6 0.76 1.57e-14 4.69e-15 3.25e-15
41.7 0.76 1.38e-14 4.11e-15 2.85e-15
41.8 0.76 1.21e-14 3.6e-15 2.5e-15
41.9 0.76 1.06e-14 3.16e-15 2.19e-15
42 0.76 9.29e-15 2.77e-15 1.92e-15
42.1 0.76 8.15e-15 2.43e-15 1.68e-15
42.2 0.76 7.14e-15 2.13e-15 1.47e-15
42.3 0.76 6.26e-15 1.87e-15 1.29e-15
42.4 0.76 5.49e-15 1.64e-15 1.13e-15
42.5 0.76 4.81e-15 1.43e-15 9.94e-16
42.6 0.76 4.22e-15 1.26e-15 8.71e-16
42.7 0.76 3.7e-15 1.1e-15 7.64e-16
42.8 0.76 3.24e-15 9.66e-16 6.7e-16
42.9 0.76 2.84e-15 8.47e-16 5.87e-16
43 0.76 2.49e-15 7.43e-16 5.15e-16
43.1 0.76 2.19e-15 6.51e-16 4.51e-16
43.2 0.76 1.92e-15 5.71e-16 3.96e-16
43.3 0.76 1.68e-15 5e-16 3.47e-16
43.4 0.76 1.47e-15 4.39e-16 3.04e-16
43.5 0.76 1.29e-15 3.85e-16 2.67e-16
43.6 0.76 1.13e-15 3.37e-16 2.34e-16
43.7 0.76 9.92e-16 2.96e-16 2.05e-16
43.8 0.76 8.7e-16 2.59e-16 1.8e-16
43.9 0.76 7.63e-16 2.27e-16 1.58e-16
44 0.76 6.69e-16 1.99e-16 1.38e-16
44.1 0.76 5.86e-16 1.75e-16 1.21e-16
44.2 0.76 5.14e-16 1.53e-16 1.06e-16
44.3 0.76 4.51e-16 1.34e-16 9.31e-17
44.4 0.76 3.95e-16 1.18e-16 8.16e-17
44.5 0.76 3.46e-16 1.03e-16 7.15e-17
44.6 0.76 3.04e-16 9.05e-17 6.27e-17
44.7 0.76 2.66e-16 7.93e-17 5.5e-17
44.8 0.76 2.33e-16 6.95e-17 4.82e-17
44.9 0.76 2.05e-16 6.1e-17 4.23e-17
45 0.76 1.79e-16 5.34e-17 3.7e-17
45.1 0.76 1.57e-16 4.69e-17 3.25e-17
45.2 0.76 1.38e-16 4.11e-17 2.85e-17
45.3 0.76 1.21e-16 3.6e-17 2.5e-17
45.4 0.76 1.06e-16 3.16e-17 2.19e-17
45.5 0.76 9.29e-17 2.77e-17 1.92e-17
45.6 0.76 8.14e-17 2.43e-17 1.68e-17
45.7 0.76 7.14e-17 2.13e-17 1.47e-17
45.8 0.76 6.26e-17 1.87e-17 1.29e-17
45.9 0.76 5.49e-17 1.64e-17 1.13e-17
46 0.76 4.81e-17 1.43e-17 9.94e-18
46.1 0.76 4.22e-17 1.26e-17 8.71e-18
46.2 0.76 3.7e-17 1.1e-17 7.64e-18
46.3 0.76 3.24e-17 9.66e-18 6.7e-18
46.4 0.76 2.84e-17 8.47e-18 5.87e-18
46.5 0.76 2.49e-17 7.43e-18 5.15e-18
46.6 0.76 2.18e-17 6.51e-18 4.51e-18
46.7 0.76 1.92e-17 5.71e-18 3.96e-18
46.8 0.76 1.68e-17 5e-18 3.47e-18
46.9 0.76 1.47e-17 4.39e-18 3.04e-18
47 0.76 1.29e-17 3.85e-18 2.67e-18
47.1 0.76 1.13e-17 3.37e-18 2.34e-18
47.2 0.76 9.92e-18 2.96e-18 2.05e-18
47.3 0.76 8.7e-18 2.59e-18 1.8e-18
47.4 0.76 7.63e-18 2.27e-18 1.57e-18
47.5 0.76 6.69e-18 1.99e-18 1.38e-18
47.6 0.76 5.86e-18 1.75e-18 1.21e-18
47.7 0.76 5.14e-18 1.53e-18 1.06e-18
47.8 0.76 4.51e-18 1.34e-18 9.3e-19
47.9 0.76 3.95e-18 1.18e-18 8.16e-19
48 0.76 3.46e-18 1.03e-18 7.15e-19
48.1 0.76 3.04e-18 9.05e-19 6.27e-19
48.2 0.76 2.66e-18 7.93e-19 5.5e-19
48.3 0.76 2.33e-18 6.95e-19 4.82e-19
48.4 0.76 2.05e-18 6.1e-19 4.22e-19
48.5 0.76 1.79e-18 5.34e-19 3.7e-19
48.6 0.76 1.57e-18 4.68e-19 3.25e-19
48.7 0.76 1.38e-18 4.11e-19 2.85e-19
48.8 0.76 1.21e-18 3.6e-19 2.5e-19
48.9 0.76 1.06e-18 3.16e-19 2.19e-19
49 0.76 9.29e-19 2.77e-19 1.92e-19
49.1 0.76 8.14e-19 2.43e-19 1.68e-19
49.2 0.76 7.14e-19 2.13e-19 1.47e-19
49.3 0.76 6.26e-19 1.87e-19 1.29e-19
49.4 0.76 5.49e-19 1.64e-19 1.13e-19
49.5 0.76 4.81e-19 1.43e-19 9.94e-20
49.6 0.76 4.22e-19 1.26e-19 8.71e-20
49.7 0.76 3.7e-19 1.1e-19 7.64e-20
49.8 0.76 3.24e-19 9.66e-20 6.7e-20
49.9 0.76 2.84e-19 8.47e-20 5.87e-20
50 0.76 2.49e-19 7.42e-20 5.15e-20
50.1 0.76 2.18e-19 6.51e-20 4.51e-20
50.2 0.76 1.92e-19 5.71e-20 3.96e-20
50.3 0.76 1.68e-19 5e-20 3.47e-20
50.4 0.76 1.47e-19 4.39e-20 3.04e-20
50.5 0.76 1.29e-19 3.85e-20 2.67e-20
50.6 0.76 1.13e-19 3.37e-20 2.34e-20
50.7 0.76 9.92e-20 2.96e-20 2.05e-20
50.8 0.76 8.7e-20 2.59e-20 1.8e-20
50.9 0.76 7.63e-20 2.27e-20 1.57e-20
51 0.76 6.69e-20 1.99e-20 1.38e-20
51.1 0.76 5.86e-20 1.75e-20 1.21e-20
51.2 0.76 5.14e-20 1.53e-20 1.06e-20
51.3 0.76 4.5e-20 1.34e-20 9.3e-21
51.4 0.76 3.95e-20 1.18e-20 8.16e-21
51.5 0.76 3.46e-20 1.03e-20 7.15e-21
51.6 0.76 3.04e-20 9.04e-21 6.27e-21
51.7 0.76 2.66e-20 7.93e-21 5.5e-21
51.8 0.76 2.33e-20 6.95e-21 4.82e-21
51.9 0.76 2.05e-20 6.09e-21 4.22e-21
52 0.76 1.79e-20 5.34e-21 3.7e-21
52.1 0.76 1.57e-20 4.68e-21 3.25e-21
52.2 0.76 1.38e-20 4.11e-21 2.85e-21
52.3 0.76 1.21e-20 3.6e-21 2.5e-21
52.4 0.76 1.06e-20 3.16e-21 2.19e-21
52.5 0.76 9.29e-21 2.77e-21 1.92e-21
52.6 0.76 8.14e-21 2.43e-21 1.68e-21
52.7 0.76 7.14e-21 2.13e-21 1.47e-21
52.8 0.76 6.26e-21 1.86e-21 1.29e-21
52.9 0.76 5.49e-21 1.63e-21 1.13e-21
53 0.76 4.81e-21 1.43e-21 9.94e-22
53.1 0.76 4.22e-21 1.26e-21 8.71e-22
53.2 0.76 3.7e-21 1.1e-21 7.64e-22
53.3 0.76 3.24e-21 9.66e-22 6.7e-22
53.4 0.76 2.84e-21 8.47e-22 5.87e-22
53.5 0.76 2.49e-21 7.42e-22 5.15e-22
53.6 0.76 2.18e-21 6.51e-22 4.51e-22
53.7 0.76 1.92e-21 5.71e-22 3.96e-22
53.8 0.76 1.68e-21 5e-22 3.47e-22
53.9 0.76 1.47e-21 4.39e-22 3.04e-22
54 0.76 1.29e-21 3.85e-22 2.67e-22
54.1 0.76 1.13e-21 3.37e-22 2.34e-22
54.2 0.76 9.92e-22 2.96e-22 2.05e-22
54.3 0.76 8.7e-22 2.59e-22 1.8e-22
54.4 0.76 7.62e-22 2.27e-22 1.57e-22
54.5 0.76 6.68e-22 1.99e-22 1.38e-22
54.6 0.76 5.86e-22 1.75e-22 1.21e-22
54.7 0.76 5.14e-22 1.53e-22 1.06e-22
54.8 0.76 4.5e-22 1.34e-22 9.3e-23
54.9 0.76 3.95e-22 1.18e-22 8.16e-23
55 0.76 3.46e-22 1.03e-22 7.15e-23
55.1 0.76 3.04e-22 9.04e-23 6.27e-23
55.2 0.76 2.66e-22 7.93e-23 5.5e-23
55.3 0.76 2.33e-22 6.95e-23 4.82e-23
55.4 0.76 2.05e-22 6.09e-23 4.22e-23
55.5 0.76 1.79e-22 5.34e-23 3.7e-23
55.6 0.76 1.57e-22 4.68e-23 3.25e-23
55.7 0.76 1.38e-22 4.11e-23 2.85e-23
55.8 0.76 1.21e-22 3.6e-23 2.5e-23
55.9 0.76 1.06e-22 3.16e-23 2.19e-23
56 0.76 9.29e-23 2.77e-23 1.92e-23
56.1 0.76 8.14e-23 2.43e-23 1.68e-23
56.2 0.76 7.14e-23 2.13e-23 1.47e-23
56.3 0.76 6.26e-23 1.86e-23 1.29e-23
56.4 0.76 5.49e-23 1.63e-23 1.13e-23
56.5 0.76 4.81e-23 1.43e-23 9.93e-24
56.6 0.76 4.22e-23 1.26e-23 8.71e-24
56.7 0.76 3.7e-23 1.1e-23 7.64e-24
56.8 0.76 3.24e-23 9.66e-24 6.69e-24
56.9 0.76 2.84e-23 8.47e-24 5.87e-24
57 0.76 2.49e-23 7.42e-24 5.15e-24
57.1 0.76 2.18e-23 6.51e-24 4.51e-24
57.2 0.76 1.92e-23 5.71e-24 3.95e-24
57.3 0.76 1.68e-23 5e-24 3.47e-24
57.4 0.76 1.47e-23 4.39e-24 3.04e-24
57.5 0.76 1.29e-23 3.84e-24 2.67e-24
57.6 0.76 1.13e-23 3.37e-24 2.34e-24
57.7 0.76 9.92e-24 2.96e-24 2.05e-24
57.8 0.76 8.7e-24 2.59e-24 1.8e-24
57.9 0.76 7.62e-24 2.27e-24 1.57e-24
58 0.76 6.68e-24 1.99e-24 1.38e-24
58.1 0.76 5.86e-24 1.75e-24 1.21e-24
58.2 0.76 5.14e-24 1.53e-24 1.06e-24
58.3 0.76 4.5e-24 1.34e-24 9.3e-25
58.4 0.76 3.95e-24 1.18e-24 8.15e-25
58.5 0.76 3.46e-24 1.03e-24 7.15e-25
58.6 0.76 3.04e-24 9.04e-25 6.27e-25
58.7 0.76 2.66e-24 7.93e-25 5.5e-25
58.8 0.76 2.33e-24 6.95e-25 4.82e-25
58.9 0.76 2.05e-24 6.09e-25 4.22e-25
59 0.76 1.79e-24 5.34e-25 3.7e-25
59.1 0.76 1.57e-24 4.68e-25 3.25e-25
59.2 0.76 1.38e-24 4.11e-25 2.85e-25
59.3 0.76 1.21e-24 3.6e-25 2.5e-25
59.4 0.76 1.06e-24 3.16e-25 2.19e-25
59.5 0.76 9.29e-25 2.77e-25 1.92e-25
59.6 0.76 8.14e-25 2.43e-25 1.68e-25
59.7 0.76 7.14e-25 2.13e-25 1.47e-25
59.8 0.76 6.26e-25 1.86e-25 1.29e-25
59.9 0.76 5.49e-25 1.63e-25 1.13e-25
60 0.76 4.81e-25 1.43e-25 9.93e-26
60.1 0.76 4.22e-25 1.26e-25 8.71e-26
60.2 0.76 3.7e-25 1.1e-25 7.64e-26
60.3 0.76 3.24e-25 9.66e-26 6.69e-26
60.4 0.76 2.84e-25 8.47e-26 5.87e-26
60.5 0.76 2.49e-25 7.42e-26 5.15e-26
60.6 0.76 2.18e-25 6.51e-26 4.51e-26
60.7 0.76 1.91e-25 5.71e-26 3.95e-26
60.8 0.76 1.68e-25 5e-26 3.47e-26
60.9 0.76 1.47e-25 4.39e-26 3.04e-26
61 0.76 1.29e-25 3.84e-26 2.66e-26
61.1 0.76 1.13e-25 3.37e-26 2.34e-26
61.2 0.76 9.92e-26 2.95e-26 2.05e-26
61.3 0.76 8.7e-26 2.59e-26 1.8e-26
61.4 0.76 7.62e-26 2.27e-26 1.57e-26
61.5 0.76 6.68e-26 1.99e-26 1.38e-26
61.6 0.76 5.86e-26 1.75e-26 1.21e-26
61.7 0.76 5.14e-26 1.53e-26 1.06e-26
61.8 0.76 4.5e-26 1.34e-26 9.3e-27
61.9 0.76 3.95e-26 1.18e-26 8.15e-27
62 0.76 3.46e-26 1.03e-26 7.15e-27
62.1 0.76 3.03e-26 9.04e-27 6.27e-27
62.2 0.76 2.66e-26 7.93e-27 5.49e-27
62.3 0.76 2.33e-26 6.95e-27 4.82e-27
62.4 0.76 2.04e-26 6.09e-27 4.22e-27
62.5 0.76 1.79e-26 5.34e-27 3.7e-27
62.6 0.76 1.57e-26 4.68e-27 3.25e-27
62.7 0.76 1.38e-26 4.11e-27 2.85e-27
62.8 0.76 1.21e-26 3.6e-27 2.5e-27
62.9 0.76 1.06e-26 3.16e-27 2.19e-27
63 0.76 9.29e-27 2.77e-27 1.92e-27
63.1 0.76 8.14e-27 2.43e-27 1.68e-27
63.2 0.76 7.14e-27 2.13e-27 1.47e-27
63.3 0.76 6.26e-27 1.86e-27 1.29e-27
63.4 0.76 5.49e-27 1.63e-27 1.13e-27
63.5 0.76 4.81e-27 1.43e-27 9.93e-28
63.6 0.76 4.22e-27 1.26e-27 8.71e-28
63.7 0.76 3.7e-27 1.1e-27 7.63e-28
63.8 0.76 3.24e-27 9.66e-28 6.69e-28
63.9 0.76 2.84e-27 8.47e-28 5.87e-28
64 0.76 2.49e-27 7.42e-28 5.14e-28
64.1 0.76 2.18e-27 6.51e-28 4.51e-28
64.2 0.76 1.91e-27 5.7e-28 3.95e-28
64.3 0.76 1.68e-27 5e-28 3.47e-28
64.4 0.76 1.47e-27 4.38e-28 3.04e-28
64.5 0.76 1.29e-27 3.84e-28 2.66e-28
64.6 0.76 1.13e-27 3.37e-28 2.34e-28
64.7 0.76 9.92e-28 2.95e-28 2.05e-28
64.8 0.76 8.69e-28 2.59e-28 1.8e-28
64.9 0.76 7.62e-28 2.27e-28 1.57e-28
65 0.76 6.68e-28 1.99e-28 1.38e-28
65.1 0.76 5.86e-28 1.75e-28 1.21e-28
65.2 0.76 5.14e-28 1.53e-28 1.06e-28
65.3 0.76 4.5e-28 1.34e-28 9.3e-29
65.4 0.76 3.95e-28 1.18e-28 8.15e-29
65.5 0.76 3.46e-28 1.03e-28 7.15e-29
65.6 0.76 3.03e-28 9.04e-29 6.27e-29
65.7 0.76 2.66e-28 7.93e-29 5.49e-29
65.8 0.76 2.33e-28 6.95e-29 4.82e-29
65.9 0.76 2.04e-28 6.09e-29 4.22e-29
66 0.76 1.79e-28 5.34e-29 3.7e-29
66.1 0.76 1.57e-28 4.68e-29 3.25e-29
66.2 0.76 1.38e-28 4.11e-29 2.85e-29
66.3 0.76 1.21e-28 3.6e-29 2.49e-29
66.4 0.76 1.06e-28 3.16e-29 2.19e-29
66.5 0.76 9.29e-29 2.77e-29 1.92e-29
66.6 0.76 8.14e-29 2.43e-29 1.68e-29
66.7 0.76 7.14e-29 2.13e-29 1.47e-29
66.8 0.76 6.26e-29 1.86e-29 1.29e-29
66.9 0.76 5.49e-29 1.63e-29 1.13e-29
67 0.76 4.81e-29 1.43e-29 9.93e-30
67.1 0.76 4.22e-29 1.26e-29 8.71e-30
67.2 0.76 3.7e-29 1.1e-29 7.63e-30
67.3 0.76 3.24e-29 9.66e-30 6.69e-30
67.4 0.76 2.84e-29 8.46e-30 5.87e-30
67.5 0.76 2.49e-29 7.42e-30 5.14e-30
67.6 0.76 2.18e-29 6.51e-30 4.51e-30
67.7 0.76 1.91e-29 5.7e-30 3.95e-30
67.8 0.76 1.68e-29 5e-30 3.47e-30
67.9 0.76 1.47e-29 4.38e-30 3.04e-30
68 0.76 1.29e-29 3.84e-30 2.66e-30
68.1 0.76 1.13e-29 3.37e-30 2.34e-30
68.2 0.76 9.92e-30 2.95e-30 2.05e-30
68.3 0.76 8.69e-30 2.59e-30 1.8e-30
68.4 0.76 7.62e-30 2.27e-30 1.57e-30
68.5 0.76 6.68e-30 1.99e-30 1.38e-30
68.6 0.76 5.86e-30 1.75e-30 1.21e-30
68.7 0.76 5.14e-30 1.53e-30 1.06e-30
68.8 0.76 4.5e-30 1.34e-30 9.3e-31
68.9 0.76 3.95e-30 1.18e-30 8.15e-31
69 0.76 3.46e-30 1.03e-30 7.15e-31
69.1 0.76 3.03e-30 9.04e-31 6.27e-31
69.2 0.76 2.66e-30 7.93e-31 5.49e-31
69.3 0.76 2.33e-30 6.95e-31 4.82e-31
69.4 0.76 2.04e-30 6.09e-31 4.22e-31
69.5 0.76 1.79e-30 5.34e-31 3.7e-31
69.6 0.76 1.57e-30 4.68e-31 3.25e-31
69.7 0.76 1.38e-30 4.1e-31 2.85e-31
69.8 0.76 1.21e-30 3.6e-31 2.49e-31
69.9 0.76 1.06e-30 3.16e-31 2.19e-31
70 0.76 9.28e-31 2.77e-31 1.92e-31
70.1 0.76 8.14e-31 2.43e-31 1.68e-31
70.2 0.76 7.14e-31 2.13e-31 1.47e-31
70.3 0.76 6.26e-31 1.86e-31 1.29e-31
70.4 0.76 5.48e-31 1.63e-31 1.13e-31
70.5 0.76 4.81e-31 1.43e-31 9.93e-32
70.6 0.76 4.22e-31 1.26e-31 8.71e-32
70.7 0.76 3.7e-31 1.1e-31 7.63e-32
70.8 0.76 3.24e-31 9.65e-32 6.69e-32
70.9 0.76 2.84e-31 8.46e-32 5.87e-32
71 0.76 2.49e-31 7.42e-32 5.14e-32
71.1 0.76 2.18e-31 6.51e-32 4.51e-32
71.2 0.76 1.91e-31 5.7e-32 3.95e-32
71.3 0.76 1.68e-31 5e-32 3.47e-32
71.4 0.76 1.47e-31 4.38e-32 3.04e-32
71.5 0.76 1.29e-31 3.84e-32 2.66e-32
71.6 0.76 1.13e-31 3.37e-32 2.34e-32
71.7 0.76 9.92e-32 2.95e-32 2.05e-32
71.8 0.76 8.69e-32 2.59e-32 1.8e-32
71.9 0.76 7.62e-32 2.27e-32 1.57e-32
72 0.76 6.68e-32 1.99e-32 1.38e-32
72.1 0.76 5.86e-32 1.75e-32 1.21e-32
72.2 0.76 5.14e-32 1.53e-32 1.06e-32
72.3 0.76 4.5e-32 1.34e-32 9.3e-33
72.4 0.76 3.95e-32 1.18e-32 8.15e-33
72.5 0.76 3.46e-32 1.03e-32 7.15e-33
72.6 0.76 3.03e-32 9.04e-33 6.27e-33
72.7 0.76 2.66e-32 7.92e-33 5.49e-33
72.8 0.76 2.33e-32 6.95e-33 4.82e-33
72.9 0.76 2.04e-32 6.09e-33 4.22e-33
73 0.76 1.79e-32 5.34e-33 3.7e-33
73.1 0.76 1.57e-32 4.68e-33 3.25e-33
73.2 0.76 1.38e-32 4.1e-33 2.85e-33
73.3 0.76 1.21e-32 3.6e-33 2.49e-33
73.4 0.76 1.06e-32 3.15e-33 2.19e-33
73.5 0.76 9.28e-33 2.77e-33 1.92e-33
73.6 0.76 8.14e-33 2.42e-33 1.68e-33
73.7 0.76 7.14e-33 2.13e-33 1.47e-33
73.8 0.76 6.26e-33 1.86e-33 1.29e-33
73.9 0.76 5.48e-33 1.63e-33 1.13e-33
74 0.76 4.81e-33 1.43e-33 9.93e-34
74.1 0.76 4.22e-33 1.26e-33 8.71e-34
74.2 0.76 3.7e-33 1.1e-33 7.63e-34
74.3 0.76 3.24e-33 9.65e-34 6.69e-34
74.4 0.76 2.84e-33 8.46e-34 5.87e-34
74.5 0.76 2.49e-33 7.42e-34 5.14e-34
74.6 0.76 2.18e-33 6.51e-34 4.51e-34
74.7 0.76 1.91e-33 5.7e-34 3.95e-34
74.8 0.76 1.68e-33 5e-34 3.47e-34
74.9 0.76 1.47e-33 4.38e-34 3.04e-34
75 0.76 1.29e-33 3.84e-34 2.66e-34
75.1 0.76 1.13e-33 3.37e-34 2.34e-34
75.2 0.76 9.91e-34 2.95e-34 2.05e-34
75.3 0.76 8.69e-34 2.59e-34 1.8e-34
75.4 0.76 7.62e-34 2.27e-34 1.57e-34
75.5 0.76 6.68e-34 1.99e-34 1.38e-34
75.6 0.76 5.86e-34 1.75e-34 1.21e-34
75.7 0.76 5.13e-34 1.53e-34 1.06e-34
75.8 0.76 4.5e-34 1.34e-34 9.3e-35
75.9 0.76 3.95e-34 1.18e-34 8.15e-35
76 0.76 3.46e-34 1.03e-34 7.15e-35
76.1 0.76 3.03e-34 9.04e-35 6.27e-35
76.2 0.76 2.66e-34 7.92e-35 5.49e-35
76.3 0.76 2.33e-34 6.95e-35 4.82e-35
76.4 0.76 2.04e-34 6.09e-35 4.22e-35
76.5 0.76 1.79e-34 5.34e-35 3.7e-35
76.6 0.76 1.57e-34 4.68e-35 3.24e-35
76.7 0.76 1.38e-34 4.1e-35 2.84e-35
76.8 0.76 1.21e-34 3.6e-35 2.49e-35
76.9 0.76 1.06e-34 3.15e-35 2.19e-35
77 0.76 9.28e-35 2.77e-35 1.92e-35
77.1 0.76 8.14e-35 2.42e-35 1.68e-35
77.2 0.76 7.13e-35 2.13e-35 1.47e-35
77.3 0.76 6.26e-35 1.86e-35 1.29e-35
77.4 0.76 5.48e-35 1.63e-35 1.13e-35
77.5 0.76 4.81e-35 1.43e-35 9.93e-36
77.6 0.76 4.22e-35 1.26e-35 8.7e-36
77.7 0.76 3.7e-35 1.1e-35 7.63e-36
77.8 0.76 3.24e-35 9.65e-36 6.69e-36
77.9 0.76 2.84e-35 8.46e-36 5.87e-36
78 0.76 2.49e-35 7.42e-36 5.14e-36
78.1 0.76 2.18e-35 6.5e-36 4.51e-36
78.2 0.76 1.91e-35 5.7e-36 3.95e-36
78.3 0.76 1.68e-35 5e-36 3.47e-36
78.4 0.76 1.47e-35 4.38e-36 3.04e-36
78.5 0.76 1.29e-35 3.84e-36 2.66e-36
78.6 0.76 1.13e-35 3.37e-36 2.34e-36
78.7 0.76 9.91e-36 2.95e-36 2.05e-36
78.8 0.76 8.69e-36 2.59e-36 1.79e-36
78.9 0.76 7.62e-36 2.27e-36 1.57e-36
79 0.76 6.68e-36 1.99e-36 1.38e-36
79.1 0.76 5.86e-36 1.74e-36 1.21e-36
79.2 0.76 5.13e-36 1.53e-36 1.06e-36
79.3 0.76 4.5e-36 1.34e-36 9.3e-37
79.4 0.76 3.95e-36 1.18e-36 8.15e-37
79.5 0.76 3.46e-36 1.03e-36 7.15e-37
79.6 0.76 3.03e-36 9.04e-37 6.26e-37
79.7 0.76 2.66e-36 7.92e-37 5.49e-37
79.8 0.76 2.33e-36 6.95e-37 4.82e-37
79.9 0.76 2.04e-36 6.09e-37 4.22e-37
80 0.76 1.79e-36 5.34e-37 3.7e-37
80.1 0.76 1.57e-36 4.68e-37 3.24e-37
80.2 0.76 1.38e-36 4.1e-37 2.84e-37
80.3 0.76 1.21e-36 3.6e-37 2.49e-37
80.4 0.76 1.06e-36 3.15e-37 2.19e-37
80.5 0.76 9.28e-37 2.77e-37 1.92e-37
80.6 0.76 8.14e-37 2.42e-37 1.68e-37
80.7 0.76 7.13e-37 2.13e-37 1.47e-37
80.8 0.76 6.25e-37 1.86e-37 1.29e-37
80.9 0.76 5.48e-37 1.63e-37 1.13e-37
81 0.76 4.81e-37 1.43e-37 9.93e-38
81.1 0.76 4.21e-37 1.26e-37 8.7e-38
81.2 0.76 3.7e-37 1.1e-37 7.63e-38
81.3 0.76 3.24e-37 9.65e-38 6.69e-38
81.4 0.76 2.84e-37 8.46e-38 5.87e-38
81.5 0.76 2.49e-37 7.42e-38 5.14e-38
81.6 0.76 2.18e-37 6.5e-38 4.51e-38
81.7 0.76 1.91e-37 5.7e-38 3.95e-38
81.8 0.76 1.68e-37 5e-38 3.47e-38
81.9 0.76 1.47e-37 4.38e-38 3.04e-38
82 0.76 1.29e-37 3.84e-38 2.66e-38
82.1 0.76 1.13e-37 3.37e-38 2.34e-38
82.2 0.76 9.91e-38 2.95e-38 2.05e-38
82.3 0.76 8.69e-38 2.59e-38 1.79e-38
82.4 0.76 7.62e-38 2.27e-38 1.57e-38
82.5 0.76 6.68e-38 1.99e-38 1.38e-38
82.6 0.76 5.86e-38 1.74e-38 1.21e-38
82.7 0.76 5.13e-38 1.53e-38 1.06e-38
82.8 0.76 4.5e-38 1.34e-38 9.3e-39
82.9 0.76 3.95e-38 1.18e-38 8.15e-39
83 0.76 3.46e-38 1.03e-38 7.14e-39
83.1 0.76 3.03e-38 9.04e-39 6.26e-39
83.2 0.76 2.66e-38 7.92e-39 5.49e-39
83.3 0.76 2.33e-38 6.95e-39 4.81e-39
83.4 0.76 2.04e-38 6.09e-39 4.22e-39
83.5 0.76 1.79e-38 5.34e-39 3.7e-39
83.6 0.76 1.57e-38 4.68e-39 3.24e-39
83.7 0.76 1.38e-38 4.1e-39 2.84e-39
83.8 0.76 1.21e-38 3.6e-39 2.49e-39
83.9 0.76 1.06e-38 3.15e-39 2.19e-39
84 0.76 9.28e-39 2.77e-39 1.92e-39
84.1 0.76 8.14e-39 2.42e-39 1.68e-39
84.2 0.76 7.13e-39 2.13e-39 1.47e-39
84.3 0.76 6.25e-39 1.86e-39 1.29e-39
84.4 0.76 5.48e-39 1.63e-39 1.13e-39
84.5 0.76 4.81e-39 1.43e-39 9.93e-40
84.6 0.76 4.21e-39 1.26e-39 8.7e-40
84.7 0.76 3.69e-39 1.1e-39 7.63e-40
84.8 0.76 3.24e-39 9.65e-40 6.69e-40
84.9 0.76 2.84e-39 8.46e-40 5.86e-40
85 0.76 2.49e-39 7.42e-40 5.14e-40
85.1 0.76 2.18e-39 6.5e-40 4.51e-40
85.2 0.76 1.91e-39 5.7e-40 3.95e-40
85.3 0.76 1.68e-39 5e-40 3.46e-40
85.4 0.76 1.47e-39 4.38e-40 3.04e-40
85.5 0.76 1.29e-39 3.84e-40 2.66e-40
85.6 0.76 1.13e-39 3.37e-40 2.33e-40
85.7 0.76 9.91e-40 2.95e-40 2.05e-40
85.8 0.76 8.69e-40 2.59e-40 1.79e-40
85.9 0.76 7.62e-40 2.27e-40 1.57e-40
86 0.76 6.68e-40 1.99e-40 1.38e-40
86.1 0.76 5.86e-40 1.74e-40 1.21e-40
86.2 0.76 5.13e-40 1.53e-40 1.06e-40
86.3 0.76 4.5e-40 1.34e-40 9.29e-41
86.4 0.76 3.95e-40 1.18e-40 8.15e-41
86.5 0.76 3.46e-40 1.03e-40 7.14e-41
86.6 0.76 3.03e-40 9.04e-41 6.26e-41
86.7 0.76 2.66e-40 7.92e-41 5.49e-41
86.8 0.76 2.33e-40 6.95e-41 4.81e-41
86.9 0.76 2.04e-40 6.09e-41 4.22e-41
87 0.76 1.79e-40 5.34e-41 3.7e-41
87.1 0.76 1.57e-40 4.68e-41 3.24e-41
87.2 0.76 1.38e-40 4.1e-41 2.84e-41
87.3 0.76 1.21e-40 3.6e-41 2.49e-41
87.4 0.76 1.06e-40 3.15e-41 2.19e-41
87.5 0.76 9.28e-41 2.76e-41 1.92e-41
87.6 0.76 8.14e-41 2.42e-41 1.68e-41
87.7 0.76 7.13e-41 2.13e-41 1.47e-41
87.8 0.76 6.25e-41 1.86e-41 1.29e-41
87.9 0.76 5.48e-41 1.63e-41 1.13e-41
88 0.76 4.81e-41 1.43e-41 9.93e-42
88.1 0.76 4.21e-41 1.26e-41 8.7e-42
88.2 0.76 3.69e-41 1.1e-41 7.63e-42
88.3 0.76 3.24e-41 9.65e-42 6.69e-42
88.4 0.76 2.84e-41 8.46e-42 5.86e-42
88.5 0.76 2.49e-41 7.42e-42 5.14e-42
88.6 0.76 2.18e-41 6.5e-42 4.51e-42
88.7 0.76 1.91e-41 5.7e-42 3.95e-42
88.8 0.76 1.68e-41 5e-42 3.46e-42
88.9 0.76 1.47e-41 4.38e-42 3.04e-42
89 0.76 1.29e-41 3.84e-42 2.66e-42
89.1 0.76 1.13e-41 3.37e-42 2.33e-42
89.2 0.76 9.91e-42 2.95e-42 2.05e-42
89.3 0.76 8.69e-42 2.59e-42 1.79e-42
89.4 0.76 7.62e-42 2.27e-42 1.57e-42
89.5 0.76 6.68e-42 1.99e-42 1.38e-42
89.6 0.76 5.85e-42 1.74e-42 1.21e-42
89.7 0.76 5.13e-42 1.53e-42 1.06e-42
89.8 0.76 4.5e-42 1.34e-42 9.29e-43
89.9 0.76 3.95e-42 1.18e-42 8.15e-43
90 0.76 3.46e-42 1.03e-42 7.14e-43
90.1 0.76 3.03e-42 9.04e-43 6.26e-43
90.2 0.76 2.66e-42 7.92e-43 5.49e-43
90.3 0.76 2.33e-42 6.94e-43 4.81e-43
90.4 0.76 2.04e-42 6.09e-43 4.22e-43
90.5 0.76 1.79e-42 5.34e-43 3.7e-43
90.6 0.76 1.57e-42 4.68e-43 3.24e-43
90.7 0.76 1.38e-42 4.1e-43 2.84e-43
90.8 0.76 1.21e-42 3.6e-43 2.49e-43
90.9 0.76 1.06e-42 3.15e-43 2.19e-43
91 0.76 9.28e-43 2.76e-43 1.92e-43
91.1 0.76 8.14e-43 2.42e-43 1.68e-43
91.2 0.76 7.13e-43 2.12e-43 1.47e-43
91.3 0.76 6.25e-43 1.86e-43 1.29e-43
91.4 0.76 5.48e-43 1.63e-43 1.13e-43
91.5 0.76 4.81e-43 1.43e-43 9.93e-44
91.6 0.76 4.21e-43 1.26e-43 8.7e-44
91.7 0.76 3.69e-43 1.1e-43 7.63e-44
91.8 0.76 3.24e-43 9.65e-44 6.69e-44
91.9 0.76 2.84e-43 8.46e-44 5.86e-44
92 0.76 2.49e-43 7.42e-44 5.14e-44
92.1 0.76 2.18e-43 6.5e-44 4.51e-44
92.2 0.76 1.91e-43 5.7e-44 3.95e-44
92.3 0.76 1.68e-43 5e-44 3.46e-44
92.4 0.76 1.47e-43 4.38e-44 3.04e-44
92.5 0.76 1.29e-43 3.84e-44 2.66e-44
92.6 0.76 1.13e-43 3.37e-44 2.33e-44
92.7 0.76 9.91e-44 2.95e-44 2.05e-44
92.8 0.76 8.69e-44 2.59e-44 1.79e-44
92.9 0.76 7.62e-44 2.27e-44 1.57e-44
93 0.76 6.68e-44 1.99e-44 1.38e-44
93.1 0.76 5.85e-44 1.74e-44 1.21e-44
93.2 0.76 5.13e-44 1.53e-44 1.06e-44
93.3 0.76 4.5e-44 1.34e-44 9.29e-45
93.4 0.76 3.94e-44 1.18e-44 8.15e-45
93.5 0.76 3.46e-44 1.03e-44 7.14e-45
93.6 0.76 3.03e-44 9.03e-45 6.26e-45
93.7 0.76 2.66e-44 7.92e-45 5.49e-45
93.8 0.76 2.33e-44 6.94e-45 4.81e-45
93.9 0.76 2.04e-44 6.09e-45 4.22e-45
94 0.76 1.79e-44 5.34e-45 3.7e-45
94.1 0.76 1.57e-44 4.68e-45 3.24e-45
94.2 0.76 1.38e-44 4.1e-45 2.84e-45
94.3 0.76 1.21e-44 3.6e-45 2.49e-45
94.4 0.76 1.06e-44 3.15e-45 2.19e-45
94.5 0.76 9.28e-45 2.76e-45 1.92e-45
94.6 0.76 8.13e-45 2.42e-45 1.68e-45
94.7 0.76 7.13e-45 2.12e-45 1.47e-45
94.8 0.76 6.25e-45 1.86e-45 1.29e-45
94.9 0.76 5.48e-45 1.63e-45 1.13e-45
95 0.76 4.81e-45 1.43e-45 9.92e-46
95.1 0.76 4.21e-45 1.26e-45 8.7e-46
95.2 0.76 3.69e-45 1.1e-45 7.63e-46
95.3 0.76 3.24e-45 9.65e-46 6.69e-46
95.4 0.76 2.84e-45 8.46e-46 5.86e-46
95.5 0.76 2.49e-45 7.42e-46 5.14e-46
95.6 0.76 2.18e-45 6.5e-46 4.51e-46
95.7 0.76 1.91e-45 5.7e-46 3.95e-46
95.8 0.76 1.68e-45 5e-46 3.46e-46
95.9 0.76 1.47e-45 4.38e-46 3.04e-46
96 0.76 1.29e-45 3.84e-46 2.66e-46
96.1 0.76 1.13e-45 3.37e-46 2.33e-46
96.2 0.76 9.91e-46 2.95e-46 2.05e-46
96.3 0.76 8.69e-46 2.59e-46 1.79e-46
96.4 0.76 7.62e-46 2.27e-46 1.57e-46
96.5 0.76 6.68e-46 1.99e-46 1.38e-46
96.6 0.76 5.85e-46 1.74e-46 1.21e-46
96.7 0.76 5.13e-46 1.53e-46 1.06e-46
96.8 0.76 4.5e-46 1.34e-46 9.29e-47
96.9 0.76 3.94e-46 1.18e-46 8.15e-47
97 0.76 3.46e-46 1.03e-46 7.14e-47
97.1 0.76 3.03e-46 9.03e-47 6.26e-47
97.2 0.76 2.66e-46 7.92e-47 5.49e-47
97.3 0.76 2.33e-46 6.94e-47 4.81e-47
97.4 0.76 2.04e-46 6.09e-47 4.22e-47
97.5 0.76 1.79e-46 5.34e-47 3.7e-47
97.6 0.76 1.57e-46 4.68e-47 3.24e-47
97.7 0.76 1.38e-46 4.1e-47 2.84e-47
97.8 0.76 1.21e-46 3.6e-47 2.49e-47
97.9 0.76 1.06e-46 3.15e-47 2.19e-47
98 0.76 9.28e-47 2.76e-47 1.92e-47
98.1 0.76 8.13e-47 2.42e-47 1.68e-47
98.2 0.76 7.13e-47 2.12e-47 1.47e-47
98.3 0.76 6.25e-47 1.86e-47 1.29e-47
98.4 0.76 5.48e-47 1.63e-47 1.13e-47
98.5 0.76 4.81e-47 1.43e-47 9.92e-48
98.6 0.76 4.21e-47 1.26e-47 8.7e-48
98.7 0.76 3.69e-47 1.1e-47 7.63e-48
98.8 0.76 3.24e-47 9.65e-48 6.69e-48
98.9 0.76 2.84e-47 8.46e-48 5.86e-48
99 0.76 2.49e-47 7.42e-48 5.14e-48
99.1 0.76 2.18e-47 6.5e-48 4.51e-48
99.2 0.76 1.91e-47 5.7e-48 3.95e-48
99.3 0.76 1.68e-47 5e-48 3.46e-48
99.4 0.76 1.47e-47 4.38e-48 3.04e-48
99.5 0.76 1.29e-47 3.84e-48 2.66e-48
99.6 0.76 1.13e-47 3.37e-48 2.33e-48
99.7 0.76 9.91e-48 2.95e-48 2.05e-48
99.8 0.76 8.69e-48 2.59e-48 1.79e-48
99.9 0.76 7.62e-48 2.27e-48 1.57e-48
