-22.6 0.96 1.64e-09 1.01e-10 1.24e-10
-22.5 0.96 1.83e-09 1.12e-10 1.37e-10
-22.4 0.96 2.03e-09 1.24e-10 1.52e-10
-22.3 0.96 2.25e-09 1.37e-10 1.69e-10
-22.2 0.96 2.49e-09 1.53e-10 1.88e-10
-22.1 0.96 2.77e-09 1.69e-10 2.08e-10
-22 0.96 3.07e-09 1.88e-10 2.31e-10
-21.9 0.96 3.41e-09 2.09e-10 2.56e-10
-21.8 0.96 3.78e-09 2.31e-10 2.85e-10
-21.7 0.96 4.2e-09 2.57e-10 3.16e-10
-21.6 0.96 4.66e-09 2.85e-10 3.51e-10
-21.5 0.96 5.17e-09 3.16e-10 3.89e-10
-21.4 0.96 5.74e-09 3.51e-10 4.32e-10
-21.3 0.96 6.37e-09 3.9e-10 4.79e-10
-21.2 0.96 7.07e-09 4.32e-10 5.32e-10
-21.1 0.96 7.85e-09 4.8e-10 5.9e-10
-21 0.96 8.71e-09 5.33e-10 6.55e-10
-20.9 0.96 9.66e-09 5.91e-10 7.27e-10
-20.8 0.96 1.07e-08 6.56e-10 8.07e-10
-20.7 0.96 1.19e-08 7.28e-10 8.95e-10
-20.6 0.96 1.32e-08 8.08e-10 9.94e-10
-20.5 0.96 1.47e-08 8.97e-10 1.1e-09
-20.4 0.96 1.63e-08 9.95e-10 1.22e-09
-20.3 0.96 1.81e-08 1.1e-09 1.36e-09
-20.2 0.96 2e-08 1.23e-09 1.51e-09
-20.1 0.96 2.22e-08 1.36e-09 1.67e-09
-20 0.96 2.47e-08 1.51e-09 1.86e-09
-19.9 0.96 2.74e-08 1.68e-09 2.06e-09
-19.8 0.96 3.04e-08 1.86e-09 2.29e-09
-19.7 0.96 3.37e-08 2.06e-09 2.54e-09
-19.6 0.96 3.74e-08 2.29e-09 2.82e-09
-19.5 0.96 4.15e-08 2.54e-09 3.12e-09
-19.4 0.96 4.61e-08 2.82e-09 3.47e-09
-19.3 0.96 5.12e-08 3.13e-09 3.85e-09
-19.2 0.96 5.68e-08 3.47e-09 4.27e-09
-19.1 0.96 6.3e-08 3.85e-09 4.74e-09
-19 0.96 6.99e-08 4.28e-09 5.26e-09
-18.9 0.96 7.76e-08 4.75e-09 5.84e-09
-18.8 0.96 8.61e-08 5.27e-09 6.48e-09
-18.7 0.96 9.56e-08 5.85e-09 7.19e-09
-18.6 0.96 1.06e-07 6.49e-09 7.98e-09
-18.5 0.96 1.18e-07 7.2e-09 8.86e-09
-18.4 0.96 1.31e-07 7.99e-09 9.83e-09
-18.3 0.96 1.45e-07 8.87e-09 1.09e-08
-18.2 0.96 1.61e-07 9.84e-09 1.21e-08
-18.1 0.96 1.79e-07 1.09e-08 1.34e-08
-18 0.96 1.98e-07 1.21e-08 1.49e-08
-17.9 0.96 2.2e-07 1.35e-08 1.65e-08
-17.8 0.96 2.44e-07 1.49e-08 1.84e-08
-17.7 0.96 2.71e-07 1.66e-08 2.04e-08
-17.6 0.96 3.01e-07 1.84e-08 2.26e-08
-17.5 0.96 3.34e-07 2.04e-08 2.51e-08
-17.4 0.96 3.7e-07 2.26e-08 2.78e-08
-17.3 0.96 4.11e-07 2.51e-08 3.09e-08
-17.2 0.96 4.56e-07 2.79e-08 3.43e-08
-17.1 0.96 5.06e-07 3.1e-08 3.81e-08
-17 0.96 5.62e-07 3.44e-08 4.22e-08
-16.9 0.96 6.23e-07 3.81e-08 4.69e-08
-16.8 0.96 6.92e-07 4.23e-08 5.2e-08
-16.7 0.96 7.68e-07 4.7e-08 5.77e-08
-16.6 0.96 8.52e-07 5.21e-08 6.41e-08
-16.5 0.96 9.46e-07 5.78e-08 7.11e-08
-16.4 0.96 1.05e-06 6.42e-08 7.89e-08
-16.3 0.96 1.16e-06 7.12e-08 8.76e-08
-16.2 0.96 1.29e-06 7.9e-08 9.72e-08
-16.1 0.96 1.43e-06 8.77e-08 1.08e-07
-16 0.96 1.59e-06 9.73e-08 1.2e-07
-15.9 0.96 1.77e-06 1.08e-07 1.33e-07
-15.8 0.96 1.96e-06 1.2e-07 1.47e-07
-15.7 0.96 2.18e-06 1.33e-07 1.64e-07
-15.6 0.96 2.41e-06 1.48e-07 1.82e-07
-15.5 0.96 2.68e-06 1.64e-07 2.02e-07
-15.4 0.96 2.97e-06 1.82e-07 2.24e-07
-15.3 0.96 3.3e-06 2.02e-07 2.48e-07
-15.2 0.96 3.66e-06 2.24e-07 2.75e-07
-15.1 0.96 4.06e-06 2.49e-07 3.06e-07
-15 0.96 4.51e-06 2.76e-07 3.39e-07
-14.9 0.96 5.01e-06 3.06e-07 3.76e-07
-14.8 0.96 5.56e-06 3.4e-07 4.18e-07
-14.7 0.96 6.17e-06 3.77e-07 4.64e-07
-14.6 0.96 6.84e-06 4.18e-07 5.15e-07
-14.5 0.96 7.59e-06 4.64e-07 5.71e-07
-14.4 0.96 8.43e-06 5.15e-07 6.34e-07
-14.3 0.96 9.35e-06 5.72e-07 7.03e-07
-14.2 0.96 1.04e-05 6.35e-07 7.8e-07
-14.1 0.96 1.15e-05 7.04e-07 8.66e-07
-14 0.96 1.28e-05 7.82e-07 9.61e-07
-13.9 0.96 1.42e-05 8.67e-07 1.07e-06
-13.8 0.96 1.57e-05 9.63e-07 1.18e-06
-13.7 0.96 1.75e-05 1.07e-06 1.31e-06
-13.6 0.96 1.94e-05 1.19e-06 1.46e-06
-13.5 0.96 2.15e-05 1.32e-06 1.62e-06
-13.4 0.96 2.39e-05 1.46e-06 1.79e-06
-13.3 0.96 2.65e-05 1.62e-06 1.99e-06
-13.2 0.96 2.94e-05 1.8e-06 2.21e-06
-13.1 0.96 3.26e-05 1.99e-06 2.45e-06
-13 0.96 3.62e-05 2.21e-06 2.72e-06
-12.9 0.96 4.02e-05 2.46e-06 3.02e-06
-12.8 0.96 4.46e-05 2.73e-06 3.35e-06
-12.7 0.96 4.95e-05 3.02e-06 3.72e-06
-12.6 0.96 5.49e-05 3.36e-06 4.13e-06
-12.5 0.96 6.1e-05 3.72e-06 4.58e-06
-12.4 0.96 6.77e-05 4.13e-06 5.08e-06
-12.3 0.96 7.51e-05 4.58e-06 5.64e-06
-12.2 0.96 8.33e-05 5.09e-06 6.25e-06
-12.1 0.96 9.25e-05 5.64e-06 6.94e-06
-12 0.96 0.000103 6.26e-06 7.69e-06
-11.9 0.96 0.000114 6.95e-06 8.54e-06
-11.8 0.96 0.000126 7.71e-06 9.47e-06
-11.7 0.96 0.00014 8.55e-06 1.05e-05
-11.6 0.96 0.000156 9.48e-06 1.17e-05
-11.5 0.96 0.000173 1.05e-05 1.29e-05
-11.4 0.96 0.000192 1.17e-05 1.43e-05
-11.3 0.96 0.000213 1.29e-05 1.59e-05
-11.2 0.96 0.000236 1.44e-05 1.76e-05
-11.1 0.96 0.000262 1.59e-05 1.95e-05
-11 0.96 0.00029 1.77e-05 2.17e-05
-10.9 0.96 0.000322 1.96e-05 2.4e-05
-10.8 0.96 0.000358 2.17e-05 2.66e-05
-10.7 0.96 0.000397 2.41e-05 2.95e-05
-10.6 0.96 0.00044 2.67e-05 3.27e-05
-10.5 0.96 0.000488 2.96e-05 3.62e-05
-10.4 0.96 0.000542 3.28e-05 4.01e-05
-10.3 0.96 0.000601 3.63e-05 4.44e-05
-10.2 0.96 0.000667 4.02e-05 4.92e-05
-10.1 0.96 0.00074 4.45e-05 5.45e-05
-10 0.96 0.000821 4.93e-05 6.03e-05
-9.9 0.96 0.000911 5.46e-05 6.67e-05
-9.8 0.96 0.00101 6.04e-05 7.38e-05
-9.7 0.96 0.00112 6.68e-05 8.16e-05
-9.6 0.96 0.00124 7.39e-05 9.01e-05
-9.5 0.96 0.00138 8.17e-05 9.95e-05
-9.4 0.96 0.00153 9.03e-05 0.00011
-9.3 0.96 0.00169 9.98e-05 0.000121
-9.2 0.96 0.00188 0.00011 0.000134
-9.1 0.96 0.00208 0.000122 0.000147
-9 0.96 0.00231 0.000134 0.000162
-8.9 0.96 0.00256 0.000148 0.000178
-8.8 0.96 0.00283 0.000163 0.000196
-8.7 0.96 0.00314 0.000179 0.000215
-8.6 0.96 0.00348 0.000197 0.000236
-8.5 0.96 0.00385 0.000216 0.000258
-8.4 0.96 0.00426 0.000237 0.000282
-8.3 0.96 0.00472 0.00026 0.000308
-8.2 0.96 0.00522 0.000284 0.000335
-8.1 0.96 0.00578 0.000311 0.000364
-8 0.96 0.00639 0.000339 0.000395
-7.9 0.96 0.00707 0.000369 0.000427
-7.8 0.96 0.00781 0.000401 0.00046
-7.7 0.96 0.00863 0.000435 0.000493
-7.6 0.96 0.00953 0.000471 0.000528
-7.5 0.96 0.0105 0.000508 0.000561
-7.4 0.96 0.0116 0.000547 0.000594
-7.3 0.96 0.0128 0.000587 0.000626
-7.2 0.96 0.0141 0.000628 0.000654
-7.1 0.96 0.0155 0.00067 0.000678
-7 0.96 0.0171 0.000713 0.000696
-6.9 0.96 0.0188 0.000756 0.000706
-6.8 0.96 0.0206 0.000798 0.000706
-6.7 0.96 0.0226 0.000841 0.000695
-6.6 0.96 0.0248 0.000884 0.000669
-6.5 0.96 0.0271 0.000928 0.000625
-6.4 0.96 0.0297 0.000974 0.000562
-6.3 0.96 0.0324 0.00102 0.000721
-6.2 0.96 0.0353 0.00108 0.000927
-6.1 0.96 0.0385 0.00115 0.00117
-6 0.96 0.0418 0.00129 0.0014
-5.9 0.96 0.0455 0.00139 0.00174
-5.8 0.96 0.0493 0.00154 0.00212
-5.7 0.96 0.0535 0.00176 0.00256
-5.6 0.96 0.0579 0.00209 0.00305
-5.5 0.96 0.0625 0.00261 0.00362
-5.4 0.96 0.0675 0.00345 0.00428
-5.3 0.96 0.073 0.00484 0.00517
-5.2 0.96 0.0791 0.00737 0.00656
-5.1 0.96 0.0867 0.0135 0.00914
-5 0.96 0.102 0.0424 0.0192
-4.9 0.96 0.0729 0.0248 0.0628
-4.8 0.96 0.0927 0.0114 0.0215
-4.7 0.96 0.101 0.00932 0.0141
-4.6 0.96 0.109 0.00864 0.0118
-4.5 0.96 0.117 0.00868 0.0103
-4.4 0.96 0.124 0.00883 0.00931
-4.3 0.96 0.131 0.00894 0.00852
-4.2 0.96 0.139 0.00894 0.00779
-4.1 0.96 0.144 0.0103 0.00551
-4 0.96 0.151 0.0101 0.00453
-3.9 0.96 0.159 0.00955 0.00442
-3.8 0.96 0.162 0.00278 0.00603
-3.7 0.96 0.171 0.00289 0.00359
-3.6 0.96 0.178 0.00395 0.00397
-3.5 0.96 0.186 0.00487 0.00438
-3.4 0.96 0.194 0.00557 0.00607
-3.3 0.96 0.203 0.00599 0.0075
-3.2 0.96 0.212 0.00608 0.00854
-3.1 0.96 0.222 0.00582 0.00909
-3 0.96 0.234 0.00611 0.0112
-2.9 0.96 0.245 0.00754 0.0108
-2.8 0.96 0.256 0.00832 0.00955
-2.7 0.96 0.262 0.00414 0.00665
-2.6 0.96 0.273 0.00368 0.00658
-2.5 0.96 0.285 0.00483 0.00777
-2.4 0.96 0.296 0.00505 0.00708
-2.3 0.96 0.31 0.00212 0.00228
-2.2 0.96 0.321 0.00347 0.00277
-2.1 0.96 0.332 0.00433 0.003
-2 0.96 0.342 0.00468 0.003
-1.9 0.96 0.352 0.00567 0.00316
-1.8 0.96 0.362 0.00513 0.00309
-1.7 0.96 0.37 0.0028 0.0047
-1.6 0.96 0.383 0.00101 0.000847
-1.5 0.96 0.393 0.00123 0.00202
-1.4 0.96 0.407 0.00167 0.00301
-1.3 0.96 0.417 0.000909 0.00205
-1.2 0.96 0.428 0.00107 0.00201
-1.1 0.96 0.44 0.000551 0.00102
-1 0.96 0.451 0.000525 0.00112
-0.9 0.96 0.463 0.00049 0.0012
-0.8 0.96 0.474 0.000408 0.00115
-0.7 0.96 0.485 0.000517 0.00154
-0.6 0.96 0.496 0.000536 0.00156
-0.5 0.96 0.507 0.000649 0.00163
-0.4 0.96 0.518 0.000816 0.00171
-0.3 0.96 0.527 0.00206 0.00281
-0.2 0.96 0.538 0.00233 0.00295
-0.1 0.96 0.549 0.00264 0.00316
8.88e-15 0.96 0.559 0.00295 0.00345
0.1 0.96 0.569 0.0032 0.00378
0.2 0.96 0.578 0.00174 0.00316
0.3 0.96 0.588 0.00185 0.00335
0.4 0.96 0.599 0.00335 0.00596
0.5 0.96 0.61 0.0116 0.0105
0.6 0.96 0.619 0.0121 0.0123
0.7 0.96 0.628 0.0116 0.0134
0.8 0.96 0.634 0.00498 0.0107
0.9 0.96 0.642 0.00542 0.0104
1 0.96 0.651 0.00554 0.00947
1.1 0.96 0.66 0.00535 0.00793
1.2 0.96 0.673 0.00551 0.00709
1.3 0.96 0.682 0.00691 0.00751
1.4 0.96 0.69 0.00802 0.00748
1.5 0.96 0.699 0.00876 0.00702
1.6 0.96 0.707 0.00913 0.0062
1.7 0.96 0.717 0.00735 0.00393
1.8 0.96 0.724 0.00721 0.00417
1.9 0.96 0.731 0.00685 0.00426
2 0.96 0.734 0.00967 0.00792
2.1 0.96 0.741 0.00976 0.00672
2.2 0.96 0.748 0.00951 0.00545
2.3 0.96 0.754 0.009 0.00419
2.4 0.96 0.761 0.0069 0.00408
2.5 0.96 0.766 0.00633 0.00396
2.6 0.96 0.771 0.0057 0.00376
2.7 0.96 0.776 0.00506 0.0035
2.8 0.96 0.78 0.00442 0.00321
2.9 0.96 0.784 0.00382 0.00291
3 0.96 0.788 0.00328 0.00262
3.1 0.96 0.791 0.0028 0.00237
3.2 0.96 0.795 0.00239 0.00217
3.3 0.96 0.798 0.00207 0.00206
3.4 0.96 0.801 0.00186 0.00216
3.5 0.96 0.803 0.00195 0.003
3.6 0.96 0.818 0.0327 0.0128
3.7 0.96 0.81 0.000976 0.00206
3.8 0.96 0.812 0.00103 0.00167
3.9 0.96 0.814 0.000976 0.00149
4 0.96 0.815 0.000897 0.00139
4.1 0.96 0.817 0.000825 0.00133
4.2 0.96 0.819 0.000766 0.00131
4.3 0.96 0.82 0.000723 0.00132
4.4 0.96 0.822 0.000687 0.00133
4.5 0.96 0.823 0.000643 0.00129
4.6 0.96 0.824 0.000568 0.00115
4.7 0.96 0.826 0.000462 0.000898
4.8 0.96 0.827 0.000354 0.000628
4.9 0.96 0.828 0.000205 0.000404
5 0.96 0.829 0.000177 0.000285
5.1 0.96 0.829 0.000165 0.000217
5.2 0.96 0.83 0.000164 0.00018
5.3 0.96 0.831 0.000168 0.00016
5.4 0.96 0.831 0.000197 0.000128
5.5 0.96 0.832 0.000208 0.000121
5.6 0.96 0.832 0.00013 6.04e-05
5.7 0.96 0.833 0.000125 5.39e-05
5.8 0.96 0.833 0.000121 4.91e-05
5.9 0.96 0.833 0.000118 4.56e-05
6 0.96 0.834 0.000116 4.28e-05
6.1 0.96 0.834 0.000114 4.16e-05
6.2 0.96 0.834 0.000113 4.27e-05
6.3 0.96 0.834 0.000112 4.37e-05
6.4 0.96 0.835 0.000111 4.45e-05
6.5 0.96 0.835 0.00011 4.52e-05
6.6 0.96 0.835 0.00011 4.57e-05
6.7 0.96 0.835 0.000109 4.62e-05
6.8 0.96 0.835 0.000109 4.64e-05
6.9 0.96 0.835 0.000109 4.66e-05
7 0.96 0.835 0.000109 4.67e-05
7.1 0.96 0.835 0.000109 4.66e-05
7.2 0.96 0.835 0.000109 4.64e-05
7.3 0.96 0.835 0.000109 4.62e-05
7.4 0.96 0.835 0.00011 4.57e-05
7.5 0.96 0.835 0.00011 4.52e-05
7.6 0.96 0.835 0.000111 4.45e-05
7.7 0.96 0.834 0.000112 4.37e-05
7.8 0.96 0.834 0.000113 4.27e-05
7.9 0.96 0.834 0.000114 4.16e-05
8 0.96 0.834 0.000116 4.28e-05
8.1 0.96 0.833 0.000118 4.56e-05
8.2 0.96 0.833 0.000121 4.91e-05
8.3 0.96 0.833 0.000125 5.39e-05
8.4 0.96 0.832 0.00013 6.04e-05
8.5 0.96 0.832 0.000208 0.000121
8.6 0.96 0.831 0.000197 0.000128
8.7 0.96 0.831 0.000168 0.00016
8.8 0.96 0.83 0.000164 0.00018
8.9 0.96 0.829 0.000165 0.000217
9 0.96 0.829 0.000177 0.000285
9.1 0.96 0.828 0.000205 0.000404
9.2 0.96 0.827 0.000354 0.000628
9.3 0.96 0.826 0.000462 0.000898
9.4 0.96 0.824 0.000568 0.00115
9.5 0.96 0.823 0.000643 0.00129
9.6 0.96 0.822 0.000687 0.00133
9.7 0.96 0.82 0.000723 0.00132
9.8 0.96 0.819 0.000766 0.00131
9.9 0.96 0.817 0.000825 0.00133
10 0.96 0.815 0.000897 0.00139
10.1 0.96 0.814 0.000976 0.00149
10.2 0.96 0.812 0.00103 0.00167
10.3 0.96 0.81 0.000976 0.00206
10.4 0.96 0.818 0.0327 0.0128
10.5 0.96 0.803 0.00195 0.003
10.6 0.96 0.801 0.00186 0.00216
10.7 0.96 0.798 0.00207 0.00206
10.8 0.96 0.795 0.00239 0.00217
10.9 0.96 0.791 0.0028 0.00237
11 0.96 0.788 0.00328 0.00262
11.1 0.96 0.784 0.00382 0.00291
11.2 0.96 0.78 0.00442 0.00321
11.3 0.96 0.776 0.00506 0.0035
11.4 0.96 0.771 0.0057 0.00376
11.5 0.96 0.766 0.00633 0.00396
11.6 0.96 0.761 0.0069 0.00408
11.7 0.96 0.754 0.009 0.00419
11.8 0.96 0.748 0.00951 0.00545
11.9 0.96 0.741 0.00976 0.00672
12 0.96 0.734 0.00967 0.00792
12.1 0.96 0.731 0.00685 0.00426
12.2 0.96 0.724 0.00721 0.00417
12.3 0.96 0.717 0.00735 0.00393
12.4 0.96 0.707 0.00913 0.0062
12.5 0.96 0.699 0.00876 0.00702
12.6 0.96 0.69 0.00802 0.00748
12.7 0.96 0.682 0.00691 0.00751
12.8 0.96 0.673 0.00551 0.00709
12.9 0.96 0.66 0.00535 0.00793
13 0.96 0.651 0.00554 0.00947
13.1 0.96 0.642 0.00542 0.0104
13.2 0.96 0.634 0.00498 0.0107
13.3 0.96 0.628 0.0116 0.0134
13.4 0.96 0.619 0.0121 0.0123
13.5 0.96 0.61 0.0116 0.0105
13.6 0.96 0.599 0.00335 0.00596
13.7 0.96 0.588 0.00185 0.00335
13.8 0.96 0.578 0.00174 0.00316
13.9 0.96 0.569 0.0032 0.00378
14 0.96 0.559 0.00295 0.00345
14.1 0.96 0.549 0.00264 0.00316
14.2 0.96 0.538 0.00233 0.00295
14.3 0.96 0.527 0.00206 0.00281
14.4 0.96 0.518 0.000816 0.00171
14.5 0.96 0.507 0.000649 0.00163
14.6 0.96 0.496 0.000536 0.00156
14.7 0.96 0.485 0.000517 0.00154
14.8 0.96 0.474 0.000408 0.00115
14.9 0.96 0.463 0.00049 0.0012
15 0.96 0.451 0.000525 0.00112
15.1 0.96 0.44 0.000551 0.00102
15.2 0.96 0.428 0.00107 0.00201
15.3 0.96 0.417 0.000909 0.00205
15.4 0.96 0.407 0.00167 0.00301
15.5 0.96 0.393 0.00123 0.00202
15.6 0.96 0.383 0.00101 0.000847
15.7 0.96 0.37 0.0028 0.0047
15.8 0.96 0.362 0.00513 0.00309
15.9 0.96 0.352 0.00567 0.00316
16 0.96 0.342 0.00468 0.003
16.1 0.96 0.332 0.00433 0.003
16.2 0.96 0.321 0.00347 0.00277
16.3 0.96 0.31 0.00212 0.00228
16.4 0.96 0.296 0.00505 0.00708
16.5 0.96 0.285 0.00483 0.00777
16.6 0.96 0.273 0.00368 0.00658
16.7 0.96 0.262 0.00414 0.00665
16.8 0.96 0.256 0.00832 0.00955
16.9 0.96 0.245 0.00754 0.0108
17 0.96 0.234 0.00611 0.0112
17.1 0.96 0.222 0.00582 0.00909
17.2 0.96 0.212 0.00608 0.00854
17.3 0.96 0.203 0.00599 0.0075
17.4 0.96 0.194 0.00557 0.00607
17.5 0.96 0.186 0.00487 0.00438
17.6 0.96 0.178 0.00395 0.00397
17.7 0.96 0.171 0.00289 0.00359
17.8 0.96 0.162 0.00278 0.00603
17.9 0.96 0.159 0.00955 0.00442
18 0.96 0.151 0.0101 0.00453
18.1 0.96 0.144 0.0103 0.00551
18.2 0.96 0.139 0.00894 0.00779
18.3 0.96 0.131 0.00894 0.00852
18.4 0.96 0.124 0.00883 0.00931
18.5 0.96 0.117 0.00868 0.0103
18.6 0.96 0.109 0.00864 0.0118
18.7 0.96 0.101 0.00932 0.0141
18.8 0.96 0.0927 0.0114 0.0215
18.9 0.96 0.0729 0.0248 0.0628
19 0.96 0.102 0.0424 0.0192
19.1 0.96 0.0867 0.0135 0.00914
19.2 0.96 0.0791 0.00737 0.00656
19.3 0.96 0.073 0.00484 0.00517
19.4 0.96 0.0675 0.00345 0.00428
19.5 0.96 0.0625 0.00261 0.00362
19.6 0.96 0.0579 0.00209 0.00305
19.7 0.96 0.0535 0.00176 0.00256
19.8 0.96 0.0493 0.00154 0.00212
19.9 0.96 0.0455 0.00139 0.00174
20 0.96 0.0418 0.00129 0.0014
20.1 0.96 0.0385 0.00115 0.00117
20.2 0.96 0.0353 0.00108 0.000927
20.3 0.96 0.0324 0.00102 0.000721
20.4 0.96 0.0297 0.000974 0.000562
20.5 0.96 0.0271 0.000928 0.000625
20.6 0.96 0.0248 0.000884 0.000669
20.7 0.96 0.0226 0.000841 0.000695
20.8 0.96 0.0206 0.000798 0.000706
20.9 0.96 0.0188 0.000756 0.000706
21 0.96 0.0171 0.000713 0.000696
21.1 0.96 0.0155 0.00067 0.000678
21.2 0.96 0.0141 0.000628 0.000654
21.3 0.96 0.0128 0.000587 0.000626
21.4 0.96 0.0116 0.000547 0.000594
21.5 0.96 0.0105 0.000508 0.000561
21.6 0.96 0.00953 0.000471 0.000528
21.7 0.96 0.00863 0.000435 0.000493
21.8 0.96 0.00781 0.000401 0.00046
21.9 0.96 0.00707 0.000369 0.000427
22 0.96 0.00639 0.000339 0.000395
22.1 0.96 0.00578 0.000311 0.000364
22.2 0.96 0.00522 0.000284 0.000335
22.3 0.96 0.00472 0.00026 0.000308
22.4 0.96 0.00426 0.000237 0.000282
22.5 0.96 0.00385 0.000216 0.000258
22.6 0.96 0.00348 0.000197 0.000236
22.7 0.96 0.00314 0.000179 0.000215
22.8 0.96 0.00283 0.000163 0.000196
22.9 0.96 0.00256 0.000148 0.000178
23 0.96 0.00231 0.000134 0.000162
23.1 0.96 0.00208 0.000122 0.000147
23.2 0.96 0.00188 0.00011 0.000134
23.3 0.96 0.00169 9.98e-05 0.000121
23.4 0.96 0.00153 9.03e-05 0.00011
23.5 0.96 0.00138 8.17e-05 9.95e-05
23.6 0.96 0.00124 7.39e-05 9.01e-05
23.7 0.96 0.00112 6.68e-05 8.16e-05
23.8 0.96 0.00101 6.04e-05 7.38e-05
23.9 0.96 0.000911 5.46e-05 6.67e-05
24 0.96 0.000821 4.93e-05 6.03e-05
24.1 0.96 0.00074 4.45e-05 5.45e-05
24.2 0.96 0.000667 4.02e-05 4.92e-05
24.3 0.96 0.000601 3.63e-05 4.44e-05
24.4 0.96 0.000542 3.28e-05 4.01e-05
24.5 0.96 0.000488 2.96e-05 3.62e-05
24.6 0.96 0.00044 2.67e-05 3.27e-05
24.7 0.96 0.000397 2.41e-05 2.95e-05
24.8 0.96 0.000358 2.17e-05 2.66e-05
24.9 0.96 0.000322 1.96e-05 2.4e-05
25 0.96 0.00029 1.77e-05 2.17e-05
25.1 0.96 0.000262 1.59e-05 1.95e-05
25.2 0.96 0.000236 1.44e-05 1.76e-05
25.3 0.96 0.000213 1.29e-05 1.59e-05
25.4 0.96 0.000192 1.17e-05 1.43e-05
25.5 0.96 0.000173 1.05e-05 1.29e-05
25.6 0.96 0.000156 9.48e-06 1.17e-05
25.7 0.96 0.00014 8.55e-06 1.05e-05
25.8 0.96 0.000126 7.71e-06 9.47e-06
25.9 0.96 0.000114 6.95e-06 8.54e-06
26 0.96 0.000103 6.26e-06 7.69e-06
26.1 0.96 9.25e-05 5.64e-06 6.94e-06
26.2 0.96 8.33e-05 5.09e-06 6.25e-06
26.3 0.96 7.51e-05 4.58e-06 5.64e-06
26.4 0.96 6.77e-05 4.13e-06 5.08e-06
26.5 0.96 6.1e-05 3.72e-06 4.58e-06
26.6 0.96 5.49e-05 3.36e-06 4.13e-06
26.7 0.96 4.95e-05 3.02e-06 3.72e-06
26.8 0.96 4.46e-05 2.73e-06 3.35e-06
26.9 0.96 4.02e-05 2.46e-06 3.02e-06
27 0.96 3.62e-05 2.21e-06 2.72e-06
27.1 0.96 3.26e-05 1.99e-06 2.45e-06
27.2 0.96 2.94e-05 1.8e-06 2.21e-06
27.3 0.96 2.65e-05 1.62e-06 1.99e-06
27.4 0.96 2.39e-05 1.46e-06 1.79e-06
27.5 0.96 2.15e-05 1.32e-06 1.62e-06
27.6 0.96 1.94e-05 1.19e-06 1.46e-06
27.7 0.96 1.75e-05 1.07e-06 1.31e-06
27.8 0.96 1.57e-05 9.63e-07 1.18e-06
27.9 0.96 1.42e-05 8.67e-07 1.07e-06
28 0.96 1.28e-05 7.82e-07 9.61e-07
28.1 0.96 1.15e-05 7.04e-07 8.66e-07
28.2 0.96 1.04e-05 6.35e-07 7.8e-07
28.3 0.96 9.35e-06 5.72e-07 7.03e-07
28.4 0.96 8.43e-06 5.15e-07 6.34e-07
28.5 0.96 7.59e-06 4.64e-07 5.71e-07
28.6 0.96 6.84e-06 4.18e-07 5.15e-07
28.7 0.96 6.17e-06 3.77e-07 4.64e-07
28.8 0.96 5.56e-06 3.4e-07 4.18e-07
28.9 0.96 5.01e-06 3.06e-07 3.76e-07
29 0.96 4.51e-06 2.76e-07 3.39e-07
29.1 0.96 4.06e-06 2.49e-07 3.06e-07
29.2 0.96 3.66e-06 2.24e-07 2.75e-07
29.3 0.96 3.3e-06 2.02e-07 2.48e-07
29.4 0.96 2.97e-06 1.82e-07 2.24e-07
29.5 0.96 2.68e-06 1.64e-07 2.02e-07
29.6 0.96 2.41e-06 1.48e-07 1.82e-07
29.7 0.96 2.18e-06 1.33e-07 1.64e-07
29.8 0.96 1.96e-06 1.2e-07 1.47e-07
29.9 0.96 1.77e-06 1.08e-07 1.33e-07
30 0.96 1.59e-06 9.73e-08 1.2e-07
30.1 0.96 1.43e-06 8.77e-08 1.08e-07
30.2 0.96 1.29e-06 7.9e-08 9.72e-08
30.3 0.96 1.16e-06 7.12e-08 8.76e-08
30.4 0.96 1.05e-06 6.42e-08 7.89e-08
30.5 0.96 9.46e-07 5.78e-08 7.11e-08
30.6 0.96 8.52e-07 5.21e-08 6.41e-08
30.7 0.96 7.68e-07 4.7e-08 5.77e-08
30.8 0.96 6.92e-07 4.23e-08 5.2e-08
30.9 0.96 6.23e-07 3.81e-08 4.69e-08
31 0.96 5.62e-07 3.44e-08 4.22e-08
31.1 0.96 5.06e-07 3.1e-08 3.81e-08
31.2 0.96 4.56e-07 2.79e-08 3.43e-08
31.3 0.96 4.11e-07 2.51e-08 3.09e-08
31.4 0.96 3.7e-07 2.26e-08 2.78e-08
31.5 0.96 3.34e-07 2.04e-08 2.51e-08
31.6 0.96 3.01e-07 1.84e-08 2.26e-08
31.7 0.96 2.71e-07 1.66e-08 2.04e-08
31.8 0.96 2.44e-07 1.49e-08 1.84e-08
31.9 0.96 2.2e-07 1.35e-08 1.65e-08
32 0.96 1.98e-07 1.21e-08 1.49e-08
32.1 0.96 1.79e-07 1.09e-08 1.34e-08
32.2 0.96 1.61e-07 9.84e-09 1.21e-08
32.3 0.96 1.45e-07 8.87e-09 1.09e-08
32.4 0.96 1.31e-07 7.99e-09 9.83e-09
32.5 0.96 1.18e-07 7.2e-09 8.86e-09
32.6 0.96 1.06e-07 6.49e-09 7.98e-09
32.7 0.96 9.56e-08 5.85e-09 7.19e-09
32.8 0.96 8.61e-08 5.27e-09 6.48e-09
32.9 0.96 7.76e-08 4.75e-09 5.84e-09
33 0.96 6.99e-08 4.28e-09 5.26e-09
33.1 0.96 6.3e-08 3.85e-09 4.74e-09
33.2 0.96 5.68e-08 3.47e-09 4.27e-09
33.3 0.96 5.12e-08 3.13e-09 3.85e-09
33.4 0.96 4.61e-08 2.82e-09 3.47e-09
33.5 0.96 4.15e-08 2.54e-09 3.12e-09
33.6 0.96 3.74e-08 2.29e-09 2.82e-09
33.7 0.96 3.37e-08 2.06e-09 2.54e-09
33.8 0.96 3.04e-08 1.86e-09 2.29e-09
33.9 0.96 2.74e-08 1.68e-09 2.06e-09
34 0.96 2.47e-08 1.51e-09 1.86e-09
34.1 0.96 2.22e-08 1.36e-09 1.67e-09
34.2 0.96 2e-08 1.23e-09 1.51e-09
34.3 0.96 1.81e-08 1.1e-09 1.36e-09
34.4 0.96 1.63e-08 9.95e-10 1.22e-09
34.5 0.96 1.47e-08 8.97e-10 1.1e-09
34.6 0.96 1.32e-08 8.08e-10 9.94e-10
34.7 0.96 1.19e-08 7.28e-10 8.95e-10
34.8 0.96 1.07e-08 6.56e-10 8.07e-10
34.9 0.96 9.66e-09 5.91e-10 7.27e-10
35 0.96 8.71e-09 5.33e-10 6.55e-10
35.1 0.96 7.85e-09 4.8e-10 5.9e-10
35.2 0.96 7.07e-09 4.32e-10 5.32e-10
35.3 0.96 6.37e-09 3.9e-10 4.79e-10
35.4 0.96 5.74e-09 3.51e-10 4.32e-10
35.5 0.96 5.17e-09 3.16e-10 3.89e-10
35.6 0.96 4.66e-09 2.85e-10 3.51e-10
35.7 0.96 4.2e-09 2.57e-10 3.16e-10
35.8 0.96 3.78e-09 2.31e-10 2.85e-10
35.9 0.96 3.41e-09 2.09e-10 2.56e-10
36 0.96 3.07e-09 1.88e-10 2.31e-10
36.1 0.96 2.77e-09 1.69e-10 2.08e-10
36.2 0.96 2.49e-09 1.53e-10 1.88e-10
36.3 0.96 2.25e-09 1.37e-10 1.69e-10
36.4 0.96 2.03e-09 1.24e-10 1.52e-10
36.5 0.96 1.83e-09 1.12e-10 1.37e-10
36.6 0.96 1.64e-09 1.01e-10 1.24e-10
39.1 0.96 1.22e-10 7.44e-12 9.15e-12
39.2 0.96 1.1e-10 6.7e-12 8.24e-12
41.5 0.96 9.99e-12 6.11e-13 7.51e-13
41.6 0.96 9e-12 5.5e-13 6.77e-13
41.7 0.96 8.11e-12 4.96e-13 6.1e-13
41.8 0.96 7.31e-12 4.47e-13 5.5e-13
41.9 0.96 6.58e-12 4.03e-13 4.95e-13
42 0.96 5.93e-12 3.63e-13 4.46e-13
42.1 0.96 5.35e-12 3.27e-13 4.02e-13
42.2 0.96 4.82e-12 2.95e-13 3.62e-13
42.3 0.96 4.34e-12 2.65e-13 3.26e-13
42.4 0.96 3.91e-12 2.39e-13 2.94e-13
42.5 0.96 3.52e-12 2.16e-13 2.65e-13
42.6 0.96 3.18e-12 1.94e-13 2.39e-13
42.7 0.96 2.86e-12 1.75e-13 2.15e-13
42.8 0.96 2.58e-12 1.58e-13 1.94e-13
42.9 0.96 2.32e-12 1.42e-13 1.75e-13
43 0.96 2.09e-12 1.28e-13 1.57e-13
43.1 0.96 1.89e-12 1.15e-13 1.42e-13
43.2 0.96 1.7e-12 1.04e-13 1.28e-13
43.3 0.96 1.53e-12 9.37e-14 1.15e-13
43.4 0.96 1.38e-12 8.44e-14 1.04e-13
43.5 0.96 1.24e-12 7.6e-14 9.35e-14
43.6 0.96 1.12e-12 6.85e-14 8.43e-14
43.7 0.96 1.01e-12 6.17e-14 7.59e-14
43.8 0.96 9.1e-13 5.56e-14 6.84e-14
43.9 0.96 8.2e-13 5.01e-14 6.17e-14
44 0.96 7.39e-13 4.52e-14 5.56e-14
44.1 0.96 6.66e-13 4.07e-14 5.01e-14
44.2 0.96 6e-13 3.67e-14 4.51e-14
44.3 0.96 5.4e-13 3.3e-14 4.06e-14
44.4 0.96 4.87e-13 2.98e-14 3.66e-14
44.5 0.96 4.39e-13 2.68e-14 3.3e-14
44.6 0.96 3.95e-13 2.42e-14 2.97e-14
44.7 0.96 3.56e-13 2.18e-14 2.68e-14
44.8 0.96 3.21e-13 1.96e-14 2.41e-14
44.9 0.96 2.89e-13 1.77e-14 2.18e-14
45 0.96 2.61e-13 1.59e-14 1.96e-14
45.1 0.96 2.35e-13 1.44e-14 1.77e-14
45.2 0.96 2.12e-13 1.29e-14 1.59e-14
45.3 0.96 1.91e-13 1.17e-14 1.43e-14
45.4 0.96 1.72e-13 1.05e-14 1.29e-14
45.5 0.96 1.55e-13 9.47e-15 1.16e-14
45.6 0.96 1.4e-13 8.53e-15 1.05e-14
45.7 0.96 1.26e-13 7.69e-15 9.45e-15
45.8 0.96 1.13e-13 6.93e-15 8.52e-15
45.9 0.96 1.02e-13 6.24e-15 7.68e-15
46 0.96 9.2e-14 5.62e-15 6.92e-15
46.1 0.96 8.29e-14 5.07e-15 6.23e-15
46.2 0.96 7.47e-14 4.57e-15 5.62e-15
46.3 0.96 6.73e-14 4.12e-15 5.06e-15
46.4 0.96 6.06e-14 3.71e-15 4.56e-15
46.5 0.96 5.46e-14 3.34e-15 4.11e-15
46.6 0.96 4.92e-14 3.01e-15 3.7e-15
46.7 0.96 4.44e-14 2.71e-15 3.34e-15
46.8 0.96 4e-14 2.44e-15 3.01e-15
46.9 0.96 3.6e-14 2.2e-15 2.71e-15
47 0.96 3.25e-14 1.98e-15 2.44e-15
47.1 0.96 2.92e-14 1.79e-15 2.2e-15
47.2 0.96 2.63e-14 1.61e-15 1.98e-15
47.3 0.96 2.37e-14 1.45e-15 1.79e-15
47.4 0.96 2.14e-14 1.31e-15 1.61e-15
47.5 0.96 1.93e-14 1.18e-15 1.45e-15
47.6 0.96 1.74e-14 1.06e-15 1.31e-15
47.7 0.96 1.57e-14 9.57e-16 1.18e-15
47.8 0.96 1.41e-14 8.63e-16 1.06e-15
47.9 0.96 1.27e-14 7.77e-16 9.56e-16
48 0.96 1.15e-14 7e-16 8.61e-16
48.1 0.96 1.03e-14 6.31e-16 7.76e-16
48.2 0.96 9.3e-15 5.69e-16 6.99e-16
48.3 0.96 8.38e-15 5.12e-16 6.3e-16
48.4 0.96 7.55e-15 4.62e-16 5.68e-16
48.5 0.96 6.8e-15 4.16e-16 5.12e-16
48.6 0.96 6.13e-15 3.75e-16 4.61e-16
48.7 0.96 5.52e-15 3.38e-16 4.15e-16
48.8 0.96 4.98e-15 3.04e-16 3.74e-16
48.9 0.96 4.48e-15 2.74e-16 3.37e-16
49 0.96 4.04e-15 2.47e-16 3.04e-16
49.1 0.96 3.64e-15 2.23e-16 2.74e-16
49.2 0.96 3.28e-15 2.01e-16 2.47e-16
49.3 0.96 2.96e-15 1.81e-16 2.22e-16
49.4 0.96 2.66e-15 1.63e-16 2e-16
49.5 0.96 2.4e-15 1.47e-16 1.81e-16
49.6 0.96 2.16e-15 1.32e-16 1.63e-16
49.7 0.96 1.95e-15 1.19e-16 1.47e-16
49.8 0.96 1.76e-15 1.07e-16 1.32e-16
49.9 0.96 1.58e-15 9.68e-17 1.19e-16
50 0.96 1.43e-15 8.72e-17 1.07e-16
50.1 0.96 1.28e-15 7.86e-17 9.66e-17
50.2 0.96 1.16e-15 7.08e-17 8.71e-17
50.3 0.96 1.04e-15 6.38e-17 7.85e-17
50.4 0.96 9.4e-16 5.75e-17 7.07e-17
50.5 0.96 8.47e-16 5.18e-17 6.37e-17
50.6 0.96 7.63e-16 4.67e-17 5.74e-17
50.7 0.96 6.88e-16 4.21e-17 5.17e-17
50.8 0.96 6.2e-16 3.79e-17 4.66e-17
50.9 0.96 5.58e-16 3.42e-17 4.2e-17
51 0.96 5.03e-16 3.08e-17 3.78e-17
51.1 0.96 4.53e-16 2.77e-17 3.41e-17
51.2 0.96 4.09e-16 2.5e-17 3.07e-17
51.3 0.96 3.68e-16 2.25e-17 2.77e-17
51.4 0.96 3.32e-16 2.03e-17 2.49e-17
51.5 0.96 2.99e-16 1.83e-17 2.25e-17
51.6 0.96 2.69e-16 1.65e-17 2.03e-17
51.7 0.96 2.43e-16 1.48e-17 1.83e-17
51.8 0.96 2.19e-16 1.34e-17 1.64e-17
51.9 0.96 1.97e-16 1.21e-17 1.48e-17
52 0.96 1.78e-16 1.09e-17 1.34e-17
52.1 0.96 1.6e-16 9.78e-18 1.2e-17
52.2 0.96 1.44e-16 8.82e-18 1.08e-17
52.3 0.96 1.3e-16 7.94e-18 9.77e-18
52.4 0.96 1.17e-16 7.16e-18 8.8e-18
52.5 0.96 1.05e-16 6.45e-18 7.93e-18
52.6 0.96 9.5e-17 5.81e-18 7.15e-18
52.7 0.96 8.56e-17 5.24e-18 6.44e-18
52.8 0.96 7.72e-17 4.72e-18 5.8e-18
52.9 0.96 6.95e-17 4.25e-18 5.23e-18
53 0.96 6.26e-17 3.83e-18 4.71e-18
53.1 0.96 5.64e-17 3.45e-18 4.25e-18
53.2 0.96 5.09e-17 3.11e-18 3.83e-18
53.3 0.96 4.58e-17 2.8e-18 3.45e-18
53.4 0.96 4.13e-17 2.53e-18 3.11e-18
53.5 0.96 3.72e-17 2.28e-18 2.8e-18
53.6 0.96 3.35e-17 2.05e-18 2.52e-18
53.7 0.96 3.02e-17 1.85e-18 2.27e-18
53.8 0.96 2.72e-17 1.67e-18 2.05e-18
53.9 0.96 2.45e-17 1.5e-18 1.85e-18
54 0.96 2.21e-17 1.35e-18 1.66e-18
54.1 0.96 1.99e-17 1.22e-18 1.5e-18
54.2 0.96 1.79e-17 1.1e-18 1.35e-18
54.3 0.96 1.62e-17 9.89e-19 1.22e-18
54.4 0.96 1.46e-17 8.91e-19 1.1e-18
54.5 0.96 1.31e-17 8.03e-19 9.88e-19
54.6 0.96 1.18e-17 7.24e-19 8.9e-19
54.7 0.96 1.07e-17 6.52e-19 8.02e-19
54.8 0.96 9.61e-18 5.88e-19 7.23e-19
54.9 0.96 8.66e-18 5.29e-19 6.51e-19
55 0.96 7.8e-18 4.77e-19 5.87e-19
55.1 0.96 7.03e-18 4.3e-19 5.29e-19
55.2 0.96 6.33e-18 3.87e-19 4.76e-19
55.3 0.96 5.71e-18 3.49e-19 4.29e-19
55.4 0.96 5.14e-18 3.15e-19 3.87e-19
55.5 0.96 4.63e-18 2.83e-19 3.49e-19
55.6 0.96 4.18e-18 2.55e-19 3.14e-19
55.7 0.96 3.76e-18 2.3e-19 2.83e-19
55.8 0.96 3.39e-18 2.07e-19 2.55e-19
55.9 0.96 3.05e-18 1.87e-19 2.3e-19
56 0.96 2.75e-18 1.68e-19 2.07e-19
56.1 0.96 2.48e-18 1.52e-19 1.87e-19
56.2 0.96 2.23e-18 1.37e-19 1.68e-19
56.3 0.96 2.01e-18 1.23e-19 1.51e-19
56.4 0.96 1.81e-18 1.11e-19 1.36e-19
56.5 0.96 1.64e-18 1e-19 1.23e-19
56.6 0.96 1.47e-18 9.01e-20 1.11e-19
56.7 0.96 1.33e-18 8.12e-20 9.99e-20
56.8 0.96 1.2e-18 7.32e-20 9e-20
56.9 0.96 1.08e-18 6.59e-20 8.11e-20
57 0.96 9.71e-19 5.94e-20 7.31e-20
57.1 0.96 8.75e-19 5.35e-20 6.58e-20
57.2 0.96 7.89e-19 4.82e-20 5.93e-20
57.3 0.96 7.11e-19 4.35e-20 5.34e-20
57.4 0.96 6.4e-19 3.92e-20 4.82e-20
57.5 0.96 5.77e-19 3.53e-20 4.34e-20
57.6 0.96 5.2e-19 3.18e-20 3.91e-20
57.7 0.96 4.68e-19 2.87e-20 3.52e-20
57.8 0.96 4.22e-19 2.58e-20 3.17e-20
57.9 0.96 3.8e-19 2.33e-20 2.86e-20
58 0.96 3.43e-19 2.1e-20 2.58e-20
58.1 0.96 3.09e-19 1.89e-20 2.32e-20
58.2 0.96 2.78e-19 1.7e-20 2.09e-20
58.3 0.96 2.51e-19 1.53e-20 1.89e-20
58.4 0.96 2.26e-19 1.38e-20 1.7e-20
58.5 0.96 2.04e-19 1.25e-20 1.53e-20
58.6 0.96 1.83e-19 1.12e-20 1.38e-20
58.7 0.96 1.65e-19 1.01e-20 1.24e-20
58.8 0.96 1.49e-19 9.11e-21 1.12e-20
58.9 0.96 1.34e-19 8.21e-21 1.01e-20
59 0.96 1.21e-19 7.4e-21 9.1e-21
59.1 0.96 1.09e-19 6.66e-21 8.2e-21
59.2 0.96 9.82e-20 6.01e-21 7.39e-21
59.3 0.96 8.85e-20 5.41e-21 6.65e-21
59.4 0.96 7.97e-20 4.88e-21 6e-21
59.5 0.96 7.18e-20 4.39e-21 5.4e-21
59.6 0.96 6.47e-20 3.96e-21 4.87e-21
59.7 0.96 5.83e-20 3.57e-21 4.39e-21
59.8 0.96 5.26e-20 3.21e-21 3.95e-21
59.9 0.96 4.74e-20 2.9e-21 3.56e-21
60 0.96 4.27e-20 2.61e-21 3.21e-21
60.1 0.96 3.85e-20 2.35e-21 2.89e-21
60.2 0.96 3.46e-20 2.12e-21 2.61e-21
60.3 0.96 3.12e-20 1.91e-21 2.35e-21
60.4 0.96 2.81e-20 1.72e-21 2.12e-21
60.5 0.96 2.53e-20 1.55e-21 1.91e-21
60.6 0.96 2.28e-20 1.4e-21 1.72e-21
60.7 0.96 2.06e-20 1.26e-21 1.55e-21
60.8 0.96 1.85e-20 1.13e-21 1.39e-21
60.9 0.96 1.67e-20 1.02e-21 1.26e-21
61 0.96 1.51e-20 9.21e-22 1.13e-21
61.1 0.96 1.36e-20 8.3e-22 1.02e-21
61.2 0.96 1.22e-20 7.48e-22 9.2e-22
61.3 0.96 1.1e-20 6.74e-22 8.29e-22
61.4 0.96 9.93e-21 6.07e-22 7.47e-22
61.5 0.96 8.95e-21 5.47e-22 6.73e-22
61.6 0.96 8.06e-21 4.93e-22 6.06e-22
61.7 0.96 7.26e-21 4.44e-22 5.46e-22
61.8 0.96 6.54e-21 4e-22 4.92e-22
61.9 0.96 5.9e-21 3.61e-22 4.44e-22
62 0.96 5.31e-21 3.25e-22 4e-22
62.1 0.96 4.79e-21 2.93e-22 3.6e-22
62.2 0.96 4.31e-21 2.64e-22 3.24e-22
62.3 0.96 3.89e-21 2.38e-22 2.92e-22
62.4 0.96 3.5e-21 2.14e-22 2.63e-22
62.5 0.96 3.16e-21 1.93e-22 2.37e-22
62.6 0.96 2.84e-21 1.74e-22 2.14e-22
62.7 0.96 2.56e-21 1.57e-22 1.93e-22
62.8 0.96 2.31e-21 1.41e-22 1.74e-22
62.9 0.96 2.08e-21 1.27e-22 1.57e-22
63 0.96 1.87e-21 1.15e-22 1.41e-22
63.1 0.96 1.69e-21 1.03e-22 1.27e-22
63.2 0.96 1.52e-21 9.31e-23 1.15e-22
63.3 0.96 1.37e-21 8.39e-23 1.03e-22
63.4 0.96 1.24e-21 7.56e-23 9.3e-23
63.5 0.96 1.11e-21 6.81e-23 8.38e-23
63.6 0.96 1e-21 6.14e-23 7.55e-23
63.7 0.96 9.04e-22 5.53e-23 6.8e-23
63.8 0.96 8.15e-22 4.98e-23 6.13e-23
63.9 0.96 7.34e-22 4.49e-23 5.52e-23
64 0.96 6.62e-22 4.05e-23 4.98e-23
64.1 0.96 5.96e-22 3.65e-23 4.48e-23
64.2 0.96 5.37e-22 3.29e-23 4.04e-23
64.3 0.96 4.84e-22 2.96e-23 3.64e-23
64.4 0.96 4.36e-22 2.67e-23 3.28e-23
64.5 0.96 3.93e-22 2.4e-23 2.96e-23
64.6 0.96 3.54e-22 2.17e-23 2.66e-23
64.7 0.96 3.19e-22 1.95e-23 2.4e-23
64.8 0.96 2.88e-22 1.76e-23 2.16e-23
64.9 0.96 2.59e-22 1.58e-23 1.95e-23
65 0.96 2.33e-22 1.43e-23 1.76e-23
65.1 0.96 2.1e-22 1.29e-23 1.58e-23
65.2 0.96 1.9e-22 1.16e-23 1.43e-23
65.3 0.96 1.71e-22 1.04e-23 1.28e-23
65.4 0.96 1.54e-22 9.41e-24 1.16e-23
65.5 0.96 1.39e-22 8.48e-24 1.04e-23
65.6 0.96 1.25e-22 7.64e-24 9.4e-24
65.7 0.96 1.13e-22 6.89e-24 8.47e-24
65.8 0.96 1.01e-22 6.21e-24 7.63e-24
65.9 0.96 9.14e-23 5.59e-24 6.88e-24
66 0.96 8.24e-23 5.04e-24 6.2e-24
66.1 0.96 7.42e-23 4.54e-24 5.58e-24
66.2 0.96 6.69e-23 4.09e-24 5.03e-24
66.3 0.96 6.03e-23 3.69e-24 4.53e-24
66.4 0.96 5.43e-23 3.32e-24 4.08e-24
66.5 0.96 4.89e-23 2.99e-24 3.68e-24
66.6 0.96 4.41e-23 2.7e-24 3.32e-24
66.7 0.96 3.97e-23 2.43e-24 2.99e-24
66.8 0.96 3.58e-23 2.19e-24 2.69e-24
66.9 0.96 3.23e-23 1.97e-24 2.43e-24
67 0.96 2.91e-23 1.78e-24 2.19e-24
67.1 0.96 2.62e-23 1.6e-24 1.97e-24
67.2 0.96 2.36e-23 1.44e-24 1.78e-24
67.3 0.96 2.13e-23 1.3e-24 1.6e-24
67.4 0.96 1.92e-23 1.17e-24 1.44e-24
67.5 0.96 1.73e-23 1.06e-24 1.3e-24
67.6 0.96 1.56e-23 9.52e-25 1.17e-24
67.7 0.96 1.4e-23 8.58e-25 1.05e-24
67.8 0.96 1.26e-23 7.73e-25 9.5e-25
67.9 0.96 1.14e-23 6.96e-25 8.56e-25
68 0.96 1.03e-23 6.27e-25 7.72e-25
68.1 0.96 9.24e-24 5.65e-25 6.95e-25
68.2 0.96 8.33e-24 5.09e-25 6.26e-25
68.3 0.96 7.5e-24 4.59e-25 5.64e-25
68.4 0.96 6.76e-24 4.14e-25 5.09e-25
68.5 0.96 6.09e-24 3.73e-25 4.58e-25
68.6 0.96 5.49e-24 3.36e-25 4.13e-25
68.7 0.96 4.95e-24 3.03e-25 3.72e-25
68.8 0.96 4.46e-24 2.73e-25 3.35e-25
68.9 0.96 4.02e-24 2.46e-25 3.02e-25
69 0.96 3.62e-24 2.21e-25 2.72e-25
69.1 0.96 3.26e-24 1.99e-25 2.45e-25
69.2 0.96 2.94e-24 1.8e-25 2.21e-25
69.3 0.96 2.65e-24 1.62e-25 1.99e-25
69.4 0.96 2.39e-24 1.46e-25 1.79e-25
69.5 0.96 2.15e-24 1.32e-25 1.62e-25
69.6 0.96 1.94e-24 1.18e-25 1.46e-25
69.7 0.96 1.75e-24 1.07e-25 1.31e-25
69.8 0.96 1.57e-24 9.62e-26 1.18e-25
69.9 0.96 1.42e-24 8.67e-26 1.07e-25
70 0.96 1.28e-24 7.81e-26 9.61e-26
70.1 0.96 1.15e-24 7.04e-26 8.66e-26
70.2 0.96 1.04e-24 6.34e-26 7.8e-26
70.3 0.96 9.34e-25 5.72e-26 7.03e-26
70.4 0.96 8.42e-25 5.15e-26 6.33e-26
70.5 0.96 7.59e-25 4.64e-26 5.71e-26
70.6 0.96 6.84e-25 4.18e-26 5.14e-26
70.7 0.96 6.16e-25 3.77e-26 4.63e-26
70.8 0.96 5.55e-25 3.39e-26 4.17e-26
70.9 0.96 5e-25 3.06e-26 3.76e-26
71 0.96 4.51e-25 2.76e-26 3.39e-26
71.1 0.96 4.06e-25 2.48e-26 3.05e-26
71.2 0.96 3.66e-25 2.24e-26 2.75e-26
71.3 0.96 3.3e-25 2.02e-26 2.48e-26
71.4 0.96 2.97e-25 1.82e-26 2.23e-26
71.5 0.96 2.68e-25 1.64e-26 2.01e-26
71.6 0.96 2.41e-25 1.48e-26 1.81e-26
71.7 0.96 2.17e-25 1.33e-26 1.63e-26
71.8 0.96 1.96e-25 1.2e-26 1.47e-26
71.9 0.96 1.76e-25 1.08e-26 1.33e-26
72 0.96 1.59e-25 9.73e-27 1.2e-26
72.1 0.96 1.43e-25 8.76e-27 1.08e-26
72.2 0.96 1.29e-25 7.9e-27 9.71e-27
72.3 0.96 1.16e-25 7.12e-27 8.75e-27
72.4 0.96 1.05e-25 6.41e-27 7.89e-27
72.5 0.96 9.45e-26 5.78e-27 7.11e-27
72.6 0.96 8.51e-26 5.21e-27 6.4e-27
72.7 0.96 7.67e-26 4.69e-27 5.77e-27
72.8 0.96 6.91e-26 4.23e-27 5.2e-27
72.9 0.96 6.23e-26 3.81e-27 4.68e-27
73 0.96 5.61e-26 3.43e-27 4.22e-27
73.1 0.96 5.06e-26 3.09e-27 3.8e-27
73.2 0.96 4.56e-26 2.79e-27 3.43e-27
73.3 0.96 4.11e-26 2.51e-27 3.09e-27
73.4 0.96 3.7e-26 2.26e-27 2.78e-27
73.5 0.96 3.33e-26 2.04e-27 2.51e-27
73.6 0.96 3e-26 1.84e-27 2.26e-27
73.7 0.96 2.71e-26 1.66e-27 2.04e-27
73.8 0.96 2.44e-26 1.49e-27 1.83e-27
73.9 0.96 2.2e-26 1.34e-27 1.65e-27
74 0.96 1.98e-26 1.21e-27 1.49e-27
74.1 0.96 1.78e-26 1.09e-27 1.34e-27
74.2 0.96 1.61e-26 9.83e-28 1.21e-27
74.3 0.96 1.45e-26 8.86e-28 1.09e-27
74.4 0.96 1.31e-26 7.98e-28 9.82e-28
74.5 0.96 1.18e-26 7.19e-28 8.85e-28
74.6 0.96 1.06e-26 6.48e-28 7.97e-28
74.7 0.96 9.55e-27 5.84e-28 7.18e-28
74.8 0.96 8.61e-27 5.26e-28 6.47e-28
74.9 0.96 7.75e-27 4.74e-28 5.83e-28
75 0.96 6.99e-27 4.27e-28 5.26e-28
75.1 0.96 6.3e-27 3.85e-28 4.74e-28
75.2 0.96 5.67e-27 3.47e-28 4.27e-28
75.3 0.96 5.11e-27 3.13e-28 3.85e-28
75.4 0.96 4.61e-27 2.82e-28 3.46e-28
75.5 0.96 4.15e-27 2.54e-28 3.12e-28
75.6 0.96 3.74e-27 2.29e-28 2.81e-28
75.7 0.96 3.37e-27 2.06e-28 2.53e-28
75.8 0.96 3.04e-27 1.86e-28 2.28e-28
75.9 0.96 2.74e-27 1.67e-28 2.06e-28
76 0.96 2.47e-27 1.51e-28 1.85e-28
76.1 0.96 2.22e-27 1.36e-28 1.67e-28
76.2 0.96 2e-27 1.22e-28 1.51e-28
76.3 0.96 1.8e-27 1.1e-28 1.36e-28
76.4 0.96 1.63e-27 9.94e-29 1.22e-28
76.5 0.96 1.46e-27 8.96e-29 1.1e-28
76.6 0.96 1.32e-27 8.07e-29 9.93e-29
76.7 0.96 1.19e-27 7.27e-29 8.94e-29
76.8 0.96 1.07e-27 6.55e-29 8.06e-29
76.9 0.96 9.66e-28 5.91e-29 7.26e-29
77 0.96 8.7e-28 5.32e-29 6.54e-29
77.1 0.96 7.84e-28 4.79e-29 5.9e-29
77.2 0.96 7.06e-28 4.32e-29 5.31e-29
77.3 0.96 6.37e-28 3.89e-29 4.79e-29
77.4 0.96 5.74e-28 3.51e-29 4.31e-29
77.5 0.96 5.17e-28 3.16e-29 3.89e-29
77.6 0.96 4.66e-28 2.85e-29 3.5e-29
77.7 0.96 4.2e-28 2.57e-29 3.16e-29
77.8 0.96 3.78e-28 2.31e-29 2.84e-29
77.9 0.96 3.41e-28 2.08e-29 2.56e-29
78 0.96 3.07e-28 1.88e-29 2.31e-29
78.1 0.96 2.77e-28 1.69e-29 2.08e-29
78.2 0.96 2.49e-28 1.52e-29 1.87e-29
78.3 0.96 2.25e-28 1.37e-29 1.69e-29
78.4 0.96 2.02e-28 1.24e-29 1.52e-29
78.5 0.96 1.82e-28 1.12e-29 1.37e-29
78.6 0.96 1.64e-28 1.01e-29 1.24e-29
78.7 0.96 1.48e-28 9.06e-30 1.11e-29
78.8 0.96 1.33e-28 8.16e-30 1e-29
78.9 0.96 1.2e-28 7.35e-30 9.04e-30
79 0.96 1.08e-28 6.63e-30 8.15e-30
79.1 0.96 9.76e-29 5.97e-30 7.34e-30
79.2 0.96 8.8e-29 5.38e-30 6.62e-30
79.3 0.96 7.93e-29 4.85e-30 5.96e-30
79.4 0.96 7.14e-29 4.37e-30 5.37e-30
79.5 0.96 6.44e-29 3.94e-30 4.84e-30
79.6 0.96 5.8e-29 3.55e-30 4.36e-30
79.7 0.96 5.22e-29 3.2e-30 3.93e-30
79.8 0.96 4.71e-29 2.88e-30 3.54e-30
79.9 0.96 4.24e-29 2.59e-30 3.19e-30
80 0.96 3.82e-29 2.34e-30 2.88e-30
80.1 0.96 3.44e-29 2.11e-30 2.59e-30
80.2 0.96 3.1e-29 1.9e-30 2.33e-30
80.3 0.96 2.8e-29 1.71e-30 2.1e-30
80.4 0.96 2.52e-29 1.54e-30 1.9e-30
80.5 0.96 2.27e-29 1.39e-30 1.71e-30
80.6 0.96 2.05e-29 1.25e-30 1.54e-30
80.7 0.96 1.84e-29 1.13e-30 1.39e-30
80.8 0.96 1.66e-29 1.02e-30 1.25e-30
80.9 0.96 1.5e-29 9.16e-31 1.13e-30
81 0.96 1.35e-29 8.25e-31 1.01e-30
81.1 0.96 1.22e-29 7.43e-31 9.14e-31
81.2 0.96 1.1e-29 6.7e-31 8.24e-31
81.3 0.96 9.87e-30 6.04e-31 7.42e-31
81.4 0.96 8.89e-30 5.44e-31 6.69e-31
81.5 0.96 8.01e-30 4.9e-31 6.03e-31
81.6 0.96 7.22e-30 4.42e-31 5.43e-31
81.7 0.96 6.51e-30 3.98e-31 4.89e-31
81.8 0.96 5.86e-30 3.59e-31 4.41e-31
81.9 0.96 5.28e-30 3.23e-31 3.97e-31
82 0.96 4.76e-30 2.91e-31 3.58e-31
82.1 0.96 4.29e-30 2.62e-31 3.23e-31
82.2 0.96 3.86e-30 2.36e-31 2.91e-31
82.3 0.96 3.48e-30 2.13e-31 2.62e-31
82.4 0.96 3.14e-30 1.92e-31 2.36e-31
82.5 0.96 2.83e-30 1.73e-31 2.13e-31
82.6 0.96 2.55e-30 1.56e-31 1.92e-31
82.7 0.96 2.3e-30 1.4e-31 1.73e-31
82.8 0.96 2.07e-30 1.27e-31 1.56e-31
82.9 0.96 1.86e-30 1.14e-31 1.4e-31
83 0.96 1.68e-30 1.03e-31 1.26e-31
83.1 0.96 1.51e-30 9.26e-32 1.14e-31
83.2 0.96 1.36e-30 8.34e-32 1.03e-31
83.3 0.96 1.23e-30 7.52e-32 9.24e-32
83.4 0.96 1.11e-30 6.77e-32 8.33e-32
83.5 0.96 9.98e-31 6.1e-32 7.5e-32
83.6 0.96 8.99e-31 5.5e-32 6.76e-32
83.7 0.96 8.1e-31 4.95e-32 6.09e-32
83.8 0.96 7.3e-31 4.46e-32 5.49e-32
83.9 0.96 6.58e-31 4.02e-32 4.95e-32
84 0.96 5.93e-31 3.62e-32 4.46e-32
84.1 0.96 5.34e-31 3.27e-32 4.02e-32
84.2 0.96 4.81e-31 2.94e-32 3.62e-32
84.3 0.96 4.34e-31 2.65e-32 3.26e-32
84.4 0.96 3.91e-31 2.39e-32 2.94e-32
84.5 0.96 3.52e-31 2.15e-32 2.65e-32
84.6 0.96 3.17e-31 1.94e-32 2.39e-32
84.7 0.96 2.86e-31 1.75e-32 2.15e-32
84.8 0.96 2.58e-31 1.58e-32 1.94e-32
84.9 0.96 2.32e-31 1.42e-32 1.75e-32
85 0.96 2.09e-31 1.28e-32 1.57e-32
85.1 0.96 1.88e-31 1.15e-32 1.42e-32
85.2 0.96 1.7e-31 1.04e-32 1.28e-32
85.3 0.96 1.53e-31 9.36e-33 1.15e-32
85.4 0.96 1.38e-31 8.43e-33 1.04e-32
85.5 0.96 1.24e-31 7.6e-33 9.34e-33
85.6 0.96 1.12e-31 6.85e-33 8.42e-33
85.7 0.96 1.01e-31 6.17e-33 7.59e-33
85.8 0.96 9.09e-32 5.56e-33 6.84e-33
85.9 0.96 8.19e-32 5.01e-33 6.16e-33
86 0.96 7.38e-32 4.51e-33 5.55e-33
86.1 0.96 6.65e-32 4.07e-33 5e-33
86.2 0.96 5.99e-32 3.66e-33 4.51e-33
86.3 0.96 5.4e-32 3.3e-33 4.06e-33
86.4 0.96 4.86e-32 2.98e-33 3.66e-33
86.5 0.96 4.38e-32 2.68e-33 3.3e-33
86.6 0.96 3.95e-32 2.42e-33 2.97e-33
86.7 0.96 3.56e-32 2.18e-33 2.68e-33
86.8 0.96 3.21e-32 1.96e-33 2.41e-33
86.9 0.96 2.89e-32 1.77e-33 2.17e-33
87 0.96 2.6e-32 1.59e-33 1.96e-33
87.1 0.96 2.35e-32 1.44e-33 1.76e-33
87.2 0.96 2.11e-32 1.29e-33 1.59e-33
87.3 0.96 1.91e-32 1.17e-33 1.43e-33
87.4 0.96 1.72e-32 1.05e-33 1.29e-33
87.5 0.96 1.55e-32 9.46e-34 1.16e-33
87.6 0.96 1.39e-32 8.52e-34 1.05e-33
87.7 0.96 1.26e-32 7.68e-34 9.45e-34
87.8 0.96 1.13e-32 6.92e-34 8.51e-34
87.9 0.96 1.02e-32 6.24e-34 7.67e-34
88 0.96 9.19e-33 5.62e-34 6.91e-34
88.1 0.96 8.28e-33 5.06e-34 6.23e-34
88.2 0.96 7.46e-33 4.56e-34 5.61e-34
88.3 0.96 6.72e-33 4.11e-34 5.06e-34
88.4 0.96 6.06e-33 3.7e-34 4.56e-34
88.5 0.96 5.46e-33 3.34e-34 4.11e-34
88.6 0.96 4.92e-33 3.01e-34 3.7e-34
88.7 0.96 4.43e-33 2.71e-34 3.33e-34
88.8 0.96 3.99e-33 2.44e-34 3e-34
88.9 0.96 3.6e-33 2.2e-34 2.71e-34
89 0.96 3.24e-33 1.98e-34 2.44e-34
89.1 0.96 2.92e-33 1.79e-34 2.2e-34
89.2 0.96 2.63e-33 1.61e-34 1.98e-34
89.3 0.96 2.37e-33 1.45e-34 1.78e-34
89.4 0.96 2.14e-33 1.31e-34 1.61e-34
89.5 0.96 1.93e-33 1.18e-34 1.45e-34
89.6 0.96 1.74e-33 1.06e-34 1.31e-34
89.7 0.96 1.56e-33 9.56e-35 1.18e-34
89.8 0.96 1.41e-33 8.62e-35 1.06e-34
89.9 0.96 1.27e-33 7.77e-35 9.55e-35
90 0.96 1.14e-33 7e-35 8.61e-35
90.1 0.96 1.03e-33 6.31e-35 7.75e-35
90.2 0.96 9.29e-34 5.68e-35 6.99e-35
90.3 0.96 8.37e-34 5.12e-35 6.3e-35
90.4 0.96 7.54e-34 4.61e-35 5.67e-35
90.5 0.96 6.8e-34 4.16e-35 5.11e-35
90.6 0.96 6.12e-34 3.75e-35 4.61e-35
90.7 0.96 5.52e-34 3.37e-35 4.15e-35
90.8 0.96 4.97e-34 3.04e-35 3.74e-35
90.9 0.96 4.48e-34 2.74e-35 3.37e-35
91 0.96 4.04e-34 2.47e-35 3.04e-35
91.1 0.96 3.64e-34 2.22e-35 2.74e-35
91.2 0.96 3.28e-34 2e-35 2.47e-35
91.3 0.96 2.95e-34 1.81e-35 2.22e-35
91.4 0.96 2.66e-34 1.63e-35 2e-35
91.5 0.96 2.4e-34 1.47e-35 1.8e-35
91.6 0.96 2.16e-34 1.32e-35 1.63e-35
91.7 0.96 1.95e-34 1.19e-35 1.46e-35
91.8 0.96 1.75e-34 1.07e-35 1.32e-35
91.9 0.96 1.58e-34 9.67e-36 1.19e-35
92 0.96 1.42e-34 8.71e-36 1.07e-35
92.1 0.96 1.28e-34 7.85e-36 9.65e-36
92.2 0.96 1.16e-34 7.07e-36 8.7e-36
92.3 0.96 1.04e-34 6.37e-36 7.84e-36
92.4 0.96 9.39e-35 5.74e-36 7.06e-36
92.5 0.96 8.46e-35 5.18e-36 6.36e-36
92.6 0.96 7.63e-35 4.66e-36 5.74e-36
92.7 0.96 6.87e-35 4.2e-36 5.17e-36
92.8 0.96 6.19e-35 3.79e-36 4.66e-36
92.9 0.96 5.58e-35 3.41e-36 4.2e-36
93 0.96 5.03e-35 3.07e-36 3.78e-36
93.1 0.96 4.53e-35 2.77e-36 3.41e-36
93.2 0.96 4.08e-35 2.5e-36 3.07e-36
93.3 0.96 3.68e-35 2.25e-36 2.77e-36
93.4 0.96 3.31e-35 2.03e-36 2.49e-36
93.5 0.96 2.99e-35 1.83e-36 2.25e-36
93.6 0.96 2.69e-35 1.65e-36 2.02e-36
93.7 0.96 2.42e-35 1.48e-36 1.82e-36
93.8 0.96 2.18e-35 1.34e-36 1.64e-36
93.9 0.96 1.97e-35 1.2e-36 1.48e-36
94 0.96 1.77e-35 1.08e-36 1.33e-36
94.1 0.96 1.6e-35 9.78e-37 1.2e-36
94.2 0.96 1.44e-35 8.81e-37 1.08e-36
94.3 0.96 1.3e-35 7.94e-37 9.76e-37
94.4 0.96 1.17e-35 7.15e-37 8.8e-37
94.5 0.96 1.05e-35 6.44e-37 7.93e-37
94.6 0.96 9.49e-36 5.81e-37 7.14e-37
94.7 0.96 8.56e-36 5.23e-37 6.43e-37
94.8 0.96 7.71e-36 4.71e-37 5.8e-37
94.9 0.96 6.95e-36 4.25e-37 5.22e-37
95 0.96 6.26e-36 3.83e-37 4.71e-37
95.1 0.96 5.64e-36 3.45e-37 4.24e-37
95.2 0.96 5.08e-36 3.11e-37 3.82e-37
95.3 0.96 4.58e-36 2.8e-37 3.44e-37
95.4 0.96 4.13e-36 2.52e-37 3.1e-37
95.5 0.96 3.72e-36 2.27e-37 2.8e-37
95.6 0.96 3.35e-36 2.05e-37 2.52e-37
95.7 0.96 3.02e-36 1.85e-37 2.27e-37
95.8 0.96 2.72e-36 1.66e-37 2.05e-37
95.9 0.96 2.45e-36 1.5e-37 1.84e-37
96 0.96 2.21e-36 1.35e-37 1.66e-37
96.1 0.96 1.99e-36 1.22e-37 1.5e-37
96.2 0.96 1.79e-36 1.1e-37 1.35e-37
96.3 0.96 1.62e-36 9.88e-38 1.22e-37
96.4 0.96 1.46e-36 8.91e-38 1.1e-37
96.5 0.96 1.31e-36 8.02e-38 9.87e-38
96.6 0.96 1.18e-36 7.23e-38 8.89e-38
96.7 0.96 1.07e-36 6.52e-38 8.01e-38
96.8 0.96 9.6e-37 5.87e-38 7.22e-38
96.9 0.96 8.65e-37 5.29e-38 6.51e-38
97 0.96 7.79e-37 4.77e-38 5.86e-38
97.1 0.96 7.02e-37 4.3e-38 5.28e-38
97.2 0.96 6.33e-37 3.87e-38 4.76e-38
97.3 0.96 5.7e-37 3.49e-38 4.29e-38
97.4 0.96 5.14e-37 3.14e-38 3.86e-38
97.5 0.96 4.63e-37 2.83e-38 3.48e-38
97.6 0.96 4.17e-37 2.55e-38 3.14e-38
97.7 0.96 3.76e-37 2.3e-38 2.83e-38
97.8 0.96 3.39e-37 2.07e-38 2.55e-38
97.9 0.96 3.05e-37 1.87e-38 2.3e-38
98 0.96 2.75e-37 1.68e-38 2.07e-38
98.1 0.96 2.48e-37 1.52e-38 1.86e-38
98.2 0.96 2.23e-37 1.37e-38 1.68e-38
98.3 0.96 2.01e-37 1.23e-38 1.51e-38
98.4 0.96 1.81e-37 1.11e-38 1.36e-38
98.5 0.96 1.63e-37 9.99e-39 1.23e-38
98.6 0.96 1.47e-37 9e-39 1.11e-38
98.7 0.96 1.33e-37 8.11e-39 9.98e-39
98.8 0.96 1.2e-37 7.31e-39 8.99e-39
98.9 0.96 1.08e-37 6.59e-39 8.1e-39
99 0.96 9.7e-38 5.94e-39 7.3e-39
99.1 0.96 8.74e-38 5.35e-39 6.58e-39
99.2 0.96 7.88e-38 4.82e-39 5.93e-39
99.3 0.96 7.1e-38 4.34e-39 5.34e-39
99.4 0.96 6.4e-38 3.91e-39 4.81e-39
99.5 0.96 5.76e-38 3.53e-39 4.34e-39
99.6 0.96 5.19e-38 3.18e-39 3.91e-39
99.7 0.96 4.68e-38 2.86e-39 3.52e-39
99.8 0.96 4.22e-38 2.58e-39 3.17e-39
99.9 0.96 3.8e-38 2.32e-39 2.86e-39
