-22.8 0.98 1.98e-09 1.07e-10 1.36e-10
-22.7 0.98 2.2e-09 1.19e-10 1.51e-10
-22.6 0.98 2.43e-09 1.32e-10 1.67e-10
-22.5 0.98 2.7e-09 1.46e-10 1.85e-10
-22.4 0.98 2.99e-09 1.61e-10 2.05e-10
-22.3 0.98 3.31e-09 1.79e-10 2.27e-10
-22.2 0.98 3.66e-09 1.98e-10 2.51e-10
-22.1 0.98 4.05e-09 2.19e-10 2.78e-10
-22 0.98 4.49e-09 2.43e-10 3.08e-10
-21.9 0.98 4.97e-09 2.69e-10 3.41e-10
-21.8 0.98 5.51e-09 2.98e-10 3.78e-10
-21.7 0.98 6.1e-09 3.3e-10 4.18e-10
-21.6 0.98 6.75e-09 3.65e-10 4.63e-10
-21.5 0.98 7.48e-09 4.04e-10 5.13e-10
-21.4 0.98 8.28e-09 4.48e-10 5.68e-10
-21.3 0.98 9.17e-09 4.96e-10 6.29e-10
-21.2 0.98 1.02e-08 5.49e-10 6.97e-10
-21.1 0.98 1.12e-08 6.08e-10 7.72e-10
-21 0.98 1.25e-08 6.73e-10 8.55e-10
-20.9 0.98 1.38e-08 7.45e-10 9.47e-10
-20.8 0.98 1.53e-08 8.26e-10 1.05e-09
-20.7 0.98 1.69e-08 9.14e-10 1.16e-09
-20.6 0.98 1.87e-08 1.01e-09 1.29e-09
-20.5 0.98 2.07e-08 1.12e-09 1.42e-09
-20.4 0.98 2.3e-08 1.24e-09 1.58e-09
-20.3 0.98 2.54e-08 1.38e-09 1.75e-09
-20.2 0.98 2.82e-08 1.52e-09 1.93e-09
-20.1 0.98 3.12e-08 1.69e-09 2.14e-09
-20 0.98 3.46e-08 1.87e-09 2.37e-09
-19.9 0.98 3.83e-08 2.07e-09 2.63e-09
-19.8 0.98 4.24e-08 2.29e-09 2.91e-09
-19.7 0.98 4.69e-08 2.54e-09 3.22e-09
-19.6 0.98 5.2e-08 2.81e-09 3.57e-09
-19.5 0.98 5.76e-08 3.11e-09 3.95e-09
-19.4 0.98 6.37e-08 3.44e-09 4.37e-09
-19.3 0.98 7.06e-08 3.81e-09 4.84e-09
-19.2 0.98 7.82e-08 4.22e-09 5.36e-09
-19.1 0.98 8.66e-08 4.68e-09 5.94e-09
-19 0.98 9.59e-08 5.18e-09 6.58e-09
-18.9 0.98 1.06e-07 5.74e-09 7.29e-09
-18.8 0.98 1.18e-07 6.35e-09 8.07e-09
-18.7 0.98 1.3e-07 7.04e-09 8.94e-09
-18.6 0.98 1.44e-07 7.79e-09 9.9e-09
-18.5 0.98 1.6e-07 8.63e-09 1.1e-08
-18.4 0.98 1.77e-07 9.56e-09 1.21e-08
-18.3 0.98 1.96e-07 1.06e-08 1.34e-08
-18.2 0.98 2.17e-07 1.17e-08 1.49e-08
-18.1 0.98 2.4e-07 1.3e-08 1.65e-08
-18 0.98 2.66e-07 1.44e-08 1.83e-08
-17.9 0.98 2.95e-07 1.59e-08 2.02e-08
-17.8 0.98 3.26e-07 1.76e-08 2.24e-08
-17.7 0.98 3.61e-07 1.95e-08 2.48e-08
-17.6 0.98 4e-07 2.16e-08 2.75e-08
-17.5 0.98 4.43e-07 2.39e-08 3.04e-08
-17.4 0.98 4.91e-07 2.65e-08 3.37e-08
-17.3 0.98 5.43e-07 2.94e-08 3.73e-08
-17.2 0.98 6.02e-07 3.25e-08 4.13e-08
-17.1 0.98 6.66e-07 3.6e-08 4.57e-08
-17 0.98 7.38e-07 3.99e-08 5.06e-08
-16.9 0.98 8.17e-07 4.42e-08 5.61e-08
-16.8 0.98 9.05e-07 4.89e-08 6.21e-08
-16.7 0.98 1e-06 5.42e-08 6.88e-08
-16.6 0.98 1.11e-06 6e-08 7.62e-08
-16.5 0.98 1.23e-06 6.64e-08 8.43e-08
-16.4 0.98 1.36e-06 7.36e-08 9.34e-08
-16.3 0.98 1.51e-06 8.15e-08 1.03e-07
-16.2 0.98 1.67e-06 9.02e-08 1.15e-07
-16.1 0.98 1.85e-06 9.99e-08 1.27e-07
-16 0.98 2.05e-06 1.11e-07 1.4e-07
-15.9 0.98 2.27e-06 1.23e-07 1.56e-07
-15.8 0.98 2.51e-06 1.36e-07 1.72e-07
-15.7 0.98 2.78e-06 1.5e-07 1.91e-07
-15.6 0.98 3.08e-06 1.66e-07 2.11e-07
-15.5 0.98 3.41e-06 1.84e-07 2.34e-07
-15.4 0.98 3.78e-06 2.04e-07 2.59e-07
-15.3 0.98 4.18e-06 2.26e-07 2.87e-07
-15.2 0.98 4.63e-06 2.5e-07 3.18e-07
-15.1 0.98 5.13e-06 2.77e-07 3.52e-07
-15 0.98 5.68e-06 3.07e-07 3.9e-07
-14.9 0.98 6.29e-06 3.4e-07 4.32e-07
-14.8 0.98 6.97e-06 3.76e-07 4.78e-07
-14.7 0.98 7.71e-06 4.17e-07 5.29e-07
-14.6 0.98 8.54e-06 4.62e-07 5.86e-07
-14.5 0.98 9.46e-06 5.11e-07 6.49e-07
-14.4 0.98 1.05e-05 5.66e-07 7.19e-07
-14.3 0.98 1.16e-05 6.27e-07 7.96e-07
-14.2 0.98 1.28e-05 6.94e-07 8.81e-07
-14.1 0.98 1.42e-05 7.69e-07 9.76e-07
-14 0.98 1.58e-05 8.51e-07 1.08e-06
-13.9 0.98 1.74e-05 9.43e-07 1.2e-06
-13.8 0.98 1.93e-05 1.04e-06 1.33e-06
-13.7 0.98 2.14e-05 1.16e-06 1.47e-06
-13.6 0.98 2.37e-05 1.28e-06 1.63e-06
-13.5 0.98 2.62e-05 1.42e-06 1.8e-06
-13.4 0.98 2.91e-05 1.57e-06 1.99e-06
-13.3 0.98 3.22e-05 1.74e-06 2.21e-06
-13.2 0.98 3.56e-05 1.92e-06 2.44e-06
-13.1 0.98 3.95e-05 2.13e-06 2.71e-06
-13 0.98 4.37e-05 2.36e-06 3e-06
-12.9 0.98 4.84e-05 2.61e-06 3.32e-06
-12.8 0.98 5.36e-05 2.89e-06 3.67e-06
-12.7 0.98 5.94e-05 3.2e-06 4.07e-06
-12.6 0.98 6.57e-05 3.55e-06 4.5e-06
-12.5 0.98 7.28e-05 3.93e-06 4.98e-06
-12.4 0.98 8.06e-05 4.35e-06 5.52e-06
-12.3 0.98 8.93e-05 4.81e-06 6.11e-06
-12.2 0.98 9.88e-05 5.33e-06 6.76e-06
-12.1 0.98 0.000109 5.9e-06 7.49e-06
-12 0.98 0.000121 6.53e-06 8.29e-06
-11.9 0.98 0.000134 7.23e-06 9.17e-06
-11.8 0.98 0.000149 8e-06 1.02e-05
-11.7 0.98 0.000165 8.86e-06 1.12e-05
-11.6 0.98 0.000182 9.81e-06 1.24e-05
-11.5 0.98 0.000202 1.09e-05 1.38e-05
-11.4 0.98 0.000223 1.2e-05 1.52e-05
-11.3 0.98 0.000247 1.33e-05 1.69e-05
-11.2 0.98 0.000274 1.47e-05 1.86e-05
-11.1 0.98 0.000303 1.63e-05 2.06e-05
-11 0.98 0.000336 1.8e-05 2.28e-05
-10.9 0.98 0.000372 1.99e-05 2.52e-05
-10.8 0.98 0.000412 2.2e-05 2.79e-05
-10.7 0.98 0.000456 2.44e-05 3.09e-05
-10.6 0.98 0.000505 2.7e-05 3.41e-05
-10.5 0.98 0.000559 2.98e-05 3.77e-05
-10.4 0.98 0.000619 3.29e-05 4.17e-05
-10.3 0.98 0.000685 3.64e-05 4.6e-05
-10.2 0.98 0.000758 4.02e-05 5.09e-05
-10.1 0.98 0.000839 4.45e-05 5.62e-05
-10 0.98 0.000929 4.91e-05 6.2e-05
-9.9 0.98 0.00103 5.42e-05 6.84e-05
-9.8 0.98 0.00114 5.99e-05 7.55e-05
-9.7 0.98 0.00126 6.61e-05 8.32e-05
-9.6 0.98 0.00139 7.29e-05 9.17e-05
-9.5 0.98 0.00154 8.04e-05 0.000101
-9.4 0.98 0.00171 8.86e-05 0.000111
-9.3 0.98 0.00189 9.76e-05 0.000122
-9.2 0.98 0.00209 0.000107 0.000135
-9.1 0.98 0.00231 0.000118 0.000148
-9 0.98 0.00255 0.00013 0.000162
-8.9 0.98 0.00282 0.000143 0.000178
-8.8 0.98 0.00312 0.000157 0.000195
-8.7 0.98 0.00345 0.000172 0.000213
-8.6 0.98 0.00382 0.000188 0.000233
-8.5 0.98 0.00422 0.000206 0.000254
-8.4 0.98 0.00466 0.000226 0.000276
-8.3 0.98 0.00515 0.000246 0.0003
-8.2 0.98 0.00568 0.000268 0.000326
-8.1 0.98 0.00627 0.000292 0.000352
-8 0.98 0.00692 0.000317 0.00038
-7.9 0.98 0.00764 0.000344 0.000409
-7.8 0.98 0.00842 0.000373 0.000438
-7.7 0.98 0.00928 0.000402 0.000468
-7.6 0.98 0.0102 0.000433 0.000498
-7.5 0.98 0.0113 0.000465 0.000526
-7.4 0.98 0.0124 0.000499 0.000553
-7.3 0.98 0.0136 0.000533 0.000578
-7.2 0.98 0.015 0.000567 0.000599
-7.1 0.98 0.0165 0.000602 0.000615
-7 0.98 0.0181 0.000637 0.000625
-6.9 0.98 0.0198 0.000671 0.000626
-6.8 0.98 0.0217 0.000706 0.000618
-6.7 0.98 0.0238 0.00074 0.000597
-6.6 0.98 0.026 0.000775 0.000562
-6.5 0.98 0.0284 0.000811 0.00051
-6.4 0.98 0.031 0.000849 0.00056
-6.3 0.98 0.0337 0.000893 0.00073
-6.2 0.98 0.0367 0.000947 0.000927
-6.1 0.98 0.0399 0.00106 0.00111
-6 0.98 0.0433 0.00113 0.00139
-5.9 0.98 0.047 0.00124 0.00171
-5.8 0.98 0.0509 0.00139 0.00207
-5.7 0.98 0.0551 0.00163 0.00248
-5.6 0.98 0.0595 0.002 0.00294
-5.5 0.98 0.0642 0.00259 0.00348
-5.4 0.98 0.0692 0.00357 0.00413
-5.3 0.98 0.0748 0.00515 0.00514
-5.2 0.98 0.0813 0.00852 0.00675
-5.1 0.98 0.0902 0.0188 0.0106
-5 0.98 0.211 0.363 0.126
-4.9 0.98 0.0863 0.0129 0.0277
-4.8 0.98 0.0964 0.00903 0.0151
-4.7 0.98 0.104 0.00788 0.0117
-4.6 0.98 0.112 0.00781 0.00991
-4.5 0.98 0.119 0.00793 0.00888
-4.4 0.98 0.126 0.00808 0.00814
-4.3 0.98 0.133 0.00817 0.0075
-4.2 0.98 0.139 0.00943 0.00558
-4.1 0.98 0.146 0.00937 0.00476
-4 0.98 0.153 0.00909 0.0039
-3.9 0.98 0.161 0.00856 0.00423
-3.8 0.98 0.165 0.00263 0.00524
-3.7 0.98 0.173 0.00278 0.00323
-3.6 0.98 0.181 0.00368 0.00351
-3.5 0.98 0.189 0.00445 0.00422
-3.4 0.98 0.197 0.00501 0.00566
-3.3 0.98 0.206 0.00532 0.00683
-3.2 0.98 0.215 0.00535 0.00766
-3.1 0.98 0.225 0.00508 0.00805
-3 0.98 0.237 0.00542 0.00987
-2.9 0.98 0.247 0.00654 0.00936
-2.8 0.98 0.255 0.00392 0.00573
-2.7 0.98 0.265 0.00368 0.00599
-2.6 0.98 0.276 0.00329 0.00594
-2.5 0.98 0.288 0.00413 0.00704
-2.4 0.98 0.298 0.00436 0.00644
-2.3 0.98 0.312 0.00178 0.002
-2.2 0.98 0.323 0.00286 0.00244
-2.1 0.98 0.334 0.0036 0.00266
-2 0.98 0.344 0.00392 0.0027
-1.9 0.98 0.354 0.00478 0.00245
-1.8 0.98 0.365 0.00442 0.00241
-1.7 0.98 0.373 0.00237 0.0037
-1.6 0.98 0.385 0.00123 0.00106
-1.5 0.98 0.416 0.0591 0.0205
-1.4 0.98 0.409 0.000854 0.0022
-1.3 0.98 0.419 0.001 0.00199
-1.2 0.98 0.43 0.00112 0.00199
-1.1 0.98 0.442 0.000601 0.00102
-1 0.98 0.454 0.000538 0.00109
-0.9 0.98 0.465 0.000477 0.00114
-0.8 0.98 0.476 0.000416 0.001
-0.7 0.98 0.487 0.000491 0.00141
-0.6 0.98 0.498 0.000513 0.00144
-0.5 0.98 0.509 0.000572 0.00149
-0.4 0.98 0.519 0.00176 0.00268
-0.3 0.98 0.529 0.00196 0.00277
-0.2 0.98 0.54 0.00219 0.0029
-0.1 0.98 0.55 0.00243 0.00308
8.88e-15 0.98 0.561 0.00265 0.0033
0.1 0.98 0.57 0.00164 0.00274
0.2 0.98 0.58 0.00169 0.0029
0.3 0.98 0.59 0.00176 0.00298
0.4 0.98 0.602 0.00932 0.00796
0.5 0.98 0.612 0.0102 0.00974
0.6 0.98 0.621 0.0104 0.0111
0.7 0.98 0.63 0.0098 0.0119
0.8 0.98 0.636 0.00452 0.00938
0.9 0.98 0.645 0.00483 0.00903
1 0.98 0.653 0.00487 0.00812
1.1 0.98 0.662 0.00465 0.00674
1.2 0.98 0.675 0.00524 0.00634
1.3 0.98 0.684 0.00643 0.00665
1.4 0.98 0.692 0.00735 0.00657
1.5 0.98 0.7 0.00797 0.00614
1.6 0.98 0.708 0.00826 0.00541
1.7 0.98 0.718 0.00665 0.0036
1.8 0.98 0.725 0.00653 0.0038
1.9 0.98 0.732 0.0062 0.00388
2 0.98 0.736 0.00866 0.00703
2.1 0.98 0.743 0.00877 0.00602
2.2 0.98 0.749 0.00858 0.00494
2.3 0.98 0.755 0.00816 0.00386
2.4 0.98 0.762 0.00628 0.00369
2.5 0.98 0.768 0.00579 0.00359
2.6 0.98 0.772 0.00525 0.00342
2.7 0.98 0.777 0.00468 0.0032
2.8 0.98 0.781 0.00412 0.00294
2.9 0.98 0.785 0.00358 0.00267
3 0.98 0.789 0.00308 0.00241
3.1 0.98 0.793 0.00264 0.00217
3.2 0.98 0.796 0.00226 0.00197
3.3 0.98 0.799 0.00194 0.00182
3.4 0.98 0.802 0.00169 0.00178
3.5 0.98 0.805 0.00157 0.00198
3.6 0.98 0.807 0.00194 0.00355
3.7 0.98 0.812 0.00326 0.00265
3.8 0.98 0.813 0.000876 0.00157
3.9 0.98 0.815 0.000883 0.00132
4 0.98 0.817 0.000816 0.00117
4.1 0.98 0.819 0.00074 0.00107
4.2 0.98 0.821 0.000668 0.000994
4.3 0.98 0.823 0.000603 0.000927
4.4 0.98 0.824 0.000543 0.000861
4.5 0.98 0.825 0.000485 0.000784
4.6 0.98 0.827 0.000426 0.000688
4.7 0.98 0.828 0.000365 0.000575
4.8 0.98 0.829 0.00034 0.000425
4.9 0.98 0.83 0.000178 0.000329
5 0.98 0.831 0.000164 0.000259
5.1 0.98 0.832 0.000158 0.000211
5.2 0.98 0.832 0.000157 0.00018
5.3 0.98 0.833 0.000159 0.000161
5.4 0.98 0.834 0.000164 0.00015
5.5 0.98 0.834 0.000193 0.000122
5.6 0.98 0.835 0.000202 0.000117
5.7 0.98 0.835 0.000211 0.000114
5.8 0.98 0.836 0.000128 5.49e-05
5.9 0.98 0.836 0.000124 5.07e-05
6 0.98 0.836 0.000121 4.75e-05
6.1 0.98 0.837 0.000119 4.5e-05
6.2 0.98 0.837 0.000117 4.3e-05
6.3 0.98 0.837 0.000116 4.21e-05
6.4 0.98 0.837 0.000115 4.28e-05
6.5 0.98 0.837 0.000114 4.35e-05
6.6 0.98 0.837 0.000113 4.4e-05
6.7 0.98 0.838 0.000113 4.44e-05
6.8 0.98 0.838 0.000112 4.46e-05
6.9 0.98 0.838 0.000112 4.48e-05
7 0.98 0.838 0.000112 4.48e-05
7.1 0.98 0.838 0.000112 4.48e-05
7.2 0.98 0.838 0.000112 4.46e-05
7.3 0.98 0.838 0.000113 4.44e-05
7.4 0.98 0.837 0.000113 4.4e-05
7.5 0.98 0.837 0.000114 4.35e-05
7.6 0.98 0.837 0.000115 4.28e-05
7.7 0.98 0.837 0.000116 4.21e-05
7.8 0.98 0.837 0.000117 4.3e-05
7.9 0.98 0.837 0.000119 4.5e-05
8 0.98 0.836 0.000121 4.75e-05
8.1 0.98 0.836 0.000124 5.07e-05
8.2 0.98 0.836 0.000128 5.49e-05
8.3 0.98 0.835 0.000211 0.000114
8.4 0.98 0.835 0.000202 0.000117
8.5 0.98 0.834 0.000193 0.000122
8.6 0.98 0.834 0.000164 0.00015
8.7 0.98 0.833 0.000159 0.000161
8.8 0.98 0.832 0.000157 0.00018
8.9 0.98 0.832 0.000158 0.000211
9 0.98 0.831 0.000164 0.000259
9.1 0.98 0.83 0.000178 0.000329
9.2 0.98 0.829 0.00034 0.000425
9.3 0.98 0.828 0.000365 0.000575
9.4 0.98 0.827 0.000426 0.000688
9.5 0.98 0.825 0.000485 0.000784
9.6 0.98 0.824 0.000543 0.000861
9.7 0.98 0.823 0.000603 0.000927
9.8 0.98 0.821 0.000668 0.000994
9.9 0.98 0.819 0.00074 0.00107
10 0.98 0.817 0.000816 0.00117
10.1 0.98 0.815 0.000883 0.00132
10.2 0.98 0.813 0.000876 0.00157
10.3 0.98 0.812 0.00326 0.00265
10.4 0.98 0.807 0.00194 0.00355
10.5 0.98 0.805 0.00157 0.00198
10.6 0.98 0.802 0.00169 0.00178
10.7 0.98 0.799 0.00194 0.00182
10.8 0.98 0.796 0.00226 0.00197
10.9 0.98 0.793 0.00264 0.00217
11 0.98 0.789 0.00308 0.00241
11.1 0.98 0.785 0.00358 0.00267
11.2 0.98 0.781 0.00412 0.00294
11.3 0.98 0.777 0.00468 0.0032
11.4 0.98 0.772 0.00525 0.00342
11.5 0.98 0.768 0.00579 0.00359
11.6 0.98 0.762 0.00628 0.00369
11.7 0.98 0.755 0.00816 0.00386
11.8 0.98 0.749 0.00858 0.00494
11.9 0.98 0.743 0.00877 0.00602
12 0.98 0.736 0.00866 0.00703
12.1 0.98 0.732 0.0062 0.00388
12.2 0.98 0.725 0.00653 0.0038
12.3 0.98 0.718 0.00665 0.0036
12.4 0.98 0.708 0.00826 0.00541
12.5 0.98 0.7 0.00797 0.00614
12.6 0.98 0.692 0.00735 0.00657
12.7 0.98 0.684 0.00643 0.00665
12.8 0.98 0.675 0.00524 0.00634
12.9 0.98 0.662 0.00465 0.00674
13 0.98 0.653 0.00487 0.00812
13.1 0.98 0.645 0.00483 0.00903
13.2 0.98 0.636 0.00452 0.00938
13.3 0.98 0.63 0.0098 0.0119
13.4 0.98 0.621 0.0104 0.0111
13.5 0.98 0.612 0.0102 0.00974
13.6 0.98 0.602 0.00932 0.00796
13.7 0.98 0.59 0.00176 0.00298
13.8 0.98 0.58 0.00169 0.0029
13.9 0.98 0.57 0.00164 0.00274
14 0.98 0.561 0.00265 0.0033
14.1 0.98 0.55 0.00243 0.00308
14.2 0.98 0.54 0.00219 0.0029
14.3 0.98 0.529 0.00196 0.00277
14.4 0.98 0.519 0.00176 0.00268
14.5 0.98 0.509 0.000572 0.00149
14.6 0.98 0.498 0.000513 0.00144
14.7 0.98 0.487 0.000491 0.00141
14.8 0.98 0.476 0.000416 0.001
14.9 0.98 0.465 0.000477 0.00114
15 0.98 0.454 0.000538 0.00109
15.1 0.98 0.442 0.000601 0.00102
15.2 0.98 0.43 0.00112 0.00199
15.3 0.98 0.419 0.001 0.00199
15.4 0.98 0.409 0.000854 0.0022
15.5 0.98 0.416 0.0591 0.0205
15.6 0.98 0.385 0.00123 0.00106
15.7 0.98 0.373 0.00237 0.0037
15.8 0.98 0.365 0.00442 0.00241
15.9 0.98 0.354 0.00478 0.00245
16 0.98 0.344 0.00392 0.0027
16.1 0.98 0.334 0.0036 0.00266
16.2 0.98 0.323 0.00286 0.00244
16.3 0.98 0.312 0.00178 0.002
16.4 0.98 0.298 0.00436 0.00644
16.5 0.98 0.288 0.00413 0.00704
16.6 0.98 0.276 0.00329 0.00594
16.7 0.98 0.265 0.00368 0.00599
16.8 0.98 0.255 0.00392 0.00573
16.9 0.98 0.247 0.00654 0.00936
17 0.98 0.237 0.00542 0.00987
17.1 0.98 0.225 0.00508 0.00805
17.2 0.98 0.215 0.00535 0.00766
17.3 0.98 0.206 0.00532 0.00683
17.4 0.98 0.197 0.00501 0.00566
17.5 0.98 0.189 0.00445 0.00422
17.6 0.98 0.181 0.00368 0.00351
17.7 0.98 0.173 0.00278 0.00323
17.8 0.98 0.165 0.00263 0.00524
17.9 0.98 0.161 0.00856 0.00423
18 0.98 0.153 0.00909 0.0039
18.1 0.98 0.146 0.00937 0.00476
18.2 0.98 0.139 0.00943 0.00558
18.3 0.98 0.133 0.00817 0.0075
18.4 0.98 0.126 0.00808 0.00814
18.5 0.98 0.119 0.00793 0.00888
18.6 0.98 0.112 0.00781 0.00991
18.7 0.98 0.104 0.00788 0.0117
18.8 0.98 0.0964 0.00903 0.0151
18.9 0.98 0.0863 0.0129 0.0277
19 0.98 0.211 0.363 0.126
19.1 0.98 0.0902 0.0188 0.0106
19.2 0.98 0.0813 0.00852 0.00675
19.3 0.98 0.0748 0.00515 0.00514
19.4 0.98 0.0692 0.00357 0.00413
19.5 0.98 0.0642 0.00259 0.00348
19.6 0.98 0.0595 0.002 0.00294
19.7 0.98 0.0551 0.00163 0.00248
19.8 0.98 0.0509 0.00139 0.00207
19.9 0.98 0.047 0.00124 0.00171
20 0.98 0.0433 0.00113 0.00139
20.1 0.98 0.0399 0.00106 0.00111
20.2 0.98 0.0367 0.000947 0.000927
20.3 0.98 0.0337 0.000893 0.00073
20.4 0.98 0.031 0.000849 0.00056
20.5 0.98 0.0284 0.000811 0.00051
20.6 0.98 0.026 0.000775 0.000562
20.7 0.98 0.0238 0.00074 0.000597
20.8 0.98 0.0217 0.000706 0.000618
20.9 0.98 0.0198 0.000671 0.000626
21 0.98 0.0181 0.000637 0.000625
21.1 0.98 0.0165 0.000602 0.000615
21.2 0.98 0.015 0.000567 0.000599
21.3 0.98 0.0136 0.000533 0.000578
21.4 0.98 0.0124 0.000499 0.000553
21.5 0.98 0.0113 0.000465 0.000526
21.6 0.98 0.0102 0.000433 0.000498
21.7 0.98 0.00928 0.000402 0.000468
21.8 0.98 0.00842 0.000373 0.000438
21.9 0.98 0.00764 0.000344 0.000409
22 0.98 0.00692 0.000317 0.00038
22.1 0.98 0.00627 0.000292 0.000352
22.2 0.98 0.00568 0.000268 0.000326
22.3 0.98 0.00515 0.000246 0.0003
22.4 0.98 0.00466 0.000226 0.000276
22.5 0.98 0.00422 0.000206 0.000254
22.6 0.98 0.00382 0.000188 0.000233
22.7 0.98 0.00345 0.000172 0.000213
22.8 0.98 0.00312 0.000157 0.000195
22.9 0.98 0.00282 0.000143 0.000178
23 0.98 0.00255 0.00013 0.000162
23.1 0.98 0.00231 0.000118 0.000148
23.2 0.98 0.00209 0.000107 0.000135
23.3 0.98 0.00189 9.76e-05 0.000122
23.4 0.98 0.00171 8.86e-05 0.000111
23.5 0.98 0.00154 8.04e-05 0.000101
23.6 0.98 0.00139 7.29e-05 9.17e-05
23.7 0.98 0.00126 6.61e-05 8.32e-05
23.8 0.98 0.00114 5.99e-05 7.55e-05
23.9 0.98 0.00103 5.42e-05 6.84e-05
24 0.98 0.000929 4.91e-05 6.2e-05
24.1 0.98 0.000839 4.45e-05 5.62e-05
24.2 0.98 0.000758 4.02e-05 5.09e-05
24.3 0.98 0.000685 3.64e-05 4.6e-05
24.4 0.98 0.000619 3.29e-05 4.17e-05
24.5 0.98 0.000559 2.98e-05 3.77e-05
24.6 0.98 0.000505 2.7e-05 3.41e-05
24.7 0.98 0.000456 2.44e-05 3.09e-05
24.8 0.98 0.000412 2.2e-05 2.79e-05
24.9 0.98 0.000372 1.99e-05 2.52e-05
25 0.98 0.000336 1.8e-05 2.28e-05
25.1 0.98 0.000303 1.63e-05 2.06e-05
25.2 0.98 0.000274 1.47e-05 1.86e-05
25.3 0.98 0.000247 1.33e-05 1.69e-05
25.4 0.98 0.000223 1.2e-05 1.52e-05
25.5 0.98 0.000202 1.09e-05 1.38e-05
25.6 0.98 0.000182 9.81e-06 1.24e-05
25.7 0.98 0.000165 8.86e-06 1.12e-05
25.8 0.98 0.000149 8e-06 1.02e-05
25.9 0.98 0.000134 7.23e-06 9.17e-06
26 0.98 0.000121 6.53e-06 8.29e-06
26.1 0.98 0.000109 5.9e-06 7.49e-06
26.2 0.98 9.88e-05 5.33e-06 6.76e-06
26.3 0.98 8.93e-05 4.81e-06 6.11e-06
26.4 0.98 8.06e-05 4.35e-06 5.52e-06
26.5 0.98 7.28e-05 3.93e-06 4.98e-06
26.6 0.98 6.57e-05 3.55e-06 4.5e-06
26.7 0.98 5.94e-05 3.2e-06 4.07e-06
26.8 0.98 5.36e-05 2.89e-06 3.67e-06
26.9 0.98 4.84e-05 2.61e-06 3.32e-06
27 0.98 4.37e-05 2.36e-06 3e-06
27.1 0.98 3.95e-05 2.13e-06 2.71e-06
27.2 0.98 3.56e-05 1.92e-06 2.44e-06
27.3 0.98 3.22e-05 1.74e-06 2.21e-06
27.4 0.98 2.91e-05 1.57e-06 1.99e-06
27.5 0.98 2.62e-05 1.42e-06 1.8e-06
27.6 0.98 2.37e-05 1.28e-06 1.63e-06
27.7 0.98 2.14e-05 1.16e-06 1.47e-06
27.8 0.98 1.93e-05 1.04e-06 1.33e-06
27.9 0.98 1.74e-05 9.43e-07 1.2e-06
28 0.98 1.58e-05 8.51e-07 1.08e-06
28.1 0.98 1.42e-05 7.69e-07 9.76e-07
28.2 0.98 1.28e-05 6.94e-07 8.81e-07
28.3 0.98 1.16e-05 6.27e-07 7.96e-07
28.4 0.98 1.05e-05 5.66e-07 7.19e-07
28.5 0.98 9.46e-06 5.11e-07 6.49e-07
28.6 0.98 8.54e-06 4.62e-07 5.86e-07
28.7 0.98 7.71e-06 4.17e-07 5.29e-07
28.8 0.98 6.97e-06 3.76e-07 4.78e-07
28.9 0.98 6.29e-06 3.4e-07 4.32e-07
29 0.98 5.68e-06 3.07e-07 3.9e-07
29.1 0.98 5.13e-06 2.77e-07 3.52e-07
29.2 0.98 4.63e-06 2.5e-07 3.18e-07
29.3 0.98 4.18e-06 2.26e-07 2.87e-07
29.4 0.98 3.78e-06 2.04e-07 2.59e-07
29.5 0.98 3.41e-06 1.84e-07 2.34e-07
29.6 0.98 3.08e-06 1.66e-07 2.11e-07
29.7 0.98 2.78e-06 1.5e-07 1.91e-07
29.8 0.98 2.51e-06 1.36e-07 1.72e-07
29.9 0.98 2.27e-06 1.23e-07 1.56e-07
30 0.98 2.05e-06 1.11e-07 1.4e-07
30.1 0.98 1.85e-06 9.99e-08 1.27e-07
30.2 0.98 1.67e-06 9.02e-08 1.15e-07
30.3 0.98 1.51e-06 8.15e-08 1.03e-07
30.4 0.98 1.36e-06 7.36e-08 9.34e-08
30.5 0.98 1.23e-06 6.64e-08 8.43e-08
30.6 0.98 1.11e-06 6e-08 7.62e-08
30.7 0.98 1e-06 5.42e-08 6.88e-08
30.8 0.98 9.05e-07 4.89e-08 6.21e-08
30.9 0.98 8.17e-07 4.42e-08 5.61e-08
31 0.98 7.38e-07 3.99e-08 5.06e-08
31.1 0.98 6.66e-07 3.6e-08 4.57e-08
31.2 0.98 6.02e-07 3.25e-08 4.13e-08
31.3 0.98 5.43e-07 2.94e-08 3.73e-08
31.4 0.98 4.91e-07 2.65e-08 3.37e-08
31.5 0.98 4.43e-07 2.39e-08 3.04e-08
31.6 0.98 4e-07 2.16e-08 2.75e-08
31.7 0.98 3.61e-07 1.95e-08 2.48e-08
31.8 0.98 3.26e-07 1.76e-08 2.24e-08
31.9 0.98 2.95e-07 1.59e-08 2.02e-08
32 0.98 2.66e-07 1.44e-08 1.83e-08
32.1 0.98 2.4e-07 1.3e-08 1.65e-08
32.2 0.98 2.17e-07 1.17e-08 1.49e-08
32.3 0.98 1.96e-07 1.06e-08 1.34e-08
32.4 0.98 1.77e-07 9.56e-09 1.21e-08
32.5 0.98 1.6e-07 8.63e-09 1.1e-08
32.6 0.98 1.44e-07 7.79e-09 9.9e-09
32.7 0.98 1.3e-07 7.04e-09 8.94e-09
32.8 0.98 1.18e-07 6.35e-09 8.07e-09
32.9 0.98 1.06e-07 5.74e-09 7.29e-09
33 0.98 9.59e-08 5.18e-09 6.58e-09
33.1 0.98 8.66e-08 4.68e-09 5.94e-09
33.2 0.98 7.82e-08 4.22e-09 5.36e-09
33.3 0.98 7.06e-08 3.81e-09 4.84e-09
33.4 0.98 6.37e-08 3.44e-09 4.37e-09
33.5 0.98 5.76e-08 3.11e-09 3.95e-09
33.6 0.98 5.2e-08 2.81e-09 3.57e-09
33.7 0.98 4.69e-08 2.54e-09 3.22e-09
33.8 0.98 4.24e-08 2.29e-09 2.91e-09
33.9 0.98 3.83e-08 2.07e-09 2.63e-09
34 0.98 3.46e-08 1.87e-09 2.37e-09
34.1 0.98 3.12e-08 1.69e-09 2.14e-09
34.2 0.98 2.82e-08 1.52e-09 1.93e-09
34.3 0.98 2.54e-08 1.38e-09 1.75e-09
34.4 0.98 2.3e-08 1.24e-09 1.58e-09
34.5 0.98 2.07e-08 1.12e-09 1.42e-09
34.6 0.98 1.87e-08 1.01e-09 1.29e-09
34.7 0.98 1.69e-08 9.14e-10 1.16e-09
34.8 0.98 1.53e-08 8.26e-10 1.05e-09
34.9 0.98 1.38e-08 7.45e-10 9.47e-10
35 0.98 1.25e-08 6.73e-10 8.55e-10
35.1 0.98 1.12e-08 6.08e-10 7.72e-10
35.2 0.98 1.02e-08 5.49e-10 6.97e-10
35.3 0.98 9.17e-09 4.96e-10 6.29e-10
35.4 0.98 8.28e-09 4.48e-10 5.68e-10
35.5 0.98 7.48e-09 4.04e-10 5.13e-10
35.6 0.98 6.75e-09 3.65e-10 4.63e-10
35.7 0.98 6.1e-09 3.3e-10 4.18e-10
35.8 0.98 5.51e-09 2.98e-10 3.78e-10
35.9 0.98 4.97e-09 2.69e-10 3.41e-10
36 0.98 4.49e-09 2.43e-10 3.08e-10
36.1 0.98 4.05e-09 2.19e-10 2.78e-10
36.2 0.98 3.66e-09 1.98e-10 2.51e-10
36.3 0.98 3.31e-09 1.79e-10 2.27e-10
36.4 0.98 2.99e-09 1.61e-10 2.05e-10
36.5 0.98 2.7e-09 1.46e-10 1.85e-10
36.6 0.98 2.43e-09 1.32e-10 1.67e-10
36.7 0.98 2.2e-09 1.19e-10 1.51e-10
36.8 0.98 1.98e-09 1.07e-10 1.36e-10
39.4 0.98 1.4e-10 7.55e-12 9.59e-12
39.5 0.98 1.26e-10 6.82e-12 8.66e-12
39.6 0.98 1.14e-10 6.16e-12 7.82e-12
39.7 0.98 1.03e-10 5.56e-12 7.06e-12
42 0.98 9.85e-12 5.32e-13 6.76e-13
42.1 0.98 8.89e-12 4.8e-13 6.1e-13
42.2 0.98 8.03e-12 4.34e-13 5.51e-13
42.3 0.98 7.25e-12 3.92e-13 4.98e-13
42.4 0.98 6.55e-12 3.54e-13 4.49e-13
42.5 0.98 5.91e-12 3.19e-13 4.06e-13
42.6 0.98 5.34e-12 2.88e-13 3.66e-13
42.7 0.98 4.82e-12 2.6e-13 3.31e-13
42.8 0.98 4.35e-12 2.35e-13 2.99e-13
42.9 0.98 3.93e-12 2.12e-13 2.7e-13
43 0.98 3.55e-12 1.92e-13 2.44e-13
43.1 0.98 3.21e-12 1.73e-13 2.2e-13
43.2 0.98 2.89e-12 1.56e-13 1.99e-13
43.3 0.98 2.61e-12 1.41e-13 1.79e-13
43.4 0.98 2.36e-12 1.28e-13 1.62e-13
43.5 0.98 2.13e-12 1.15e-13 1.46e-13
43.6 0.98 1.92e-12 1.04e-13 1.32e-13
43.7 0.98 1.74e-12 9.39e-14 1.19e-13
43.8 0.98 1.57e-12 8.48e-14 1.08e-13
43.9 0.98 1.42e-12 7.66e-14 9.72e-14
44 0.98 1.28e-12 6.91e-14 8.78e-14
44.1 0.98 1.16e-12 6.24e-14 7.93e-14
44.2 0.98 1.04e-12 5.64e-14 7.16e-14
44.3 0.98 9.42e-13 5.09e-14 6.46e-14
44.4 0.98 8.51e-13 4.6e-14 5.84e-14
44.5 0.98 7.68e-13 4.15e-14 5.27e-14
44.6 0.98 6.94e-13 3.75e-14 4.76e-14
44.7 0.98 6.26e-13 3.38e-14 4.3e-14
44.8 0.98 5.66e-13 3.06e-14 3.88e-14
44.9 0.98 5.11e-13 2.76e-14 3.5e-14
45 0.98 4.61e-13 2.49e-14 3.16e-14
45.1 0.98 4.16e-13 2.25e-14 2.86e-14
45.2 0.98 3.76e-13 2.03e-14 2.58e-14
45.3 0.98 3.4e-13 1.83e-14 2.33e-14
45.4 0.98 3.07e-13 1.66e-14 2.1e-14
45.5 0.98 2.77e-13 1.5e-14 1.9e-14
45.6 0.98 2.5e-13 1.35e-14 1.72e-14
45.7 0.98 2.26e-13 1.22e-14 1.55e-14
45.8 0.98 2.04e-13 1.1e-14 1.4e-14
45.9 0.98 1.84e-13 9.95e-15 1.26e-14
46 0.98 1.66e-13 8.98e-15 1.14e-14
46.1 0.98 1.5e-13 8.11e-15 1.03e-14
46.2 0.98 1.36e-13 7.32e-15 9.3e-15
46.3 0.98 1.22e-13 6.61e-15 8.4e-15
46.4 0.98 1.11e-13 5.97e-15 7.58e-15
46.5 0.98 9.98e-14 5.39e-15 6.85e-15
46.6 0.98 9.01e-14 4.87e-15 6.18e-15
46.7 0.98 8.14e-14 4.4e-15 5.58e-15
46.8 0.98 7.35e-14 3.97e-15 5.04e-15
46.9 0.98 6.63e-14 3.59e-15 4.55e-15
47 0.98 5.99e-14 3.24e-15 4.11e-15
47.1 0.98 5.41e-14 2.92e-15 3.71e-15
47.2 0.98 4.89e-14 2.64e-15 3.35e-15
47.3 0.98 4.41e-14 2.38e-15 3.03e-15
47.4 0.98 3.98e-14 2.15e-15 2.73e-15
47.5 0.98 3.6e-14 1.94e-15 2.47e-15
47.6 0.98 3.25e-14 1.76e-15 2.23e-15
47.7 0.98 2.93e-14 1.58e-15 2.01e-15
47.8 0.98 2.65e-14 1.43e-15 1.82e-15
47.9 0.98 2.39e-14 1.29e-15 1.64e-15
48 0.98 2.16e-14 1.17e-15 1.48e-15
48.1 0.98 1.95e-14 1.05e-15 1.34e-15
48.2 0.98 1.76e-14 9.52e-16 1.21e-15
48.3 0.98 1.59e-14 8.59e-16 1.09e-15
48.4 0.98 1.44e-14 7.76e-16 9.85e-16
48.5 0.98 1.3e-14 7.01e-16 8.9e-16
48.6 0.98 1.17e-14 6.33e-16 8.03e-16
48.7 0.98 1.06e-14 5.71e-16 7.25e-16
48.8 0.98 9.55e-15 5.16e-16 6.55e-16
48.9 0.98 8.62e-15 4.66e-16 5.92e-16
49 0.98 7.78e-15 4.21e-16 5.34e-16
49.1 0.98 7.03e-15 3.8e-16 4.82e-16
49.2 0.98 6.35e-15 3.43e-16 4.36e-16
49.3 0.98 5.73e-15 3.1e-16 3.93e-16
49.4 0.98 5.18e-15 2.8e-16 3.55e-16
49.5 0.98 4.67e-15 2.53e-16 3.21e-16
49.6 0.98 4.22e-15 2.28e-16 2.9e-16
49.7 0.98 3.81e-15 2.06e-16 2.61e-16
49.8 0.98 3.44e-15 1.86e-16 2.36e-16
49.9 0.98 3.11e-15 1.68e-16 2.13e-16
50 0.98 2.81e-15 1.52e-16 1.93e-16
50.1 0.98 2.53e-15 1.37e-16 1.74e-16
50.2 0.98 2.29e-15 1.24e-16 1.57e-16
50.3 0.98 2.07e-15 1.12e-16 1.42e-16
50.4 0.98 1.87e-15 1.01e-16 1.28e-16
50.5 0.98 1.68e-15 9.1e-17 1.16e-16
50.6 0.98 1.52e-15 8.22e-17 1.04e-16
50.7 0.98 1.37e-15 7.42e-17 9.43e-17
50.8 0.98 1.24e-15 6.7e-17 8.51e-17
50.9 0.98 1.12e-15 6.05e-17 7.69e-17
51 0.98 1.01e-15 5.46e-17 6.94e-17
51.1 0.98 9.13e-16 4.93e-17 6.27e-17
51.2 0.98 8.25e-16 4.46e-17 5.66e-17
51.3 0.98 7.45e-16 4.02e-17 5.11e-17
51.4 0.98 6.72e-16 3.63e-17 4.61e-17
51.5 0.98 6.07e-16 3.28e-17 4.17e-17
51.6 0.98 5.48e-16 2.96e-17 3.76e-17
51.7 0.98 4.95e-16 2.68e-17 3.4e-17
51.8 0.98 4.47e-16 2.42e-17 3.07e-17
51.9 0.98 4.04e-16 2.18e-17 2.77e-17
52 0.98 3.65e-16 1.97e-17 2.5e-17
52.1 0.98 3.29e-16 1.78e-17 2.26e-17
52.2 0.98 2.97e-16 1.61e-17 2.04e-17
52.3 0.98 2.68e-16 1.45e-17 1.84e-17
52.4 0.98 2.42e-16 1.31e-17 1.66e-17
52.5 0.98 2.19e-16 1.18e-17 1.5e-17
52.6 0.98 1.98e-16 1.07e-17 1.36e-17
52.7 0.98 1.78e-16 9.64e-18 1.22e-17
52.8 0.98 1.61e-16 8.71e-18 1.11e-17
52.9 0.98 1.46e-16 7.86e-18 9.98e-18
53 0.98 1.31e-16 7.1e-18 9.02e-18
53.1 0.98 1.19e-16 6.41e-18 8.14e-18
53.2 0.98 1.07e-16 5.79e-18 7.35e-18
53.3 0.98 9.67e-17 5.23e-18 6.64e-18
53.4 0.98 8.74e-17 4.72e-18 5.99e-18
53.5 0.98 7.89e-17 4.26e-18 5.41e-18
53.6 0.98 7.12e-17 3.85e-18 4.89e-18
53.7 0.98 6.43e-17 3.48e-18 4.41e-18
53.8 0.98 5.81e-17 3.14e-18 3.99e-18
53.9 0.98 5.24e-17 2.83e-18 3.6e-18
54 0.98 4.74e-17 2.56e-18 3.25e-18
54.1 0.98 4.28e-17 2.31e-18 2.93e-18
54.2 0.98 3.86e-17 2.09e-18 2.65e-18
54.3 0.98 3.49e-17 1.88e-18 2.39e-18
54.4 0.98 3.15e-17 1.7e-18 2.16e-18
54.5 0.98 2.84e-17 1.54e-18 1.95e-18
54.6 0.98 2.57e-17 1.39e-18 1.76e-18
54.7 0.98 2.32e-17 1.25e-18 1.59e-18
54.8 0.98 2.09e-17 1.13e-18 1.44e-18
54.9 0.98 1.89e-17 1.02e-18 1.3e-18
55 0.98 1.71e-17 9.22e-19 1.17e-18
55.1 0.98 1.54e-17 8.33e-19 1.06e-18
55.2 0.98 1.39e-17 7.52e-19 9.55e-19
55.3 0.98 1.26e-17 6.79e-19 8.63e-19
55.4 0.98 1.14e-17 6.13e-19 7.79e-19
55.5 0.98 1.02e-17 5.54e-19 7.03e-19
55.6 0.98 9.25e-18 5e-19 6.35e-19
55.7 0.98 8.36e-18 4.52e-19 5.73e-19
55.8 0.98 7.55e-18 4.08e-19 5.18e-19
55.9 0.98 6.81e-18 3.68e-19 4.68e-19
56 0.98 6.15e-18 3.33e-19 4.22e-19
56.1 0.98 5.56e-18 3e-19 3.81e-19
56.2 0.98 5.02e-18 2.71e-19 3.44e-19
56.3 0.98 4.53e-18 2.45e-19 3.11e-19
56.4 0.98 4.09e-18 2.21e-19 2.81e-19
56.5 0.98 3.69e-18 2e-19 2.53e-19
56.6 0.98 3.34e-18 1.8e-19 2.29e-19
56.7 0.98 3.01e-18 1.63e-19 2.07e-19
56.8 0.98 2.72e-18 1.47e-19 1.87e-19
56.9 0.98 2.46e-18 1.33e-19 1.69e-19
57 0.98 2.22e-18 1.2e-19 1.52e-19
57.1 0.98 2e-18 1.08e-19 1.37e-19
57.2 0.98 1.81e-18 9.77e-20 1.24e-19
57.3 0.98 1.63e-18 8.82e-20 1.12e-19
57.4 0.98 1.47e-18 7.97e-20 1.01e-19
57.5 0.98 1.33e-18 7.2e-20 9.14e-20
57.6 0.98 1.2e-18 6.5e-20 8.25e-20
57.7 0.98 1.09e-18 5.87e-20 7.45e-20
57.8 0.98 9.8e-19 5.3e-20 6.73e-20
57.9 0.98 8.85e-19 4.78e-20 6.08e-20
58 0.98 7.99e-19 4.32e-20 5.49e-20
58.1 0.98 7.22e-19 3.9e-20 4.95e-20
58.2 0.98 6.52e-19 3.52e-20 4.47e-20
58.3 0.98 5.89e-19 3.18e-20 4.04e-20
58.4 0.98 5.32e-19 2.87e-20 3.65e-20
58.5 0.98 4.8e-19 2.59e-20 3.29e-20
58.6 0.98 4.33e-19 2.34e-20 2.97e-20
58.7 0.98 3.91e-19 2.11e-20 2.69e-20
58.8 0.98 3.53e-19 1.91e-20 2.43e-20
58.9 0.98 3.19e-19 1.72e-20 2.19e-20
59 0.98 2.88e-19 1.56e-20 1.98e-20
59.1 0.98 2.6e-19 1.41e-20 1.79e-20
59.2 0.98 2.35e-19 1.27e-20 1.61e-20
59.3 0.98 2.12e-19 1.15e-20 1.46e-20
59.4 0.98 1.92e-19 1.04e-20 1.31e-20
59.5 0.98 1.73e-19 9.35e-21 1.19e-20
59.6 0.98 1.56e-19 8.44e-21 1.07e-20
59.7 0.98 1.41e-19 7.62e-21 9.68e-21
59.8 0.98 1.27e-19 6.88e-21 8.74e-21
59.9 0.98 1.15e-19 6.22e-21 7.89e-21
60 0.98 1.04e-19 5.61e-21 7.13e-21
60.1 0.98 9.38e-20 5.07e-21 6.44e-21
60.2 0.98 8.47e-20 4.58e-21 5.81e-21
60.3 0.98 7.65e-20 4.13e-21 5.25e-21
60.4 0.98 6.91e-20 3.73e-21 4.74e-21
60.5 0.98 6.24e-20 3.37e-21 4.28e-21
60.6 0.98 5.63e-20 3.04e-21 3.86e-21
60.7 0.98 5.08e-20 2.75e-21 3.49e-21
60.8 0.98 4.59e-20 2.48e-21 3.15e-21
60.9 0.98 4.15e-20 2.24e-21 2.85e-21
61 0.98 3.74e-20 2.02e-21 2.57e-21
61.1 0.98 3.38e-20 1.83e-21 2.32e-21
61.2 0.98 3.05e-20 1.65e-21 2.09e-21
61.3 0.98 2.76e-20 1.49e-21 1.89e-21
61.4 0.98 2.49e-20 1.35e-21 1.71e-21
61.5 0.98 2.25e-20 1.21e-21 1.54e-21
61.6 0.98 2.03e-20 1.1e-21 1.39e-21
61.7 0.98 1.83e-20 9.9e-22 1.26e-21
61.8 0.98 1.65e-20 8.94e-22 1.14e-21
61.9 0.98 1.49e-20 8.08e-22 1.03e-21
62 0.98 1.35e-20 7.29e-22 9.26e-22
62.1 0.98 1.22e-20 6.58e-22 8.36e-22
62.2 0.98 1.1e-20 5.95e-22 7.55e-22
62.3 0.98 9.94e-21 5.37e-22 6.82e-22
62.4 0.98 8.97e-21 4.85e-22 6.16e-22
62.5 0.98 8.1e-21 4.38e-22 5.56e-22
62.6 0.98 7.32e-21 3.95e-22 5.02e-22
62.7 0.98 6.61e-21 3.57e-22 4.53e-22
62.8 0.98 5.97e-21 3.22e-22 4.09e-22
62.9 0.98 5.39e-21 2.91e-22 3.7e-22
63 0.98 4.86e-21 2.63e-22 3.34e-22
63.1 0.98 4.39e-21 2.37e-22 3.01e-22
63.2 0.98 3.97e-21 2.14e-22 2.72e-22
63.3 0.98 3.58e-21 1.94e-22 2.46e-22
63.4 0.98 3.23e-21 1.75e-22 2.22e-22
63.5 0.98 2.92e-21 1.58e-22 2e-22
63.6 0.98 2.64e-21 1.42e-22 1.81e-22
63.7 0.98 2.38e-21 1.29e-22 1.63e-22
63.8 0.98 2.15e-21 1.16e-22 1.48e-22
63.9 0.98 1.94e-21 1.05e-22 1.33e-22
64 0.98 1.75e-21 9.47e-23 1.2e-22
64.1 0.98 1.58e-21 8.56e-23 1.09e-22
64.2 0.98 1.43e-21 7.73e-23 9.81e-23
64.3 0.98 1.29e-21 6.98e-23 8.86e-23
64.4 0.98 1.17e-21 6.3e-23 8e-23
64.5 0.98 1.05e-21 5.69e-23 7.22e-23
64.6 0.98 9.5e-22 5.14e-23 6.52e-23
64.7 0.98 8.58e-22 4.64e-23 5.89e-23
64.8 0.98 7.75e-22 4.19e-23 5.32e-23
64.9 0.98 7e-22 3.78e-23 4.8e-23
65 0.98 6.32e-22 3.41e-23 4.34e-23
65.1 0.98 5.71e-22 3.08e-23 3.92e-23
65.2 0.98 5.15e-22 2.78e-23 3.54e-23
65.3 0.98 4.65e-22 2.51e-23 3.19e-23
65.4 0.98 4.2e-22 2.27e-23 2.88e-23
65.5 0.98 3.79e-22 2.05e-23 2.6e-23
65.6 0.98 3.43e-22 1.85e-23 2.35e-23
65.7 0.98 3.09e-22 1.67e-23 2.12e-23
65.8 0.98 2.79e-22 1.51e-23 1.92e-23
65.9 0.98 2.52e-22 1.36e-23 1.73e-23
66 0.98 2.28e-22 1.23e-23 1.56e-23
66.1 0.98 2.06e-22 1.11e-23 1.41e-23
66.2 0.98 1.86e-22 1e-23 1.27e-23
66.3 0.98 1.68e-22 9.06e-24 1.15e-23
66.4 0.98 1.51e-22 8.18e-24 1.04e-23
66.5 0.98 1.37e-22 7.39e-24 9.38e-24
66.6 0.98 1.23e-22 6.67e-24 8.47e-24
66.7 0.98 1.12e-22 6.03e-24 7.65e-24
66.8 0.98 1.01e-22 5.44e-24 6.91e-24
66.9 0.98 9.09e-23 4.91e-24 6.24e-24
67 0.98 8.21e-23 4.44e-24 5.63e-24
67.1 0.98 7.41e-23 4.01e-24 5.09e-24
67.2 0.98 6.69e-23 3.62e-24 4.59e-24
67.3 0.98 6.05e-23 3.27e-24 4.15e-24
67.4 0.98 5.46e-23 2.95e-24 3.75e-24
67.5 0.98 4.93e-23 2.66e-24 3.38e-24
67.6 0.98 4.45e-23 2.41e-24 3.05e-24
67.7 0.98 4.02e-23 2.17e-24 2.76e-24
67.8 0.98 3.63e-23 1.96e-24 2.49e-24
67.9 0.98 3.28e-23 1.77e-24 2.25e-24
68 0.98 2.96e-23 1.6e-24 2.03e-24
68.1 0.98 2.67e-23 1.44e-24 1.83e-24
68.2 0.98 2.41e-23 1.3e-24 1.66e-24
68.3 0.98 2.18e-23 1.18e-24 1.5e-24
68.4 0.98 1.97e-23 1.06e-24 1.35e-24
68.5 0.98 1.78e-23 9.6e-25 1.22e-24
68.6 0.98 1.6e-23 8.67e-25 1.1e-24
68.7 0.98 1.45e-23 7.83e-25 9.94e-25
68.8 0.98 1.31e-23 7.07e-25 8.98e-25
68.9 0.98 1.18e-23 6.38e-25 8.11e-25
69 0.98 1.07e-23 5.76e-25 7.32e-25
69.1 0.98 9.63e-24 5.21e-25 6.61e-25
69.2 0.98 8.7e-24 4.7e-25 5.97e-25
69.3 0.98 7.85e-24 4.24e-25 5.39e-25
69.4 0.98 7.09e-24 3.83e-25 4.87e-25
69.5 0.98 6.4e-24 3.46e-25 4.39e-25
69.6 0.98 5.78e-24 3.13e-25 3.97e-25
69.7 0.98 5.22e-24 2.82e-25 3.58e-25
69.8 0.98 4.72e-24 2.55e-25 3.24e-25
69.9 0.98 4.26e-24 2.3e-25 2.92e-25
70 0.98 3.85e-24 2.08e-25 2.64e-25
70.1 0.98 3.47e-24 1.88e-25 2.38e-25
70.2 0.98 3.14e-24 1.69e-25 2.15e-25
70.3 0.98 2.83e-24 1.53e-25 1.94e-25
70.4 0.98 2.56e-24 1.38e-25 1.75e-25
70.5 0.98 2.31e-24 1.25e-25 1.58e-25
70.6 0.98 2.08e-24 1.13e-25 1.43e-25
70.7 0.98 1.88e-24 1.02e-25 1.29e-25
70.8 0.98 1.7e-24 9.18e-26 1.17e-25
70.9 0.98 1.53e-24 8.29e-26 1.05e-25
71 0.98 1.39e-24 7.49e-26 9.51e-26
71.1 0.98 1.25e-24 6.76e-26 8.59e-26
71.2 0.98 1.13e-24 6.11e-26 7.75e-26
71.3 0.98 1.02e-24 5.51e-26 7e-26
71.4 0.98 9.21e-25 4.98e-26 6.32e-26
71.5 0.98 8.32e-25 4.5e-26 5.71e-26
71.6 0.98 7.51e-25 4.06e-26 5.16e-26
71.7 0.98 6.78e-25 3.67e-26 4.66e-26
71.8 0.98 6.13e-25 3.31e-26 4.2e-26
71.9 0.98 5.53e-25 2.99e-26 3.8e-26
72 0.98 5e-25 2.7e-26 3.43e-26
72.1 0.98 4.51e-25 2.44e-26 3.1e-26
72.2 0.98 4.07e-25 2.2e-26 2.8e-26
72.3 0.98 3.68e-25 1.99e-26 2.52e-26
72.4 0.98 3.32e-25 1.79e-26 2.28e-26
72.5 0.98 3e-25 1.62e-26 2.06e-26
72.6 0.98 2.71e-25 1.46e-26 1.86e-26
72.7 0.98 2.45e-25 1.32e-26 1.68e-26
72.8 0.98 2.21e-25 1.19e-26 1.52e-26
72.9 0.98 1.99e-25 1.08e-26 1.37e-26
73 0.98 1.8e-25 9.73e-27 1.24e-26
73.1 0.98 1.63e-25 8.79e-27 1.12e-26
73.2 0.98 1.47e-25 7.93e-27 1.01e-26
73.3 0.98 1.33e-25 7.16e-27 9.1e-27
73.4 0.98 1.2e-25 6.47e-27 8.22e-27
73.5 0.98 1.08e-25 5.84e-27 7.42e-27
73.6 0.98 9.76e-26 5.28e-27 6.7e-27
73.7 0.98 8.81e-26 4.76e-27 6.05e-27
73.8 0.98 7.96e-26 4.3e-27 5.46e-27
73.9 0.98 7.19e-26 3.88e-27 4.93e-27
74 0.98 6.49e-26 3.51e-27 4.45e-27
74.1 0.98 5.86e-26 3.17e-27 4.02e-27
74.2 0.98 5.29e-26 2.86e-27 3.63e-27
74.3 0.98 4.78e-26 2.58e-27 3.28e-27
74.4 0.98 4.32e-26 2.33e-27 2.96e-27
74.5 0.98 3.9e-26 2.11e-27 2.67e-27
74.6 0.98 3.52e-26 1.9e-27 2.41e-27
74.7 0.98 3.18e-26 1.72e-27 2.18e-27
74.8 0.98 2.87e-26 1.55e-27 1.97e-27
74.9 0.98 2.59e-26 1.4e-27 1.78e-27
75 0.98 2.34e-26 1.26e-27 1.61e-27
75.1 0.98 2.11e-26 1.14e-27 1.45e-27
75.2 0.98 1.91e-26 1.03e-27 1.31e-27
75.3 0.98 1.72e-26 9.31e-28 1.18e-27
75.4 0.98 1.56e-26 8.41e-28 1.07e-27
75.5 0.98 1.4e-26 7.59e-28 9.64e-28
75.6 0.98 1.27e-26 6.85e-28 8.7e-28
75.7 0.98 1.15e-26 6.19e-28 7.86e-28
75.8 0.98 1.03e-26 5.59e-28 7.1e-28
75.9 0.98 9.34e-27 5.05e-28 6.41e-28
76 0.98 8.43e-27 4.56e-28 5.79e-28
76.1 0.98 7.61e-27 4.11e-28 5.23e-28
76.2 0.98 6.88e-27 3.72e-28 4.72e-28
76.3 0.98 6.21e-27 3.36e-28 4.26e-28
76.4 0.98 5.61e-27 3.03e-28 3.85e-28
76.5 0.98 5.06e-27 2.74e-28 3.47e-28
76.6 0.98 4.57e-27 2.47e-28 3.14e-28
76.7 0.98 4.13e-27 2.23e-28 2.83e-28
76.8 0.98 3.73e-27 2.01e-28 2.56e-28
76.9 0.98 3.37e-27 1.82e-28 2.31e-28
77 0.98 3.04e-27 1.64e-28 2.09e-28
77.1 0.98 2.74e-27 1.48e-28 1.88e-28
77.2 0.98 2.48e-27 1.34e-28 1.7e-28
77.3 0.98 2.24e-27 1.21e-28 1.54e-28
77.4 0.98 2.02e-27 1.09e-28 1.39e-28
77.5 0.98 1.82e-27 9.86e-29 1.25e-28
77.6 0.98 1.65e-27 8.9e-29 1.13e-28
77.7 0.98 1.49e-27 8.04e-29 1.02e-28
77.8 0.98 1.34e-27 7.26e-29 9.22e-29
77.9 0.98 1.21e-27 6.56e-29 8.33e-29
78 0.98 1.1e-27 5.92e-29 7.52e-29
78.1 0.98 9.89e-28 5.35e-29 6.79e-29
78.2 0.98 8.93e-28 4.83e-29 6.13e-29
78.3 0.98 8.07e-28 4.36e-29 5.54e-29
78.4 0.98 7.28e-28 3.94e-29 5e-29
78.5 0.98 6.58e-28 3.55e-29 4.51e-29
78.6 0.98 5.94e-28 3.21e-29 4.08e-29
78.7 0.98 5.36e-28 2.9e-29 3.68e-29
78.8 0.98 4.84e-28 2.62e-29 3.32e-29
78.9 0.98 4.37e-28 2.36e-29 3e-29
79 0.98 3.95e-28 2.13e-29 2.71e-29
79.1 0.98 3.57e-28 1.93e-29 2.45e-29
79.2 0.98 3.22e-28 1.74e-29 2.21e-29
79.3 0.98 2.91e-28 1.57e-29 2e-29
79.4 0.98 2.63e-28 1.42e-29 1.8e-29
79.5 0.98 2.37e-28 1.28e-29 1.63e-29
79.6 0.98 2.14e-28 1.16e-29 1.47e-29
79.7 0.98 1.93e-28 1.04e-29 1.33e-29
79.8 0.98 1.75e-28 9.43e-30 1.2e-29
79.9 0.98 1.58e-28 8.52e-30 1.08e-29
80 0.98 1.42e-28 7.69e-30 9.77e-30
80.1 0.98 1.29e-28 6.95e-30 8.82e-30
80.2 0.98 1.16e-28 6.27e-30 7.96e-30
80.3 0.98 1.05e-28 5.66e-30 7.19e-30
80.4 0.98 9.46e-29 5.11e-30 6.49e-30
80.5 0.98 8.55e-29 4.62e-30 5.86e-30
80.6 0.98 7.72e-29 4.17e-30 5.3e-30
80.7 0.98 6.97e-29 3.77e-30 4.78e-30
80.8 0.98 6.29e-29 3.4e-30 4.32e-30
80.9 0.98 5.68e-29 3.07e-30 3.9e-30
81 0.98 5.13e-29 2.77e-30 3.52e-30
81.1 0.98 4.63e-29 2.5e-30 3.18e-30
81.2 0.98 4.18e-29 2.26e-30 2.87e-30
81.3 0.98 3.78e-29 2.04e-30 2.59e-30
81.4 0.98 3.41e-29 1.84e-30 2.34e-30
81.5 0.98 3.08e-29 1.66e-30 2.11e-30
81.6 0.98 2.78e-29 1.5e-30 1.91e-30
81.7 0.98 2.51e-29 1.36e-30 1.72e-30
81.8 0.98 2.27e-29 1.23e-30 1.56e-30
81.9 0.98 2.05e-29 1.11e-30 1.41e-30
82 0.98 1.85e-29 9.99e-31 1.27e-30
82.1 0.98 1.67e-29 9.02e-31 1.15e-30
82.2 0.98 1.51e-29 8.15e-31 1.03e-30
82.3 0.98 1.36e-29 7.36e-31 9.34e-31
82.4 0.98 1.23e-29 6.64e-31 8.44e-31
82.5 0.98 1.11e-29 6e-31 7.62e-31
82.6 0.98 1e-29 5.42e-31 6.88e-31
82.7 0.98 9.05e-30 4.89e-31 6.21e-31
82.8 0.98 8.17e-30 4.42e-31 5.61e-31
82.9 0.98 7.38e-30 3.99e-31 5.07e-31
83 0.98 6.67e-30 3.6e-31 4.57e-31
83.1 0.98 6.02e-30 3.25e-31 4.13e-31
83.2 0.98 5.44e-30 2.94e-31 3.73e-31
83.3 0.98 4.91e-30 2.65e-31 3.37e-31
83.4 0.98 4.43e-30 2.39e-31 3.04e-31
83.5 0.98 4e-30 2.16e-31 2.75e-31
83.6 0.98 3.61e-30 1.95e-31 2.48e-31
83.7 0.98 3.26e-30 1.76e-31 2.24e-31
83.8 0.98 2.95e-30 1.59e-31 2.02e-31
83.9 0.98 2.66e-30 1.44e-31 1.83e-31
84 0.98 2.4e-30 1.3e-31 1.65e-31
84.1 0.98 2.17e-30 1.17e-31 1.49e-31
84.2 0.98 1.96e-30 1.06e-31 1.34e-31
84.3 0.98 1.77e-30 9.56e-32 1.21e-31
84.4 0.98 1.6e-30 8.63e-32 1.1e-31
84.5 0.98 1.44e-30 7.79e-32 9.9e-32
84.6 0.98 1.3e-30 7.04e-32 8.94e-32
84.7 0.98 1.18e-30 6.36e-32 8.07e-32
84.8 0.98 1.06e-30 5.74e-32 7.29e-32
84.9 0.98 9.59e-31 5.18e-32 6.58e-32
85 0.98 8.66e-31 4.68e-32 5.94e-32
85.1 0.98 7.82e-31 4.23e-32 5.37e-32
85.2 0.98 7.06e-31 3.82e-32 4.85e-32
85.3 0.98 6.38e-31 3.45e-32 4.38e-32
85.4 0.98 5.76e-31 3.11e-32 3.95e-32
85.5 0.98 5.2e-31 2.81e-32 3.57e-32
85.6 0.98 4.7e-31 2.54e-32 3.22e-32
85.7 0.98 4.24e-31 2.29e-32 2.91e-32
85.8 0.98 3.83e-31 2.07e-32 2.63e-32
85.9 0.98 3.46e-31 1.87e-32 2.37e-32
86 0.98 3.12e-31 1.69e-32 2.14e-32
86.1 0.98 2.82e-31 1.52e-32 1.93e-32
86.2 0.98 2.55e-31 1.38e-32 1.75e-32
86.3 0.98 2.3e-31 1.24e-32 1.58e-32
86.4 0.98 2.08e-31 1.12e-32 1.42e-32
86.5 0.98 1.87e-31 1.01e-32 1.29e-32
86.6 0.98 1.69e-31 9.14e-33 1.16e-32
86.7 0.98 1.53e-31 8.26e-33 1.05e-32
86.8 0.98 1.38e-31 7.46e-33 9.47e-33
86.9 0.98 1.25e-31 6.73e-33 8.55e-33
87 0.98 1.13e-31 6.08e-33 7.72e-33
87.1 0.98 1.02e-31 5.49e-33 6.97e-33
87.2 0.98 9.17e-32 4.96e-33 6.3e-33
87.3 0.98 8.28e-32 4.48e-33 5.68e-33
87.4 0.98 7.48e-32 4.04e-33 5.13e-33
87.5 0.98 6.76e-32 3.65e-33 4.64e-33
87.6 0.98 6.1e-32 3.3e-33 4.19e-33
87.7 0.98 5.51e-32 2.98e-33 3.78e-33
87.8 0.98 4.97e-32 2.69e-33 3.41e-33
87.9 0.98 4.49e-32 2.43e-33 3.08e-33
88 0.98 4.06e-32 2.19e-33 2.78e-33
88.1 0.98 3.66e-32 1.98e-33 2.51e-33
88.2 0.98 3.31e-32 1.79e-33 2.27e-33
88.3 0.98 2.99e-32 1.61e-33 2.05e-33
88.4 0.98 2.7e-32 1.46e-33 1.85e-33
88.5 0.98 2.43e-32 1.32e-33 1.67e-33
88.6 0.98 2.2e-32 1.19e-33 1.51e-33
88.7 0.98 1.99e-32 1.07e-33 1.36e-33
88.8 0.98 1.79e-32 9.69e-34 1.23e-33
88.9 0.98 1.62e-32 8.75e-34 1.11e-33
89 0.98 1.46e-32 7.9e-34 1e-33
89.1 0.98 1.32e-32 7.13e-34 9.06e-34
89.2 0.98 1.19e-32 6.44e-34 8.18e-34
89.3 0.98 1.08e-32 5.82e-34 7.39e-34
89.4 0.98 9.72e-33 5.25e-34 6.67e-34
89.5 0.98 8.78e-33 4.74e-34 6.02e-34
89.6 0.98 7.93e-33 4.28e-34 5.44e-34
89.7 0.98 7.16e-33 3.87e-34 4.91e-34
89.8 0.98 6.46e-33 3.49e-34 4.43e-34
89.9 0.98 5.84e-33 3.15e-34 4e-34
90 0.98 5.27e-33 2.85e-34 3.62e-34
90.1 0.98 4.76e-33 2.57e-34 3.26e-34
90.2 0.98 4.3e-33 2.32e-34 2.95e-34
90.3 0.98 3.88e-33 2.1e-34 2.66e-34
90.4 0.98 3.5e-33 1.89e-34 2.4e-34
90.5 0.98 3.16e-33 1.71e-34 2.17e-34
90.6 0.98 2.86e-33 1.54e-34 1.96e-34
90.7 0.98 2.58e-33 1.39e-34 1.77e-34
90.8 0.98 2.33e-33 1.26e-34 1.6e-34
90.9 0.98 2.1e-33 1.14e-34 1.44e-34
91 0.98 1.9e-33 1.03e-34 1.3e-34
91.1 0.98 1.72e-33 9.27e-35 1.18e-34
91.2 0.98 1.55e-33 8.37e-35 1.06e-34
91.3 0.98 1.4e-33 7.56e-35 9.6e-35
91.4 0.98 1.26e-33 6.82e-35 8.67e-35
91.5 0.98 1.14e-33 6.16e-35 7.82e-35
91.6 0.98 1.03e-33 5.56e-35 7.07e-35
91.7 0.98 9.3e-34 5.02e-35 6.38e-35
91.8 0.98 8.4e-34 4.54e-35 5.76e-35
91.9 0.98 7.58e-34 4.1e-35 5.2e-35
92 0.98 6.85e-34 3.7e-35 4.7e-35
92.1 0.98 6.18e-34 3.34e-35 4.24e-35
92.2 0.98 5.58e-34 3.02e-35 3.83e-35
92.3 0.98 5.04e-34 2.72e-35 3.46e-35
92.4 0.98 4.55e-34 2.46e-35 3.12e-35
92.5 0.98 4.11e-34 2.22e-35 2.82e-35
92.6 0.98 3.71e-34 2.01e-35 2.55e-35
92.7 0.98 3.35e-34 1.81e-35 2.3e-35
92.8 0.98 3.03e-34 1.64e-35 2.08e-35
92.9 0.98 2.73e-34 1.48e-35 1.88e-35
93 0.98 2.47e-34 1.33e-35 1.69e-35
93.1 0.98 2.23e-34 1.2e-35 1.53e-35
93.2 0.98 2.01e-34 1.09e-35 1.38e-35
93.3 0.98 1.82e-34 9.82e-36 1.25e-35
93.4 0.98 1.64e-34 8.87e-36 1.13e-35
93.5 0.98 1.48e-34 8.01e-36 1.02e-35
93.6 0.98 1.34e-34 7.23e-36 9.18e-36
93.7 0.98 1.21e-34 6.53e-36 8.29e-36
93.8 0.98 1.09e-34 5.89e-36 7.49e-36
93.9 0.98 9.85e-35 5.32e-36 6.76e-36
94 0.98 8.89e-35 4.81e-36 6.1e-36
94.1 0.98 8.03e-35 4.34e-36 5.51e-36
94.2 0.98 7.25e-35 3.92e-36 4.98e-36
94.3 0.98 6.55e-35 3.54e-36 4.49e-36
94.4 0.98 5.91e-35 3.2e-36 4.06e-36
94.5 0.98 5.34e-35 2.89e-36 3.66e-36
94.6 0.98 4.82e-35 2.61e-36 3.31e-36
94.7 0.98 4.35e-35 2.35e-36 2.99e-36
94.8 0.98 3.93e-35 2.12e-36 2.7e-36
94.9 0.98 3.55e-35 1.92e-36 2.44e-36
95 0.98 3.21e-35 1.73e-36 2.2e-36
95.1 0.98 2.89e-35 1.56e-36 1.99e-36
95.2 0.98 2.61e-35 1.41e-36 1.79e-36
95.3 0.98 2.36e-35 1.28e-36 1.62e-36
95.4 0.98 2.13e-35 1.15e-36 1.46e-36
95.5 0.98 1.92e-35 1.04e-36 1.32e-36
95.6 0.98 1.74e-35 9.39e-37 1.19e-36
95.7 0.98 1.57e-35 8.48e-37 1.08e-36
95.8 0.98 1.42e-35 7.66e-37 9.72e-37
95.9 0.98 1.28e-35 6.92e-37 8.78e-37
96 0.98 1.16e-35 6.24e-37 7.93e-37
96.1 0.98 1.04e-35 5.64e-37 7.16e-37
96.2 0.98 9.42e-36 5.09e-37 6.47e-37
96.3 0.98 8.51e-36 4.6e-37 5.84e-37
96.4 0.98 7.68e-36 4.15e-37 5.27e-37
96.5 0.98 6.94e-36 3.75e-37 4.76e-37
96.6 0.98 6.26e-36 3.39e-37 4.3e-37
96.7 0.98 5.66e-36 3.06e-37 3.88e-37
96.8 0.98 5.11e-36 2.76e-37 3.51e-37
96.9 0.98 4.61e-36 2.49e-37 3.17e-37
97 0.98 4.17e-36 2.25e-37 2.86e-37
97.1 0.98 3.76e-36 2.03e-37 2.58e-37
97.2 0.98 3.4e-36 1.84e-37 2.33e-37
97.3 0.98 3.07e-36 1.66e-37 2.1e-37
97.4 0.98 2.77e-36 1.5e-37 1.9e-37
97.5 0.98 2.5e-36 1.35e-37 1.72e-37
97.6 0.98 2.26e-36 1.22e-37 1.55e-37
97.7 0.98 2.04e-36 1.1e-37 1.4e-37
97.8 0.98 1.84e-36 9.95e-38 1.26e-37
97.9 0.98 1.66e-36 8.98e-38 1.14e-37
98 0.98 1.5e-36 8.11e-38 1.03e-37
98.1 0.98 1.36e-36 7.33e-38 9.3e-38
98.2 0.98 1.22e-36 6.62e-38 8.4e-38
98.3 0.98 1.11e-36 5.97e-38 7.59e-38
98.4 0.98 9.98e-37 5.39e-38 6.85e-38
98.5 0.98 9.01e-37 4.87e-38 6.19e-38
98.6 0.98 8.14e-37 4.4e-38 5.59e-38
98.7 0.98 7.35e-37 3.97e-38 5.04e-38
98.8 0.98 6.64e-37 3.59e-38 4.55e-38
98.9 0.98 5.99e-37 3.24e-38 4.11e-38
99 0.98 5.41e-37 2.92e-38 3.71e-38
99.1 0.98 4.89e-37 2.64e-38 3.35e-38
99.2 0.98 4.41e-37 2.38e-38 3.03e-38
99.3 0.98 3.98e-37 2.15e-38 2.73e-38
99.4 0.98 3.6e-37 1.94e-38 2.47e-38
99.5 0.98 3.25e-37 1.76e-38 2.23e-38
99.6 0.98 2.93e-37 1.59e-38 2.01e-38
99.7 0.98 2.65e-37 1.43e-38 1.82e-38
99.8 0.98 2.39e-37 1.29e-38 1.64e-38
99.9 0.98 2.16e-37 1.17e-38 1.48e-38
