-25 3.4 0.00165 4.95e-08 1.29e-07
-24.9 3.4 0.0017 5.08e-08 1.33e-07
-24.8 3.4 0.00175 5.22e-08 1.37e-07
-24.7 3.4 0.0018 5.36e-08 1.4e-07
-24.6 3.4 0.00185 5.5e-08 1.44e-07
-24.5 3.4 0.00191 5.66e-08 1.48e-07
-24.4 3.4 0.00197 5.81e-08 1.52e-07
-24.3 3.4 0.00202 5.96e-08 1.56e-07
-24.2 3.4 0.00208 6.12e-08 1.61e-07
-24.1 3.4 0.00215 6.29e-08 1.65e-07
-24 3.4 0.00221 6.46e-08 1.69e-07
-23.9 3.4 0.00228 6.63e-08 1.74e-07
-23.8 3.4 0.00234 6.81e-08 1.79e-07
-23.7 3.4 0.00241 6.98e-08 1.84e-07
-23.6 3.4 0.00248 7.17e-08 1.88e-07
-23.5 3.4 0.00256 7.36e-08 1.93e-07
-23.4 3.4 0.00263 7.55e-08 1.99e-07
-23.3 3.4 0.00271 7.74e-08 2.04e-07
-23.2 3.4 0.00279 7.94e-08 2.09e-07
-23.1 3.4 0.00288 8.15e-08 2.15e-07
-23 3.4 0.00296 8.36e-08 2.2e-07
-22.9 3.4 0.00305 8.57e-08 2.26e-07
-22.8 3.4 0.00314 8.78e-08 2.32e-07
-22.7 3.4 0.00323 9.01e-08 2.38e-07
-22.6 3.4 0.00333 9.22e-08 2.44e-07
-22.5 3.4 0.00343 9.46e-08 2.5e-07
-22.4 3.4 0.00353 9.7e-08 2.56e-07
-22.3 3.4 0.00364 9.93e-08 2.63e-07
-22.2 3.4 0.00374 1.02e-07 2.69e-07
-22.1 3.4 0.00385 1.04e-07 2.76e-07
-22 3.4 0.00397 1.07e-07 2.83e-07
-21.9 3.4 0.00409 1.09e-07 2.9e-07
-21.8 3.4 0.00421 1.12e-07 2.97e-07
-21.7 3.4 0.00433 1.14e-07 3.04e-07
-21.6 3.4 0.00446 1.17e-07 3.11e-07
-21.5 3.4 0.00459 1.2e-07 3.19e-07
-21.4 3.4 0.00473 1.23e-07 3.26e-07
-21.3 3.4 0.00487 1.25e-07 3.34e-07
-21.2 3.4 0.00501 1.28e-07 3.41e-07
-21.1 3.4 0.00516 1.31e-07 3.49e-07
-21 3.4 0.00532 1.34e-07 3.57e-07
-20.9 3.4 0.00547 1.37e-07 3.65e-07
-20.8 3.4 0.00564 1.4e-07 3.73e-07
-20.7 3.4 0.0058 1.43e-07 3.81e-07
-20.6 3.4 0.00597 1.46e-07 3.9e-07
-20.5 3.4 0.00615 1.49e-07 3.98e-07
-20.4 3.4 0.00633 1.52e-07 4.06e-07
-20.3 3.4 0.00652 1.55e-07 4.15e-07
-20.2 3.4 0.00671 1.58e-07 4.23e-07
-20.1 3.4 0.00691 1.61e-07 4.32e-07
-20 3.4 0.00711 1.64e-07 4.4e-07
-19.9 3.4 0.00733 1.67e-07 4.49e-07
-19.8 3.4 0.00754 1.7e-07 4.58e-07
-19.7 3.4 0.00776 1.73e-07 4.66e-07
-19.6 3.4 0.00799 1.76e-07 4.75e-07
-19.5 3.4 0.00823 1.79e-07 4.83e-07
-19.4 3.4 0.00847 1.81e-07 4.92e-07
-19.3 3.4 0.00872 1.84e-07 5e-07
-19.2 3.4 0.00898 1.87e-07 5.09e-07
-19.1 3.4 0.00924 1.9e-07 5.17e-07
-19 3.4 0.00951 1.93e-07 5.25e-07
-18.9 3.4 0.00979 1.95e-07 5.33e-07
-18.8 3.4 0.0101 1.98e-07 5.41e-07
-18.7 3.4 0.0104 2e-07 5.48e-07
-18.6 3.4 0.0107 2.03e-07 5.55e-07
-18.5 3.4 0.011 2.05e-07 5.63e-07
-18.4 3.4 0.0113 2.07e-07 5.69e-07
-18.3 3.4 0.0117 2.09e-07 5.76e-07
-18.2 3.4 0.012 2.11e-07 5.82e-07
-18.1 3.4 0.0123 2.13e-07 5.88e-07
-18 3.4 0.0127 2.14e-07 5.94e-07
-17.9 3.4 0.0131 2.15e-07 5.97e-07
-17.8 3.4 0.0135 2.17e-07 6.02e-07
-17.7 3.4 0.0139 2.18e-07 6.07e-07
-17.6 3.4 0.0143 2.19e-07 6.1e-07
-17.5 3.4 0.0147 2.2e-07 6.12e-07
-17.4 3.4 0.0151 2.2e-07 6.15e-07
-17.3 3.4 0.0155 2.2e-07 6.15e-07
-17.2 3.4 0.016 2.19e-07 6.16e-07
-17.1 3.4 0.0165 2.18e-07 6.16e-07
-17 3.4 0.0169 2.2e-07 6.15e-07
-16.9 3.4 0.0174 2.23e-07 6.12e-07
-16.8 3.4 0.0179 2.25e-07 6.09e-07
-16.7 3.4 0.0185 2.27e-07 6.05e-07
-16.6 3.4 0.019 2.29e-07 6e-07
-16.5 3.4 0.0196 2.31e-07 5.93e-07
-16.4 3.4 0.0201 2.32e-07 5.86e-07
-16.3 3.4 0.0207 2.33e-07 5.76e-07
-16.2 3.4 0.0213 2.34e-07 5.66e-07
-16.1 3.4 0.0219 2.35e-07 5.54e-07
-16 3.4 0.0226 2.35e-07 5.4e-07
-15.9 3.4 0.0232 2.35e-07 5.25e-07
-15.8 3.4 0.0239 2.35e-07 5.08e-07
-15.7 3.4 0.0246 2.33e-07 4.89e-07
-15.6 3.4 0.0253 2.32e-07 4.69e-07
-15.5 3.4 0.026 2.3e-07 4.46e-07
-15.4 3.4 0.0267 2.27e-07 4.22e-07
-15.3 3.4 0.0275 2.23e-07 3.95e-07
-15.2 3.4 0.0283 2.19e-07 3.67e-07
-15.1 3.4 0.0291 2.14e-07 3.36e-07
-15 3.4 0.0299 3.52e-07 7.52e-07
-14.9 3.4 0.0308 3.2e-07 6.67e-07
-14.8 3.4 0.0317 2.87e-07 5.78e-07
-14.7 3.4 0.0326 2.53e-07 4.8e-07
-14.6 3.4 0.0335 2.17e-07 3.77e-07
-14.5 3.4 0.0344 1.8e-07 2.68e-07
-14.4 3.4 0.0354 1.43e-07 1.51e-07
-14.3 3.4 0.0364 1.21e-07 1.55e-07
-14.2 3.4 0.0374 9.8e-08 2.46e-07
-14.1 3.4 0.0385 2.39e-07 3.2e-07
-14 3.4 0.0396 1.28e-07 3.21e-07
-13.9 3.4 0.0407 1.65e-07 3.8e-07
-13.8 3.4 0.0418 1.96e-07 4.5e-07
-13.7 3.4 0.043 2.79e-07 5.38e-07
-13.6 3.4 0.0442 4.89e-07 6.65e-07
-13.5 3.4 0.0455 1.02e-06 9.02e-07
-13.4 3.4 0.0467 3.66e-06 1.84e-06
-13.3 3.4 0.048 2.4e-06 5.62e-06
-13.2 3.4 0.0494 1.42e-06 2.06e-06
-13.1 3.4 0.0507 1.3e-06 1.45e-06
-13 3.4 0.0521 1.3e-06 1.22e-06
-12.9 3.4 0.0536 1.35e-06 1.11e-06
-12.8 3.4 0.055 1.43e-06 1.05e-06
-12.7 3.4 0.0566 1.51e-06 1.02e-06
-12.6 3.4 0.0581 1.6e-06 1.01e-06
-12.5 3.4 0.0597 1.7e-06 1.01e-06
-12.4 3.4 0.0613 1.81e-06 1.02e-06
-12.3 3.4 0.063 1.91e-06 1.04e-06
-12.2 3.4 0.0647 2.03e-06 1.06e-06
-12.1 3.4 0.0665 2.14e-06 1.08e-06
-12 3.4 0.0683 2.25e-06 1.1e-06
-11.9 3.4 0.0701 2.37e-06 1.13e-06
-11.8 3.4 0.072 2.49e-06 1.15e-06
-11.7 3.4 0.0739 2.6e-06 1.18e-06
-11.6 3.4 0.0759 2.72e-06 1.2e-06
-11.5 3.4 0.0779 2.84e-06 1.23e-06
-11.4 3.4 0.08 2.95e-06 1.25e-06
-11.3 3.4 0.0821 3.07e-06 1.27e-06
-11.2 3.4 0.0842 3.18e-06 1.29e-06
-11.1 3.4 0.0865 3.29e-06 1.31e-06
-11 3.4 0.0887 3.39e-06 1.32e-06
-10.9 3.4 0.091 3.49e-06 1.33e-06
-10.8 3.4 0.0934 3.59e-06 1.34e-06
-10.7 3.4 0.0958 3.68e-06 1.35e-06
-10.6 3.4 0.0983 3.76e-06 1.35e-06
-10.5 3.4 0.101 3.84e-06 1.34e-06
-10.4 3.4 0.103 3.9e-06 1.4e-06
-10.3 3.4 0.106 3.96e-06 1.49e-06
-10.2 3.4 0.109 4e-06 1.58e-06
-10.1 3.4 0.112 4.04e-06 1.67e-06
-10 3.4 0.114 8.17e-06 7.05e-06
-9.9 3.4 0.117 9.16e-06 7.67e-06
-9.8 3.4 0.12 1.01e-05 8.28e-06
-9.7 3.4 0.123 1.11e-05 8.9e-06
-9.6 3.4 0.126 1.21e-05 9.5e-06
-9.5 3.4 0.129 1.31e-05 1.01e-05
-9.4 3.4 0.132 1.41e-05 1.07e-05
-9.3 3.4 0.136 1.51e-05 1.13e-05
-9.2 3.4 0.139 1.6e-05 1.18e-05
-9.1 3.4 0.142 1.93e-05 9.96e-06
-9 3.4 0.146 2.03e-05 1.03e-05
-8.9 3.4 0.149 2.14e-05 1.05e-05
-8.8 3.4 0.153 2.24e-05 1.07e-05
-8.7 3.4 0.156 2.32e-05 1.09e-05
-8.6 3.4 0.16 1.33e-05 5.55e-06
-8.5 3.4 0.164 1.27e-05 5.98e-06
-8.4 3.4 0.168 2.66e-06 4.75e-06
-8.3 3.4 0.172 4.15e-06 5.72e-06
-8.2 3.4 0.176 7.4e-06 7.73e-06
-8.1 3.4 0.18 2.1e-05 1.48e-05
-8 3.4 0.184 9.03e-05 7.76e-05
-7.9 3.4 0.188 1.33e-05 1.54e-05
-7.8 3.4 0.192 7.59e-06 6.32e-06
-7.7 3.4 0.196 5.08e-06 4.36e-06
-7.6 3.4 0.201 3.96e-06 3.16e-06
-7.5 3.4 0.205 3.18e-06 2.42e-06
-7.4 3.4 0.209 2.57e-06 1.9e-06
-7.3 3.4 0.214 2.07e-06 1.49e-06
-7.2 3.4 0.219 1.63e-06 1.16e-06
-7.1 3.4 0.223 1.22e-06 8.95e-07
-7 3.4 0.228 8.6e-07 6.7e-07
-6.9 3.4 0.233 5.15e-07 4.75e-07
-6.8 3.4 0.238 1.9e-07 3.3e-07
-6.7 3.4 0.243 2.6e-07 2.3e-07
-6.6 3.4 0.248 5.08e-07 3.63e-07
-6.5 3.4 0.253 7.6e-07 5.9e-07
-6.4 3.4 0.258 9.57e-07 5.02e-07
-6.3 3.4 0.263 1.38e-06 8.7e-07
-6.2 3.4 0.268 1.9e-06 1.95e-06
-6.1 3.4 0.273 3.17e-06 5.34e-06
-6 3.4 0.279 3.03e-05 8.63e-05
-5.9 3.4 0.284 1.09e-05 6.21e-06
-5.8 3.4 0.29 6.34e-06 4.88e-06
-5.7 3.4 0.295 4.99e-06 4.6e-06
-5.6 3.4 0.301 4.43e-06 4.51e-06
-5.5 3.4 0.306 4.23e-06 4.42e-06
-5.4 3.4 0.312 4.37e-06 4.16e-06
-5.3 3.4 0.318 5.46e-06 6.55e-06
-5.2 3.4 0.323 0.000132 4.94e-05
-5.1 3.4 0.329 7.9e-06 8.12e-06
-5 3.4 0.335 4.6e-06 7.17e-06
-4.9 3.4 0.341 3.45e-06 6.92e-06
-4.8 3.4 0.347 2.87e-06 6.85e-06
-4.7 3.4 0.353 2.65e-06 6.84e-06
-4.6 3.4 0.359 2.97e-06 6.87e-06
-4.5 3.4 0.365 3.27e-06 6.91e-06
-4.4 3.4 0.371 3.55e-06 6.94e-06
-4.3 3.4 0.377 3.82e-06 6.97e-06
-4.2 3.4 0.383 4.08e-06 7e-06
-4.1 3.4 0.389 4.32e-06 7.03e-06
-4 3.4 0.395 4.56e-06 7.05e-06
-3.9 3.4 0.402 4.78e-06 7.06e-06
-3.8 3.4 0.408 5e-06 7.07e-06
-3.7 3.4 0.414 5.21e-06 7.08e-06
-3.6 3.4 0.42 5.4e-06 7.08e-06
-3.5 3.4 0.427 5.59e-06 7.08e-06
-3.4 3.4 0.433 5.77e-06 7.08e-06
-3.3 3.4 0.439 5.94e-06 7.07e-06
-3.2 3.4 0.445 6.09e-06 7.07e-06
-3.1 3.4 0.452 6.22e-06 7.08e-06
-3 3.4 0.458 5.95e-06 7.48e-06
-2.9 3.4 0.464 6.59e-06 6.95e-06
-2.8 3.4 0.471 6.68e-06 6.97e-06
-2.7 3.4 0.477 6.78e-06 6.97e-06
-2.6 3.4 0.483 6.87e-06 6.96e-06
-2.5 3.4 0.49 6.95e-06 6.95e-06
-2.4 3.4 0.496 7.01e-06 6.92e-06
-2.3 3.4 0.502 7.07e-06 6.91e-06
-2.2 3.4 0.509 7.12e-06 6.89e-06
-2.1 3.4 0.515 7.15e-06 6.86e-06
-2 3.4 0.521 7.18e-06 6.83e-06
-1.9 3.4 0.527 7.19e-06 6.79e-06
-1.8 3.4 0.533 7.19e-06 6.74e-06
-1.7 3.4 0.54 7.2e-06 6.68e-06
-1.6 3.4 0.546 7.19e-06 6.61e-06
-1.5 3.4 0.552 7.17e-06 6.53e-06
-1.4 3.4 0.558 7.16e-06 6.42e-06
-1.3 3.4 0.564 7.15e-06 6.28e-06
-1.2 3.4 0.57 7.14e-06 6.12e-06
-1.1 3.4 0.576 7.16e-06 5.9e-06
-1 3.4 0.582 7.22e-06 5.62e-06
-0.9 3.4 0.588 7.37e-06 5.22e-06
-0.8 3.4 0.594 6.75e-06 1.4e-05
-0.7 3.4 0.6 7.26e-06 1.14e-05
-0.6 3.4 0.605 1.06e-05 1.36e-05
-0.5 3.4 0.611 4.99e-05 2.55e-05
-0.4 3.4 0.617 1.54e-05 1.22e-05
-0.3 3.4 0.623 1.22e-05 7.35e-06
-0.2 3.4 0.628 1.16e-05 5.31e-06
-0.1 3.4 0.634 1.33e-05 1.96e-05
8.88e-15 3.4 0.639 8.55e-05 3.2e-05
0.1 3.4 0.645 2.01e-05 8.99e-06
0.2 3.4 0.65 1.76e-05 7.23e-06
0.3 3.4 0.655 3.03e-05 8.72e-05
0.4 3.4 0.66 3.41e-06 3.59e-06
0.5 3.4 0.666 2.3e-06 4.18e-06
0.6 3.4 0.671 1.94e-06 4.06e-06
0.7 3.4 0.676 1.75e-06 3.77e-06
0.8 3.4 0.681 1.64e-06 3.42e-06
0.9 3.4 0.686 1.6e-06 3.05e-06
1 3.4 0.69 1.66e-06 2.69e-06
1.1 3.4 0.695 2.38e-06 2.14e-06
1.2 3.4 0.7 1.14e-05 3e-05
1.3 3.4 0.704 1.15e-06 7.35e-07
1.4 3.4 0.709 7.97e-07 5.22e-07
1.5 3.4 0.713 5.63e-07 5.28e-07
1.6 3.4 0.718 3.43e-07 5.48e-07
1.7 3.4 0.722 5.18e-07 5.42e-07
1.8 3.4 0.726 8.93e-07 5.38e-07
1.9 3.4 0.731 1.27e-06 5.28e-07
2 3.4 0.735 1.66e-06 6.52e-07
2.1 3.4 0.739 2.68e-06 2.37e-06
2.2 3.4 0.743 3.15e-06 2.61e-06
2.3 3.4 0.746 3.62e-06 2.84e-06
2.4 3.4 0.75 4.08e-06 3.06e-06
2.5 3.4 0.754 4.55e-06 3.28e-06
2.6 3.4 0.757 5.01e-06 3.5e-06
2.7 3.4 0.761 5.46e-06 3.7e-06
2.8 3.4 0.764 5.9e-06 3.89e-06
2.9 3.4 0.768 6.34e-06 4.07e-06
3 3.4 0.771 6.76e-06 4.25e-06
3.1 3.4 0.774 7.18e-06 4.42e-06
3.2 3.4 0.777 7.59e-06 4.59e-06
3.3 3.4 0.78 7.98e-06 4.74e-06
3.4 3.4 0.783 8.35e-06 4.88e-06
3.5 3.4 0.786 8.73e-06 5.02e-06
3.6 3.4 0.789 9.09e-06 5.15e-06
3.7 3.4 0.792 9.44e-06 5.28e-06
3.8 3.4 0.794 9.77e-06 5.39e-06
3.9 3.4 0.797 1.01e-05 5.5e-06
4 3.4 0.799 1.04e-05 5.6e-06
4.1 3.4 0.802 1.07e-05 5.7e-06
4.2 3.4 0.804 1.1e-05 5.78e-06
4.3 3.4 0.806 1.12e-05 5.87e-06
4.4 3.4 0.808 1.15e-05 5.95e-06
4.5 3.4 0.811 1.17e-05 6.02e-06
4.6 3.4 0.812 1.2e-05 6.09e-06
4.7 3.4 0.814 1.22e-05 6.15e-06
4.8 3.4 0.816 1.24e-05 6.21e-06
4.9 3.4 0.818 1.26e-05 6.26e-06
5 3.4 0.82 1.28e-05 6.31e-06
5.1 3.4 0.821 1.3e-05 6.36e-06
5.2 3.4 0.823 1.31e-05 6.4e-06
5.3 3.4 0.824 1.33e-05 6.43e-06
5.4 3.4 0.825 1.34e-05 6.46e-06
5.5 3.4 0.827 1.36e-05 6.5e-06
5.6 3.4 0.828 1.37e-05 6.52e-06
5.7 3.4 0.829 1.38e-05 6.55e-06
5.8 3.4 0.83 1.39e-05 6.57e-06
5.9 3.4 0.831 1.4e-05 6.59e-06
6 3.4 0.832 1.41e-05 6.61e-06
6.1 3.4 0.832 1.42e-05 6.62e-06
6.2 3.4 0.833 1.42e-05 6.63e-06
6.3 3.4 0.834 1.43e-05 6.64e-06
6.4 3.4 0.834 1.43e-05 6.65e-06
6.5 3.4 0.835 1.44e-05 6.66e-06
6.6 3.4 0.835 1.44e-05 6.67e-06
6.7 3.4 0.835 1.45e-05 6.68e-06
6.8 3.4 0.835 1.45e-05 6.68e-06
6.9 3.4 0.835 1.45e-05 6.68e-06
7 3.4 0.835 1.45e-05 6.68e-06
7.1 3.4 0.835 1.45e-05 6.68e-06
7.2 3.4 0.835 1.45e-05 6.68e-06
7.3 3.4 0.835 1.45e-05 6.68e-06
7.4 3.4 0.835 1.44e-05 6.67e-06
7.5 3.4 0.835 1.44e-05 6.66e-06
7.6 3.4 0.834 1.43e-05 6.65e-06
7.7 3.4 0.834 1.43e-05 6.64e-06
7.8 3.4 0.833 1.42e-05 6.63e-06
7.9 3.4 0.832 1.42e-05 6.62e-06
8 3.4 0.832 1.41e-05 6.61e-06
8.1 3.4 0.831 1.4e-05 6.59e-06
8.2 3.4 0.83 1.39e-05 6.57e-06
8.3 3.4 0.829 1.38e-05 6.55e-06
8.4 3.4 0.828 1.37e-05 6.52e-06
8.5 3.4 0.827 1.36e-05 6.5e-06
8.6 3.4 0.825 1.34e-05 6.46e-06
8.7 3.4 0.824 1.33e-05 6.43e-06
8.8 3.4 0.823 1.31e-05 6.4e-06
8.9 3.4 0.821 1.3e-05 6.36e-06
9 3.4 0.82 1.28e-05 6.31e-06
9.1 3.4 0.818 1.26e-05 6.26e-06
9.2 3.4 0.816 1.24e-05 6.21e-06
9.3 3.4 0.814 1.22e-05 6.15e-06
9.4 3.4 0.812 1.2e-05 6.09e-06
9.5 3.4 0.811 1.17e-05 6.02e-06
9.6 3.4 0.808 1.15e-05 5.95e-06
9.7 3.4 0.806 1.12e-05 5.87e-06
9.8 3.4 0.804 1.1e-05 5.78e-06
9.9 3.4 0.802 1.07e-05 5.7e-06
10 3.4 0.799 1.04e-05 5.6e-06
10.1 3.4 0.797 1.01e-05 5.5e-06
10.2 3.4 0.794 9.77e-06 5.39e-06
10.3 3.4 0.792 9.44e-06 5.28e-06
10.4 3.4 0.789 9.09e-06 5.15e-06
10.5 3.4 0.786 8.73e-06 5.02e-06
10.6 3.4 0.783 8.35e-06 4.88e-06
10.7 3.4 0.78 7.98e-06 4.74e-06
10.8 3.4 0.777 7.59e-06 4.59e-06
10.9 3.4 0.774 7.18e-06 4.42e-06
11 3.4 0.771 6.76e-06 4.25e-06
11.1 3.4 0.768 6.34e-06 4.07e-06
11.2 3.4 0.764 5.9e-06 3.89e-06
11.3 3.4 0.761 5.46e-06 3.7e-06
11.4 3.4 0.757 5.01e-06 3.5e-06
11.5 3.4 0.754 4.55e-06 3.28e-06
11.6 3.4 0.75 4.08e-06 3.06e-06
11.7 3.4 0.746 3.62e-06 2.84e-06
11.8 3.4 0.743 3.15e-06 2.61e-06
11.9 3.4 0.739 2.68e-06 2.37e-06
12 3.4 0.735 1.66e-06 6.52e-07
12.1 3.4 0.731 1.27e-06 5.28e-07
12.2 3.4 0.726 8.93e-07 5.38e-07
12.3 3.4 0.722 5.18e-07 5.42e-07
12.4 3.4 0.718 3.43e-07 5.48e-07
12.5 3.4 0.713 5.63e-07 5.28e-07
12.6 3.4 0.709 7.97e-07 5.22e-07
12.7 3.4 0.704 1.15e-06 7.35e-07
12.8 3.4 0.7 1.14e-05 3e-05
12.9 3.4 0.695 2.38e-06 2.14e-06
13 3.4 0.69 1.66e-06 2.69e-06
13.1 3.4 0.686 1.6e-06 3.05e-06
13.2 3.4 0.681 1.64e-06 3.42e-06
13.3 3.4 0.676 1.75e-06 3.77e-06
13.4 3.4 0.671 1.94e-06 4.06e-06
13.5 3.4 0.666 2.3e-06 4.18e-06
13.6 3.4 0.66 3.41e-06 3.59e-06
13.7 3.4 0.655 3.03e-05 8.72e-05
13.8 3.4 0.65 1.76e-05 7.23e-06
13.9 3.4 0.645 2.01e-05 8.99e-06
14 3.4 0.639 8.55e-05 3.2e-05
14.1 3.4 0.634 1.33e-05 1.96e-05
14.2 3.4 0.628 1.16e-05 5.31e-06
14.3 3.4 0.623 1.22e-05 7.35e-06
14.4 3.4 0.617 1.54e-05 1.22e-05
14.5 3.4 0.611 4.99e-05 2.55e-05
14.6 3.4 0.605 1.06e-05 1.36e-05
14.7 3.4 0.6 7.26e-06 1.14e-05
14.8 3.4 0.594 6.75e-06 1.4e-05
14.9 3.4 0.588 7.37e-06 5.22e-06
15 3.4 0.582 7.22e-06 5.62e-06
15.1 3.4 0.576 7.16e-06 5.9e-06
15.2 3.4 0.57 7.14e-06 6.12e-06
15.3 3.4 0.564 7.15e-06 6.28e-06
15.4 3.4 0.558 7.16e-06 6.42e-06
15.5 3.4 0.552 7.17e-06 6.53e-06
15.6 3.4 0.546 7.19e-06 6.61e-06
15.7 3.4 0.54 7.2e-06 6.68e-06
15.8 3.4 0.533 7.19e-06 6.74e-06
15.9 3.4 0.527 7.19e-06 6.79e-06
16 3.4 0.521 7.18e-06 6.83e-06
16.1 3.4 0.515 7.15e-06 6.86e-06
16.2 3.4 0.509 7.12e-06 6.89e-06
16.3 3.4 0.502 7.07e-06 6.91e-06
16.4 3.4 0.496 7.01e-06 6.92e-06
16.5 3.4 0.49 6.95e-06 6.95e-06
16.6 3.4 0.483 6.87e-06 6.96e-06
16.7 3.4 0.477 6.78e-06 6.97e-06
16.8 3.4 0.471 6.68e-06 6.97e-06
16.9 3.4 0.464 6.59e-06 6.95e-06
17 3.4 0.458 5.95e-06 7.48e-06
17.1 3.4 0.452 6.22e-06 7.08e-06
17.2 3.4 0.445 6.09e-06 7.07e-06
17.3 3.4 0.439 5.94e-06 7.07e-06
17.4 3.4 0.433 5.77e-06 7.08e-06
17.5 3.4 0.427 5.59e-06 7.08e-06
17.6 3.4 0.42 5.4e-06 7.08e-06
17.7 3.4 0.414 5.21e-06 7.08e-06
17.8 3.4 0.408 5e-06 7.07e-06
17.9 3.4 0.402 4.78e-06 7.06e-06
18 3.4 0.395 4.56e-06 7.05e-06
18.1 3.4 0.389 4.32e-06 7.03e-06
18.2 3.4 0.383 4.08e-06 7e-06
18.3 3.4 0.377 3.82e-06 6.97e-06
18.4 3.4 0.371 3.55e-06 6.94e-06
18.5 3.4 0.365 3.27e-06 6.91e-06
18.6 3.4 0.359 2.97e-06 6.87e-06
18.7 3.4 0.353 2.65e-06 6.84e-06
18.8 3.4 0.347 2.87e-06 6.85e-06
18.9 3.4 0.341 3.45e-06 6.92e-06
19 3.4 0.335 4.6e-06 7.17e-06
19.1 3.4 0.329 7.9e-06 8.12e-06
19.2 3.4 0.323 0.000132 4.94e-05
19.3 3.4 0.318 5.46e-06 6.55e-06
19.4 3.4 0.312 4.37e-06 4.16e-06
19.5 3.4 0.306 4.23e-06 4.42e-06
19.6 3.4 0.301 4.43e-06 4.51e-06
19.7 3.4 0.295 4.99e-06 4.6e-06
19.8 3.4 0.29 6.34e-06 4.88e-06
19.9 3.4 0.284 1.09e-05 6.21e-06
20 3.4 0.279 3.03e-05 8.63e-05
20.1 3.4 0.273 3.17e-06 5.34e-06
20.2 3.4 0.268 1.9e-06 1.95e-06
20.3 3.4 0.263 1.38e-06 8.7e-07
20.4 3.4 0.258 9.57e-07 5.02e-07
20.5 3.4 0.253 7.6e-07 5.9e-07
20.6 3.4 0.248 5.08e-07 3.63e-07
20.7 3.4 0.243 2.6e-07 2.3e-07
20.8 3.4 0.238 1.9e-07 3.3e-07
20.9 3.4 0.233 5.15e-07 4.75e-07
21 3.4 0.228 8.6e-07 6.7e-07
21.1 3.4 0.223 1.22e-06 8.95e-07
21.2 3.4 0.219 1.63e-06 1.16e-06
21.3 3.4 0.214 2.07e-06 1.49e-06
21.4 3.4 0.209 2.57e-06 1.9e-06
21.5 3.4 0.205 3.18e-06 2.42e-06
21.6 3.4 0.201 3.96e-06 3.16e-06
21.7 3.4 0.196 5.08e-06 4.36e-06
21.8 3.4 0.192 7.59e-06 6.32e-06
21.9 3.4 0.188 1.33e-05 1.54e-05
22 3.4 0.184 9.03e-05 7.76e-05
22.1 3.4 0.18 2.1e-05 1.48e-05
22.2 3.4 0.176 7.4e-06 7.73e-06
22.3 3.4 0.172 4.15e-06 5.72e-06
22.4 3.4 0.168 2.66e-06 4.75e-06
22.5 3.4 0.164 1.27e-05 5.98e-06
22.6 3.4 0.16 1.33e-05 5.55e-06
22.7 3.4 0.156 2.32e-05 1.09e-05
22.8 3.4 0.153 2.24e-05 1.07e-05
22.9 3.4 0.149 2.14e-05 1.05e-05
23 3.4 0.146 2.03e-05 1.03e-05
23.1 3.4 0.142 1.93e-05 9.96e-06
23.2 3.4 0.139 1.6e-05 1.18e-05
23.3 3.4 0.136 1.51e-05 1.13e-05
23.4 3.4 0.132 1.41e-05 1.07e-05
23.5 3.4 0.129 1.31e-05 1.01e-05
23.6 3.4 0.126 1.21e-05 9.5e-06
23.7 3.4 0.123 1.11e-05 8.9e-06
23.8 3.4 0.12 1.01e-05 8.28e-06
23.9 3.4 0.117 9.16e-06 7.67e-06
24 3.4 0.114 8.17e-06 7.05e-06
24.1 3.4 0.112 4.04e-06 1.67e-06
24.2 3.4 0.109 4e-06 1.58e-06
24.3 3.4 0.106 3.96e-06 1.49e-06
24.4 3.4 0.103 3.9e-06 1.4e-06
24.5 3.4 0.101 3.84e-06 1.34e-06
24.6 3.4 0.0983 3.76e-06 1.35e-06
24.7 3.4 0.0958 3.68e-06 1.35e-06
24.8 3.4 0.0934 3.59e-06 1.34e-06
24.9 3.4 0.091 3.49e-06 1.33e-06
25 3.4 0.0887 3.39e-06 1.32e-06
25.1 3.4 0.0865 3.29e-06 1.31e-06
25.2 3.4 0.0842 3.18e-06 1.29e-06
25.3 3.4 0.0821 3.07e-06 1.27e-06
25.4 3.4 0.08 2.95e-06 1.25e-06
25.5 3.4 0.0779 2.84e-06 1.23e-06
25.6 3.4 0.0759 2.72e-06 1.2e-06
25.7 3.4 0.0739 2.6e-06 1.18e-06
25.8 3.4 0.072 2.49e-06 1.15e-06
25.9 3.4 0.0701 2.37e-06 1.13e-06
26 3.4 0.0683 2.25e-06 1.1e-06
26.1 3.4 0.0665 2.14e-06 1.08e-06
26.2 3.4 0.0647 2.03e-06 1.06e-06
26.3 3.4 0.063 1.91e-06 1.04e-06
26.4 3.4 0.0613 1.81e-06 1.02e-06
26.5 3.4 0.0597 1.7e-06 1.01e-06
26.6 3.4 0.0581 1.6e-06 1.01e-06
26.7 3.4 0.0566 1.51e-06 1.02e-06
26.8 3.4 0.055 1.43e-06 1.05e-06
26.9 3.4 0.0536 1.35e-06 1.11e-06
27 3.4 0.0521 1.3e-06 1.22e-06
27.1 3.4 0.0507 1.3e-06 1.45e-06
27.2 3.4 0.0494 1.42e-06 2.06e-06
27.3 3.4 0.048 2.4e-06 5.62e-06
27.4 3.4 0.0467 3.66e-06 1.84e-06
27.5 3.4 0.0455 1.02e-06 9.02e-07
27.6 3.4 0.0442 4.89e-07 6.65e-07
27.7 3.4 0.043 2.79e-07 5.38e-07
27.8 3.4 0.0418 1.96e-07 4.5e-07
27.9 3.4 0.0407 1.65e-07 3.8e-07
28 3.4 0.0396 1.28e-07 3.21e-07
28.1 3.4 0.0385 2.39e-07 3.2e-07
28.2 3.4 0.0374 9.8e-08 2.46e-07
28.3 3.4 0.0364 1.21e-07 1.55e-07
28.4 3.4 0.0354 1.43e-07 1.51e-07
28.5 3.4 0.0344 1.8e-07 2.68e-07
28.6 3.4 0.0335 2.17e-07 3.77e-07
28.7 3.4 0.0326 2.53e-07 4.8e-07
28.8 3.4 0.0317 2.87e-07 5.78e-07
28.9 3.4 0.0308 3.2e-07 6.67e-07
29 3.4 0.0299 3.52e-07 7.52e-07
29.1 3.4 0.0291 2.14e-07 3.36e-07
29.2 3.4 0.0283 2.19e-07 3.67e-07
29.3 3.4 0.0275 2.23e-07 3.95e-07
29.4 3.4 0.0267 2.27e-07 4.22e-07
29.5 3.4 0.026 2.3e-07 4.46e-07
29.6 3.4 0.0253 2.32e-07 4.69e-07
29.7 3.4 0.0246 2.33e-07 4.89e-07
29.8 3.4 0.0239 2.35e-07 5.08e-07
29.9 3.4 0.0232 2.35e-07 5.25e-07
30 3.4 0.0226 2.35e-07 5.4e-07
30.1 3.4 0.0219 2.35e-07 5.54e-07
30.2 3.4 0.0213 2.34e-07 5.66e-07
30.3 3.4 0.0207 2.33e-07 5.76e-07
30.4 3.4 0.0201 2.32e-07 5.86e-07
30.5 3.4 0.0196 2.31e-07 5.93e-07
30.6 3.4 0.019 2.29e-07 6e-07
30.7 3.4 0.0185 2.27e-07 6.05e-07
30.8 3.4 0.0179 2.25e-07 6.09e-07
30.9 3.4 0.0174 2.23e-07 6.12e-07
31 3.4 0.0169 2.2e-07 6.15e-07
31.1 3.4 0.0165 2.18e-07 6.16e-07
31.2 3.4 0.016 2.19e-07 6.16e-07
31.3 3.4 0.0155 2.2e-07 6.15e-07
31.4 3.4 0.0151 2.2e-07 6.15e-07
31.5 3.4 0.0147 2.2e-07 6.12e-07
31.6 3.4 0.0143 2.19e-07 6.1e-07
31.7 3.4 0.0139 2.18e-07 6.07e-07
31.8 3.4 0.0135 2.17e-07 6.02e-07
31.9 3.4 0.0131 2.15e-07 5.97e-07
32 3.4 0.0127 2.14e-07 5.94e-07
32.1 3.4 0.0123 2.13e-07 5.88e-07
32.2 3.4 0.012 2.11e-07 5.82e-07
32.3 3.4 0.0117 2.09e-07 5.76e-07
32.4 3.4 0.0113 2.07e-07 5.69e-07
32.5 3.4 0.011 2.05e-07 5.63e-07
32.6 3.4 0.0107 2.03e-07 5.55e-07
32.7 3.4 0.0104 2e-07 5.48e-07
32.8 3.4 0.0101 1.98e-07 5.41e-07
32.9 3.4 0.00979 1.95e-07 5.33e-07
33 3.4 0.00951 1.93e-07 5.25e-07
33.1 3.4 0.00924 1.9e-07 5.17e-07
33.2 3.4 0.00898 1.87e-07 5.09e-07
33.3 3.4 0.00872 1.84e-07 5e-07
33.4 3.4 0.00847 1.81e-07 4.92e-07
33.5 3.4 0.00823 1.79e-07 4.83e-07
33.6 3.4 0.00799 1.76e-07 4.75e-07
33.7 3.4 0.00776 1.73e-07 4.66e-07
33.8 3.4 0.00754 1.7e-07 4.58e-07
33.9 3.4 0.00733 1.67e-07 4.49e-07
34 3.4 0.00711 1.64e-07 4.4e-07
34.1 3.4 0.00691 1.61e-07 4.32e-07
34.2 3.4 0.00671 1.58e-07 4.23e-07
34.3 3.4 0.00652 1.55e-07 4.15e-07
34.4 3.4 0.00633 1.52e-07 4.06e-07
34.5 3.4 0.00615 1.49e-07 3.98e-07
34.6 3.4 0.00597 1.46e-07 3.9e-07
34.7 3.4 0.0058 1.43e-07 3.81e-07
34.8 3.4 0.00564 1.4e-07 3.73e-07
34.9 3.4 0.00547 1.37e-07 3.65e-07
35 3.4 0.00532 1.34e-07 3.57e-07
35.1 3.4 0.00516 1.31e-07 3.49e-07
35.2 3.4 0.00501 1.28e-07 3.41e-07
35.3 3.4 0.00487 1.25e-07 3.34e-07
35.4 3.4 0.00473 1.23e-07 3.26e-07
35.5 3.4 0.00459 1.2e-07 3.19e-07
35.6 3.4 0.00446 1.17e-07 3.11e-07
35.7 3.4 0.00433 1.14e-07 3.04e-07
35.8 3.4 0.00421 1.12e-07 2.97e-07
35.9 3.4 0.00409 1.09e-07 2.9e-07
36 3.4 0.00397 1.07e-07 2.83e-07
36.1 3.4 0.00385 1.04e-07 2.76e-07
36.2 3.4 0.00374 1.02e-07 2.69e-07
36.3 3.4 0.00364 9.93e-08 2.63e-07
36.4 3.4 0.00353 9.7e-08 2.56e-07
36.5 3.4 0.00343 9.46e-08 2.5e-07
36.6 3.4 0.00333 9.22e-08 2.44e-07
36.7 3.4 0.00323 9.01e-08 2.38e-07
36.8 3.4 0.00314 8.78e-08 2.32e-07
36.9 3.4 0.00305 8.57e-08 2.26e-07
37 3.4 0.00296 8.36e-08 2.2e-07
37.1 3.4 0.00288 8.15e-08 2.15e-07
37.2 3.4 0.00279 7.94e-08 2.09e-07
37.3 3.4 0.00271 7.74e-08 2.04e-07
37.4 3.4 0.00263 7.55e-08 1.99e-07
37.5 3.4 0.00256 7.36e-08 1.93e-07
37.6 3.4 0.00248 7.17e-08 1.88e-07
37.7 3.4 0.00241 6.98e-08 1.84e-07
37.8 3.4 0.00234 6.81e-08 1.79e-07
37.9 3.4 0.00228 6.63e-08 1.74e-07
38 3.4 0.00221 6.46e-08 1.69e-07
38.1 3.4 0.00215 6.29e-08 1.65e-07
38.2 3.4 0.00208 6.12e-08 1.61e-07
38.3 3.4 0.00202 5.96e-08 1.56e-07
38.4 3.4 0.00197 5.81e-08 1.52e-07
38.5 3.4 0.00191 5.66e-08 1.48e-07
38.6 3.4 0.00185 5.5e-08 1.44e-07
38.7 3.4 0.0018 5.36e-08 1.4e-07
38.8 3.4 0.00175 5.22e-08 1.37e-07
38.9 3.4 0.0017 5.08e-08 1.33e-07
39 3.4 0.00165 4.95e-08 1.29e-07
39.1 3.4 0.0016 4.81e-08 1.26e-07
39.2 3.4 0.00155 4.68e-08 1.22e-07
39.3 3.4 0.00151 4.56e-08 1.19e-07
39.4 3.4 0.00147 4.43e-08 1.16e-07
39.5 3.4 0.00142 4.32e-08 1.13e-07
39.6 3.4 0.00138 4.2e-08 1.1e-07
39.7 3.4 0.00134 4.08e-08 1.07e-07
39.8 3.4 0.0013 3.98e-08 1.04e-07
39.9 3.4 0.00127 3.86e-08 1.01e-07
40 3.4 0.00123 3.77e-08 9.8e-08
40.1 3.4 0.00119 3.66e-08 9.53e-08
40.2 3.4 0.00116 3.56e-08 9.27e-08
40.3 3.4 0.00113 3.47e-08 9.01e-08
40.4 3.4 0.00109 3.37e-08 8.76e-08
40.5 3.4 0.00106 3.28e-08 8.52e-08
40.6 3.4 0.00103 3.19e-08 8.28e-08
40.7 3.4 0.001 3.1e-08 8.05e-08
40.8 3.4 0.000972 3.01e-08 7.83e-08
40.9 3.4 0.000943 2.93e-08 7.61e-08
41 3.4 0.000916 2.85e-08 7.4e-08
41.1 3.4 0.00089 2.77e-08 7.19e-08
41.2 3.4 0.000864 2.69e-08 6.99e-08
41.3 3.4 0.000839 2.62e-08 6.79e-08
41.4 3.4 0.000815 2.55e-08 6.6e-08
41.5 3.4 0.000791 2.48e-08 6.42e-08
41.6 3.4 0.000768 2.41e-08 6.23e-08
41.7 3.4 0.000746 2.34e-08 6.06e-08
41.8 3.4 0.000724 2.28e-08 5.89e-08
41.9 3.4 0.000703 2.21e-08 5.72e-08
42 3.4 0.000683 2.15e-08 5.56e-08
42.1 3.4 0.000663 2.09e-08 5.4e-08
42.2 3.4 0.000644 2.03e-08 5.25e-08
42.3 3.4 0.000625 1.98e-08 5.1e-08
42.4 3.4 0.000607 1.92e-08 4.96e-08
42.5 3.4 0.00059 1.87e-08 4.82e-08
42.6 3.4 0.000573 1.81e-08 4.68e-08
42.7 3.4 0.000556 1.76e-08 4.55e-08
42.8 3.4 0.00054 1.71e-08 4.42e-08
42.9 3.4 0.000524 1.67e-08 4.29e-08
43 3.4 0.000509 1.62e-08 4.17e-08
43.1 3.4 0.000494 1.57e-08 4.05e-08
43.2 3.4 0.00048 1.53e-08 3.94e-08
43.3 3.4 0.000466 1.49e-08 3.82e-08
43.4 3.4 0.000453 1.44e-08 3.71e-08
43.5 3.4 0.000439 1.4e-08 3.61e-08
43.6 3.4 0.000427 1.36e-08 3.51e-08
43.7 3.4 0.000414 1.33e-08 3.4e-08
43.8 3.4 0.000402 1.29e-08 3.31e-08
43.9 3.4 0.000391 1.25e-08 3.21e-08
44 3.4 0.000379 1.22e-08 3.12e-08
44.1 3.4 0.000368 1.18e-08 3.03e-08
44.2 3.4 0.000358 1.15e-08 2.95e-08
44.3 3.4 0.000347 1.12e-08 2.86e-08
44.4 3.4 0.000337 1.08e-08 2.78e-08
44.5 3.4 0.000328 1.05e-08 2.7e-08
44.6 3.4 0.000318 1.02e-08 2.62e-08
44.7 3.4 0.000309 9.95e-09 2.55e-08
44.8 3.4 0.0003 9.67e-09 2.47e-08
44.9 3.4 0.000291 9.39e-09 2.4e-08
45 3.4 0.000283 9.13e-09 2.33e-08
45.1 3.4 0.000275 8.87e-09 2.27e-08
45.2 3.4 0.000267 8.61e-09 2.2e-08
45.3 3.4 0.000259 8.37e-09 2.14e-08
45.4 3.4 0.000251 8.14e-09 2.08e-08
45.5 3.4 0.000244 7.9e-09 2.02e-08
45.6 3.4 0.000237 7.68e-09 1.96e-08
45.7 3.4 0.00023 7.46e-09 1.9e-08
45.8 3.4 0.000224 7.25e-09 1.85e-08
45.9 3.4 0.000217 7.04e-09 1.79e-08
46 3.4 0.000211 6.84e-09 1.74e-08
46.1 3.4 0.000205 6.64e-09 1.69e-08
46.2 3.4 0.000199 6.46e-09 1.64e-08
46.3 3.4 0.000193 6.27e-09 1.6e-08
46.4 3.4 0.000187 6.09e-09 1.55e-08
46.5 3.4 0.000182 5.91e-09 1.5e-08
46.6 3.4 0.000177 5.75e-09 1.46e-08
46.7 3.4 0.000172 5.59e-09 1.42e-08
46.8 3.4 0.000167 5.42e-09 1.38e-08
46.9 3.4 0.000162 5.27e-09 1.34e-08
47 3.4 0.000157 5.12e-09 1.3e-08
47.1 3.4 0.000153 4.97e-09 1.26e-08
47.2 3.4 0.000148 4.83e-09 1.23e-08
47.3 3.4 0.000144 4.7e-09 1.19e-08
47.4 3.4 0.00014 4.56e-09 1.16e-08
47.5 3.4 0.000136 4.43e-09 1.12e-08
47.6 3.4 0.000132 4.3e-09 1.09e-08
47.7 3.4 0.000128 4.18e-09 1.06e-08
47.8 3.4 0.000124 4.05e-09 1.03e-08
47.9 3.4 0.000121 3.94e-09 9.98e-09
48 3.4 0.000117 3.83e-09 9.7e-09
48.1 3.4 0.000114 3.72e-09 9.42e-09
48.2 3.4 0.00011 3.62e-09 9.15e-09
48.3 3.4 0.000107 3.51e-09 8.88e-09
48.4 3.4 0.000104 3.41e-09 8.62e-09
48.5 3.4 0.000101 3.31e-09 8.37e-09
48.6 3.4 9.81e-05 3.22e-09 8.13e-09
48.7 3.4 9.53e-05 3.12e-09 7.9e-09
48.8 3.4 9.25e-05 3.03e-09 7.67e-09
48.9 3.4 8.98e-05 2.95e-09 7.45e-09
49 3.4 8.72e-05 2.86e-09 7.23e-09
49.1 3.4 8.47e-05 2.78e-09 7.02e-09
49.2 3.4 8.22e-05 2.7e-09 6.82e-09
49.3 3.4 7.99e-05 2.62e-09 6.62e-09
49.4 3.4 7.75e-05 2.55e-09 6.43e-09
49.5 3.4 7.53e-05 2.47e-09 6.24e-09
49.6 3.4 7.31e-05 2.4e-09 6.06e-09
49.7 3.4 7.1e-05 2.33e-09 5.89e-09
49.8 3.4 6.89e-05 2.27e-09 5.72e-09
49.9 3.4 6.69e-05 2.2e-09 5.55e-09
50 3.4 6.5e-05 2.14e-09 5.39e-09
50.1 3.4 6.31e-05 2.08e-09 5.23e-09
50.2 3.4 6.13e-05 2.02e-09 5.08e-09
50.3 3.4 5.95e-05 1.96e-09 4.93e-09
50.4 3.4 5.78e-05 1.9e-09 4.79e-09
50.5 3.4 5.61e-05 1.85e-09 4.65e-09
50.6 3.4 5.45e-05 1.79e-09 4.52e-09
50.7 3.4 5.29e-05 1.74e-09 4.39e-09
50.8 3.4 5.14e-05 1.69e-09 4.26e-09
50.9 3.4 4.99e-05 1.64e-09 4.14e-09
51 3.4 4.84e-05 1.6e-09 4.02e-09
51.1 3.4 4.7e-05 1.55e-09 3.9e-09
51.2 3.4 4.57e-05 1.51e-09 3.79e-09
51.3 3.4 4.43e-05 1.46e-09 3.68e-09
51.4 3.4 4.31e-05 1.42e-09 3.57e-09
51.5 3.4 4.18e-05 1.38e-09 3.47e-09
51.6 3.4 4.06e-05 1.34e-09 3.37e-09
51.7 3.4 3.94e-05 1.3e-09 3.27e-09
51.8 3.4 3.83e-05 1.26e-09 3.18e-09
51.9 3.4 3.72e-05 1.23e-09 3.08e-09
52 3.4 3.61e-05 1.19e-09 2.99e-09
52.1 3.4 3.51e-05 1.16e-09 2.91e-09
52.2 3.4 3.4e-05 1.12e-09 2.82e-09
52.3 3.4 3.3e-05 1.09e-09 2.74e-09
52.4 3.4 3.21e-05 1.06e-09 2.66e-09
52.5 3.4 3.12e-05 1.03e-09 2.58e-09
52.6 3.4 3.03e-05 9.99e-10 2.51e-09
52.7 3.4 2.94e-05 9.7e-10 2.44e-09
52.8 3.4 2.85e-05 9.43e-10 2.37e-09
52.9 3.4 2.77e-05 9.15e-10 2.3e-09
53 3.4 2.69e-05 8.89e-10 2.23e-09
53.1 3.4 2.61e-05 8.63e-10 2.17e-09
53.2 3.4 2.54e-05 8.39e-10 2.1e-09
53.3 3.4 2.46e-05 8.14e-10 2.04e-09
53.4 3.4 2.39e-05 7.91e-10 1.98e-09
53.5 3.4 2.32e-05 7.67e-10 1.93e-09
53.6 3.4 2.25e-05 7.45e-10 1.87e-09
53.7 3.4 2.19e-05 7.24e-10 1.82e-09
53.8 3.4 2.13e-05 7.04e-10 1.76e-09
53.9 3.4 2.06e-05 6.82e-10 1.71e-09
54 3.4 2e-05 6.63e-10 1.66e-09
54.1 3.4 1.95e-05 6.44e-10 1.61e-09
54.2 3.4 1.89e-05 6.25e-10 1.57e-09
54.3 3.4 1.84e-05 6.08e-10 1.52e-09
54.4 3.4 1.78e-05 5.9e-10 1.48e-09
54.5 3.4 1.73e-05 5.73e-10 1.44e-09
54.6 3.4 1.68e-05 5.56e-10 1.39e-09
54.7 3.4 1.63e-05 5.4e-10 1.35e-09
54.8 3.4 1.58e-05 5.24e-10 1.31e-09
54.9 3.4 1.54e-05 5.09e-10 1.28e-09
55 3.4 1.49e-05 4.94e-10 1.24e-09
55.1 3.4 1.45e-05 4.8e-10 1.2e-09
55.2 3.4 1.41e-05 4.66e-10 1.17e-09
55.3 3.4 1.37e-05 4.52e-10 1.13e-09
55.4 3.4 1.33e-05 4.39e-10 1.1e-09
55.5 3.4 1.29e-05 4.27e-10 1.07e-09
55.6 3.4 1.25e-05 4.14e-10 1.04e-09
55.7 3.4 1.22e-05 4.03e-10 1.01e-09
55.8 3.4 1.18e-05 3.91e-10 9.79e-10
55.9 3.4 1.15e-05 3.8e-10 9.51e-10
56 3.4 1.11e-05 3.69e-10 9.23e-10
56.1 3.4 1.08e-05 3.58e-10 8.97e-10
56.2 3.4 1.05e-05 3.48e-10 8.7e-10
56.3 3.4 1.02e-05 3.38e-10 8.46e-10
56.4 3.4 9.9e-06 3.28e-10 8.21e-10
56.5 3.4 9.61e-06 3.18e-10 7.97e-10
56.6 3.4 9.33e-06 3.09e-10 7.74e-10
56.7 3.4 9.06e-06 3e-10 7.52e-10
56.8 3.4 8.8e-06 2.91e-10 7.3e-10
56.9 3.4 8.54e-06 2.83e-10 7.09e-10
57 3.4 8.3e-06 2.75e-10 6.88e-10
57.1 3.4 8.05e-06 2.67e-10 6.68e-10
57.2 3.4 7.82e-06 2.59e-10 6.49e-10
57.3 3.4 7.59e-06 2.52e-10 6.3e-10
57.4 3.4 7.37e-06 2.44e-10 6.12e-10
57.5 3.4 7.16e-06 2.37e-10 5.94e-10
57.6 3.4 6.95e-06 2.3e-10 5.77e-10
57.7 3.4 6.75e-06 2.24e-10 5.6e-10
57.8 3.4 6.56e-06 2.17e-10 5.44e-10
57.9 3.4 6.37e-06 2.11e-10 5.28e-10
58 3.4 6.18e-06 2.05e-10 5.13e-10
58.1 3.4 6e-06 1.99e-10 4.98e-10
58.2 3.4 5.83e-06 1.93e-10 4.83e-10
58.3 3.4 5.66e-06 1.88e-10 4.69e-10
58.4 3.4 5.5e-06 1.82e-10 4.56e-10
58.5 3.4 5.34e-06 1.77e-10 4.43e-10
58.6 3.4 5.18e-06 1.72e-10 4.3e-10
58.7 3.4 5.03e-06 1.67e-10 4.17e-10
58.8 3.4 4.89e-06 1.62e-10 4.05e-10
58.9 3.4 4.74e-06 1.57e-10 3.93e-10
59 3.4 4.61e-06 1.53e-10 3.82e-10
59.1 3.4 4.47e-06 1.48e-10 3.71e-10
59.2 3.4 4.34e-06 1.44e-10 3.6e-10
59.3 3.4 4.22e-06 1.4e-10 3.5e-10
59.4 3.4 4.1e-06 1.36e-10 3.4e-10
59.5 3.4 3.98e-06 1.32e-10 3.3e-10
59.6 3.4 3.86e-06 1.28e-10 3.2e-10
59.7 3.4 3.75e-06 1.24e-10 3.11e-10
59.8 3.4 3.64e-06 1.21e-10 3.02e-10
59.9 3.4 3.54e-06 1.17e-10 2.93e-10
60 3.4 3.43e-06 1.14e-10 2.85e-10
60.1 3.4 3.33e-06 1.11e-10 2.76e-10
60.2 3.4 3.24e-06 1.07e-10 2.68e-10
60.3 3.4 3.14e-06 1.04e-10 2.61e-10
60.4 3.4 3.05e-06 1.01e-10 2.53e-10
71.4 3.4 1.2e-07 3.98e-12 9.96e-12
71.5 3.4 1.17e-07 3.87e-12 9.67e-12
71.6 3.4 1.13e-07 3.76e-12 9.4e-12
71.7 3.4 1.1e-07 3.64e-12 9.12e-12
71.8 3.4 1.07e-07 3.54e-12 8.85e-12
71.9 3.4 1.04e-07 3.43e-12 8.6e-12
72 3.4 1.01e-07 3.34e-12 8.35e-12
72.1 3.4 9.77e-08 3.24e-12 8.11e-12
72.2 3.4 9.49e-08 3.15e-12 7.87e-12
72.3 3.4 9.22e-08 3.06e-12 7.64e-12
72.4 3.4 8.95e-08 2.97e-12 7.42e-12
72.5 3.4 8.69e-08 2.88e-12 7.21e-12
72.6 3.4 8.44e-08 2.8e-12 7e-12
72.7 3.4 8.19e-08 2.72e-12 6.8e-12
72.8 3.4 7.95e-08 2.64e-12 6.6e-12
72.9 3.4 7.72e-08 2.56e-12 6.41e-12
73 3.4 7.5e-08 2.49e-12 6.22e-12
73.1 3.4 7.28e-08 2.42e-12 6.04e-12
73.2 3.4 7.07e-08 2.34e-12 5.87e-12
73.3 3.4 6.87e-08 2.28e-12 5.7e-12
73.4 3.4 6.67e-08 2.21e-12 5.53e-12
73.5 3.4 6.47e-08 2.15e-12 5.37e-12
73.6 3.4 6.29e-08 2.09e-12 5.21e-12
73.7 3.4 6.1e-08 2.02e-12 5.06e-12
73.8 3.4 5.93e-08 1.97e-12 4.92e-12
73.9 3.4 5.76e-08 1.91e-12 4.77e-12
74 3.4 5.59e-08 1.85e-12 4.64e-12
74.1 3.4 5.43e-08 1.8e-12 4.5e-12
74.2 3.4 5.27e-08 1.75e-12 4.37e-12
74.3 3.4 5.12e-08 1.7e-12 4.24e-12
74.4 3.4 4.97e-08 1.65e-12 4.12e-12
74.5 3.4 4.82e-08 1.6e-12 4e-12
74.6 3.4 4.69e-08 1.55e-12 3.89e-12
74.7 3.4 4.55e-08 1.51e-12 3.77e-12
74.8 3.4 4.42e-08 1.46e-12 3.66e-12
74.9 3.4 4.29e-08 1.42e-12 3.56e-12
75 3.4 4.17e-08 1.38e-12 3.46e-12
75.1 3.4 4.04e-08 1.34e-12 3.36e-12
75.2 3.4 3.93e-08 1.3e-12 3.26e-12
75.3 3.4 3.81e-08 1.26e-12 3.16e-12
75.4 3.4 3.7e-08 1.23e-12 3.07e-12
75.5 3.4 3.6e-08 1.19e-12 2.98e-12
75.6 3.4 3.49e-08 1.16e-12 2.9e-12
75.7 3.4 3.39e-08 1.12e-12 2.81e-12
75.8 3.4 3.29e-08 1.09e-12 2.73e-12
75.9 3.4 3.2e-08 1.06e-12 2.65e-12
76 3.4 3.1e-08 1.03e-12 2.57e-12
76.1 3.4 3.01e-08 9.99e-13 2.5e-12
76.2 3.4 2.93e-08 9.7e-13 2.43e-12
76.3 3.4 2.84e-08 9.43e-13 2.36e-12
76.4 3.4 2.76e-08 9.15e-13 2.29e-12
76.5 3.4 2.68e-08 8.89e-13 2.22e-12
76.6 3.4 2.6e-08 8.63e-13 2.16e-12
76.7 3.4 2.53e-08 8.38e-13 2.1e-12
76.8 3.4 2.45e-08 8.14e-13 2.03e-12
76.9 3.4 2.38e-08 7.9e-13 1.98e-12
77 3.4 2.31e-08 7.67e-13 1.92e-12
77.1 3.4 2.25e-08 7.45e-13 1.86e-12
77.2 3.4 2.18e-08 7.23e-13 1.81e-12
77.3 3.4 2.12e-08 7.02e-13 1.76e-12
77.4 3.4 2.06e-08 6.82e-13 1.71e-12
77.5 3.4 2e-08 6.62e-13 1.66e-12
77.6 3.4 1.94e-08 6.43e-13 1.61e-12
77.7 3.4 1.88e-08 6.24e-13 1.56e-12
77.8 3.4 1.83e-08 6.06e-13 1.52e-12
77.9 3.4 1.77e-08 5.88e-13 1.47e-12
78 3.4 1.72e-08 5.72e-13 1.43e-12
78.1 3.4 1.67e-08 5.55e-13 1.39e-12
78.2 3.4 1.63e-08 5.39e-13 1.35e-12
78.3 3.4 1.58e-08 5.24e-13 1.31e-12
78.4 3.4 1.53e-08 5.08e-13 1.27e-12
78.5 3.4 1.49e-08 4.93e-13 1.23e-12
78.6 3.4 1.44e-08 4.79e-13 1.2e-12
78.7 3.4 1.4e-08 4.65e-13 1.16e-12
78.8 3.4 1.36e-08 4.52e-13 1.13e-12
78.9 3.4 1.32e-08 4.38e-13 1.1e-12
79 3.4 1.28e-08 4.26e-13 1.07e-12
79.1 3.4 1.25e-08 4.13e-13 1.03e-12
79.2 3.4 1.21e-08 4.02e-13 1e-12
79.3 3.4 1.18e-08 3.9e-13 9.75e-13
79.4 3.4 1.14e-08 3.79e-13 9.47e-13
79.5 3.4 1.11e-08 3.67e-13 9.2e-13
79.6 3.4 1.08e-08 3.57e-13 8.93e-13
79.7 3.4 1.05e-08 3.47e-13 8.67e-13
79.8 3.4 1.02e-08 3.36e-13 8.41e-13
79.9 3.4 9.86e-09 3.27e-13 8.18e-13
80 3.4 9.57e-09 3.17e-13 7.94e-13
80.1 3.4 9.29e-09 3.08e-13 7.71e-13
80.2 3.4 9.02e-09 2.99e-13 7.49e-13
80.3 3.4 8.76e-09 2.91e-13 7.27e-13
80.4 3.4 8.51e-09 2.82e-13 7.06e-13
80.5 3.4 8.26e-09 2.74e-13 6.85e-13
80.6 3.4 8.02e-09 2.66e-13 6.65e-13
80.7 3.4 7.79e-09 2.58e-13 6.46e-13
80.8 3.4 7.56e-09 2.51e-13 6.27e-13
80.9 3.4 7.35e-09 2.44e-13 6.09e-13
81 3.4 7.13e-09 2.37e-13 5.92e-13
81.1 3.4 6.93e-09 2.3e-13 5.74e-13
81.2 3.4 6.72e-09 2.23e-13 5.58e-13
81.3 3.4 6.53e-09 2.17e-13 5.42e-13
81.4 3.4 6.34e-09 2.1e-13 5.26e-13
81.5 3.4 6.16e-09 2.04e-13 5.11e-13
81.6 3.4 5.98e-09 1.98e-13 4.96e-13
81.7 3.4 5.81e-09 1.93e-13 4.82e-13
81.8 3.4 5.64e-09 1.87e-13 4.67e-13
81.9 3.4 5.47e-09 1.81e-13 4.54e-13
82 3.4 5.31e-09 1.76e-13 4.41e-13
82.1 3.4 5.16e-09 1.71e-13 4.28e-13
82.2 3.4 5.01e-09 1.66e-13 4.16e-13
82.3 3.4 4.87e-09 1.61e-13 4.04e-13
82.4 3.4 4.72e-09 1.57e-13 3.92e-13
82.5 3.4 4.59e-09 1.52e-13 3.81e-13
82.6 3.4 4.45e-09 1.48e-13 3.7e-13
82.7 3.4 4.33e-09 1.43e-13 3.59e-13
82.8 3.4 4.2e-09 1.39e-13 3.48e-13
82.9 3.4 4.08e-09 1.35e-13 3.38e-13
83 3.4 3.96e-09 1.31e-13 3.29e-13
83.1 3.4 3.85e-09 1.28e-13 3.19e-13
83.2 3.4 3.73e-09 1.24e-13 3.1e-13
83.3 3.4 3.63e-09 1.2e-13 3.01e-13
83.4 3.4 3.52e-09 1.17e-13 2.92e-13
83.5 3.4 3.42e-09 1.13e-13 2.84e-13
83.6 3.4 3.32e-09 1.1e-13 2.75e-13
83.7 3.4 3.22e-09 1.07e-13 2.67e-13
83.8 3.4 3.13e-09 1.04e-13 2.6e-13
83.9 3.4 3.04e-09 1.01e-13 2.52e-13
84 3.4 2.95e-09 9.78e-14 2.45e-13
84.1 3.4 2.87e-09 9.5e-14 2.38e-13
84.2 3.4 2.78e-09 9.23e-14 2.31e-13
84.3 3.4 2.7e-09 8.96e-14 2.24e-13
84.4 3.4 2.62e-09 8.7e-14 2.18e-13
84.5 3.4 2.55e-09 8.45e-14 2.11e-13
84.6 3.4 2.47e-09 8.2e-14 2.05e-13
84.7 3.4 2.4e-09 7.96e-14 1.99e-13
84.8 3.4 2.33e-09 7.74e-14 1.94e-13
84.9 3.4 2.26e-09 7.51e-14 1.88e-13
85 3.4 2.2e-09 7.29e-14 1.82e-13
85.1 3.4 2.14e-09 7.08e-14 1.77e-13
85.2 3.4 2.07e-09 6.87e-14 1.72e-13
85.3 3.4 2.01e-09 6.68e-14 1.67e-13
85.4 3.4 1.96e-09 6.48e-14 1.62e-13
85.5 3.4 1.9e-09 6.29e-14 1.57e-13
85.6 3.4 1.84e-09 6.11e-14 1.53e-13
85.7 3.4 1.79e-09 5.93e-14 1.48e-13
85.8 3.4 1.74e-09 5.77e-14 1.44e-13
85.9 3.4 1.69e-09 5.6e-14 1.4e-13
86 3.4 1.64e-09 5.44e-14 1.36e-13
86.1 3.4 1.59e-09 5.28e-14 1.32e-13
86.2 3.4 1.55e-09 5.12e-14 1.28e-13
86.3 3.4 1.5e-09 4.98e-14 1.25e-13
86.4 3.4 1.46e-09 4.83e-14 1.21e-13
86.5 3.4 1.41e-09 4.69e-14 1.17e-13
86.6 3.4 1.37e-09 4.55e-14 1.14e-13
86.7 3.4 1.33e-09 4.43e-14 1.11e-13
86.8 3.4 1.3e-09 4.29e-14 1.07e-13
86.9 3.4 1.26e-09 4.17e-14 1.04e-13
87 3.4 1.22e-09 4.05e-14 1.01e-13
87.1 3.4 1.19e-09 3.93e-14 9.84e-14
87.2 3.4 1.15e-09 3.82e-14 9.55e-14
87.3 3.4 1.12e-09 3.71e-14 9.27e-14
87.4 3.4 1.09e-09 3.6e-14 9.01e-14
87.5 3.4 1.05e-09 3.49e-14 8.74e-14
87.6 3.4 1.02e-09 3.39e-14 8.49e-14
87.7 3.4 9.94e-10 3.3e-14 8.25e-14
87.8 3.4 9.65e-10 3.2e-14 8.01e-14
87.9 3.4 9.37e-10 3.11e-14 7.77e-14
88 3.4 9.1e-10 3.02e-14 7.55e-14
88.1 3.4 8.84e-10 2.93e-14 7.33e-14
88.2 3.4 8.58e-10 2.85e-14 7.12e-14
88.3 3.4 8.33e-10 2.76e-14 6.91e-14
88.4 3.4 8.09e-10 2.68e-14 6.71e-14
88.5 3.4 7.86e-10 2.61e-14 6.52e-14
88.6 3.4 7.63e-10 2.53e-14 6.33e-14
88.7 3.4 7.41e-10 2.46e-14 6.14e-14
88.8 3.4 7.19e-10 2.39e-14 5.97e-14
88.9 3.4 6.98e-10 2.32e-14 5.79e-14
89 3.4 6.78e-10 2.25e-14 5.63e-14
89.1 3.4 6.59e-10 2.18e-14 5.46e-14
89.2 3.4 6.39e-10 2.12e-14 5.3e-14
89.3 3.4 6.21e-10 2.06e-14 5.15e-14
89.4 3.4 6.03e-10 2e-14 5e-14
89.5 3.4 5.85e-10 1.94e-14 4.86e-14
89.6 3.4 5.68e-10 1.89e-14 4.72e-14
89.7 3.4 5.52e-10 1.83e-14 4.58e-14
89.8 3.4 5.36e-10 1.78e-14 4.45e-14
89.9 3.4 5.2e-10 1.73e-14 4.32e-14
90 3.4 5.05e-10 1.68e-14 4.19e-14
90.1 3.4 4.91e-10 1.63e-14 4.07e-14
90.2 3.4 4.77e-10 1.58e-14 3.95e-14
90.3 3.4 4.63e-10 1.53e-14 3.84e-14
90.4 3.4 4.49e-10 1.49e-14 3.73e-14
90.5 3.4 4.36e-10 1.45e-14 3.62e-14
90.6 3.4 4.24e-10 1.4e-14 3.51e-14
90.7 3.4 4.11e-10 1.36e-14 3.41e-14
90.8 3.4 3.99e-10 1.32e-14 3.31e-14
90.9 3.4 3.88e-10 1.29e-14 3.22e-14
91 3.4 3.77e-10 1.25e-14 3.12e-14
91.1 3.4 3.66e-10 1.21e-14 3.03e-14
91.2 3.4 3.55e-10 1.18e-14 2.95e-14
91.3 3.4 3.45e-10 1.14e-14 2.86e-14
91.4 3.4 3.35e-10 1.11e-14 2.78e-14
91.5 3.4 3.25e-10 1.08e-14 2.7e-14
91.6 3.4 3.16e-10 1.05e-14 2.62e-14
91.7 3.4 3.07e-10 1.02e-14 2.54e-14
91.8 3.4 2.98e-10 9.87e-15 2.47e-14
91.9 3.4 2.89e-10 9.59e-15 2.4e-14
92 3.4 2.81e-10 9.3e-15 2.33e-14
92.1 3.4 2.73e-10 9.03e-15 2.26e-14
92.2 3.4 2.65e-10 8.78e-15 2.2e-14
92.3 3.4 2.57e-10 8.52e-15 2.13e-14
92.4 3.4 2.49e-10 8.27e-15 2.07e-14
92.5 3.4 2.42e-10 8.03e-15 2.01e-14
92.6 3.4 2.35e-10 7.79e-15 1.95e-14
92.7 3.4 2.28e-10 7.57e-15 1.89e-14
92.8 3.4 2.22e-10 7.35e-15 1.84e-14
92.9 3.4 2.15e-10 7.14e-15 1.79e-14
93 3.4 2.09e-10 6.94e-15 1.74e-14
93.1 3.4 2.03e-10 6.73e-15 1.68e-14
93.2 3.4 1.97e-10 6.54e-15 1.64e-14
93.3 3.4 1.91e-10 6.35e-15 1.59e-14
93.4 3.4 1.86e-10 6.17e-15 1.54e-14
93.5 3.4 1.81e-10 5.99e-15 1.5e-14
93.6 3.4 1.75e-10 5.81e-15 1.45e-14
93.7 3.4 1.7e-10 5.64e-15 1.41e-14
93.8 3.4 1.65e-10 5.48e-15 1.37e-14
93.9 3.4 1.6e-10 5.32e-15 1.33e-14
94 3.4 1.56e-10 5.17e-15 1.29e-14
94.1 3.4 1.51e-10 5.02e-15 1.25e-14
94.2 3.4 1.47e-10 4.87e-15 1.22e-14
94.3 3.4 1.43e-10 4.73e-15 1.18e-14
94.4 3.4 1.39e-10 4.59e-15 1.15e-14
94.5 3.4 1.35e-10 4.46e-15 1.12e-14
94.6 3.4 1.31e-10 4.33e-15 1.08e-14
94.7 3.4 1.27e-10 4.21e-15 1.05e-14
94.8 3.4 1.23e-10 4.08e-15 1.02e-14
94.9 3.4 1.2e-10 3.96e-15 9.92e-15
95 3.4 1.16e-10 3.85e-15 9.64e-15
95.1 3.4 1.13e-10 3.74e-15 9.35e-15
95.2 3.4 1.09e-10 3.63e-15 9.08e-15
95.3 3.4 1.06e-10 3.53e-15 8.82e-15
95.4 3.4 1.03e-10 3.42e-15 8.56e-15
95.5 3.4 1e-10 3.33e-15 8.32e-15
