-25 6.2 0.0367 2e-09 1e-09
-24.9 6.2 0.0373 5e-10 5e-10
-24.8 6.2 0.0379 3.25e-09 2.75e-09
-24.7 6.2 0.0385 2.75e-09 3.25e-09
-24.6 6.2 0.0391 1.75e-09 2.25e-09
-24.5 6.2 0.0397 1e-09 1e-09
-24.4 6.2 0.0403 7.5e-10 1.25e-09
-24.3 6.2 0.0409 1e-09 2e-09
-24.2 6.2 0.0416 1e-09 3e-09
-24.1 6.2 0.0422 1.75e-09 4.25e-09
-24 6.2 0.0429 3e-09 5e-09
-23.9 6.2 0.0435 7.5e-09 7.5e-09
-23.8 6.2 0.0442 1.34e-07 5.03e-08
-23.7 6.2 0.0449 1.28e-08 1.83e-08
-23.6 6.2 0.0456 1.17e-08 1.12e-08
-23.5 6.2 0.0463 1.17e-08 9.25e-09
-23.4 6.2 0.047 1.28e-08 8.25e-09
-23.3 6.2 0.0477 1.43e-08 8.75e-09
-23.2 6.2 0.0484 1.53e-08 8.75e-09
-23.1 6.2 0.0492 1.72e-08 8.75e-09
-23 6.2 0.0499 1.87e-08 9.25e-09
-22.9 6.2 0.0507 1.98e-08 9.25e-09
-22.8 6.2 0.0515 2.17e-08 1.03e-08
-22.7 6.2 0.0523 2.32e-08 1.08e-08
-22.6 6.2 0.0531 2.47e-08 1.12e-08
-22.5 6.2 0.0539 2.65e-08 1.15e-08
-22.4 6.2 0.0547 2.78e-08 1.12e-08
-22.3 6.2 0.0555 2.97e-08 1.23e-08
-22.2 6.2 0.0564 3.15e-08 1.25e-08
-22.1 6.2 0.0572 3.35e-08 1.35e-08
-22 6.2 0.0581 3.57e-08 1.43e-08
-21.9 6.2 0.059 3.72e-08 1.47e-08
-21.8 6.2 0.0599 3.9e-08 1.5e-08
-21.7 6.2 0.0608 4.13e-08 1.57e-08
-21.6 6.2 0.0617 4.33e-08 1.68e-08
-21.5 6.2 0.0627 4.58e-08 1.72e-08
-21.4 6.2 0.0636 4.8e-08 1.8e-08
-21.3 6.2 0.0646 5e-08 1.9e-08
-21.2 6.2 0.0655 5.23e-08 1.98e-08
-21.1 6.2 0.0665 5.45e-08 2.05e-08
-21 6.2 0.0675 5.72e-08 2.08e-08
-20.9 6.2 0.0685 5.92e-08 2.17e-08
-20.8 6.2 0.0696 6.15e-08 2.25e-08
-20.7 6.2 0.0706 6.37e-08 2.32e-08
-20.6 6.2 0.0717 6.67e-08 2.42e-08
-20.5 6.2 0.0727 6.95e-08 2.45e-08
-20.4 6.2 0.0738 7.18e-08 2.53e-08
-20.3 6.2 0.0749 7.4e-08 2.6e-08
-20.2 6.2 0.076 7.67e-08 2.72e-08
-20.1 6.2 0.0772 7.9e-08 2.8e-08
-20 6.2 0.0783 8.2e-08 2.9e-08
-19.9 6.2 0.0795 8.5e-08 3e-08
-19.8 6.2 0.0806 8.73e-08 3.08e-08
-19.7 6.2 0.0818 8.98e-08 3.12e-08
-19.6 6.2 0.083 9.25e-08 3.15e-08
-19.5 6.2 0.0843 9.5e-08 3.3e-08
-19.4 6.2 0.0855 9.8e-08 3.4e-08
-19.3 6.2 0.0868 1.01e-07 3.45e-08
-19.2 6.2 0.088 1.04e-07 3.53e-08
-19.1 6.2 0.0893 1.07e-07 3.62e-08
-19 6.2 0.0906 1.09e-07 3.65e-08
-18.9 6.2 0.092 1.12e-07 3.72e-08
-18.8 6.2 0.0933 1.15e-07 3.9e-08
-18.7 6.2 0.0946 1.18e-07 4.02e-08
-18.6 6.2 0.096 1.21e-07 4.13e-08
-18.5 6.2 0.0974 1.23e-07 4.22e-08
-18.4 6.2 0.0988 1.26e-07 4.35e-08
-18.3 6.2 0.1 1.3e-07 5e-08
-18.2 6.2 0.102 1.3e-07 5e-08
-18.1 6.2 0.103 1.33e-07 4.75e-08
-18 6.2 0.105 1.35e-07 4.5e-08
-17.9 6.2 0.106 1.38e-07 5.25e-08
-17.8 6.2 0.108 1.38e-07 5.25e-08
-17.7 6.2 0.109 1.4e-07 5e-08
-17.6 6.2 0.111 1.45e-07 5.5e-08
-17.5 6.2 0.112 1.52e-07 5.75e-08
-17.4 6.2 0.114 1.52e-07 5.75e-08
-17.3 6.2 0.116 1.55e-07 6.5e-08
-17.2 6.2 0.117 1.6e-07 6e-08
-17.1 6.2 0.119 1.55e-07 6.5e-08
-17 6.2 0.121 1.6e-07 6e-08
-16.9 6.2 0.122 1.63e-07 6.75e-08
-16.8 6.2 0.124 1.63e-07 6.75e-08
-16.7 6.2 0.126 1.68e-07 7.25e-08
-16.6 6.2 0.127 1.65e-07 7.5e-08
-16.5 6.2 0.129 1.7e-07 7e-08
-16.4 6.2 0.131 1.68e-07 7.25e-08
-16.3 6.2 0.133 1.7e-07 7e-08
-16.2 6.2 0.135 1.72e-07 7.75e-08
-16.1 6.2 0.136 1.72e-07 7.75e-08
-16 6.2 0.138 1.75e-07 8.5e-08
-15.9 6.2 0.14 1.68e-07 8.25e-08
-15.8 6.2 0.142 3.4e-07 2.9e-07
-15.7 6.2 0.144 3.93e-07 3.17e-07
-15.6 6.2 0.146 4.5e-07 3.5e-07
-15.5 6.2 0.148 5.02e-07 3.87e-07
-15.4 6.2 0.15 5.6e-07 4.2e-07
-15.3 6.2 0.152 6.12e-07 4.48e-07
-15.2 6.2 0.154 7.6e-07 3.8e-07
-15.1 6.2 0.156 8.22e-07 3.98e-07
-15 6.2 0.158 4.87e-07 1.93e-07
-14.9 6.2 0.16 1.15e-07 2.05e-07
-14.8 6.2 0.163 6.08e-07 4.63e-07
-14.7 6.2 0.165 9.55e-07 1.61e-06
-14.6 6.2 0.167 3.53e-07 2.58e-07
-14.5 6.2 0.169 2.8e-07 1.6e-07
-14.4 6.2 0.171 2.53e-07 1.27e-07
-14.3 6.2 0.174 2.35e-07 1.05e-07
-14.2 6.2 0.176 2.2e-07 1e-07
-14.1 6.2 0.178 2.15e-07 8.5e-08
-14 6.2 0.18 2.07e-07 8.25e-08
-13.9 6.2 0.183 2.02e-07 7.75e-08
-13.8 6.2 0.185 1.97e-07 7.25e-08
-13.7 6.2 0.188 1.97e-07 7.25e-08
-13.6 6.2 0.19 1.85e-07 6.5e-08
-13.5 6.2 0.192 1.85e-07 6.5e-08
-13.4 6.2 0.195 1.77e-07 6.25e-08
-13.3 6.2 0.197 1.72e-07 5.75e-08
-13.2 6.2 0.2 1.65e-07 5.5e-08
-13.1 6.2 0.202 1.65e-07 5.5e-08
-13 6.2 0.205 1.58e-07 5.25e-08
-12.9 6.2 0.208 1.5e-07 5e-08
-12.8 6.2 0.21 1.5e-07 5e-08
-12.7 6.2 0.213 1.38e-07 5.25e-08
-12.6 6.2 0.215 1.38e-07 5.25e-08
-12.5 6.2 0.218 1.3e-07 5e-08
-12.4 6.2 0.221 1.22e-07 4.75e-08
-12.3 6.2 0.223 1.15e-07 4.5e-08
-12.2 6.2 0.226 1.08e-07 4.25e-08
-12.1 6.2 0.229 1e-07 4e-08
-12 6.2 0.232 9.5e-08 4.5e-08
-11.9 6.2 0.234 8.5e-08 3.5e-08
-11.8 6.2 0.237 7.75e-08 3.25e-08
-11.7 6.2 0.24 6.75e-08 3.25e-08
-11.6 6.2 0.243 6.25e-08 2.75e-08
-11.5 6.2 0.246 5e-08 3e-08
-11.4 6.2 0.249 4.75e-08 2.25e-08
-11.3 6.2 0.252 8.75e-08 3.25e-08
-11.2 6.2 0.255 5.75e-08 2.25e-08
-11.1 6.2 0.258 3.25e-08 1.75e-08
-11 6.2 0.261 5e-09 5e-09
-10.9 6.2 0.264 1.75e-08 2.25e-08
-10.8 6.2 0.267 1.5e-08 5e-09
-10.7 6.2 0.27 2e-08 1e-08
-10.6 6.2 0.273 3.75e-08 3.25e-08
-10.5 6.2 0.276 3.43e-07 9.28e-07
-10.4 6.2 0.279 9.25e-08 7.75e-08
-10.3 6.2 0.282 7e-08 8e-08
-10.2 6.2 0.285 5.25e-08 8.75e-08
-10.1 6.2 0.288 5.5e-08 9.5e-08
-10 6.2 0.292 5.25e-08 1.08e-07
-9.9 6.2 0.295 5.5e-08 1.15e-07
-9.8 6.2 0.298 5.5e-08 1.25e-07
-9.7 6.2 0.301 6.5e-08 1.35e-07
-9.6 6.2 0.305 7e-08 1.5e-07
-9.5 6.2 0.308 7e-08 1.6e-07
-9.4 6.2 0.311 7.25e-08 1.68e-07
-9.3 6.2 0.314 7.75e-08 1.72e-07
-9.2 6.2 0.318 8.25e-08 1.88e-07
-9.1 6.2 0.321 9.5e-08 1.85e-07
-9 6.2 0.324 1.44e-06 6.75e-07
-8.9 6.2 0.328 1.33e-07 2.48e-07
-8.8 6.2 0.331 1.1e-07 2.5e-07
-8.7 6.2 0.335 1e-07 2.6e-07
-8.6 6.2 0.338 9.75e-08 2.72e-07
-8.5 6.2 0.342 1e-07 2.8e-07
-8.4 6.2 0.345 1e-07 2.9e-07
-8.3 6.2 0.348 1.08e-07 3.03e-07
-8.2 6.2 0.352 1.1e-07 3.1e-07
-8.1 6.2 0.355 1.15e-07 3.25e-07
-8 6.2 0.359 1.25e-07 3.35e-07
-7.9 6.2 0.362 1.27e-07 3.43e-07
-7.8 6.2 0.366 1.33e-07 3.58e-07
-7.7 6.2 0.369 1.4e-07 3.6e-07
-7.6 6.2 0.373 1.45e-07 3.75e-07
-7.5 6.2 0.377 1.47e-07 3.82e-07
-7.4 6.2 0.38 1.52e-07 3.98e-07
-7.3 6.2 0.384 1.6e-07 4e-07
-7.2 6.2 0.387 1.65e-07 4.15e-07
-7.1 6.2 0.391 1.75e-07 4.25e-07
-7 6.2 0.395 1.75e-07 4.25e-07
-6.9 6.2 0.398 1.85e-07 4.35e-07
-6.8 6.2 0.402 1.9e-07 4.5e-07
-6.7 6.2 0.405 1.93e-07 4.58e-07
-6.6 6.2 0.409 2e-07 4.6e-07
-6.5 6.2 0.413 2.02e-07 4.68e-07
-6.4 6.2 0.416 2.05e-07 4.75e-07
-6.3 6.2 0.42 2.13e-07 4.77e-07
-6.2 6.2 0.424 2.07e-07 4.83e-07
-6.1 6.2 0.427 2.18e-07 4.93e-07
-6 6.2 0.431 2.2e-07 5e-07
-5.9 6.2 0.435 2.27e-07 5.02e-07
-5.8 6.2 0.438 2.27e-07 5.02e-07
-5.7 6.2 0.442 2.27e-07 5.02e-07
-5.6 6.2 0.446 2.38e-07 5.12e-07
-5.5 6.2 0.449 2.35e-07 5.15e-07
-5.4 6.2 0.453 2.38e-07 5.12e-07
-5.3 6.2 0.457 2.4e-07 5.2e-07
-5.2 6.2 0.46 2.45e-07 5.15e-07
-5.1 6.2 0.464 2.4e-07 5.2e-07
-5 6.2 0.468 2.48e-07 5.22e-07
-4.9 6.2 0.471 2.53e-07 5.18e-07
-4.8 6.2 0.475 2.53e-07 5.18e-07
-4.7 6.2 0.478 2.53e-07 5.18e-07
-4.6 6.2 0.482 2.53e-07 5.18e-07
-4.5 6.2 0.486 2.53e-07 5.18e-07
-4.4 6.2 0.489 2.5e-07 5.1e-07
-4.3 6.2 0.493 2.58e-07 5.12e-07
-4.2 6.2 0.497 2.55e-07 5.05e-07
-4.1 6.2 0.5 2.6e-07 5e-07
-4 6.2 0.504 2.55e-07 4.95e-07
-3.9 6.2 0.507 2.55e-07 4.85e-07
-3.8 6.2 0.511 2.55e-07 4.85e-07
-3.7 6.2 0.515 2.53e-07 4.77e-07
-3.6 6.2 0.518 2.53e-07 4.68e-07
-3.5 6.2 0.522 2.53e-07 4.58e-07
-3.4 6.2 0.525 2.5e-07 4.5e-07
-3.3 6.2 0.529 2.48e-07 4.42e-07
-3.2 6.2 0.532 2.45e-07 4.35e-07
-3.1 6.2 0.536 2.48e-07 4.22e-07
-3 6.2 0.539 2.5e-07 4.1e-07
-2.9 6.2 0.543 2.48e-07 3.93e-07
-2.8 6.2 0.546 2.5e-07 3.8e-07
-2.7 6.2 0.55 2.58e-07 3.63e-07
-2.6 6.2 0.553 2.6e-07 3.4e-07
-2.5 6.2 0.556 2.67e-07 3.13e-07
-2.4 6.2 0.56 5.12e-07 6.38e-07
-2.3 6.2 0.563 5.42e-07 6.87e-07
-2.2 6.2 0.567 4.8e-07 6.2e-07
-2.1 6.2 0.57 3.46e-06 1.79e-06
-2 6.2 0.573 3.5e-07 5.3e-07
-1.9 6.2 0.577 2.07e-07 4.22e-07
-1.8 6.2 0.58 1.63e-07 3.77e-07
-1.7 6.2 0.583 3.03e-07 6.38e-07
-1.6 6.2 0.586 2.65e-07 5.75e-07
-1.5 6.2 0.59 2.43e-07 5.08e-07
-1.4 6.2 0.593 2.1e-07 4.5e-07
-1.3 6.2 0.596 1.82e-07 3.87e-07
-1.2 6.2 0.599 1.6e-07 3.3e-07
-1.1 6.2 0.602 1.65e-07 2.35e-07
-1 6.2 0.605 1.35e-07 1.85e-07
-0.9 6.2 0.608 1e-07 1.3e-07
-0.8 6.2 0.611 6.5e-08 7.5e-08
-0.7 6.2 0.614 3.25e-08 3.75e-08
-0.6 6.2 0.617 2.75e-08 2.25e-08
-0.5 6.2 0.62 4.75e-08 1.02e-07
-0.4 6.2 0.623 4.25e-08 8.75e-08
-0.3 6.2 0.626 2.75e-08 6.25e-08
-0.2 6.2 0.629 2.5e-08 4.5e-08
-0.1 6.2 0.632 1e-08 3e-08
8.88e-15 6.2 0.635 5e-09 5e-09
0.1 6.2 0.637 1e-08 1e-08
0.2 6.2 0.64 3e-08 1e-08
0.3 6.2 0.643 5.25e-08 1.75e-08
0.4 6.2 0.646 7.5e-08 2.5e-08
0.5 6.2 0.648 9.25e-08 3.75e-08
0.6 6.2 0.651 1.08e-07 4.25e-08
0.7 6.2 0.653 1.3e-07 5e-08
0.8 6.2 0.656 1.47e-07 6.25e-08
0.9 6.2 0.659 1.65e-07 7.5e-08
1 6.2 0.661 1.93e-07 7.75e-08
1.1 6.2 0.664 2.1e-07 9e-08
1.2 6.2 0.666 2.3e-07 9e-08
1.3 6.2 0.668 2.48e-07 1.02e-07
1.4 6.2 0.671 2.7e-07 1.1e-07
1.5 6.2 0.673 2.85e-07 1.15e-07
1.6 6.2 0.675 3.1e-07 1.3e-07
1.7 6.2 0.678 3.2e-07 1.4e-07
1.8 6.2 0.68 3.43e-07 1.47e-07
1.9 6.2 0.682 3.58e-07 1.52e-07
2 6.2 0.684 3.8e-07 1.6e-07
2.1 6.2 0.686 3.95e-07 1.65e-07
2.2 6.2 0.688 4.13e-07 1.77e-07
2.3 6.2 0.69 4.3e-07 1.9e-07
2.4 6.2 0.692 4.53e-07 1.97e-07
2.5 6.2 0.694 4.68e-07 2.02e-07
2.6 6.2 0.696 4.9e-07 2.1e-07
2.7 6.2 0.698 5.05e-07 2.15e-07
2.8 6.2 0.7 5.22e-07 2.27e-07
2.9 6.2 0.702 5.3e-07 2.3e-07
3 6.2 0.703 5.53e-07 2.38e-07
3.1 6.2 0.705 5.7e-07 2.5e-07
3.2 6.2 0.707 5.85e-07 2.55e-07
3.3 6.2 0.708 5.95e-07 2.65e-07
3.4 6.2 0.71 6.15e-07 2.65e-07
3.5 6.2 0.711 6.3e-07 2.7e-07
3.6 6.2 0.713 6.48e-07 2.82e-07
3.7 6.2 0.714 6.63e-07 2.88e-07
3.8 6.2 0.716 6.73e-07 2.98e-07
3.9 6.2 0.717 6.85e-07 2.95e-07
4 6.2 0.719 6.95e-07 3.05e-07
4.1 6.2 0.72 7.1e-07 3.1e-07
4.2 6.2 0.721 7.22e-07 3.17e-07
4.3 6.2 0.722 7.4e-07 3.2e-07
4.4 6.2 0.724 7.48e-07 3.22e-07
4.5 6.2 0.725 7.57e-07 3.32e-07
4.6 6.2 0.726 7.73e-07 3.37e-07
4.7 6.2 0.727 7.8e-07 3.4e-07
4.8 6.2 0.728 7.87e-07 3.43e-07
4.9 6.2 0.729 7.97e-07 3.53e-07
5 6.2 0.73 8.12e-07 3.58e-07
5.1 6.2 0.731 8.2e-07 3.6e-07
5.2 6.2 0.731 8.28e-07 3.63e-07
5.3 6.2 0.732 8.35e-07 3.65e-07
5.4 6.2 0.733 8.42e-07 3.67e-07
5.5 6.2 0.734 8.52e-07 3.77e-07
5.6 6.2 0.734 8.52e-07 3.77e-07
5.7 6.2 0.735 8.65e-07 3.75e-07
5.8 6.2 0.735 8.67e-07 3.82e-07
5.9 6.2 0.736 8.73e-07 3.77e-07
6 6.2 0.736 8.75e-07 3.85e-07
6.1 6.2 0.737 8.83e-07 3.87e-07
6.2 6.2 0.737 8.85e-07 3.85e-07
6.3 6.2 0.737 8.9e-07 3.9e-07
6.4 6.2 0.738 8.9e-07 3.9e-07
6.5 6.2 0.738 8.95e-07 3.95e-07
6.6 6.2 0.738 8.95e-07 3.95e-07
6.7 6.2 0.738 9.05e-07 3.95e-07
6.8 6.2 0.738 8.97e-07 3.93e-07
6.9 6.2 0.739 8.97e-07 3.93e-07
7 6.2 0.739 8.97e-07 3.93e-07
7.1 6.2 0.739 8.97e-07 3.93e-07
7.2 6.2 0.738 8.97e-07 3.93e-07
7.3 6.2 0.738 9.05e-07 3.95e-07
7.4 6.2 0.738 8.95e-07 3.95e-07
7.5 6.2 0.738 8.95e-07 3.95e-07
7.6 6.2 0.738 8.9e-07 3.9e-07
7.7 6.2 0.737 8.9e-07 3.9e-07
7.8 6.2 0.737 8.85e-07 3.85e-07
7.9 6.2 0.737 8.83e-07 3.87e-07
8 6.2 0.736 8.75e-07 3.85e-07
8.1 6.2 0.736 8.73e-07 3.77e-07
8.2 6.2 0.735 8.67e-07 3.82e-07
8.3 6.2 0.735 8.65e-07 3.75e-07
8.4 6.2 0.734 8.52e-07 3.77e-07
8.5 6.2 0.734 8.52e-07 3.77e-07
8.6 6.2 0.733 8.42e-07 3.67e-07
8.7 6.2 0.732 8.35e-07 3.65e-07
8.8 6.2 0.731 8.28e-07 3.63e-07
8.9 6.2 0.731 8.2e-07 3.6e-07
9 6.2 0.73 8.12e-07 3.58e-07
9.1 6.2 0.729 7.97e-07 3.53e-07
9.2 6.2 0.728 7.87e-07 3.43e-07
9.3 6.2 0.727 7.8e-07 3.4e-07
9.4 6.2 0.726 7.73e-07 3.37e-07
9.5 6.2 0.725 7.57e-07 3.32e-07
9.6 6.2 0.724 7.48e-07 3.22e-07
9.7 6.2 0.722 7.4e-07 3.2e-07
9.8 6.2 0.721 7.22e-07 3.17e-07
9.9 6.2 0.72 7.1e-07 3.1e-07
10 6.2 0.719 6.95e-07 3.05e-07
10.1 6.2 0.717 6.85e-07 2.95e-07
10.2 6.2 0.716 6.73e-07 2.98e-07
10.3 6.2 0.714 6.63e-07 2.88e-07
10.4 6.2 0.713 6.48e-07 2.82e-07
10.5 6.2 0.711 6.3e-07 2.7e-07
10.6 6.2 0.71 6.15e-07 2.65e-07
10.7 6.2 0.708 5.95e-07 2.65e-07
10.8 6.2 0.707 5.85e-07 2.55e-07
10.9 6.2 0.705 5.7e-07 2.5e-07
11 6.2 0.703 5.53e-07 2.38e-07
11.1 6.2 0.702 5.3e-07 2.3e-07
11.2 6.2 0.7 5.22e-07 2.27e-07
11.3 6.2 0.698 5.05e-07 2.15e-07
11.4 6.2 0.696 4.9e-07 2.1e-07
11.5 6.2 0.694 4.68e-07 2.02e-07
11.6 6.2 0.692 4.53e-07 1.97e-07
11.7 6.2 0.69 4.3e-07 1.9e-07
11.8 6.2 0.688 4.13e-07 1.77e-07
11.9 6.2 0.686 3.95e-07 1.65e-07
12 6.2 0.684 3.8e-07 1.6e-07
12.1 6.2 0.682 3.58e-07 1.52e-07
12.2 6.2 0.68 3.43e-07 1.47e-07
12.3 6.2 0.678 3.2e-07 1.4e-07
12.4 6.2 0.675 3.1e-07 1.3e-07
12.5 6.2 0.673 2.85e-07 1.15e-07
12.6 6.2 0.671 2.7e-07 1.1e-07
12.7 6.2 0.668 2.48e-07 1.02e-07
12.8 6.2 0.666 2.3e-07 9e-08
12.9 6.2 0.664 2.1e-07 9e-08
13 6.2 0.661 1.93e-07 7.75e-08
13.1 6.2 0.659 1.65e-07 7.5e-08
13.2 6.2 0.656 1.47e-07 6.25e-08
13.3 6.2 0.653 1.3e-07 5e-08
13.4 6.2 0.651 1.08e-07 4.25e-08
13.5 6.2 0.648 9.25e-08 3.75e-08
13.6 6.2 0.646 7.5e-08 2.5e-08
13.7 6.2 0.643 5.25e-08 1.75e-08
13.8 6.2 0.64 3e-08 1e-08
13.9 6.2 0.637 1e-08 1e-08
14 6.2 0.635 5e-09 5e-09
14.1 6.2 0.632 1e-08 3e-08
14.2 6.2 0.629 2.5e-08 4.5e-08
14.3 6.2 0.626 2.75e-08 6.25e-08
14.4 6.2 0.623 4.25e-08 8.75e-08
14.5 6.2 0.62 4.75e-08 1.02e-07
14.6 6.2 0.617 2.75e-08 2.25e-08
14.7 6.2 0.614 3.25e-08 3.75e-08
14.8 6.2 0.611 6.5e-08 7.5e-08
14.9 6.2 0.608 1e-07 1.3e-07
15 6.2 0.605 1.35e-07 1.85e-07
15.1 6.2 0.602 1.65e-07 2.35e-07
15.2 6.2 0.599 1.6e-07 3.3e-07
15.3 6.2 0.596 1.82e-07 3.87e-07
15.4 6.2 0.593 2.1e-07 4.5e-07
15.5 6.2 0.59 2.43e-07 5.08e-07
15.6 6.2 0.586 2.65e-07 5.75e-07
15.7 6.2 0.583 3.03e-07 6.38e-07
15.8 6.2 0.58 1.63e-07 3.77e-07
15.9 6.2 0.577 2.07e-07 4.22e-07
16 6.2 0.573 3.5e-07 5.3e-07
16.1 6.2 0.57 3.46e-06 1.79e-06
16.2 6.2 0.567 4.8e-07 6.2e-07
16.3 6.2 0.563 5.42e-07 6.87e-07
16.4 6.2 0.56 5.12e-07 6.38e-07
16.5 6.2 0.556 2.67e-07 3.13e-07
16.6 6.2 0.553 2.6e-07 3.4e-07
16.7 6.2 0.55 2.58e-07 3.63e-07
16.8 6.2 0.546 2.5e-07 3.8e-07
16.9 6.2 0.543 2.48e-07 3.93e-07
17 6.2 0.539 2.5e-07 4.1e-07
17.1 6.2 0.536 2.48e-07 4.22e-07
17.2 6.2 0.532 2.45e-07 4.35e-07
17.3 6.2 0.529 2.48e-07 4.42e-07
17.4 6.2 0.525 2.5e-07 4.5e-07
17.5 6.2 0.522 2.53e-07 4.58e-07
17.6 6.2 0.518 2.53e-07 4.68e-07
17.7 6.2 0.515 2.53e-07 4.77e-07
17.8 6.2 0.511 2.55e-07 4.85e-07
17.9 6.2 0.507 2.55e-07 4.85e-07
18 6.2 0.504 2.55e-07 4.95e-07
18.1 6.2 0.5 2.6e-07 5e-07
18.2 6.2 0.497 2.55e-07 5.05e-07
18.3 6.2 0.493 2.58e-07 5.12e-07
18.4 6.2 0.489 2.5e-07 5.1e-07
18.5 6.2 0.486 2.53e-07 5.18e-07
18.6 6.2 0.482 2.53e-07 5.18e-07
18.7 6.2 0.478 2.53e-07 5.18e-07
18.8 6.2 0.475 2.53e-07 5.18e-07
18.9 6.2 0.471 2.53e-07 5.18e-07
19 6.2 0.468 2.48e-07 5.22e-07
19.1 6.2 0.464 2.4e-07 5.2e-07
19.2 6.2 0.46 2.45e-07 5.15e-07
19.3 6.2 0.457 2.4e-07 5.2e-07
19.4 6.2 0.453 2.38e-07 5.12e-07
19.5 6.2 0.449 2.35e-07 5.15e-07
19.6 6.2 0.446 2.38e-07 5.12e-07
19.7 6.2 0.442 2.27e-07 5.02e-07
19.8 6.2 0.438 2.27e-07 5.02e-07
19.9 6.2 0.435 2.27e-07 5.02e-07
20 6.2 0.431 2.2e-07 5e-07
20.1 6.2 0.427 2.18e-07 4.93e-07
20.2 6.2 0.424 2.07e-07 4.83e-07
20.3 6.2 0.42 2.13e-07 4.77e-07
20.4 6.2 0.416 2.05e-07 4.75e-07
20.5 6.2 0.413 2.02e-07 4.68e-07
20.6 6.2 0.409 2e-07 4.6e-07
20.7 6.2 0.405 1.93e-07 4.58e-07
20.8 6.2 0.402 1.9e-07 4.5e-07
20.9 6.2 0.398 1.85e-07 4.35e-07
21 6.2 0.395 1.75e-07 4.25e-07
21.1 6.2 0.391 1.75e-07 4.25e-07
21.2 6.2 0.387 1.65e-07 4.15e-07
21.3 6.2 0.384 1.6e-07 4e-07
21.4 6.2 0.38 1.52e-07 3.98e-07
21.5 6.2 0.377 1.47e-07 3.82e-07
21.6 6.2 0.373 1.45e-07 3.75e-07
21.7 6.2 0.369 1.4e-07 3.6e-07
21.8 6.2 0.366 1.33e-07 3.58e-07
21.9 6.2 0.362 1.27e-07 3.43e-07
22 6.2 0.359 1.25e-07 3.35e-07
22.1 6.2 0.355 1.15e-07 3.25e-07
22.2 6.2 0.352 1.1e-07 3.1e-07
22.3 6.2 0.348 1.08e-07 3.03e-07
22.4 6.2 0.345 1e-07 2.9e-07
22.5 6.2 0.342 1e-07 2.8e-07
22.6 6.2 0.338 9.75e-08 2.72e-07
22.7 6.2 0.335 1e-07 2.6e-07
22.8 6.2 0.331 1.1e-07 2.5e-07
22.9 6.2 0.328 1.33e-07 2.48e-07
23 6.2 0.324 1.44e-06 6.75e-07
23.1 6.2 0.321 9.5e-08 1.85e-07
23.2 6.2 0.318 8.25e-08 1.88e-07
23.3 6.2 0.314 7.75e-08 1.72e-07
23.4 6.2 0.311 7.25e-08 1.68e-07
23.5 6.2 0.308 7e-08 1.6e-07
23.6 6.2 0.305 7e-08 1.5e-07
23.7 6.2 0.301 6.5e-08 1.35e-07
23.8 6.2 0.298 5.5e-08 1.25e-07
23.9 6.2 0.295 5.5e-08 1.15e-07
24 6.2 0.292 5.25e-08 1.08e-07
24.1 6.2 0.288 5.5e-08 9.5e-08
24.2 6.2 0.285 5.25e-08 8.75e-08
24.3 6.2 0.282 7e-08 8e-08
24.4 6.2 0.279 9.25e-08 7.75e-08
24.5 6.2 0.276 3.43e-07 9.28e-07
24.6 6.2 0.273 3.75e-08 3.25e-08
24.7 6.2 0.27 2e-08 1e-08
24.8 6.2 0.267 1.5e-08 5e-09
24.9 6.2 0.264 1.75e-08 2.25e-08
25 6.2 0.261 5e-09 5e-09
25.1 6.2 0.258 3.25e-08 1.75e-08
25.2 6.2 0.255 5.75e-08 2.25e-08
25.3 6.2 0.252 8.75e-08 3.25e-08
25.4 6.2 0.249 4.75e-08 2.25e-08
25.5 6.2 0.246 5e-08 3e-08
25.6 6.2 0.243 6.25e-08 2.75e-08
25.7 6.2 0.24 6.75e-08 3.25e-08
25.8 6.2 0.237 7.75e-08 3.25e-08
25.9 6.2 0.234 8.5e-08 3.5e-08
26 6.2 0.232 9.5e-08 4.5e-08
26.1 6.2 0.229 1e-07 4e-08
26.2 6.2 0.226 1.08e-07 4.25e-08
26.3 6.2 0.223 1.15e-07 4.5e-08
26.4 6.2 0.221 1.22e-07 4.75e-08
26.5 6.2 0.218 1.3e-07 5e-08
26.6 6.2 0.215 1.38e-07 5.25e-08
26.7 6.2 0.213 1.38e-07 5.25e-08
26.8 6.2 0.21 1.5e-07 5e-08
26.9 6.2 0.208 1.5e-07 5e-08
27 6.2 0.205 1.58e-07 5.25e-08
27.1 6.2 0.202 1.65e-07 5.5e-08
27.2 6.2 0.2 1.65e-07 5.5e-08
27.3 6.2 0.197 1.72e-07 5.75e-08
27.4 6.2 0.195 1.77e-07 6.25e-08
27.5 6.2 0.192 1.85e-07 6.5e-08
27.6 6.2 0.19 1.85e-07 6.5e-08
27.7 6.2 0.188 1.97e-07 7.25e-08
27.8 6.2 0.185 1.97e-07 7.25e-08
27.9 6.2 0.183 2.02e-07 7.75e-08
28 6.2 0.18 2.07e-07 8.25e-08
28.1 6.2 0.178 2.15e-07 8.5e-08
28.2 6.2 0.176 2.2e-07 1e-07
28.3 6.2 0.174 2.35e-07 1.05e-07
28.4 6.2 0.171 2.53e-07 1.27e-07
28.5 6.2 0.169 2.8e-07 1.6e-07
28.6 6.2 0.167 3.53e-07 2.58e-07
28.7 6.2 0.165 9.55e-07 1.61e-06
28.8 6.2 0.163 6.08e-07 4.63e-07
28.9 6.2 0.16 1.15e-07 2.05e-07
29 6.2 0.158 4.87e-07 1.93e-07
29.1 6.2 0.156 8.22e-07 3.98e-07
29.2 6.2 0.154 7.6e-07 3.8e-07
29.3 6.2 0.152 6.12e-07 4.48e-07
29.4 6.2 0.15 5.6e-07 4.2e-07
29.5 6.2 0.148 5.02e-07 3.87e-07
29.6 6.2 0.146 4.5e-07 3.5e-07
29.7 6.2 0.144 3.93e-07 3.17e-07
29.8 6.2 0.142 3.4e-07 2.9e-07
29.9 6.2 0.14 1.68e-07 8.25e-08
30 6.2 0.138 1.75e-07 8.5e-08
30.1 6.2 0.136 1.72e-07 7.75e-08
30.2 6.2 0.135 1.72e-07 7.75e-08
30.3 6.2 0.133 1.7e-07 7e-08
30.4 6.2 0.131 1.68e-07 7.25e-08
30.5 6.2 0.129 1.7e-07 7e-08
30.6 6.2 0.127 1.65e-07 7.5e-08
30.7 6.2 0.126 1.68e-07 7.25e-08
30.8 6.2 0.124 1.63e-07 6.75e-08
30.9 6.2 0.122 1.63e-07 6.75e-08
31 6.2 0.121 1.6e-07 6e-08
31.1 6.2 0.119 1.55e-07 6.5e-08
31.2 6.2 0.117 1.6e-07 6e-08
31.3 6.2 0.116 1.55e-07 6.5e-08
31.4 6.2 0.114 1.52e-07 5.75e-08
31.5 6.2 0.112 1.52e-07 5.75e-08
31.6 6.2 0.111 1.45e-07 5.5e-08
31.7 6.2 0.109 1.4e-07 5e-08
31.8 6.2 0.108 1.38e-07 5.25e-08
31.9 6.2 0.106 1.38e-07 5.25e-08
32 6.2 0.105 1.35e-07 4.5e-08
32.1 6.2 0.103 1.33e-07 4.75e-08
32.2 6.2 0.102 1.3e-07 5e-08
32.3 6.2 0.1 1.3e-07 5e-08
32.4 6.2 0.0988 1.26e-07 4.35e-08
32.5 6.2 0.0974 1.23e-07 4.22e-08
32.6 6.2 0.096 1.21e-07 4.13e-08
32.7 6.2 0.0946 1.18e-07 4.02e-08
32.8 6.2 0.0933 1.15e-07 3.9e-08
32.9 6.2 0.092 1.12e-07 3.72e-08
33 6.2 0.0906 1.09e-07 3.65e-08
33.1 6.2 0.0893 1.07e-07 3.62e-08
33.2 6.2 0.088 1.04e-07 3.53e-08
33.3 6.2 0.0868 1.01e-07 3.45e-08
33.4 6.2 0.0855 9.8e-08 3.4e-08
33.5 6.2 0.0843 9.5e-08 3.3e-08
33.6 6.2 0.083 9.25e-08 3.15e-08
33.7 6.2 0.0818 8.98e-08 3.12e-08
33.8 6.2 0.0806 8.73e-08 3.08e-08
33.9 6.2 0.0795 8.5e-08 3e-08
34 6.2 0.0783 8.2e-08 2.9e-08
34.1 6.2 0.0772 7.9e-08 2.8e-08
34.2 6.2 0.076 7.67e-08 2.72e-08
34.3 6.2 0.0749 7.4e-08 2.6e-08
34.4 6.2 0.0738 7.18e-08 2.53e-08
34.5 6.2 0.0727 6.95e-08 2.45e-08
34.6 6.2 0.0717 6.67e-08 2.42e-08
34.7 6.2 0.0706 6.37e-08 2.32e-08
34.8 6.2 0.0696 6.15e-08 2.25e-08
34.9 6.2 0.0685 5.92e-08 2.17e-08
35 6.2 0.0675 5.72e-08 2.08e-08
35.1 6.2 0.0665 5.45e-08 2.05e-08
35.2 6.2 0.0655 5.23e-08 1.98e-08
35.3 6.2 0.0646 5e-08 1.9e-08
35.4 6.2 0.0636 4.8e-08 1.8e-08
35.5 6.2 0.0627 4.58e-08 1.72e-08
35.6 6.2 0.0617 4.33e-08 1.68e-08
35.7 6.2 0.0608 4.13e-08 1.57e-08
35.8 6.2 0.0599 3.9e-08 1.5e-08
35.9 6.2 0.059 3.72e-08 1.47e-08
36 6.2 0.0581 3.57e-08 1.43e-08
36.1 6.2 0.0572 3.35e-08 1.35e-08
36.2 6.2 0.0564 3.15e-08 1.25e-08
36.3 6.2 0.0555 2.97e-08 1.23e-08
36.4 6.2 0.0547 2.78e-08 1.12e-08
36.5 6.2 0.0539 2.65e-08 1.15e-08
36.6 6.2 0.0531 2.47e-08 1.12e-08
36.7 6.2 0.0523 2.32e-08 1.08e-08
36.8 6.2 0.0515 2.17e-08 1.03e-08
36.9 6.2 0.0507 1.98e-08 9.25e-09
37 6.2 0.0499 1.87e-08 9.25e-09
37.1 6.2 0.0492 1.72e-08 8.75e-09
37.2 6.2 0.0484 1.53e-08 8.75e-09
37.3 6.2 0.0477 1.43e-08 8.75e-09
37.4 6.2 0.047 1.28e-08 8.25e-09
37.5 6.2 0.0463 1.17e-08 9.25e-09
37.6 6.2 0.0456 1.17e-08 1.12e-08
37.7 6.2 0.0449 1.28e-08 1.83e-08
37.8 6.2 0.0442 1.34e-07 5.03e-08
37.9 6.2 0.0435 7.5e-09 7.5e-09
38 6.2 0.0429 3e-09 5e-09
38.1 6.2 0.0422 1.75e-09 4.25e-09
38.2 6.2 0.0416 1e-09 3e-09
38.3 6.2 0.0409 1e-09 2e-09
38.4 6.2 0.0403 7.5e-10 1.25e-09
38.5 6.2 0.0397 1e-09 1e-09
38.6 6.2 0.0391 1.75e-09 2.25e-09
38.7 6.2 0.0385 2.75e-09 3.25e-09
38.8 6.2 0.0379 3.25e-09 2.75e-09
38.9 6.2 0.0373 5e-10 5e-10
39 6.2 0.0367 2e-09 1e-09
39.1 6.2 0.0362 3.25e-09 2.75e-09
39.2 6.2 0.0356 4e-09 5e-09
39.3 6.2 0.0351 5.25e-09 6.75e-09
39.4 6.2 0.0345 6.5e-09 8.5e-09
39.5 6.2 0.034 7.25e-09 9.75e-09
39.6 6.2 0.0335 8e-09 1.2e-08
39.7 6.2 0.033 7.25e-09 1.47e-08
39.8 6.2 0.0325 8e-09 1.7e-08
39.9 6.2 0.032 8.75e-09 1.83e-08
40 6.2 0.0315 9.75e-09 2.02e-08
40.1 6.2 0.031 9.5e-09 2.15e-08
40.2 6.2 0.0305 1.08e-08 2.32e-08
40.3 6.2 0.03 1.15e-08 2.45e-08
40.4 6.2 0.0296 1.12e-08 2.57e-08
40.5 6.2 0.0291 1.2e-08 2.7e-08
40.6 6.2 0.0287 1.3e-08 2.8e-08
40.7 6.2 0.0282 1.3e-08 3e-08
40.8 6.2 0.0278 1.35e-08 3.05e-08
40.9 6.2 0.0273 1.47e-08 3.23e-08
41 6.2 0.0269 7e-09 1.7e-08
41.1 6.2 0.0265 6.5e-09 1.75e-08
41.2 6.2 0.0261 6.75e-09 1.72e-08
41.3 6.2 0.0257 6.5e-09 1.75e-08
41.4 6.2 0.0253 7e-09 1.8e-08
41.5 6.2 0.0249 6.75e-09 1.83e-08
41.6 6.2 0.0245 6.5e-09 1.85e-08
41.7 6.2 0.0241 6.75e-09 1.83e-08
41.8 6.2 0.0237 6.5e-09 1.85e-08
41.9 6.2 0.0234 7e-09 1.9e-08
42 6.2 0.023 7e-09 1.9e-08
42.1 6.2 0.0227 6.75e-09 1.93e-08
42.2 6.2 0.0223 7.25e-09 1.98e-08
42.3 6.2 0.022 7.25e-09 1.98e-08
42.4 6.2 0.0216 7.25e-09 1.98e-08
42.5 6.2 0.0213 7.25e-09 1.98e-08
42.6 6.2 0.0209 6.75e-09 2.02e-08
42.7 6.2 0.0206 7.25e-09 1.98e-08
42.8 6.2 0.0203 6.75e-09 2.02e-08
42.9 6.2 0.02 7e-09 2e-08
43 6.2 0.0197 7.25e-09 1.98e-08
43.1 6.2 0.0194 6.75e-09 2.02e-08
43.2 6.2 0.019 6.75e-09 2.02e-08
43.3 6.2 0.0188 6.75e-09 2.02e-08
43.4 6.2 0.0185 6.75e-09 2.02e-08
43.5 6.2 0.0182 6.75e-09 2.02e-08
43.6 6.2 0.0179 6.75e-09 2.02e-08
43.7 6.2 0.0176 6.75e-09 2.02e-08
43.8 6.2 0.0173 7.5e-09 2.05e-08
43.9 6.2 0.0171 6.75e-09 2.02e-08
44 6.2 0.0168 6.75e-09 2.02e-08
44.1 6.2 0.0165 6.5e-09 1.95e-08
44.2 6.2 0.0163 6.75e-09 2.02e-08
44.3 6.2 0.016 6.75e-09 2.02e-08
44.4 6.2 0.0158 7.25e-09 1.98e-08
44.5 6.2 0.0155 6.75e-09 2.02e-08
44.6 6.2 0.0153 6.5e-09 1.95e-08
44.7 6.2 0.015 6.5e-09 1.95e-08
44.8 6.2 0.0148 6.5e-09 1.95e-08
44.9 6.2 0.0146 6.5e-09 1.95e-08
45 6.2 0.0143 6.5e-09 1.95e-08
45.1 6.2 0.0141 6.5e-09 1.95e-08
45.2 6.2 0.0139 6.5e-09 1.95e-08
45.3 6.2 0.0137 6.25e-09 1.87e-08
45.4 6.2 0.0134 6.25e-09 1.87e-08
45.5 6.2 0.0132 6.25e-09 1.87e-08
45.6 6.2 0.013 6.25e-09 1.87e-08
45.7 6.2 0.0128 6.5e-09 1.85e-08
45.8 6.2 0.0126 6.75e-09 1.83e-08
45.9 6.2 0.0124 6e-09 1.8e-08
46 6.2 0.0122 6.75e-09 1.83e-08
46.1 6.2 0.012 6e-09 1.8e-08
46.2 6.2 0.0118 6.25e-09 1.78e-08
46.3 6.2 0.0117 6e-09 1.8e-08
46.4 6.2 0.0115 5.75e-09 1.72e-08
46.5 6.2 0.0113 6e-09 1.8e-08
46.6 6.2 0.0111 5.75e-09 1.72e-08
46.7 6.2 0.0109 5.75e-09 1.72e-08
46.8 6.2 0.0108 5.75e-09 1.72e-08
46.9 6.2 0.0106 5.75e-09 1.72e-08
47 6.2 0.0104 5.5e-09 1.65e-08
47.1 6.2 0.0103 6e-09 1.7e-08
47.2 6.2 0.0101 5.5e-09 1.65e-08
47.3 6.2 0.00994 5.58e-09 1.63e-08
47.4 6.2 0.00978 5.52e-09 1.62e-08
47.5 6.2 0.00962 5.4e-09 1.6e-08
47.6 6.2 0.00947 5.42e-09 1.59e-08
47.7 6.2 0.00932 5.38e-09 1.57e-08
47.8 6.2 0.00917 5.3e-09 1.55e-08
47.9 6.2 0.00903 5.3e-09 1.54e-08
48 6.2 0.00889 5.18e-09 1.52e-08
48.1 6.2 0.00875 5.15e-09 1.5e-08
48.2 6.2 0.00861 5.1e-09 1.49e-08
48.3 6.2 0.00847 5.03e-09 1.48e-08
48.4 6.2 0.00834 5e-09 1.46e-08
48.5 6.2 0.0082 4.93e-09 1.45e-08
48.6 6.2 0.00807 4.87e-09 1.43e-08
48.7 6.2 0.00795 4.85e-09 1.41e-08
48.8 6.2 0.00782 4.77e-09 1.4e-08
48.9 6.2 0.0077 4.8e-09 1.39e-08
49 6.2 0.00757 4.67e-09 1.37e-08
49.1 6.2 0.00745 4.63e-09 1.36e-08
49.2 6.2 0.00734 4.63e-09 1.34e-08
49.3 6.2 0.00722 4.5e-09 1.32e-08
49.4 6.2 0.0071 4.52e-09 1.31e-08
49.5 6.2 0.00699 4.48e-09 1.29e-08
49.6 6.2 0.00688 4.42e-09 1.28e-08
49.7 6.2 0.00677 4.38e-09 1.26e-08
49.8 6.2 0.00666 4.28e-09 1.25e-08
49.9 6.2 0.00656 4.2e-09 1.23e-08
50 6.2 0.00645 4.2e-09 1.22e-08
50.1 6.2 0.00635 4.18e-09 1.2e-08
50.2 6.2 0.00625 4.12e-09 1.19e-08
50.3 6.2 0.00615 4.05e-09 1.17e-08
50.4 6.2 0.00605 4e-09 1.16e-08
50.5 6.2 0.00596 3.98e-09 1.14e-08
50.6 6.2 0.00586 3.9e-09 1.13e-08
50.7 6.2 0.00577 3.85e-09 1.12e-08
50.8 6.2 0.00568 3.85e-09 1.1e-08
50.9 6.2 0.00559 3.77e-09 1.09e-08
51 6.2 0.0055 3.72e-09 1.08e-08
51.1 6.2 0.00541 3.67e-09 1.06e-08
51.2 6.2 0.00533 3.7e-09 1.05e-08
51.3 6.2 0.00524 3.65e-09 1.04e-08
51.4 6.2 0.00516 3.58e-09 1.02e-08
51.5 6.2 0.00507 3.53e-09 1.01e-08
51.6 6.2 0.00499 3.45e-09 9.95e-09
51.7 6.2 0.00491 3.45e-09 9.85e-09
51.8 6.2 0.00484 3.4e-09 9.7e-09
51.9 6.2 0.00476 3.38e-09 9.52e-09
52 6.2 0.00468 3.35e-09 9.35e-09
52.1 6.2 0.00461 3.43e-09 9.17e-09
52.2 6.2 0.00454 3.53e-09 8.88e-09
52.3 6.2 0.00446 5.75e-09 9.95e-09
52.4 6.2 0.00439 3.63e-09 9.17e-09
52.5 6.2 0.00432 3.35e-09 8.95e-09
52.6 6.2 0.00425 3.17e-09 8.82e-09
52.7 6.2 0.00419 3.12e-09 8.67e-09
52.8 6.2 0.00412 3e-09 8.5e-09
52.9 6.2 0.00405 3e-09 8.4e-09
53 6.2 0.00399 2.93e-09 8.27e-09
53.1 6.2 0.00393 2.85e-09 8.15e-09
53.2 6.2 0.00386 2.85e-09 8.05e-09
53.3 6.2 0.0038 2.8e-09 7.9e-09
53.4 6.2 0.00374 2.75e-09 7.85e-09
53.5 6.2 0.00368 2.72e-09 7.78e-09
53.6 6.2 0.00362 2.65e-09 7.65e-09
53.7 6.2 0.00357 2.65e-09 7.55e-09
53.8 6.2 0.00351 2.6e-09 7.4e-09
53.9 6.2 0.00345 2.52e-09 7.27e-09
54 6.2 0.0034 2.55e-09 7.25e-09
54.1 6.2 0.00334 2.5e-09 7.1e-09
54.2 6.2 0.00329 2.42e-09 6.97e-09
54.3 6.2 0.00324 2.4e-09 6.9e-09
54.4 6.2 0.00319 2.33e-09 6.78e-09
54.5 6.2 0.00314 2.3e-09 6.7e-09
54.6 6.2 0.00309 2.3e-09 6.6e-09
54.7 6.2 0.00304 2.28e-09 6.52e-09
54.8 6.2 0.00299 2.28e-09 6.42e-09
54.9 6.2 0.00294 2.2e-09 6.3e-09
55 6.2 0.00289 2.15e-09 6.25e-09
55.1 6.2 0.00285 2.13e-09 6.17e-09
55.2 6.2 0.0028 2.15e-09 6.05e-09
55.3 6.2 0.00276 2.05e-09 5.95e-09
55.4 6.2 0.00271 2.02e-09 5.87e-09
55.5 6.2 0.00267 2e-09 5.8e-09
55.6 6.2 0.00263 1.97e-09 5.72e-09
55.7 6.2 0.00258 1.97e-09 5.62e-09
55.8 6.2 0.00254 1.92e-09 5.58e-09
55.9 6.2 0.0025 1.9e-09 5.5e-09
56 6.2 0.00246 1.87e-09 5.42e-09
56.1 6.2 0.00242 1.85e-09 5.35e-09
56.2 6.2 0.00239 1.83e-09 5.28e-09
56.3 6.2 0.00235 1.8e-09 5.2e-09
56.4 6.2 0.00231 1.77e-09 5.13e-09
56.5 6.2 0.00227 1.75e-09 5.05e-09
56.6 6.2 0.00224 1.72e-09 4.97e-09
56.7 6.2 0.0022 1.7e-09 4.9e-09
56.8 6.2 0.00217 1.67e-09 4.83e-09
56.9 6.2 0.00213 1.67e-09 4.73e-09
57 6.2 0.0021 1.63e-09 4.67e-09
57.1 6.2 0.00206 1.58e-09 4.52e-09
57.2 6.2 0.00203 1.58e-09 4.52e-09
57.3 6.2 0.002 1.55e-09 4.45e-09
57.4 6.2 0.00197 1.53e-09 4.38e-09
57.5 6.2 0.00194 1.53e-09 4.38e-09
57.6 6.2 0.0019 1.5e-09 4.3e-09
57.7 6.2 0.00187 1.42e-09 4.18e-09
57.8 6.2 0.00184 1.45e-09 4.15e-09
57.9 6.2 0.00181 1.42e-09 4.08e-09
58 6.2 0.00179 1.4e-09 4e-09
58.1 6.2 0.00176 1.37e-09 3.93e-09
58.2 6.2 0.00173 1.37e-09 3.93e-09
58.3 6.2 0.0017 1.35e-09 3.85e-09
58.4 6.2 0.00167 1.3e-09 3.8e-09
58.5 6.2 0.00165 1.28e-09 3.72e-09
58.6 6.2 0.00162 1.28e-09 3.63e-09
58.7 6.2 0.0016 1.28e-09 3.63e-09
58.8 6.2 0.00157 1.25e-09 3.55e-09
58.9 6.2 0.00154 1.23e-09 3.48e-09
59 6.2 0.00152 1.17e-09 3.43e-09
59.1 6.2 0.0015 1.17e-09 3.43e-09
59.2 6.2 0.00147 1.12e-09 3.27e-09
59.3 6.2 0.00145 1.17e-09 3.32e-09
59.4 6.2 0.00143 1.12e-09 3.27e-09
59.5 6.2 0.0014 1.12e-09 3.17e-09
59.6 6.2 0.00138 1.12e-09 3.17e-09
59.7 6.2 0.00136 1.1e-09 3.1e-09
59.8 6.2 0.00134 1.05e-09 3.05e-09
59.9 6.2 0.00131 1.03e-09 2.98e-09
60 6.2 0.00129 1e-09 2.9e-09
60.1 6.2 0.00127 1e-09 2.9e-09
60.2 6.2 0.00125 9.75e-10 2.83e-09
60.3 6.2 0.00123 9.5e-10 2.75e-09
60.4 6.2 0.00121 9.5e-10 2.75e-09
60.5 6.2 0.00119 9.5e-10 2.75e-09
60.6 6.2 0.00117 9.25e-10 2.67e-09
60.7 6.2 0.00116 9.25e-10 2.67e-09
60.8 6.2 0.00114 9e-10 2.6e-09
60.9 6.2 0.00112 8.75e-10 2.52e-09
61 6.2 0.0011 8.75e-10 2.52e-09
61.1 6.2 0.00108 8.75e-10 2.52e-09
61.2 6.2 0.00107 8.5e-10 2.45e-09
61.3 6.2 0.00105 8.25e-10 2.38e-09
61.4 6.2 0.00103 8.25e-10 2.38e-09
61.5 6.2 0.00102 8e-10 2.3e-09
61.6 6.2 0.001 8e-10 2.3e-09
61.7 6.2 0.000984 7.9e-10 2.27e-09
61.8 6.2 0.000968 7.75e-10 2.23e-09
61.9 6.2 0.000953 7.63e-10 2.2e-09
62 6.2 0.000937 7.53e-10 2.17e-09
62.1 6.2 0.000923 7.4e-10 2.13e-09
62.2 6.2 0.000908 7.3e-10 2.1e-09
62.3 6.2 0.000893 7.17e-10 2.06e-09
62.4 6.2 0.000879 7.12e-10 2.04e-09
62.5 6.2 0.000865 7e-10 2e-09
62.6 6.2 0.000851 6.87e-10 1.97e-09
62.7 6.2 0.000837 6.77e-10 1.94e-09
62.8 6.2 0.000824 6.68e-10 1.91e-09
62.9 6.2 0.000811 6.55e-10 1.89e-09
63 6.2 0.000798 6.45e-10 1.85e-09
63.1 6.2 0.000785 6.33e-10 1.82e-09
63.2 6.2 0.000773 6.25e-10 1.79e-09
63.3 6.2 0.00076 6.17e-10 1.77e-09
63.4 6.2 0.000748 6.03e-10 1.74e-09
63.5 6.2 0.000736 5.97e-10 1.71e-09
63.6 6.2 0.000724 5.85e-10 1.69e-09
63.7 6.2 0.000713 5.75e-10 1.65e-09
63.8 6.2 0.000701 5.67e-10 1.63e-09
63.9 6.2 0.00069 5.6e-10 1.61e-09
64 6.2 0.000679 5.48e-10 1.58e-09
64.1 6.2 0.000668 5.4e-10 1.56e-09
64.2 6.2 0.000658 5.35e-10 1.53e-09
64.3 6.2 0.000647 5.23e-10 1.51e-09
64.4 6.2 0.000637 5.15e-10 1.48e-09
64.5 6.2 0.000627 5.1e-10 1.46e-09
64.6 6.2 0.000617 5e-10 1.44e-09
64.7 6.2 0.000607 4.93e-10 1.42e-09
64.8 6.2 0.000597 4.85e-10 1.4e-09
64.9 6.2 0.000587 4.77e-10 1.37e-09
65 6.2 0.000578 4.7e-10 1.35e-09
65.1 6.2 0.000569 4.63e-10 1.33e-09
65.2 6.2 0.00056 4.58e-10 1.31e-09
65.3 6.2 0.000551 4.45e-10 1.29e-09
65.4 6.2 0.000542 4.4e-10 1.27e-09
65.5 6.2 0.000533 4.33e-10 1.25e-09
65.6 6.2 0.000525 4.25e-10 1.23e-09
65.7 6.2 0.000516 4.2e-10 1.21e-09
65.8 6.2 0.000508 4.18e-10 1.19e-09
65.9 6.2 0.0005 4.07e-10 1.17e-09
66 6.2 0.000492 4e-10 1.15e-09
66.1 6.2 0.000484 3.95e-10 1.13e-09
66.2 6.2 0.000476 3.9e-10 1.12e-09
66.3 6.2 0.000469 3.83e-10 1.1e-09
66.4 6.2 0.000461 3.77e-10 1.08e-09
66.5 6.2 0.000454 3.73e-10 1.07e-09
66.6 6.2 0.000447 3.65e-10 1.05e-09
66.7 6.2 0.00044 3.6e-10 1.03e-09
66.8 6.2 0.000432 3.55e-10 1.01e-09
66.9 6.2 0.000426 3.47e-10 1e-09
67 6.2 0.000419 3.45e-10 9.85e-10
67.1 6.2 0.000412 3.4e-10 9.7e-10
67.2 6.2 0.000405 3.32e-10 9.58e-10
67.3 6.2 0.000399 3.28e-10 9.43e-10
67.4 6.2 0.000393 3.25e-10 9.25e-10
67.5 6.2 0.000386 3.17e-10 9.13e-10
67.6 6.2 0.00038 3.1e-10 8.9e-10
67.7 6.2 0.000374 3.08e-10 8.83e-10
67.8 6.2 0.000368 3.02e-10 8.67e-10
67.9 6.2 0.000362 2.98e-10 8.53e-10
68 6.2 0.000356 2.93e-10 8.37e-10
68.1 6.2 0.000351 2.85e-10 8.25e-10
68.2 6.2 0.000345 2.85e-10 8.15e-10
68.3 6.2 0.00034 2.8e-10 8e-10
68.4 6.2 0.000334 2.72e-10 7.88e-10
68.5 6.2 0.000329 2.72e-10 7.77e-10
68.6 6.2 0.000324 2.63e-10 7.58e-10
68.7 6.2 0.000318 2.6e-10 7.5e-10
68.8 6.2 0.000313 2.55e-10 7.35e-10
68.9 6.2 0.000308 2.53e-10 7.28e-10
69 6.2 0.000303 2.48e-10 7.12e-10
69.1 6.2 0.000298 2.45e-10 7.05e-10
69.2 6.2 0.000294 2.4e-10 6.9e-10
69.3 6.2 0.000289 2.38e-10 6.82e-10
69.4 6.2 0.000284 2.38e-10 6.73e-10
69.5 6.2 0.00028 2.3e-10 6.6e-10
69.6 6.2 0.000275 2.25e-10 6.45e-10
69.7 6.2 0.000271 2.25e-10 6.45e-10
69.8 6.2 0.000267 2.2e-10 6.3e-10
69.9 6.2 0.000262 2.17e-10 6.22e-10
70 6.2 0.000258 2.1e-10 6.1e-10
70.1 6.2 0.000254 2.08e-10 6.03e-10
70.2 6.2 0.00025 2.08e-10 5.92e-10
70.3 6.2 0.000246 2e-10 5.8e-10
70.4 6.2 0.000242 2e-10 5.7e-10
70.5 6.2 0.000238 1.95e-10 5.65e-10
70.6 6.2 0.000234 1.95e-10 5.55e-10
70.7 6.2 0.000231 1.93e-10 5.48e-10
70.8 6.2 0.000227 1.9e-10 5.4e-10
70.9 6.2 0.000223 1.82e-10 5.27e-10
71 6.2 0.00022 1.82e-10 5.18e-10
71.1 6.2 0.000216 1.78e-10 5.13e-10
71.2 6.2 0.000213 1.78e-10 5.02e-10
71.3 6.2 0.000209 1.7e-10 4.9e-10
71.4 6.2 0.000206 1.72e-10 4.88e-10
71.5 6.2 0.000203 1.65e-10 4.75e-10
71.6 6.2 0.000199 1.65e-10 4.75e-10
71.7 6.2 0.000196 1.6e-10 4.6e-10
71.8 6.2 0.000193 1.57e-10 4.52e-10
71.9 6.2 0.00019 1.57e-10 4.52e-10
72 6.2 0.000187 1.55e-10 4.45e-10
72.1 6.2 0.000184 1.5e-10 4.3e-10
72.2 6.2 0.000181 1.5e-10 4.3e-10
72.3 6.2 0.000178 1.48e-10 4.22e-10
72.4 6.2 0.000175 1.45e-10 4.15e-10
72.5 6.2 0.000173 1.42e-10 4.07e-10
72.6 6.2 0.00017 1.37e-10 4.03e-10
72.7 6.2 0.000167 1.4e-10 4e-10
72.8 6.2 0.000164 1.4e-10 3.9e-10
72.9 6.2 0.000162 1.35e-10 3.85e-10
73 6.2 0.000159 1.33e-10 3.77e-10
73.1 6.2 0.000157 1.27e-10 3.73e-10
73.2 6.2 0.000154 1.27e-10 3.62e-10
73.3 6.2 0.000152 1.22e-10 3.58e-10
73.4 6.2 0.000149 1.25e-10 3.55e-10
73.5 6.2 0.000147 1.22e-10 3.47e-10
73.6 6.2 0.000144 1.2e-10 3.4e-10
73.7 6.2 0.000142 1.2e-10 3.4e-10
73.8 6.2 0.00014 1.15e-10 3.35e-10
73.9 6.2 0.000138 1.12e-10 3.28e-10
74 6.2 0.000135 1.1e-10 3.2e-10
74.1 6.2 0.000133 1.1e-10 3.2e-10
74.2 6.2 0.000131 1.1e-10 3.1e-10
74.3 6.2 0.000129 1.05e-10 3.05e-10
74.4 6.2 0.000127 1.02e-10 2.98e-10
74.5 6.2 0.000125 1.05e-10 2.95e-10
74.6 6.2 0.000123 1.05e-10 2.95e-10
74.7 6.2 0.000121 1e-10 2.9e-10
95.6 6.2 4.16e-06 3.43e-12 9.87e-12
95.7 6.2 4.09e-06 3.43e-12 9.77e-12
95.8 6.2 4.03e-06 3.38e-12 9.63e-12
95.9 6.2 3.96e-06 3.28e-12 9.43e-12
96 6.2 3.9e-06 3.23e-12 9.27e-12
96.1 6.2 3.84e-06 3.2e-12 9.2e-12
96.2 6.2 3.77e-06 3.13e-12 8.98e-12
96.3 6.2 3.71e-06 3.08e-12 8.82e-12
96.4 6.2 3.65e-06 3.03e-12 8.68e-12
96.5 6.2 3.6e-06 3e-12 8.6e-12
96.6 6.2 3.54e-06 2.9e-12 8.4e-12
96.7 6.2 3.48e-06 2.85e-12 8.25e-12
96.8 6.2 3.43e-06 2.85e-12 8.15e-12
96.9 6.2 3.37e-06 2.83e-12 8.08e-12
97 6.2 3.32e-06 2.72e-12 7.88e-12
97.1 6.2 3.26e-06 2.7e-12 7.8e-12
97.2 6.2 3.21e-06 2.65e-12 7.65e-12
97.3 6.2 3.16e-06 2.6e-12 7.5e-12
97.4 6.2 3.11e-06 2.57e-12 7.42e-12
97.5 6.2 3.06e-06 2.52e-12 7.27e-12
97.6 6.2 3.01e-06 2.5e-12 7.2e-12
97.7 6.2 2.96e-06 2.45e-12 7.05e-12
97.8 6.2 2.92e-06 2.42e-12 6.97e-12
97.9 6.2 2.87e-06 2.37e-12 6.82e-12
98 6.2 2.82e-06 2.32e-12 6.67e-12
98.1 6.2 2.78e-06 2.3e-12 6.6e-12
98.2 6.2 2.73e-06 2.27e-12 6.52e-12
98.3 6.2 2.69e-06 2.22e-12 6.37e-12
98.4 6.2 2.65e-06 2.2e-12 6.3e-12
98.5 6.2 2.6e-06 2.17e-12 6.22e-12
98.6 6.2 2.56e-06 2.15e-12 6.15e-12
98.7 6.2 2.52e-06 2.07e-12 6.02e-12
98.8 6.2 2.48e-06 2.07e-12 5.92e-12
98.9 6.2 2.44e-06 2.05e-12 5.85e-12
99 6.2 2.4e-06 2e-12 5.7e-12
99.1 6.2 2.36e-06 1.97e-12 5.62e-12
99.2 6.2 2.33e-06 1.92e-12 5.57e-12
99.3 6.2 2.29e-06 1.92e-12 5.47e-12
99.4 6.2 2.25e-06 1.85e-12 5.35e-12
99.5 6.2 2.22e-06 1.82e-12 5.28e-12
99.6 6.2 2.18e-06 1.8e-12 5.2e-12
99.7 6.2 2.15e-06 1.8e-12 5.1e-12
99.8 6.2 2.11e-06 1.75e-12 5.05e-12
99.9 6.2 2.08e-06 1.73e-12 4.98e-12
