-25 0.4 1.6e-24 1.55e-24 1.05e-24
-24.9 0.4 2.05e-24 1.99e-24 1.35e-24
-24.8 0.4 2.64e-24 2.55e-24 1.73e-24
-24.7 0.4 3.39e-24 3.28e-24 2.22e-24
-24.6 0.4 4.35e-24 4.21e-24 2.85e-24
-24.5 0.4 5.58e-24 5.4e-24 3.66e-24
-24.4 0.4 7.17e-24 6.94e-24 4.7e-24
-24.3 0.4 9.21e-24 8.91e-24 6.03e-24
-24.2 0.4 1.18e-23 1.14e-23 7.74e-24
-24.1 0.4 1.52e-23 1.47e-23 9.94e-24
-24 0.4 1.95e-23 1.89e-23 1.28e-23
-23.9 0.4 2.5e-23 2.42e-23 1.64e-23
-23.8 0.4 3.21e-23 3.11e-23 2.11e-23
-23.7 0.4 4.13e-23 3.99e-23 2.7e-23
-23.6 0.4 5.3e-23 5.13e-23 3.47e-23
-23.5 0.4 6.8e-23 6.58e-23 4.46e-23
-23.4 0.4 8.74e-23 8.45e-23 5.72e-23
-23.3 0.4 1.12e-22 1.09e-22 7.35e-23
-23.2 0.4 1.44e-22 1.39e-22 9.43e-23
-23.1 0.4 1.85e-22 1.79e-22 1.21e-22
-23 0.4 2.37e-22 2.3e-22 1.56e-22
-22.9 0.4 3.05e-22 2.95e-22 2e-22
-22.8 0.4 3.91e-22 3.79e-22 2.56e-22
-22.7 0.4 5.03e-22 4.86e-22 3.29e-22
-22.6 0.4 6.45e-22 6.24e-22 4.23e-22
-22.5 0.4 8.29e-22 8.02e-22 5.43e-22
-22.4 0.4 1.06e-21 1.03e-21 6.97e-22
-22.3 0.4 1.37e-21 1.32e-21 8.95e-22
-22.2 0.4 1.75e-21 1.7e-21 1.15e-21
-22.1 0.4 2.25e-21 2.18e-21 1.48e-21
-22 0.4 2.89e-21 2.8e-21 1.89e-21
-21.9 0.4 3.71e-21 3.59e-21 2.43e-21
-21.8 0.4 4.77e-21 4.61e-21 3.12e-21
-21.7 0.4 6.12e-21 5.92e-21 4.01e-21
-21.6 0.4 7.86e-21 7.61e-21 5.15e-21
-21.5 0.4 1.01e-20 9.77e-21 6.61e-21
-21.4 0.4 1.3e-20 1.25e-20 8.49e-21
-21.3 0.4 1.66e-20 1.61e-20 1.09e-20
-21.2 0.4 2.14e-20 2.07e-20 1.4e-20
-21.1 0.4 2.74e-20 2.66e-20 1.8e-20
-21 0.4 3.52e-20 3.41e-20 2.31e-20
-20.9 0.4 4.52e-20 4.38e-20 2.96e-20
-20.8 0.4 5.81e-20 5.62e-20 3.81e-20
-20.7 0.4 7.46e-20 7.22e-20 4.89e-20
-20.6 0.4 9.58e-20 9.27e-20 6.28e-20
-20.5 0.4 1.23e-19 1.19e-19 8.06e-20
-20.4 0.4 1.58e-19 1.53e-19 1.03e-19
-20.3 0.4 2.03e-19 1.96e-19 1.33e-19
-20.2 0.4 2.6e-19 2.52e-19 1.71e-19
-20.1 0.4 3.34e-19 3.23e-19 2.19e-19
-20 0.4 4.29e-19 4.15e-19 2.81e-19
-19.9 0.4 5.51e-19 5.33e-19 3.61e-19
-19.8 0.4 7.08e-19 6.85e-19 4.64e-19
-19.7 0.4 9.09e-19 8.79e-19 5.95e-19
-19.6 0.4 1.17e-18 1.13e-18 7.64e-19
-19.5 0.4 1.5e-18 1.45e-18 9.82e-19
-19.4 0.4 1.92e-18 1.86e-18 1.26e-18
-19.3 0.4 2.47e-18 2.39e-18 1.62e-18
-19.2 0.4 3.17e-18 3.07e-18 2.08e-18
-19.1 0.4 4.07e-18 3.94e-18 2.67e-18
-19 0.4 5.23e-18 5.06e-18 3.43e-18
-18.9 0.4 6.72e-18 6.5e-18 4.4e-18
-18.8 0.4 8.62e-18 8.34e-18 5.65e-18
-18.7 0.4 1.11e-17 1.07e-17 7.25e-18
-18.6 0.4 1.42e-17 1.38e-17 9.31e-18
-18.5 0.4 1.83e-17 1.77e-17 1.2e-17
-18.4 0.4 2.34e-17 2.27e-17 1.54e-17
-18.3 0.4 3.01e-17 2.91e-17 1.97e-17
-18.2 0.4 3.86e-17 3.74e-17 2.53e-17
-18.1 0.4 4.96e-17 4.8e-17 3.25e-17
-18 0.4 6.37e-17 6.16e-17 4.17e-17
-17.9 0.4 8.18e-17 7.92e-17 5.36e-17
-17.8 0.4 1.05e-16 1.02e-16 6.88e-17
-17.7 0.4 1.35e-16 1.31e-16 8.84e-17
-17.6 0.4 1.73e-16 1.68e-16 1.13e-16
-17.5 0.4 2.22e-16 2.15e-16 1.46e-16
-17.4 0.4 2.86e-16 2.76e-16 1.87e-16
-17.3 0.4 3.67e-16 3.55e-16 2.4e-16
-17.2 0.4 4.71e-16 4.55e-16 3.08e-16
-17.1 0.4 6.05e-16 5.85e-16 3.96e-16
-17 0.4 7.76e-16 7.51e-16 5.08e-16
-16.9 0.4 9.97e-16 9.64e-16 6.53e-16
-16.8 0.4 1.28e-15 1.24e-15 8.38e-16
-16.7 0.4 1.64e-15 1.59e-15 1.08e-15
-16.6 0.4 2.11e-15 2.04e-15 1.38e-15
-16.5 0.4 2.71e-15 2.62e-15 1.77e-15
-16.4 0.4 3.48e-15 3.37e-15 2.28e-15
-16.3 0.4 4.47e-15 4.32e-15 2.93e-15
-16.2 0.4 5.74e-15 5.55e-15 3.76e-15
-16.1 0.4 7.36e-15 7.13e-15 4.82e-15
-16 0.4 9.46e-15 9.15e-15 6.19e-15
-15.9 0.4 1.21e-14 1.17e-14 7.95e-15
-15.8 0.4 1.56e-14 1.51e-14 1.02e-14
-15.7 0.4 2e-14 1.94e-14 1.31e-14
-15.6 0.4 2.57e-14 2.49e-14 1.68e-14
-15.5 0.4 3.3e-14 3.19e-14 2.16e-14
-15.4 0.4 4.24e-14 4.1e-14 2.78e-14
-15.3 0.4 5.44e-14 5.26e-14 3.56e-14
-15.2 0.4 6.99e-14 6.76e-14 4.58e-14
-15.1 0.4 8.97e-14 8.68e-14 5.88e-14
-15 0.4 1.15e-13 1.11e-13 7.55e-14
-14.9 0.4 1.48e-13 1.43e-13 9.69e-14
-14.8 0.4 1.9e-13 1.84e-13 1.24e-13
-14.7 0.4 2.44e-13 2.36e-13 1.6e-13
-14.6 0.4 3.13e-13 3.03e-13 2.05e-13
-14.5 0.4 4.02e-13 3.89e-13 2.63e-13
-14.4 0.4 5.16e-13 5e-13 3.38e-13
-14.3 0.4 6.63e-13 6.41e-13 4.34e-13
-14.2 0.4 8.51e-13 8.24e-13 5.58e-13
-14.1 0.4 1.09e-12 1.06e-12 7.16e-13
-14 0.4 1.4e-12 1.36e-12 9.19e-13
-13.9 0.4 1.8e-12 1.74e-12 1.18e-12
-13.8 0.4 2.31e-12 2.24e-12 1.52e-12
-13.7 0.4 2.97e-12 2.87e-12 1.95e-12
-13.6 0.4 3.81e-12 3.69e-12 2.5e-12
-13.5 0.4 4.9e-12 4.74e-12 3.21e-12
-13.4 0.4 6.29e-12 6.09e-12 4.12e-12
-13.3 0.4 8.08e-12 7.81e-12 5.29e-12
-12.1 0.4 1.62e-10 1.57e-10 1.06e-10
-12 0.4 2.08e-10 2.02e-10 1.36e-10
-11.9 0.4 2.67e-10 2.59e-10 1.75e-10
-11.8 0.4 3.43e-10 3.32e-10 2.25e-10
-11.7 0.4 4.41e-10 4.27e-10 2.89e-10
-11.6 0.4 5.66e-10 5.48e-10 3.71e-10
-11.5 0.4 7.27e-10 7.03e-10 4.76e-10
-11.4 0.4 9.33e-10 9.03e-10 6.12e-10
-11.3 0.4 1.2e-09 1.16e-09 7.85e-10
-11.2 0.4 1.54e-09 1.49e-09 1.01e-09
-11.1 0.4 1.98e-09 1.91e-09 1.29e-09
-11 0.4 2.54e-09 2.45e-09 1.66e-09
-10.9 0.4 3.26e-09 3.15e-09 2.13e-09
-10.8 0.4 4.18e-09 4.05e-09 2.74e-09
-10.7 0.4 5.37e-09 5.2e-09 3.52e-09
-10.6 0.4 6.9e-09 6.67e-09 4.52e-09
-10.5 0.4 8.86e-09 8.57e-09 5.8e-09
-10.4 0.4 1.14e-08 1.1e-08 7.45e-09
-10.3 0.4 1.46e-08 1.41e-08 9.57e-09
-10.2 0.4 1.87e-08 1.81e-08 1.23e-08
-10.1 0.4 2.41e-08 2.33e-08 1.58e-08
-10 0.4 3.09e-08 2.99e-08 2.03e-08
-9.9 0.4 3.97e-08 3.84e-08 2.6e-08
-9.8 0.4 5.1e-08 4.93e-08 3.34e-08
-9.7 0.4 6.54e-08 6.33e-08 4.29e-08
-9.6 0.4 8.4e-08 8.13e-08 5.5e-08
-9.5 0.4 1.08e-07 1.04e-07 7.07e-08
-9.4 0.4 1.39e-07 1.34e-07 9.08e-08
-9.3 0.4 1.78e-07 1.72e-07 1.17e-07
-9.2 0.4 2.28e-07 2.21e-07 1.5e-07
-9.1 0.4 2.93e-07 2.84e-07 1.92e-07
-9 0.4 3.77e-07 3.64e-07 2.47e-07
-8.9 0.4 4.84e-07 4.68e-07 3.17e-07
-8.8 0.4 6.21e-07 6.01e-07 4.07e-07
-8.7 0.4 7.97e-07 7.71e-07 5.22e-07
-8.6 0.4 1.02e-06 9.9e-07 6.71e-07
-8.5 0.4 1.31e-06 1.27e-06 8.61e-07
-8.4 0.4 1.69e-06 1.63e-06 1.11e-06
-8.3 0.4 2.17e-06 2.1e-06 1.42e-06
-8.2 0.4 2.78e-06 2.69e-06 1.82e-06
-8.1 0.4 3.57e-06 3.46e-06 2.34e-06
-8 0.4 4.59e-06 4.44e-06 3.01e-06
-7.9 0.4 5.89e-06 5.7e-06 3.86e-06
-7.8 0.4 7.56e-06 7.32e-06 4.96e-06
-7.7 0.4 9.71e-06 9.4e-06 6.36e-06
-7.6 0.4 1.25e-05 1.21e-05 8.17e-06
-7.5 0.4 1.6e-05 1.55e-05 1.05e-05
-7.4 0.4 2.06e-05 1.99e-05 1.35e-05
-7.3 0.4 2.64e-05 2.55e-05 1.73e-05
-7.2 0.4 3.39e-05 3.28e-05 2.22e-05
-7.1 0.4 4.35e-05 4.21e-05 2.85e-05
-7 0.4 5.59e-05 5.41e-05 3.66e-05
-6.9 0.4 7.18e-05 6.94e-05 4.7e-05
-6.8 0.4 9.21e-05 8.92e-05 6.04e-05
-6.7 0.4 0.000118 0.000114 7.75e-05
-6.6 0.4 0.000152 0.000147 9.95e-05
-6.5 0.4 0.000195 0.000189 0.000128
-6.4 0.4 0.00025 0.000242 0.000164
-6.3 0.4 0.000321 0.000311 0.000211
-6.2 0.4 0.000412 0.0004 0.000271
-6.1 0.4 0.000529 0.000513 0.000348
-6 0.4 0.00068 0.000659 0.000446
-5.9 0.4 0.000872 0.000846 0.000573
-5.8 0.4 0.00112 0.00109 0.000736
-5.7 0.4 0.00144 0.00139 0.000946
-5.6 0.4 0.00184 0.00179 0.00122
-5.5 0.4 0.00236 0.0023 0.00156
-5.4 0.4 0.00303 0.00295 0.00201
-5.3 0.4 0.00388 0.00379 0.00258
-5.2 0.4 0.00496 0.00486 0.00331
-5.1 0.4 0.00635 0.00624 0.00426
-5 0.4 0.00811 0.00801 0.00548
-4.9 0.4 0.0104 0.0103 0.00705
-4.8 0.4 0.0132 0.0132 0.00907
-4.7 0.4 0.0168 0.0169 0.0117
-4.6 0.4 0.0213 0.0216 0.015
-4.5 0.4 0.027 0.0275 0.0192
-4.4 0.4 0.0341 0.035 0.0247
-4.3 0.4 0.0429 0.0444 0.0315
-4.2 0.4 0.0538 0.056 0.0401
-4.1 0.4 0.0672 0.0702 0.0508
-4 0.4 0.0834 0.087 0.0637
-3.9 0.4 0.103 0.106 0.0791
-3.8 0.4 0.142 0.175 0.112
-3.7 0.4 0.17 0.2 0.133
-3.6 0.4 0.2 0.218 0.153
-3.5 0.4 0.255 0.198 0.193
-3.4 0.4 0.284 0.222 0.203
-3.3 0.4 0.308 0.251 0.201
-3.2 0.4 0.33 0.254 0.192
-3.1 0.4 0.418 0.392 0.292
-3 0.4 1.46 3.86 1.62
-2.9 0.4 0.946 2.84 1.47
-2.8 0.4 0.318 0.648 0.608
-2.7 0.4 0.0871 0.413 0.639
-2.6 0.4 -0.204 0.561 1.09
-2.5 0.4 -0.162 0.462 0.593
-2.4 0.4 -0.183 0.462 0.582
-2.3 0.4 -0.0581 0.943 1.59
-2.2 0.4 0.0917 0.612 0.94
-2.1 0.4 0.367 1.09 0.869
-2 0.4 0.658 1.33 0.543
-1.9 0.4 1.66 1.53 1.41
-1.8 0.4 0.935 0.719 0.656
-1.7 0.4 0.802 1.35 0.503
-1.6 0.4 0.191 3.67 3.93
-1.5 0.4 0.162 1.49 1.83
-1.4 0.4 -0.108 0.796 1.69
-1.3 0.4 -0.197 0.571 0.836
-1.2 0.4 -0.0754 0.47 1.33
-1.1 0.4 0.199 5.19 5.61
-1 0.4 0.449 2.12 1.91
-0.9 0.4 0.646 1.64 1.1
-0.8 0.4 0.679 0.36 0.289
-0.7 0.4 0.585 1.53 1.16
-0.6 0.4 0.452 2.3 2.21
-0.5 0.4 0.371 2.19 2.26
-0.4 0.4 0.403 1.19 1.27
-0.3 0.4 0.479 0.339 0.278
-0.2 0.4 0.539 1.82 1.66
-0.1 0.4 0.511 2.5 2.39
2.66e-14 0.4 0.381 2.08 2.21
0.1 0.4 0.217 0.791 1.2
0.2 0.4 -0.0755 0.581 1.53
0.3 0.4 0.254 1.42 1.95
0.4 0.4 0.49 2.09 2.19
0.5 0.4 0.867 5.69 5.07
0.6 0.4 1.06 1.25 0.496
0.7 0.4 1.16 0.978 0.583
0.8 0.4 1.05 1.74 0.821
0.9 0.4 0.779 1.8 1.45
1 0.4 0.81 3.77 3.37
1.1 0.4 0.174 0.456 1.32
1.2 0.4 0.0485 0.601 0.786
1.3 0.4 -0.0943 0.766 1.49
1.4 0.4 -0.776 1.47 2.93
1.5 0.4 0.491 0.569 0.956
1.6 0.4 0.71 0.668 0.628
1.7 0.4 0.87 0.622 0.261
1.8 0.4 0.947 0.929 0.408
1.9 0.4 0.969 0.343 0.29
2 0.4 0.939 0.312 0.26
2.1 0.4 0.94 0.472 0.26
2.2 0.4 0.892 0.447 0.208
2.3 0.4 0.786 0.206 0.0963
2.4 0.4 0.752 0.145 0.0561
2.5 0.4 0.73 0.0962 0.0412
2.6 0.4 0.718 0.0605 0.0391
2.7 0.4 0.714 0.0367 0.0328
2.8 0.4 0.731 0.0528 0.0228
2.9 0.4 0.73 0.0345 0.0183
3 0.4 0.732 0.0228 0.0137
3.1 0.4 0.737 0.0153 0.00977
3.2 0.4 0.741 0.00386 0.00491
3.3 0.4 0.748 0.00271 0.00299
3.4 0.4 0.755 0.00194 0.00179
3.5 0.4 0.76 0.0014 0.00107
3.6 0.4 0.765 0.00237 0.00138
3.7 0.4 0.769 0.000742 0.000391
3.8 0.4 0.772 0.000543 0.000252
3.9 0.4 0.774 0.000399 0.000188
4 0.4 0.777 0.000295 0.000199
4.1 0.4 0.778 0.000473 0.000292
4.2 0.4 0.779 0.000374 0.000282
4.3 0.4 0.78 0.000308 0.000272
4.4 0.4 0.781 0.000174 0.000214
4.5 0.4 0.782 0.000167 0.000209
4.6 0.4 0.782 0.00015 0.000202
4.7 0.4 0.783 0.000125 0.000194
4.8 0.4 0.783 0.000116 0.000187
4.9 0.4 0.783 0.000126 0.000186
5 0.4 0.783 0.000144 0.000205
5.1 0.4 0.783 0.000281 0.000583
5.2 0.4 0.784 0.000105 6.13e-05
5.3 0.4 0.784 0.000128 6.69e-05
5.4 0.4 0.784 0.000138 8.13e-05
5.5 0.4 0.784 0.000145 9.51e-05
5.6 0.4 0.784 0.00015 0.000107
5.7 0.4 0.784 0.000154 0.000117
5.8 0.4 0.784 0.000158 0.000125
5.9 0.4 0.784 0.00016 0.000132
6 0.4 0.784 0.000162 0.000137
6.1 0.4 0.784 0.000163 0.000141
6.2 0.4 0.784 0.000165 0.000145
6.3 0.4 0.784 0.000165 0.000147
6.4 0.4 0.784 0.000166 0.000149
6.5 0.4 0.784 0.000167 0.000151
6.6 0.4 0.784 0.000167 0.000152
6.7 0.4 0.784 0.000168 0.000153
6.8 0.4 0.784 0.000168 0.000154
6.9 0.4 0.784 0.000168 0.000155
7 0.4 0.784 0.000168 0.000155
7.1 0.4 0.784 0.000168 0.000155
7.2 0.4 0.784 0.000168 0.000156
7.3 0.4 0.784 0.000168 0.000156
7.4 0.4 0.784 0.000169 0.000156
7.5 0.4 0.784 0.000169 0.000156
7.6 0.4 0.784 0.000169 0.000156
7.7 0.4 0.784 0.000169 0.000156
7.8 0.4 0.784 0.000169 0.000157
7.9 0.4 0.784 0.000169 0.000157
8 0.4 0.784 0.000169 0.000157
8.1 0.4 0.784 0.000169 0.000157
8.2 0.4 0.784 0.000169 0.000157
8.3 0.4 0.784 0.000169 0.000157
8.4 0.4 0.784 0.000169 0.000157
8.5 0.4 0.784 0.000169 0.000157
8.6 0.4 0.784 0.000169 0.000157
8.7 0.4 0.784 0.000169 0.000157
8.8 0.4 0.784 0.000169 0.000157
8.9 0.4 0.784 0.000169 0.000157
9 0.4 0.784 0.000169 0.000157
9.1 0.4 0.784 0.000169 0.000157
9.2 0.4 0.784 0.000169 0.000157
9.3 0.4 0.784 0.000169 0.000157
9.4 0.4 0.784 0.000169 0.000157
9.5 0.4 0.784 0.000169 0.000157
9.6 0.4 0.784 0.000169 0.000157
9.7 0.4 0.784 0.000169 0.000157
9.8 0.4 0.784 0.000169 0.000157
9.9 0.4 0.784 0.000169 0.000157
10 0.4 0.784 0.000169 0.000157
10.1 0.4 0.784 0.000169 0.000157
10.2 0.4 0.784 0.000169 0.000157
10.3 0.4 0.784 0.000169 0.000157
10.4 0.4 0.784 0.000169 0.000157
10.5 0.4 0.784 0.000169 0.000157
10.6 0.4 0.784 0.000169 0.000157
10.7 0.4 0.784 0.000169 0.000157
10.8 0.4 0.784 0.000169 0.000157
10.9 0.4 0.784 0.000169 0.000157
11 0.4 0.784 0.000169 0.000157
11.1 0.4 0.784 0.000169 0.000157
11.2 0.4 0.784 0.000169 0.000157
11.3 0.4 0.784 0.000169 0.000157
11.4 0.4 0.784 0.000169 0.000157
11.5 0.4 0.784 0.000169 0.000157
11.6 0.4 0.784 0.000169 0.000157
11.7 0.4 0.784 0.000169 0.000157
11.8 0.4 0.784 0.000169 0.000157
11.9 0.4 0.784 0.000169 0.000157
12 0.4 0.784 0.000169 0.000157
12.1 0.4 0.784 0.000169 0.000157
12.2 0.4 0.784 0.000169 0.000157
12.3 0.4 0.784 0.000169 0.000157
12.4 0.4 0.784 0.000169 0.000157
12.5 0.4 0.784 0.000169 0.000157
12.6 0.4 0.784 0.000169 0.000157
12.7 0.4 0.784 0.000169 0.000157
12.8 0.4 0.784 0.000169 0.000157
12.9 0.4 0.784 0.000169 0.000157
13 0.4 0.784 0.000169 0.000157
13.1 0.4 0.784 0.000169 0.000157
13.2 0.4 0.784 0.000169 0.000157
13.3 0.4 0.784 0.000169 0.000157
13.4 0.4 0.784 0.000169 0.000157
13.5 0.4 0.784 0.000169 0.000157
13.6 0.4 0.784 0.000169 0.000157
13.7 0.4 0.784 0.000169 0.000157
13.8 0.4 0.784 0.000169 0.000157
13.9 0.4 0.784 0.000169 0.000157
14 0.4 0.784 0.000169 0.000157
14.1 0.4 0.784 0.000169 0.000157
14.2 0.4 0.784 0.000169 0.000157
14.3 0.4 0.784 0.000169 0.000157
14.4 0.4 0.784 0.000169 0.000157
14.5 0.4 0.784 0.000169 0.000157
14.6 0.4 0.784 0.000169 0.000157
14.7 0.4 0.784 0.000169 0.000157
14.8 0.4 0.784 0.000169 0.000157
14.9 0.4 0.784 0.000169 0.000157
15 0.4 0.784 0.000169 0.000157
15.1 0.4 0.784 0.000169 0.000157
15.2 0.4 0.784 0.000169 0.000157
15.3 0.4 0.784 0.000169 0.000157
15.4 0.4 0.784 0.000169 0.000157
15.5 0.4 0.784 0.000169 0.000157
15.6 0.4 0.784 0.000169 0.000157
15.7 0.4 0.784 0.000169 0.000157
15.8 0.4 0.784 0.000169 0.000157
15.9 0.4 0.784 0.000169 0.000157
16 0.4 0.784 0.000169 0.000157
16.1 0.4 0.784 0.000169 0.000157
16.2 0.4 0.784 0.000169 0.000157
16.3 0.4 0.784 0.000169 0.000156
16.4 0.4 0.784 0.000169 0.000156
16.5 0.4 0.784 0.000169 0.000156
16.6 0.4 0.784 0.000169 0.000156
16.7 0.4 0.784 0.000168 0.000156
16.8 0.4 0.784 0.000168 0.000156
16.9 0.4 0.784 0.000168 0.000155
17 0.4 0.784 0.000168 0.000155
17.1 0.4 0.784 0.000168 0.000155
17.2 0.4 0.784 0.000168 0.000154
17.3 0.4 0.784 0.000168 0.000153
17.4 0.4 0.784 0.000167 0.000152
17.5 0.4 0.784 0.000167 0.000151
17.6 0.4 0.784 0.000166 0.000149
17.7 0.4 0.784 0.000165 0.000147
17.8 0.4 0.784 0.000165 0.000145
17.9 0.4 0.784 0.000163 0.000141
18 0.4 0.784 0.000162 0.000137
18.1 0.4 0.784 0.00016 0.000132
18.2 0.4 0.784 0.000158 0.000125
18.3 0.4 0.784 0.000154 0.000117
18.4 0.4 0.784 0.00015 0.000107
18.5 0.4 0.784 0.000145 9.51e-05
18.6 0.4 0.784 0.000138 8.13e-05
18.7 0.4 0.784 0.000128 6.69e-05
18.8 0.4 0.784 0.000105 6.13e-05
18.9 0.4 0.783 0.000281 0.000583
19 0.4 0.783 0.000144 0.000205
19.1 0.4 0.783 0.000126 0.000186
19.2 0.4 0.783 0.000116 0.000187
19.3 0.4 0.783 0.000125 0.000194
19.4 0.4 0.782 0.00015 0.000202
19.5 0.4 0.782 0.000167 0.000209
19.6 0.4 0.781 0.000174 0.000214
19.7 0.4 0.78 0.000308 0.000272
19.8 0.4 0.779 0.000374 0.000282
19.9 0.4 0.778 0.000473 0.000292
20 0.4 0.777 0.000295 0.000199
20.1 0.4 0.774 0.000399 0.000188
20.2 0.4 0.772 0.000543 0.000252
20.3 0.4 0.769 0.000742 0.000391
20.4 0.4 0.765 0.00237 0.00138
20.5 0.4 0.76 0.0014 0.00107
20.6 0.4 0.755 0.00194 0.00179
20.7 0.4 0.748 0.00271 0.00299
20.8 0.4 0.741 0.00386 0.00491
20.9 0.4 0.737 0.0153 0.00977
21 0.4 0.732 0.0228 0.0137
21.1 0.4 0.73 0.0345 0.0183
21.2 0.4 0.731 0.0528 0.0228
21.3 0.4 0.714 0.0367 0.0328
21.4 0.4 0.718 0.0605 0.0391
21.5 0.4 0.73 0.0962 0.0412
21.6 0.4 0.752 0.145 0.0561
21.7 0.4 0.786 0.206 0.0963
21.8 0.4 0.892 0.447 0.208
21.9 0.4 0.94 0.472 0.26
22 0.4 0.939 0.312 0.26
22.1 0.4 0.969 0.343 0.29
22.2 0.4 0.947 0.929 0.408
22.3 0.4 0.87 0.622 0.261
22.4 0.4 0.71 0.668 0.628
22.5 0.4 0.491 0.569 0.956
22.6 0.4 -0.776 1.47 2.93
22.7 0.4 -0.0943 0.766 1.49
22.8 0.4 0.0485 0.601 0.786
22.9 0.4 0.174 0.456 1.32
23 0.4 0.81 3.77 3.37
23.1 0.4 0.779 1.8 1.45
23.2 0.4 1.05 1.74 0.821
23.3 0.4 1.16 0.978 0.583
23.4 0.4 1.06 1.25 0.496
23.5 0.4 0.867 5.69 5.07
23.6 0.4 0.49 2.09 2.19
23.7 0.4 0.254 1.42 1.95
23.8 0.4 -0.0755 0.581 1.53
23.9 0.4 0.217 0.791 1.2
24 0.4 0.381 2.08 2.21
24.1 0.4 0.511 2.5 2.39
24.2 0.4 0.539 1.82 1.66
24.3 0.4 0.479 0.339 0.278
24.4 0.4 0.403 1.19 1.27
24.5 0.4 0.371 2.19 2.26
24.6 0.4 0.452 2.3 2.21
24.7 0.4 0.585 1.53 1.16
24.8 0.4 0.679 0.36 0.289
24.9 0.4 0.646 1.64 1.1
25 0.4 0.449 2.12 1.91
25.1 0.4 0.199 5.19 5.61
25.2 0.4 -0.0754 0.47 1.33
25.3 0.4 -0.197 0.571 0.836
25.4 0.4 -0.108 0.796 1.69
25.5 0.4 0.162 1.49 1.83
25.6 0.4 0.191 3.67 3.93
25.7 0.4 0.802 1.35 0.503
25.8 0.4 0.935 0.719 0.656
25.9 0.4 1.66 1.53 1.41
26 0.4 0.658 1.33 0.543
26.1 0.4 0.367 1.09 0.869
26.2 0.4 0.0917 0.612 0.94
26.3 0.4 -0.0581 0.943 1.59
26.4 0.4 -0.183 0.462 0.582
26.5 0.4 -0.162 0.462 0.593
26.6 0.4 -0.204 0.561 1.09
26.7 0.4 0.0871 0.413 0.639
26.8 0.4 0.318 0.648 0.608
26.9 0.4 0.946 2.84 1.47
27 0.4 1.46 3.86 1.62
27.1 0.4 0.418 0.392 0.292
27.2 0.4 0.33 0.254 0.192
27.3 0.4 0.308 0.251 0.201
27.4 0.4 0.284 0.222 0.203
27.5 0.4 0.255 0.198 0.193
27.6 0.4 0.2 0.218 0.153
27.7 0.4 0.17 0.2 0.133
27.8 0.4 0.142 0.175 0.112
27.9 0.4 0.103 0.106 0.0791
28 0.4 0.0834 0.087 0.0637
28.1 0.4 0.0672 0.0702 0.0508
28.2 0.4 0.0538 0.056 0.0401
28.3 0.4 0.0429 0.0444 0.0315
28.4 0.4 0.0341 0.035 0.0247
28.5 0.4 0.027 0.0275 0.0192
28.6 0.4 0.0213 0.0216 0.015
28.7 0.4 0.0168 0.0169 0.0117
28.8 0.4 0.0132 0.0132 0.00907
28.9 0.4 0.0104 0.0103 0.00705
29 0.4 0.00811 0.00801 0.00548
29.1 0.4 0.00635 0.00624 0.00426
29.2 0.4 0.00496 0.00486 0.00331
29.3 0.4 0.00388 0.00379 0.00258
29.4 0.4 0.00303 0.00295 0.00201
29.5 0.4 0.00236 0.0023 0.00156
29.6 0.4 0.00184 0.00179 0.00122
29.7 0.4 0.00144 0.00139 0.000946
29.8 0.4 0.00112 0.00109 0.000736
29.9 0.4 0.000872 0.000846 0.000573
30 0.4 0.00068 0.000659 0.000446
30.1 0.4 0.000529 0.000513 0.000348
30.2 0.4 0.000412 0.0004 0.000271
30.3 0.4 0.000321 0.000311 0.000211
30.4 0.4 0.00025 0.000242 0.000164
30.5 0.4 0.000195 0.000189 0.000128
30.6 0.4 0.000152 0.000147 9.95e-05
30.7 0.4 0.000118 0.000114 7.75e-05
30.8 0.4 9.21e-05 8.92e-05 6.04e-05
30.9 0.4 7.18e-05 6.94e-05 4.7e-05
31 0.4 5.59e-05 5.41e-05 3.66e-05
31.1 0.4 4.35e-05 4.21e-05 2.85e-05
31.2 0.4 3.39e-05 3.28e-05 2.22e-05
31.3 0.4 2.64e-05 2.55e-05 1.73e-05
31.4 0.4 2.06e-05 1.99e-05 1.35e-05
31.5 0.4 1.6e-05 1.55e-05 1.05e-05
31.6 0.4 1.25e-05 1.21e-05 8.17e-06
31.7 0.4 9.71e-06 9.4e-06 6.36e-06
31.8 0.4 7.56e-06 7.32e-06 4.96e-06
31.9 0.4 5.89e-06 5.7e-06 3.86e-06
32 0.4 4.59e-06 4.44e-06 3.01e-06
32.1 0.4 3.57e-06 3.46e-06 2.34e-06
32.2 0.4 2.78e-06 2.69e-06 1.82e-06
32.3 0.4 2.17e-06 2.1e-06 1.42e-06
32.4 0.4 1.69e-06 1.63e-06 1.11e-06
32.5 0.4 1.31e-06 1.27e-06 8.61e-07
32.6 0.4 1.02e-06 9.9e-07 6.71e-07
32.7 0.4 7.97e-07 7.71e-07 5.22e-07
32.8 0.4 6.21e-07 6.01e-07 4.07e-07
32.9 0.4 4.84e-07 4.68e-07 3.17e-07
33 0.4 3.77e-07 3.64e-07 2.47e-07
33.1 0.4 2.93e-07 2.84e-07 1.92e-07
33.2 0.4 2.28e-07 2.21e-07 1.5e-07
33.3 0.4 1.78e-07 1.72e-07 1.17e-07
33.4 0.4 1.39e-07 1.34e-07 9.08e-08
33.5 0.4 1.08e-07 1.04e-07 7.07e-08
33.6 0.4 8.4e-08 8.13e-08 5.5e-08
33.7 0.4 6.54e-08 6.33e-08 4.29e-08
33.8 0.4 5.1e-08 4.93e-08 3.34e-08
33.9 0.4 3.97e-08 3.84e-08 2.6e-08
34 0.4 3.09e-08 2.99e-08 2.03e-08
34.1 0.4 2.41e-08 2.33e-08 1.58e-08
34.2 0.4 1.87e-08 1.81e-08 1.23e-08
34.3 0.4 1.46e-08 1.41e-08 9.57e-09
34.4 0.4 1.14e-08 1.1e-08 7.45e-09
34.5 0.4 8.86e-09 8.57e-09 5.8e-09
34.6 0.4 6.9e-09 6.67e-09 4.52e-09
34.7 0.4 5.37e-09 5.2e-09 3.52e-09
34.8 0.4 4.18e-09 4.05e-09 2.74e-09
34.9 0.4 3.26e-09 3.15e-09 2.13e-09
35 0.4 2.54e-09 2.45e-09 1.66e-09
35.1 0.4 1.98e-09 1.91e-09 1.29e-09
35.2 0.4 1.54e-09 1.49e-09 1.01e-09
35.3 0.4 1.2e-09 1.16e-09 7.85e-10
35.4 0.4 9.33e-10 9.03e-10 6.12e-10
35.5 0.4 7.27e-10 7.03e-10 4.76e-10
35.6 0.4 5.66e-10 5.48e-10 3.71e-10
35.7 0.4 4.41e-10 4.27e-10 2.89e-10
35.8 0.4 3.43e-10 3.32e-10 2.25e-10
35.9 0.4 2.67e-10 2.59e-10 1.75e-10
36 0.4 2.08e-10 2.02e-10 1.36e-10
36.1 0.4 1.62e-10 1.57e-10 1.06e-10
37.3 0.4 8.08e-12 7.81e-12 5.29e-12
37.4 0.4 6.29e-12 6.09e-12 4.12e-12
37.5 0.4 4.9e-12 4.74e-12 3.21e-12
37.6 0.4 3.81e-12 3.69e-12 2.5e-12
37.7 0.4 2.97e-12 2.87e-12 1.95e-12
37.8 0.4 2.31e-12 2.24e-12 1.52e-12
37.9 0.4 1.8e-12 1.74e-12 1.18e-12
38 0.4 1.4e-12 1.36e-12 9.19e-13
38.1 0.4 1.09e-12 1.06e-12 7.16e-13
38.2 0.4 8.51e-13 8.24e-13 5.58e-13
38.3 0.4 6.63e-13 6.41e-13 4.34e-13
38.4 0.4 5.16e-13 5e-13 3.38e-13
38.5 0.4 4.02e-13 3.89e-13 2.63e-13
38.6 0.4 3.13e-13 3.03e-13 2.05e-13
38.7 0.4 2.44e-13 2.36e-13 1.6e-13
38.8 0.4 1.9e-13 1.84e-13 1.24e-13
38.9 0.4 1.48e-13 1.43e-13 9.69e-14
39 0.4 1.15e-13 1.11e-13 7.55e-14
39.1 0.4 8.97e-14 8.68e-14 5.88e-14
39.2 0.4 6.99e-14 6.76e-14 4.58e-14
39.3 0.4 5.44e-14 5.26e-14 3.56e-14
39.4 0.4 4.24e-14 4.1e-14 2.78e-14
39.5 0.4 3.3e-14 3.19e-14 2.16e-14
39.6 0.4 2.57e-14 2.49e-14 1.68e-14
39.7 0.4 2e-14 1.94e-14 1.31e-14
39.8 0.4 1.56e-14 1.51e-14 1.02e-14
39.9 0.4 1.21e-14 1.17e-14 7.95e-15
40 0.4 9.46e-15 9.15e-15 6.19e-15
40.1 0.4 7.36e-15 7.13e-15 4.82e-15
40.2 0.4 5.74e-15 5.55e-15 3.76e-15
40.3 0.4 4.47e-15 4.32e-15 2.93e-15
40.4 0.4 3.48e-15 3.37e-15 2.28e-15
40.5 0.4 2.71e-15 2.62e-15 1.77e-15
40.6 0.4 2.11e-15 2.04e-15 1.38e-15
40.7 0.4 1.64e-15 1.59e-15 1.08e-15
40.8 0.4 1.28e-15 1.24e-15 8.38e-16
40.9 0.4 9.97e-16 9.64e-16 6.53e-16
41 0.4 7.76e-16 7.51e-16 5.08e-16
41.1 0.4 6.05e-16 5.85e-16 3.96e-16
41.2 0.4 4.71e-16 4.55e-16 3.08e-16
41.3 0.4 3.67e-16 3.55e-16 2.4e-16
41.4 0.4 2.86e-16 2.76e-16 1.87e-16
41.5 0.4 2.22e-16 2.15e-16 1.46e-16
41.6 0.4 1.73e-16 1.68e-16 1.13e-16
41.7 0.4 1.35e-16 1.31e-16 8.84e-17
41.8 0.4 1.05e-16 1.02e-16 6.88e-17
41.9 0.4 8.18e-17 7.92e-17 5.36e-17
42 0.4 6.37e-17 6.16e-17 4.17e-17
42.1 0.4 4.96e-17 4.8e-17 3.25e-17
42.2 0.4 3.86e-17 3.74e-17 2.53e-17
42.3 0.4 3.01e-17 2.91e-17 1.97e-17
42.4 0.4 2.34e-17 2.27e-17 1.54e-17
42.5 0.4 1.83e-17 1.77e-17 1.2e-17
42.6 0.4 1.42e-17 1.38e-17 9.31e-18
42.7 0.4 1.11e-17 1.07e-17 7.25e-18
42.8 0.4 8.62e-18 8.34e-18 5.65e-18
42.9 0.4 6.72e-18 6.5e-18 4.4e-18
43 0.4 5.23e-18 5.06e-18 3.43e-18
43.1 0.4 4.07e-18 3.94e-18 2.67e-18
43.2 0.4 3.17e-18 3.07e-18 2.08e-18
43.3 0.4 2.47e-18 2.39e-18 1.62e-18
43.4 0.4 1.92e-18 1.86e-18 1.26e-18
43.5 0.4 1.5e-18 1.45e-18 9.82e-19
43.6 0.4 1.17e-18 1.13e-18 7.64e-19
43.7 0.4 9.09e-19 8.79e-19 5.95e-19
43.8 0.4 7.08e-19 6.85e-19 4.64e-19
43.9 0.4 5.51e-19 5.33e-19 3.61e-19
44 0.4 4.29e-19 4.15e-19 2.81e-19
44.1 0.4 3.34e-19 3.23e-19 2.19e-19
44.2 0.4 2.6e-19 2.52e-19 1.71e-19
44.3 0.4 2.03e-19 1.96e-19 1.33e-19
44.4 0.4 1.58e-19 1.53e-19 1.03e-19
44.5 0.4 1.23e-19 1.19e-19 8.06e-20
44.6 0.4 9.58e-20 9.27e-20 6.28e-20
44.7 0.4 7.46e-20 7.22e-20 4.89e-20
44.8 0.4 5.81e-20 5.62e-20 3.81e-20
44.9 0.4 4.52e-20 4.38e-20 2.96e-20
45 0.4 3.52e-20 3.41e-20 2.31e-20
45.1 0.4 2.74e-20 2.66e-20 1.8e-20
45.2 0.4 2.14e-20 2.07e-20 1.4e-20
45.3 0.4 1.66e-20 1.61e-20 1.09e-20
45.4 0.4 1.3e-20 1.25e-20 8.49e-21
45.5 0.4 1.01e-20 9.77e-21 6.61e-21
45.6 0.4 7.86e-21 7.61e-21 5.15e-21
45.7 0.4 6.12e-21 5.92e-21 4.01e-21
45.8 0.4 4.77e-21 4.61e-21 3.12e-21
45.9 0.4 3.71e-21 3.59e-21 2.43e-21
46 0.4 2.89e-21 2.8e-21 1.89e-21
46.1 0.4 2.25e-21 2.18e-21 1.48e-21
46.2 0.4 1.75e-21 1.7e-21 1.15e-21
46.3 0.4 1.37e-21 1.32e-21 8.95e-22
46.4 0.4 1.06e-21 1.03e-21 6.97e-22
46.5 0.4 8.29e-22 8.02e-22 5.43e-22
46.6 0.4 6.45e-22 6.24e-22 4.23e-22
46.7 0.4 5.03e-22 4.86e-22 3.29e-22
46.8 0.4 3.91e-22 3.79e-22 2.56e-22
46.9 0.4 3.05e-22 2.95e-22 2e-22
47 0.4 2.37e-22 2.3e-22 1.56e-22
47.1 0.4 1.85e-22 1.79e-22 1.21e-22
47.2 0.4 1.44e-22 1.39e-22 9.43e-23
47.3 0.4 1.12e-22 1.09e-22 7.35e-23
47.4 0.4 8.74e-23 8.45e-23 5.72e-23
47.5 0.4 6.8e-23 6.58e-23 4.46e-23
47.6 0.4 5.3e-23 5.13e-23 3.47e-23
47.7 0.4 4.13e-23 3.99e-23 2.7e-23
47.8 0.4 3.21e-23 3.11e-23 2.11e-23
47.9 0.4 2.5e-23 2.42e-23 1.64e-23
48 0.4 1.95e-23 1.89e-23 1.28e-23
48.1 0.4 1.52e-23 1.47e-23 9.94e-24
48.2 0.4 1.18e-23 1.14e-23 7.74e-24
48.3 0.4 9.21e-24 8.91e-24 6.03e-24
48.4 0.4 7.17e-24 6.94e-24 4.7e-24
48.5 0.4 5.58e-24 5.4e-24 3.66e-24
48.6 0.4 4.35e-24 4.21e-24 2.85e-24
48.7 0.4 3.39e-24 3.28e-24 2.22e-24
48.8 0.4 2.64e-24 2.55e-24 1.73e-24
48.9 0.4 2.05e-24 1.99e-24 1.35e-24
49 0.4 1.6e-24 1.55e-24 1.05e-24
49.1 0.4 1.25e-24 1.21e-24 8.16e-25
49.2 0.4 9.7e-25 9.39e-25 6.36e-25
49.3 0.4 7.56e-25 7.31e-25 4.95e-25
49.4 0.4 5.89e-25 5.69e-25 3.86e-25
49.5 0.4 4.58e-25 4.43e-25 3e-25
49.6 0.4 3.57e-25 3.45e-25 2.34e-25
49.7 0.4 2.78e-25 2.69e-25 1.82e-25
49.8 0.4 2.17e-25 2.09e-25 1.42e-25
49.9 0.4 1.69e-25 1.63e-25 1.1e-25
50 0.4 1.31e-25 1.27e-25 8.6e-26
50.1 0.4 1.02e-25 9.9e-26 6.7e-26
50.2 0.4 7.97e-26 7.71e-26 5.22e-26
50.3 0.4 6.2e-26 6e-26 4.06e-26
50.4 0.4 4.83e-26 4.67e-26 3.16e-26
50.5 0.4 3.76e-26 3.64e-26 2.46e-26
50.6 0.4 2.93e-26 2.84e-26 1.92e-26
50.7 0.4 2.28e-26 2.21e-26 1.49e-26
50.8 0.4 1.78e-26 1.72e-26 1.16e-26
50.9 0.4 1.38e-26 1.34e-26 9.07e-27
51 0.4 1.08e-26 1.04e-26 7.06e-27
51.1 0.4 8.4e-27 8.12e-27 5.5e-27
51.2 0.4 6.54e-27 6.33e-27 4.28e-27
51.3 0.4 5.09e-27 4.93e-27 3.34e-27
51.4 0.4 3.97e-27 3.84e-27 2.6e-27
51.5 0.4 3.09e-27 2.99e-27 2.02e-27
51.6 0.4 2.41e-27 2.33e-27 1.58e-27
51.7 0.4 1.87e-27 1.81e-27 1.23e-27
51.8 0.4 1.46e-27 1.41e-27 9.56e-28
51.9 0.4 1.14e-27 1.1e-27 7.44e-28
52 0.4 8.85e-28 8.56e-28 5.8e-28
52.1 0.4 6.89e-28 6.67e-28 4.51e-28
52.2 0.4 5.37e-28 5.19e-28 3.52e-28
52.3 0.4 4.18e-28 4.04e-28 2.74e-28
52.4 0.4 3.26e-28 3.15e-28 2.13e-28
52.5 0.4 2.54e-28 2.45e-28 1.66e-28
52.6 0.4 1.97e-28 1.91e-28 1.29e-28
52.7 0.4 1.54e-28 1.49e-28 1.01e-28
52.8 0.4 1.2e-28 1.16e-28 7.84e-29
52.9 0.4 9.33e-29 9.02e-29 6.11e-29
53 0.4 7.26e-29 7.03e-29 4.76e-29
53.1 0.4 5.66e-29 5.47e-29 3.71e-29
53.2 0.4 4.41e-29 4.26e-29 2.89e-29
53.3 0.4 3.43e-29 3.32e-29 2.25e-29
53.4 0.4 2.67e-29 2.59e-29 1.75e-29
53.5 0.4 2.08e-29 2.01e-29 1.36e-29
53.6 0.4 1.62e-29 1.57e-29 1.06e-29
53.7 0.4 1.26e-29 1.22e-29 8.27e-30
53.8 0.4 9.83e-30 9.51e-30 6.44e-30
53.9 0.4 7.66e-30 7.41e-30 5.02e-30
54 0.4 5.96e-30 5.77e-30 3.91e-30
54.1 0.4 4.64e-30 4.49e-30 3.04e-30
54.2 0.4 3.62e-30 3.5e-30 2.37e-30
54.3 0.4 2.82e-30 2.72e-30 1.84e-30
54.4 0.4 2.19e-30 2.12e-30 1.44e-30
54.5 0.4 1.71e-30 1.65e-30 1.12e-30
54.6 0.4 1.33e-30 1.29e-30 8.71e-31
54.7 0.4 1.04e-30 1e-30 6.79e-31
54.8 0.4 8.07e-31 7.81e-31 5.29e-31
54.9 0.4 6.28e-31 6.08e-31 4.12e-31
55 0.4 4.89e-31 4.74e-31 3.21e-31
55.1 0.4 3.81e-31 3.69e-31 2.5e-31
55.2 0.4 2.97e-31 2.87e-31 1.94e-31
55.3 0.4 2.31e-31 2.24e-31 1.51e-31
55.4 0.4 1.8e-31 1.74e-31 1.18e-31
55.5 0.4 1.4e-31 1.36e-31 9.19e-32
55.6 0.4 1.09e-31 1.06e-31 7.15e-32
55.7 0.4 8.5e-32 8.23e-32 5.57e-32
55.8 0.4 6.62e-32 6.41e-32 4.34e-32
55.9 0.4 5.16e-32 4.99e-32 3.38e-32
56 0.4 4.02e-32 3.89e-32 2.63e-32
56.1 0.4 3.13e-32 3.03e-32 2.05e-32
56.2 0.4 2.44e-32 2.36e-32 1.6e-32
56.3 0.4 1.9e-32 1.84e-32 1.24e-32
56.4 0.4 1.48e-32 1.43e-32 9.68e-33
56.5 0.4 1.15e-32 1.11e-32 7.54e-33
56.6 0.4 8.96e-33 8.67e-33 5.87e-33
56.7 0.4 6.98e-33 6.75e-33 4.57e-33
56.8 0.4 5.44e-33 5.26e-33 3.56e-33
56.9 0.4 4.23e-33 4.1e-33 2.77e-33
57 0.4 3.3e-33 3.19e-33 2.16e-33
57.1 0.4 2.57e-33 2.48e-33 1.68e-33
57.2 0.4 2e-33 1.94e-33 1.31e-33
57.3 0.4 1.56e-33 1.51e-33 1.02e-33
57.4 0.4 1.21e-33 1.17e-33 7.95e-34
57.5 0.4 9.45e-34 9.14e-34 6.19e-34
57.6 0.4 7.36e-34 7.12e-34 4.82e-34
57.7 0.4 5.73e-34 5.54e-34 3.75e-34
57.8 0.4 4.46e-34 4.32e-34 2.92e-34
57.9 0.4 3.48e-34 3.36e-34 2.28e-34
58 0.4 2.71e-34 2.62e-34 1.77e-34
58.1 0.4 2.11e-34 2.04e-34 1.38e-34
58.2 0.4 1.64e-34 1.59e-34 1.08e-34
58.3 0.4 1.28e-34 1.24e-34 8.38e-35
58.4 0.4 9.96e-35 9.63e-35 6.52e-35
58.5 0.4 7.76e-35 7.5e-35 5.08e-35
58.6 0.4 6.04e-35 5.84e-35 3.96e-35
58.7 0.4 4.7e-35 4.55e-35 3.08e-35
58.8 0.4 3.66e-35 3.54e-35 2.4e-35
58.9 0.4 2.85e-35 2.76e-35 1.87e-35
59 0.4 2.22e-35 2.15e-35 1.46e-35
59.1 0.4 1.73e-35 1.67e-35 1.13e-35
59.2 0.4 1.35e-35 1.3e-35 8.83e-36
59.3 0.4 1.05e-35 1.02e-35 6.88e-36
59.4 0.4 8.17e-36 7.91e-36 5.35e-36
59.5 0.4 6.37e-36 6.16e-36 4.17e-36
59.6 0.4 4.96e-36 4.8e-36 3.25e-36
59.7 0.4 3.86e-36 3.74e-36 2.53e-36
59.8 0.4 3.01e-36 2.91e-36 1.97e-36
59.9 0.4 2.34e-36 2.27e-36 1.53e-36
60 0.4 1.82e-36 1.76e-36 1.19e-36
60.1 0.4 1.42e-36 1.37e-36 9.3e-37
60.2 0.4 1.11e-36 1.07e-36 7.25e-37
60.3 0.4 8.62e-37 8.34e-37 5.64e-37
60.4 0.4 6.71e-37 6.49e-37 4.4e-37
60.5 0.4 5.23e-37 5.06e-37 3.42e-37
60.6 0.4 4.07e-37 3.94e-37 2.67e-37
60.7 0.4 3.17e-37 3.07e-37 2.08e-37
60.8 0.4 2.47e-37 2.39e-37 1.62e-37
60.9 0.4 1.92e-37 1.86e-37 1.26e-37
61 0.4 1.5e-37 1.45e-37 9.81e-38
61.1 0.4 1.17e-37 1.13e-37 7.64e-38
61.2 0.4 9.08e-38 8.79e-38 5.95e-38
61.3 0.4 7.07e-38 6.84e-38 4.63e-38
61.4 0.4 5.51e-38 5.33e-38 3.61e-38
61.5 0.4 4.29e-38 4.15e-38 2.81e-38
61.6 0.4 3.34e-38 3.23e-38 2.19e-38
61.7 0.4 2.6e-38 2.52e-38 1.7e-38
61.8 0.4 2.03e-38 1.96e-38 1.33e-38
61.9 0.4 1.58e-38 1.53e-38 1.03e-38
62 0.4 1.23e-38 1.19e-38 8.05e-39
62.1 0.4 9.57e-39 9.26e-39 6.27e-39
62.2 0.4 7.45e-39 7.21e-39 4.88e-39
62.3 0.4 5.81e-39 5.62e-39 3.8e-39
62.4 0.4 4.52e-39 4.37e-39 2.96e-39
62.5 0.4 3.52e-39 3.41e-39 2.31e-39
62.6 0.4 2.74e-39 2.65e-39 1.8e-39
62.7 0.4 2.14e-39 2.07e-39 1.4e-39
62.8 0.4 1.66e-39 1.61e-39 1.09e-39
62.9 0.4 1.3e-39 1.25e-39 8.49e-40
63 0.4 1.01e-39 9.76e-40 6.61e-40
63.1 0.4 7.86e-40 7.6e-40 5.15e-40
63.2 0.4 6.12e-40 5.92e-40 4.01e-40
63.3 0.4 4.77e-40 4.61e-40 3.12e-40
63.4 0.4 3.71e-40 3.59e-40 2.43e-40
63.5 0.4 2.89e-40 2.8e-40 1.89e-40
63.6 0.4 2.25e-40 2.18e-40 1.47e-40
63.7 0.4 1.75e-40 1.7e-40 1.15e-40
63.8 0.4 1.37e-40 1.32e-40 8.94e-41
63.9 0.4 1.06e-40 1.03e-40 6.96e-41
64 0.4 8.28e-41 8.01e-41 5.42e-41
64.1 0.4 6.45e-41 6.24e-41 4.22e-41
64.2 0.4 5.02e-41 4.86e-41 3.29e-41
64.3 0.4 3.91e-41 3.78e-41 2.56e-41
64.4 0.4 3.05e-41 2.95e-41 2e-41
64.5 0.4 2.37e-41 2.3e-41 1.55e-41
64.6 0.4 1.85e-41 1.79e-41 1.21e-41
64.7 0.4 1.44e-41 1.39e-41 9.43e-42
64.8 0.4 1.12e-41 1.08e-41 7.34e-42
64.9 0.4 8.73e-42 8.44e-42 5.72e-42
65 0.4 6.8e-42 6.58e-42 4.45e-42
65.1 0.4 5.29e-42 5.12e-42 3.47e-42
65.2 0.4 4.12e-42 3.99e-42 2.7e-42
65.3 0.4 3.21e-42 3.11e-42 2.1e-42
65.4 0.4 2.5e-42 2.42e-42 1.64e-42
65.5 0.4 1.95e-42 1.88e-42 1.28e-42
65.6 0.4 1.52e-42 1.47e-42 9.93e-43
65.7 0.4 1.18e-42 1.14e-42 7.74e-43
65.8 0.4 9.2e-43 8.9e-43 6.03e-43
65.9 0.4 7.16e-43 6.93e-43 4.69e-43
66 0.4 5.58e-43 5.4e-43 3.65e-43
66.1 0.4 4.35e-43 4.2e-43 2.85e-43
66.2 0.4 3.38e-43 3.27e-43 2.22e-43
66.3 0.4 2.64e-43 2.55e-43 1.73e-43
66.4 0.4 2.05e-43 1.99e-43 1.34e-43
66.5 0.4 1.6e-43 1.55e-43 1.05e-43
66.6 0.4 1.24e-43 1.2e-43 8.16e-44
66.7 0.4 9.7e-44 9.38e-44 6.35e-44
66.8 0.4 7.55e-44 7.31e-44 4.95e-44
66.9 0.4 5.88e-44 5.69e-44 3.85e-44
67 0.4 4.58e-44 4.43e-44 3e-44
67.1 0.4 3.57e-44 3.45e-44 2.34e-44
67.2 0.4 2.78e-44 2.69e-44 1.82e-44
67.3 0.4 2.16e-44 2.09e-44 1.42e-44
67.4 0.4 1.68e-44 1.63e-44 1.1e-44
67.5 0.4 1.31e-44 1.27e-44 8.6e-45
67.6 0.4 1.02e-44 9.89e-45 6.69e-45
67.7 0.4 7.96e-45 7.7e-45 5.21e-45
67.8 0.4 6.2e-45 6e-45 4.06e-45
67.9 0.4 4.83e-45 4.67e-45 3.16e-45
68 0.4 3.76e-45 3.64e-45 2.46e-45
68.1 0.4 2.93e-45 2.83e-45 1.92e-45
68.2 0.4 2.28e-45 2.21e-45 1.49e-45
68.3 0.4 1.78e-45 1.72e-45 1.16e-45
68.4 0.4 1.38e-45 1.34e-45 9.06e-46
68.5 0.4 1.08e-45 1.04e-45 7.06e-46
68.6 0.4 8.39e-46 8.12e-46 5.49e-46
68.7 0.4 6.53e-46 6.32e-46 4.28e-46
68.8 0.4 5.09e-46 4.92e-46 3.33e-46
68.9 0.4 3.96e-46 3.83e-46 2.6e-46
69 0.4 3.09e-46 2.99e-46 2.02e-46
69.1 0.4 2.4e-46 2.33e-46 1.57e-46
69.2 0.4 1.87e-46 1.81e-46 1.23e-46
69.3 0.4 1.46e-46 1.41e-46 9.55e-47
69.4 0.4 1.14e-46 1.1e-46 7.44e-47
69.5 0.4 8.84e-47 8.55e-47 5.79e-47
69.6 0.4 6.89e-47 6.66e-47 4.51e-47
69.7 0.4 5.36e-47 5.19e-47 3.51e-47
69.8 0.4 4.18e-47 4.04e-47 2.74e-47
69.9 0.4 3.25e-47 3.15e-47 2.13e-47
70 0.4 2.53e-47 2.45e-47 1.66e-47
70.1 0.4 1.97e-47 1.91e-47 1.29e-47
70.2 0.4 1.54e-47 1.49e-47 1.01e-47
70.3 0.4 1.2e-47 1.16e-47 7.84e-48
70.4 0.4 9.32e-48 9.02e-48 6.1e-48
70.5 0.4 7.26e-48 7.02e-48 4.75e-48
70.6 0.4 5.65e-48 5.47e-48 3.7e-48
70.7 0.4 4.4e-48 4.26e-48 2.88e-48
70.8 0.4 3.43e-48 3.32e-48 2.25e-48
70.9 0.4 2.67e-48 2.58e-48 1.75e-48
71 0.4 2.08e-48 2.01e-48 1.36e-48
71.1 0.4 1.62e-48 1.57e-48 1.06e-48
71.2 0.4 1.26e-48 1.22e-48 8.26e-49
71.3 0.4 9.82e-49 9.5e-49 6.43e-49
71.4 0.4 7.65e-49 7.4e-49 5.01e-49
71.5 0.4 5.96e-49 5.76e-49 3.9e-49
71.6 0.4 4.64e-49 4.49e-49 3.04e-49
71.7 0.4 3.61e-49 3.5e-49 2.37e-49
71.8 0.4 2.81e-49 2.72e-49 1.84e-49
71.9 0.4 2.19e-49 2.12e-49 1.44e-49
72 0.4 1.71e-49 1.65e-49 1.12e-49
72.1 0.4 1.33e-49 1.29e-49 8.71e-50
72.2 0.4 1.04e-49 1e-49 6.78e-50
72.3 0.4 8.06e-50 7.8e-50 5.28e-50
72.4 0.4 6.28e-50 6.07e-50 4.11e-50
72.5 0.4 4.89e-50 4.73e-50 3.2e-50
72.6 0.4 3.81e-50 3.68e-50 2.49e-50
72.7 0.4 2.97e-50 2.87e-50 1.94e-50
72.8 0.4 2.31e-50 2.23e-50 1.51e-50
72.9 0.4 1.8e-50 1.74e-50 1.18e-50
73 0.4 1.4e-50 1.36e-50 9.18e-51
73.1 0.4 1.09e-50 1.06e-50 7.15e-51
73.2 0.4 8.5e-51 8.22e-51 5.57e-51
73.3 0.4 6.62e-51 6.4e-51 4.34e-51
73.4 0.4 5.15e-51 4.99e-51 3.38e-51
73.5 0.4 4.01e-51 3.88e-51 2.63e-51
73.6 0.4 3.13e-51 3.02e-51 2.05e-51
73.7 0.4 2.43e-51 2.36e-51 1.59e-51
73.8 0.4 1.9e-51 1.83e-51 1.24e-51
73.9 0.4 1.48e-51 1.43e-51 9.67e-52
74 0.4 1.15e-51 1.11e-51 7.53e-52
74.1 0.4 8.96e-52 8.66e-52 5.87e-52
74.2 0.4 6.98e-52 6.75e-52 4.57e-52
74.3 0.4 5.43e-52 5.26e-52 3.56e-52
74.4 0.4 4.23e-52 4.09e-52 2.77e-52
74.5 0.4 3.29e-52 3.19e-52 2.16e-52
74.6 0.4 2.57e-52 2.48e-52 1.68e-52
74.7 0.4 2e-52 1.93e-52 1.31e-52
74.8 0.4 1.56e-52 1.51e-52 1.02e-52
74.9 0.4 1.21e-52 1.17e-52 7.94e-53
75 0.4 9.44e-53 9.13e-53 6.18e-53
75.1 0.4 7.35e-53 7.11e-53 4.82e-53
75.2 0.4 5.73e-53 5.54e-53 3.75e-53
75.3 0.4 4.46e-53 4.31e-53 2.92e-53
75.4 0.4 3.47e-53 3.36e-53 2.27e-53
75.5 0.4 2.7e-53 2.62e-53 1.77e-53
75.6 0.4 2.11e-53 2.04e-53 1.38e-53
75.7 0.4 1.64e-53 1.59e-53 1.07e-53
75.8 0.4 1.28e-53 1.24e-53 8.37e-54
75.9 0.4 9.95e-54 9.63e-54 6.52e-54
76 0.4 7.75e-54 7.5e-54 5.08e-54
76.1 0.4 6.03e-54 5.84e-54 3.95e-54
76.2 0.4 4.7e-54 4.55e-54 3.08e-54
76.3 0.4 3.66e-54 3.54e-54 2.4e-54
76.4 0.4 2.85e-54 2.76e-54 1.87e-54
76.5 0.4 2.22e-54 2.15e-54 1.45e-54
76.6 0.4 1.73e-54 1.67e-54 1.13e-54
76.7 0.4 1.35e-54 1.3e-54 8.82e-55
76.8 0.4 1.05e-54 1.01e-54 6.87e-55
76.9 0.4 8.17e-55 7.9e-55 5.35e-55
77 0.4 6.36e-55 6.15e-55 4.17e-55
77.1 0.4 4.95e-55 4.79e-55 3.24e-55
77.2 0.4 3.86e-55 3.73e-55 2.53e-55
77.3 0.4 3e-55 2.91e-55 1.97e-55
77.4 0.4 2.34e-55 2.26e-55 1.53e-55
77.5 0.4 1.82e-55 1.76e-55 1.19e-55
77.6 0.4 1.42e-55 1.37e-55 9.3e-56
77.7 0.4 1.11e-55 1.07e-55 7.24e-56
77.8 0.4 8.61e-56 8.33e-56 5.64e-56
77.9 0.4 6.7e-56 6.49e-56 4.39e-56
78 0.4 5.22e-56 5.05e-56 3.42e-56
78.1 0.4 4.07e-56 3.93e-56 2.66e-56
78.2 0.4 3.17e-56 3.06e-56 2.07e-56
78.3 0.4 2.47e-56 2.39e-56 1.62e-56
78.4 0.4 1.92e-56 1.86e-56 1.26e-56
78.5 0.4 1.5e-56 1.45e-56 9.8e-57
78.6 0.4 1.16e-56 1.13e-56 7.63e-57
78.7 0.4 9.07e-57 8.78e-57 5.94e-57
78.8 0.4 7.07e-57 6.84e-57 4.63e-57
78.9 0.4 5.5e-57 5.32e-57 3.6e-57
79 0.4 4.29e-57 4.15e-57 2.81e-57
79.1 0.4 3.34e-57 3.23e-57 2.19e-57
79.2 0.4 2.6e-57 2.51e-57 1.7e-57
79.3 0.4 2.02e-57 1.96e-57 1.33e-57
79.4 0.4 1.58e-57 1.53e-57 1.03e-57
79.5 0.4 1.23e-57 1.19e-57 8.04e-58
79.6 0.4 9.56e-58 9.25e-58 6.26e-58
79.7 0.4 7.45e-58 7.21e-58 4.88e-58
79.8 0.4 5.8e-58 5.61e-58 3.8e-58
79.9 0.4 4.52e-58 4.37e-58 2.96e-58
80 0.4 3.52e-58 3.4e-58 2.3e-58
80.1 0.4 2.74e-58 2.65e-58 1.79e-58
80.2 0.4 2.13e-58 2.06e-58 1.4e-58
80.3 0.4 1.66e-58 1.61e-58 1.09e-58
80.4 0.4 1.29e-58 1.25e-58 8.48e-59
80.5 0.4 1.01e-58 9.75e-59 6.6e-59
80.6 0.4 7.85e-59 7.59e-59 5.14e-59
80.7 0.4 6.11e-59 5.91e-59 4e-59
80.8 0.4 4.76e-59 4.61e-59 3.12e-59
80.9 0.4 3.71e-59 3.59e-59 2.43e-59
81 0.4 2.89e-59 2.79e-59 1.89e-59
81.1 0.4 2.25e-59 2.18e-59 1.47e-59
81.2 0.4 1.75e-59 1.69e-59 1.15e-59
81.3 0.4 1.36e-59 1.32e-59 8.94e-60
81.4 0.4 1.06e-59 1.03e-59 6.96e-60
81.5 0.4 8.27e-60 8e-60 5.42e-60
81.6 0.4 6.44e-60 6.23e-60 4.22e-60
81.7 0.4 5.02e-60 4.85e-60 3.29e-60
81.8 0.4 3.91e-60 3.78e-60 2.56e-60
81.9 0.4 3.04e-60 2.94e-60 1.99e-60
82 0.4 2.37e-60 2.29e-60 1.55e-60
82.1 0.4 1.85e-60 1.79e-60 1.21e-60
82.2 0.4 1.44e-60 1.39e-60 9.42e-61
82.3 0.4 1.12e-60 1.08e-60 7.33e-61
82.4 0.4 8.72e-61 8.44e-61 5.71e-61
82.5 0.4 6.79e-61 6.57e-61 4.45e-61
82.6 0.4 5.29e-61 5.12e-61 3.46e-61
82.7 0.4 4.12e-61 3.99e-61 2.7e-61
82.8 0.4 3.21e-61 3.1e-61 2.1e-61
82.9 0.4 2.5e-61 2.42e-61 1.64e-61
83 0.4 1.95e-61 1.88e-61 1.27e-61
83.1 0.4 1.52e-61 1.47e-61 9.93e-62
83.2 0.4 1.18e-61 1.14e-61 7.73e-62
83.3 0.4 9.19e-62 8.89e-62 6.02e-62
83.4 0.4 7.16e-62 6.92e-62 4.69e-62
83.5 0.4 5.57e-62 5.39e-62 3.65e-62
83.6 0.4 4.34e-62 4.2e-62 2.84e-62
83.7 0.4 3.38e-62 3.27e-62 2.21e-62
83.8 0.4 2.63e-62 2.55e-62 1.72e-62
83.9 0.4 2.05e-62 1.98e-62 1.34e-62
84 0.4 1.6e-62 1.55e-62 1.05e-62
84.1 0.4 1.24e-62 1.2e-62 8.15e-63
84.2 0.4 9.69e-63 9.37e-63 6.35e-63
84.3 0.4 7.54e-63 7.3e-63 4.94e-63
84.4 0.4 5.88e-63 5.68e-63 3.85e-63
84.5 0.4 4.58e-63 4.43e-63 3e-63
84.6 0.4 3.56e-63 3.45e-63 2.33e-63
84.7 0.4 2.78e-63 2.69e-63 1.82e-63
84.8 0.4 2.16e-63 2.09e-63 1.42e-63
84.9 0.4 1.68e-63 1.63e-63 1.1e-63
85 0.4 1.31e-63 1.27e-63 8.59e-64
85.1 0.4 1.02e-63 9.88e-64 6.69e-64
85.2 0.4 7.95e-64 7.69e-64 5.21e-64
85.3 0.4 6.19e-64 5.99e-64 4.06e-64
85.4 0.4 4.82e-64 4.67e-64 3.16e-64
85.5 0.4 3.76e-64 3.63e-64 2.46e-64
85.6 0.4 2.93e-64 2.83e-64 1.92e-64
85.7 0.4 2.28e-64 2.2e-64 1.49e-64
85.8 0.4 1.77e-64 1.72e-64 1.16e-64
85.9 0.4 1.38e-64 1.34e-64 9.05e-65
86 0.4 1.08e-64 1.04e-64 7.05e-65
86.1 0.4 8.38e-65 8.11e-65 5.49e-65
86.2 0.4 6.53e-65 6.31e-65 4.28e-65
86.3 0.4 5.08e-65 4.92e-65 3.33e-65
86.4 0.4 3.96e-65 3.83e-65 2.59e-65
86.5 0.4 3.08e-65 2.98e-65 2.02e-65
86.6 0.4 2.4e-65 2.32e-65 1.57e-65
86.7 0.4 1.87e-65 1.81e-65 1.22e-65
86.8 0.4 1.46e-65 1.41e-65 9.54e-66
86.9 0.4 1.13e-65 1.1e-65 7.43e-66
87 0.4 8.83e-66 8.55e-66 5.79e-66
87.1 0.4 6.88e-66 6.66e-66 4.51e-66
87.2 0.4 5.36e-66 5.18e-66 3.51e-66
87.3 0.4 4.17e-66 4.04e-66 2.73e-66
87.4 0.4 3.25e-66 3.14e-66 2.13e-66
87.5 0.4 2.53e-66 2.45e-66 1.66e-66
87.6 0.4 1.97e-66 1.91e-66 1.29e-66
87.7 0.4 1.53e-66 1.49e-66 1.01e-66
87.8 0.4 1.2e-66 1.16e-66 7.83e-67
87.9 0.4 9.31e-67 9.01e-67 6.1e-67
88 0.4 7.25e-67 7.02e-67 4.75e-67
88.1 0.4 5.65e-67 5.46e-67 3.7e-67
88.2 0.4 4.4e-67 4.25e-67 2.88e-67
88.3 0.4 3.43e-67 3.31e-67 2.24e-67
88.4 0.4 2.67e-67 2.58e-67 1.75e-67
88.5 0.4 2.08e-67 2.01e-67 1.36e-67
88.6 0.4 1.62e-67 1.57e-67 1.06e-67
88.7 0.4 1.26e-67 1.22e-67 8.25e-68
88.8 0.4 9.81e-68 9.49e-68 6.43e-68
88.9 0.4 7.64e-68 7.39e-68 5.01e-68
89 0.4 5.95e-68 5.76e-68 3.9e-68
89.1 0.4 4.64e-68 4.48e-68 3.04e-68
89.2 0.4 3.61e-68 3.49e-68 2.36e-68
89.3 0.4 2.81e-68 2.72e-68 1.84e-68
89.4 0.4 2.19e-68 2.12e-68 1.43e-68
89.5 0.4 1.71e-68 1.65e-68 1.12e-68
89.6 0.4 1.33e-68 1.28e-68 8.7e-69
89.7 0.4 1.03e-68 1e-68 6.78e-69
89.8 0.4 8.05e-69 7.79e-69 5.28e-69
89.9 0.4 6.27e-69 6.07e-69 4.11e-69
90 0.4 4.89e-69 4.73e-69 3.2e-69
90.1 0.4 3.8e-69 3.68e-69 2.49e-69
90.2 0.4 2.96e-69 2.87e-69 1.94e-69
90.3 0.4 2.31e-69 2.23e-69 1.51e-69
90.4 0.4 1.8e-69 1.74e-69 1.18e-69
90.5 0.4 1.4e-69 1.35e-69 9.17e-70
90.6 0.4 1.09e-69 1.05e-69 7.14e-70
90.7 0.4 8.49e-70 8.21e-70 5.56e-70
90.8 0.4 6.61e-70 6.4e-70 4.33e-70
90.9 0.4 5.15e-70 4.98e-70 3.37e-70
91 0.4 4.01e-70 3.88e-70 2.63e-70
91.1 0.4 3.12e-70 3.02e-70 2.05e-70
91.2 0.4 2.43e-70 2.35e-70 1.59e-70
91.3 0.4 1.89e-70 1.83e-70 1.24e-70
91.4 0.4 1.48e-70 1.43e-70 9.66e-71
91.5 0.4 1.15e-70 1.11e-70 7.53e-71
91.6 0.4 8.95e-71 8.66e-71 5.86e-71
91.7 0.4 6.97e-71 6.74e-71 4.57e-71
91.8 0.4 5.43e-71 5.25e-71 3.56e-71
91.9 0.4 4.23e-71 4.09e-71 2.77e-71
92 0.4 3.29e-71 3.18e-71 2.16e-71
92.1 0.4 2.56e-71 2.48e-71 1.68e-71
92.2 0.4 2e-71 1.93e-71 1.31e-71
92.3 0.4 1.55e-71 1.5e-71 1.02e-71
92.4 0.4 1.21e-71 1.17e-71 7.93e-72
92.5 0.4 9.43e-72 9.12e-72 6.18e-72
92.6 0.4 7.35e-72 7.11e-72 4.81e-72
92.7 0.4 5.72e-72 5.53e-72 3.75e-72
92.8 0.4 4.46e-72 4.31e-72 2.92e-72
92.9 0.4 3.47e-72 3.36e-72 2.27e-72
93 0.4 2.7e-72 2.61e-72 1.77e-72
93.1 0.4 2.1e-72 2.04e-72 1.38e-72
93.2 0.4 1.64e-72 1.59e-72 1.07e-72
93.3 0.4 1.28e-72 1.23e-72 8.36e-73
93.4 0.4 9.94e-73 9.62e-73 6.51e-73
93.5 0.4 7.74e-73 7.49e-73 5.07e-73
93.6 0.4 6.03e-73 5.83e-73 3.95e-73
93.7 0.4 4.7e-73 4.54e-73 3.08e-73
93.8 0.4 3.66e-73 3.54e-73 2.4e-73
93.9 0.4 2.85e-73 2.76e-73 1.87e-73
94 0.4 2.22e-73 2.15e-73 1.45e-73
94.1 0.4 1.73e-73 1.67e-73 1.13e-73
94.2 0.4 1.35e-73 1.3e-73 8.81e-74
94.3 0.4 1.05e-73 1.01e-73 6.86e-74
94.4 0.4 8.16e-74 7.89e-74 5.35e-74
94.5 0.4 6.35e-74 6.15e-74 4.16e-74
94.6 0.4 4.95e-74 4.79e-74 3.24e-74
94.7 0.4 3.85e-74 3.73e-74 2.52e-74
94.8 0.4 3e-74 2.9e-74 1.97e-74
94.9 0.4 2.34e-74 2.26e-74 1.53e-74
95 0.4 1.82e-74 1.76e-74 1.19e-74
95.1 0.4 1.42e-74 1.37e-74 9.29e-75
95.2 0.4 1.1e-74 1.07e-74 7.23e-75
95.3 0.4 8.6e-75 8.32e-75 5.63e-75
95.4 0.4 6.7e-75 6.48e-75 4.39e-75
95.5 0.4 5.22e-75 5.05e-75 3.42e-75
95.6 0.4 4.06e-75 3.93e-75 2.66e-75
95.7 0.4 3.16e-75 3.06e-75 2.07e-75
95.8 0.4 2.46e-75 2.38e-75 1.61e-75
95.9 0.4 1.92e-75 1.86e-75 1.26e-75
96 0.4 1.49e-75 1.45e-75 9.79e-76
96.1 0.4 1.16e-75 1.13e-75 7.62e-76
96.2 0.4 9.06e-76 8.77e-76 5.94e-76
96.3 0.4 7.06e-76 6.83e-76 4.62e-76
96.4 0.4 5.5e-76 5.32e-76 3.6e-76
96.5 0.4 4.28e-76 4.14e-76 2.8e-76
96.6 0.4 3.33e-76 3.23e-76 2.18e-76
96.7 0.4 2.6e-76 2.51e-76 1.7e-76
96.8 0.4 2.02e-76 1.96e-76 1.32e-76
96.9 0.4 1.58e-76 1.52e-76 1.03e-76
97 0.4 1.23e-76 1.19e-76 8.04e-77
97.1 0.4 9.55e-77 9.24e-77 6.26e-77
97.2 0.4 7.44e-77 7.2e-77 4.87e-77
97.3 0.4 5.79e-77 5.61e-77 3.8e-77
97.4 0.4 4.51e-77 4.37e-77 2.96e-77
97.5 0.4 3.51e-77 3.4e-77 2.3e-77
97.6 0.4 2.74e-77 2.65e-77 1.79e-77
97.7 0.4 2.13e-77 2.06e-77 1.4e-77
97.8 0.4 1.66e-77 1.61e-77 1.09e-77
97.9 0.4 1.29e-77 1.25e-77 8.47e-78
98 0.4 1.01e-77 9.74e-78 6.6e-78
98.1 0.4 7.84e-78 7.59e-78 5.14e-78
98.2 0.4 6.11e-78 5.91e-78 4e-78
98.3 0.4 4.76e-78 4.6e-78 3.12e-78
98.4 0.4 3.7e-78 3.58e-78 2.43e-78
98.5 0.4 2.89e-78 2.79e-78 1.89e-78
98.6 0.4 2.25e-78 2.17e-78 1.47e-78
98.7 0.4 1.75e-78 1.69e-78 1.15e-78
98.8 0.4 1.36e-78 1.32e-78 8.93e-79
98.9 0.4 1.06e-78 1.03e-78 6.95e-79
99 0.4 8.27e-79 8e-79 5.41e-79
99.1 0.4 6.44e-79 6.23e-79 4.22e-79
99.2 0.4 5.01e-79 4.85e-79 3.28e-79
99.3 0.4 3.9e-79 3.78e-79 2.56e-79
99.4 0.4 3.04e-79 2.94e-79 1.99e-79
99.5 0.4 2.37e-79 2.29e-79 1.55e-79
99.6 0.4 1.84e-79 1.78e-79 1.21e-79
99.7 0.4 1.44e-79 1.39e-79 9.41e-80
99.8 0.4 1.12e-79 1.08e-79 7.33e-80
99.9 0.4 8.71e-80 8.43e-80 5.71e-80
