-25 0.7 5.17e-14 3.28e-14 1.64e-14
-24.9 0.7 5.96e-14 3.79e-14 1.89e-14
-24.8 0.7 6.88e-14 4.37e-14 2.18e-14
-24.7 0.7 7.93e-14 5.04e-14 2.52e-14
-24.6 0.7 9.15e-14 5.81e-14 2.9e-14
-24.5 0.7 1.06e-13 6.71e-14 3.35e-14
-24.4 0.7 1.22e-13 7.74e-14 3.86e-14
-24.3 0.7 1.4e-13 8.92e-14 4.46e-14
-24.2 0.7 1.62e-13 1.03e-13 5.14e-14
-24.1 0.7 1.87e-13 1.19e-13 5.93e-14
-24 0.7 2.16e-13 1.37e-13 6.84e-14
-23.9 0.7 2.49e-13 1.58e-13 7.89e-14
-23.8 0.7 2.87e-13 1.82e-13 9.11e-14
-23.7 0.7 3.31e-13 2.1e-13 1.05e-13
-23.6 0.7 3.82e-13 2.43e-13 1.21e-13
-23.5 0.7 4.4e-13 2.8e-13 1.4e-13
-23.4 0.7 5.08e-13 3.23e-13 1.61e-13
-23.3 0.7 5.86e-13 3.72e-13 1.86e-13
-23.2 0.7 6.76e-13 4.3e-13 2.15e-13
-23.1 0.7 7.8e-13 4.95e-13 2.48e-13
-23 0.7 9e-13 5.72e-13 2.86e-13
-22.9 0.7 1.04e-12 6.59e-13 3.29e-13
-22.8 0.7 1.2e-12 7.61e-13 3.8e-13
-22.7 0.7 1.38e-12 8.77e-13 4.38e-13
-22.6 0.7 1.59e-12 1.01e-12 5.06e-13
-22.5 0.7 1.84e-12 1.17e-12 5.83e-13
-22.4 0.7 2.12e-12 1.35e-12 6.73e-13
-22.3 0.7 2.45e-12 1.55e-12 7.76e-13
-22.2 0.7 2.82e-12 1.79e-12 8.95e-13
-22.1 0.7 3.25e-12 2.07e-12 1.03e-12
-22 0.7 3.75e-12 2.38e-12 1.19e-12
-21.9 0.7 4.33e-12 2.75e-12 1.37e-12
-21.8 0.7 5e-12 3.17e-12 1.59e-12
-21.7 0.7 5.76e-12 3.66e-12 1.83e-12
-21.6 0.7 6.65e-12 4.22e-12 2.11e-12
-21.5 0.7 7.67e-12 4.87e-12 2.43e-12
-21.4 0.7 8.85e-12 5.62e-12 2.81e-12
-18.8 0.7 3.63e-10 2.31e-10 1.15e-10
-18.7 0.7 4.19e-10 2.66e-10 1.33e-10
-18.6 0.7 4.83e-10 3.07e-10 1.53e-10
-18.5 0.7 5.57e-10 3.54e-10 1.77e-10
-18.4 0.7 6.43e-10 4.08e-10 2.04e-10
-18.3 0.7 7.42e-10 4.71e-10 2.35e-10
-18.2 0.7 8.55e-10 5.43e-10 2.71e-10
-18.1 0.7 9.87e-10 6.27e-10 3.13e-10
-18 0.7 1.14e-09 7.23e-10 3.61e-10
-17.9 0.7 1.31e-09 8.34e-10 4.17e-10
-17.8 0.7 1.51e-09 9.62e-10 4.81e-10
-17.7 0.7 1.75e-09 1.11e-09 5.54e-10
-17.6 0.7 2.02e-09 1.28e-09 6.4e-10
-17.5 0.7 2.33e-09 1.48e-09 7.38e-10
-17.4 0.7 2.68e-09 1.7e-09 8.51e-10
-17.3 0.7 3.09e-09 1.97e-09 9.82e-10
-17.2 0.7 3.57e-09 2.27e-09 1.13e-09
-17.1 0.7 4.12e-09 2.62e-09 1.31e-09
-17 0.7 4.75e-09 3.02e-09 1.51e-09
-16.9 0.7 5.48e-09 3.48e-09 1.74e-09
-16.8 0.7 6.32e-09 4.01e-09 2.01e-09
-16.7 0.7 7.29e-09 4.63e-09 2.31e-09
-16.6 0.7 8.41e-09 5.34e-09 2.67e-09
-16.5 0.7 9.7e-09 6.16e-09 3.08e-09
-16.4 0.7 1.12e-08 7.11e-09 3.55e-09
-16.3 0.7 1.29e-08 8.2e-09 4.1e-09
-16.2 0.7 1.49e-08 9.46e-09 4.73e-09
-16.1 0.7 1.72e-08 1.09e-08 5.45e-09
-16 0.7 1.98e-08 1.26e-08 6.29e-09
-15.9 0.7 2.29e-08 1.45e-08 7.25e-09
-15.8 0.7 2.64e-08 1.68e-08 8.37e-09
-15.7 0.7 3.04e-08 1.93e-08 9.65e-09
-15.6 0.7 3.51e-08 2.23e-08 1.11e-08
-15.5 0.7 4.05e-08 2.57e-08 1.28e-08
-15.4 0.7 4.67e-08 2.97e-08 1.48e-08
-15.3 0.7 5.39e-08 3.42e-08 1.71e-08
-15.2 0.7 6.21e-08 3.95e-08 1.97e-08
-15.1 0.7 7.17e-08 4.55e-08 2.27e-08
-15 0.7 8.27e-08 5.25e-08 2.62e-08
-14.9 0.7 9.54e-08 6.06e-08 3.03e-08
-14.8 0.7 1.1e-07 6.99e-08 3.49e-08
-14.7 0.7 1.27e-07 8.06e-08 4.03e-08
-14.6 0.7 1.46e-07 9.3e-08 4.65e-08
-14.5 0.7 1.69e-07 1.07e-07 5.36e-08
-14.4 0.7 1.95e-07 1.24e-07 6.18e-08
-14.3 0.7 2.25e-07 1.43e-07 7.13e-08
-14.2 0.7 2.59e-07 1.65e-07 8.23e-08
-14.1 0.7 2.99e-07 1.9e-07 9.49e-08
-14 0.7 3.45e-07 2.19e-07 1.09e-07
-13.9 0.7 3.98e-07 2.53e-07 1.26e-07
-13.8 0.7 4.59e-07 2.92e-07 1.46e-07
-13.7 0.7 5.3e-07 3.36e-07 1.68e-07
-13.6 0.7 6.11e-07 3.88e-07 1.94e-07
-13.5 0.7 7.05e-07 4.48e-07 2.24e-07
-13.4 0.7 8.13e-07 5.17e-07 2.58e-07
-13.3 0.7 9.38e-07 5.96e-07 2.98e-07
-13.2 0.7 1.08e-06 6.87e-07 3.43e-07
-13.1 0.7 1.25e-06 7.93e-07 3.96e-07
-13 0.7 1.44e-06 9.15e-07 4.57e-07
-12.9 0.7 1.66e-06 1.06e-06 5.27e-07
-12.8 0.7 1.92e-06 1.22e-06 6.08e-07
-12.7 0.7 2.21e-06 1.4e-06 7.01e-07
-12.6 0.7 2.55e-06 1.62e-06 8.09e-07
-12.5 0.7 2.94e-06 1.87e-06 9.33e-07
-12.4 0.7 3.39e-06 2.16e-06 1.08e-06
-12.3 0.7 3.91e-06 2.49e-06 1.24e-06
-12.2 0.7 4.52e-06 2.87e-06 1.43e-06
-12.1 0.7 5.21e-06 3.31e-06 1.65e-06
-12 0.7 6.01e-06 3.82e-06 1.91e-06
-11.9 0.7 6.93e-06 4.4e-06 2.2e-06
-11.8 0.7 8e-06 5.08e-06 2.54e-06
-11.7 0.7 9.22e-06 5.86e-06 2.93e-06
-11.6 0.7 1.06e-05 6.76e-06 3.38e-06
-11.5 0.7 1.23e-05 7.8e-06 3.89e-06
-11.4 0.7 1.42e-05 8.99e-06 4.49e-06
-11.3 0.7 1.63e-05 1.04e-05 5.18e-06
-11.2 0.7 1.88e-05 1.2e-05 5.98e-06
-11.1 0.7 2.17e-05 1.38e-05 6.89e-06
-11 0.7 2.51e-05 1.59e-05 7.95e-06
-10.9 0.7 2.89e-05 1.84e-05 9.17e-06
-10.8 0.7 3.34e-05 2.12e-05 1.06e-05
-10.7 0.7 3.85e-05 2.44e-05 1.22e-05
-10.6 0.7 4.44e-05 2.82e-05 1.41e-05
-10.5 0.7 5.12e-05 3.25e-05 1.62e-05
-10.4 0.7 5.91e-05 3.75e-05 1.87e-05
-10.3 0.7 6.81e-05 4.32e-05 2.16e-05
-10.2 0.7 7.86e-05 4.99e-05 2.49e-05
-10.1 0.7 9.06e-05 5.75e-05 2.87e-05
-10 0.7 0.000105 6.63e-05 3.31e-05
-9.9 0.7 0.000121 7.65e-05 3.82e-05
-9.8 0.7 0.000139 8.82e-05 4.41e-05
-9.7 0.7 0.00016 0.000102 5.08e-05
-9.6 0.7 0.000185 0.000117 5.86e-05
-9.5 0.7 0.000213 0.000135 6.75e-05
-9.4 0.7 0.000246 0.000156 7.78e-05
-9.3 0.7 0.000284 0.00018 8.97e-05
-9.2 0.7 0.000327 0.000207 0.000103
-9.1 0.7 0.000377 0.000239 0.000119
-9 0.7 0.000435 0.000275 0.000137
-8.9 0.7 0.000502 0.000317 0.000158
-8.8 0.7 0.000578 0.000366 0.000182
-8.7 0.7 0.000667 0.000421 0.00021
-8.6 0.7 0.000769 0.000485 0.000242
-8.5 0.7 0.000886 0.000559 0.000278
-8.4 0.7 0.00102 0.000643 0.00032
-8.3 0.7 0.00118 0.00074 0.000368
-8.2 0.7 0.00136 0.000851 0.000423
-8.1 0.7 0.00156 0.000979 0.000486
-8 0.7 0.0018 0.00113 0.000558
-7.9 0.7 0.00207 0.00129 0.00064
-7.8 0.7 0.00238 0.00148 0.000733
-7.7 0.7 0.00274 0.0017 0.00084
-7.6 0.7 0.00315 0.00195 0.00096
-7.5 0.7 0.00362 0.00223 0.0011
-7.4 0.7 0.00416 0.00256 0.00125
-7.3 0.7 0.00478 0.00292 0.00143
-7.2 0.7 0.00548 0.00333 0.00162
-7.1 0.7 0.00629 0.00379 0.00184
-7 0.7 0.00721 0.00432 0.00208
-6.9 0.7 0.00825 0.0049 0.00235
-6.8 0.7 0.00943 0.00555 0.00264
-6.7 0.7 0.0108 0.00627 0.00296
-6.6 0.7 0.0123 0.00707 0.00331
-6.5 0.7 0.014 0.00795 0.00367
-6.4 0.7 0.0159 0.00891 0.00406
-6.3 0.7 0.0181 0.00995 0.00447
-6.2 0.7 0.0205 0.0111 0.00488
-6.1 0.7 0.0232 0.0123 0.00529
-6 0.7 0.0262 0.0136 0.00569
-5.9 0.7 0.0296 0.015 0.00607
-5.8 0.7 0.0333 0.0165 0.00709
-5.7 0.7 0.0374 0.0182 0.00838
-5.6 0.7 0.0419 0.02 0.00992
-5.5 0.7 0.0469 0.022 0.0117
-5.4 0.7 0.0523 0.0243 0.0139
-5.3 0.7 0.0584 0.0272 0.0164
-5.2 0.7 0.0651 0.0309 0.0194
-5.1 0.7 0.0727 0.036 0.0231
-5 0.7 0.0812 0.0439 0.0276
-4.9 0.7 0.0921 0.0565 0.0342
-4.8 0.7 0.108 0.0818 0.0452
-4.7 0.7 0.139 0.154 0.0718
-4.6 0.7 0.605 1.53 0.533
-4.5 0.7 0.0368 0.0808 0.196
-4.4 0.7 0.0786 0.0465 0.0939
-4.3 0.7 0.097 0.0386 0.0632
-4.2 0.7 0.11 0.0358 0.0482
-4.1 0.7 0.12 0.0346 0.0389
-4 0.7 0.129 0.0336 0.0318
-3.9 0.7 0.136 0.032 0.0253
-3.8 0.7 0.149 0.0323 0.0261
-3.7 0.7 0.156 0.0316 0.0218
-3.6 0.7 0.163 0.0298 0.0169
-3.5 0.7 0.168 0.0264 0.0113
-3.4 0.7 0.163 0.03 0.0391
-3.3 0.7 0.167 0.0231 0.0451
-3.2 0.7 0.171 0.0178 0.0473
-3.1 0.7 0.162 0.0365 0.0402
-3 0.7 0.169 0.039 0.0529
-2.9 0.7 0.18 0.0378 0.0624
-2.8 0.7 0.195 0.0326 0.0669
-2.7 0.7 0.214 0.0235 0.0645
-2.6 0.7 0.258 0.105 0.077
-2.5 0.7 0.28 0.108 0.0566
-2.4 0.7 0.257 0.0199 0.035
-2.3 0.7 0.287 0.0599 0.0365
-2.2 0.7 0.3 0.0489 0.0198
-2.1 0.7 0.307 0.0183 0.0132
-2 0.7 0.34 0.0769 0.0348
-1.9 0.7 0.343 0.0738 0.0307
-1.8 0.7 0.338 0.0265 0.0128
-1.7 0.7 0.347 0.0229 0.00853
-1.6 0.7 0.355 0.0158 0.00916
-1.5 0.7 0.35 0.0135 0.0208
-1.4 0.7 0.373 0.00196 0.00204
-1.3 0.7 0.384 0.00263 0.00692
-1.2 0.7 0.396 0.00449 0.00825
-1.1 0.7 0.408 0.00436 0.00579
-1 0.7 0.421 0.00232 0.00108
-0.9 0.7 0.433 0.0039 0.00205
-0.8 0.7 0.451 0.00728 0.00707
-0.7 0.7 0.458 0.00426 0.00313
-0.6 0.7 0.469 0.000858 0.0009
-0.5 0.7 0.48 0.00236 0.00369
-0.4 0.7 0.491 0.00468 0.00763
-0.3 0.7 0.502 0.00513 0.00861
-0.2 0.7 0.514 0.00325 0.00585
-0.1 0.7 0.526 0.000194 0.000273
2.66e-14 0.7 0.54 0.00693 0.00378
0.1 0.7 0.558 0.0436 0.0276
0.2 0.7 0.567 0.0139 0.00506
0.3 0.7 0.579 0.0102 0.00559
0.4 0.7 0.59 0.00749 0.00456
0.5 0.7 0.623 0.0359 0.0254
0.6 0.7 0.628 0.0376 0.0189
0.7 0.7 0.613 0.0178 0.0333
0.8 0.7 0.62 0.013 0.0387
0.9 0.7 0.627 0.017 0.0382
1 0.7 0.622 0.0342 0.102
1.1 0.7 0.624 0.0428 0.0962
1.2 0.7 0.662 0.016 0.0243
1.3 0.7 0.668 0.02 0.0558
1.4 0.7 0.681 0.0333 0.0654
1.5 0.7 0.697 0.0448 0.066
1.6 0.7 0.726 0.0372 0.0177
1.7 0.7 0.704 0.0549 0.0987
1.8 0.7 0.723 0.0647 0.0874
1.9 0.7 0.758 0.05 0.0185
2 0.7 0.772 0.0496 0.0216
2.1 0.7 0.782 0.0458 0.0243
2.2 0.7 0.79 0.04 0.0248
2.3 0.7 0.796 0.0331 0.0235
2.4 0.7 0.801 0.0261 0.021
2.5 0.7 0.805 0.0194 0.0179
2.6 0.7 0.808 0.0154 0.0145
2.7 0.7 0.811 0.0138 0.0113
2.8 0.7 0.816 0.0169 0.01
2.9 0.7 0.813 0.0136 0.00995
3 0.7 0.817 0.0109 0.01
3.1 0.7 0.821 0.00853 0.00969
3.2 0.7 0.824 0.00656 0.00904
3.3 0.7 0.828 0.005 0.00819
3.4 0.7 0.832 0.00381 0.00722
3.5 0.7 0.835 0.00295 0.00621
3.6 0.7 0.837 0.00267 0.00423
3.7 0.7 0.841 0.00232 0.00337
3.8 0.7 0.844 0.00198 0.00246
3.9 0.7 0.846 0.0017 0.00145
4 0.7 0.848 0.0016 0.00298
4.1 0.7 0.849 0.00345 0.00766
4.2 0.7 0.84 0.0139 0.0375
4.3 0.7 0.863 0.0262 0.0131
4.4 0.7 0.856 0.0163 0.0236
4.5 0.7 0.869 0.0163 0.00878
4.6 0.7 0.866 0.00501 0.00415
4.7 0.7 0.866 0.00291 0.00273
4.8 0.7 0.866 0.00197 0.00205
4.9 0.7 0.867 0.00147 0.00161
5 0.7 0.868 0.00116 0.00129
5.1 0.7 0.868 0.00095 0.00104
5.2 0.7 0.869 0.000807 0.000855
5.3 0.7 0.869 0.000708 0.000707
5.4 0.7 0.87 0.000643 0.000591
5.5 0.7 0.87 0.000609 0.000501
5.6 0.7 0.871 0.000613 0.000438
5.7 0.7 0.871 0.000683 0.000408
5.8 0.7 0.871 0.000961 0.000457
5.9 0.7 0.873 0.00447 0.00159
6 0.7 0.871 0.000427 0.000851
6.1 0.7 0.871 0.000212 0.000287
6.2 0.7 0.872 0.000138 0.000137
6.3 0.7 0.872 9.76e-05 7.3e-05
6.4 0.7 0.872 7.13e-05 4.47e-05
6.5 0.7 0.872 5.3e-05 4e-05
6.6 0.7 0.872 3.98e-05 3.47e-05
6.7 0.7 0.872 3.42e-05 2.53e-05
6.8 0.7 0.872 2.62e-05 2.13e-05
6.9 0.7 0.872 2.01e-05 1.78e-05
7 0.7 0.872 1.54e-05 1.46e-05
7.1 0.7 0.873 1.18e-05 1.18e-05
7.2 0.7 0.873 8.95e-06 9.42e-06
7.3 0.7 0.873 6.78e-06 7.35e-06
7.4 0.7 0.873 5.1e-06 5.57e-06
7.5 0.7 0.873 3.77e-06 4.04e-06
7.6 0.7 0.873 2.74e-06 2.73e-06
7.7 0.7 0.873 1.93e-06 2.2e-06
7.8 0.7 0.873 1.28e-06 1.94e-06
7.9 0.7 0.873 7.67e-07 1.72e-06
8 0.7 0.873 9.35e-07 1.53e-06
8.1 0.7 0.873 1.55e-06 1.37e-06
8.2 0.7 0.873 2.09e-06 1.25e-06
8.3 0.7 0.873 2.56e-06 1.13e-06
8.4 0.7 0.873 2.95e-06 1.3e-06
8.5 0.7 0.873 4.36e-06 4.14e-06
8.6 0.7 0.873 4.71e-06 4.24e-06
8.7 0.7 0.873 5.02e-06 4.32e-06
8.8 0.7 0.873 5.29e-06 4.41e-06
8.9 0.7 0.873 5.51e-06 4.47e-06
9 0.7 0.873 5.71e-06 4.53e-06
9.1 0.7 0.873 5.88e-06 4.58e-06
9.2 0.7 0.873 6.02e-06 4.62e-06
9.3 0.7 0.873 6.15e-06 4.66e-06
9.4 0.7 0.873 6.27e-06 4.69e-06
9.5 0.7 0.873 6.36e-06 4.72e-06
9.6 0.7 0.873 6.44e-06 4.75e-06
9.7 0.7 0.873 6.52e-06 4.77e-06
9.8 0.7 0.873 6.57e-06 4.78e-06
9.9 0.7 0.873 6.63e-06 4.8e-06
10 0.7 0.873 6.68e-06 4.82e-06
10.1 0.7 0.873 6.72e-06 4.83e-06
10.2 0.7 0.873 6.76e-06 4.84e-06
10.3 0.7 0.873 6.78e-06 4.85e-06
10.4 0.7 0.873 6.81e-06 4.86e-06
10.5 0.7 0.873 6.83e-06 4.87e-06
10.6 0.7 0.873 6.85e-06 4.87e-06
10.7 0.7 0.873 6.87e-06 4.88e-06
10.8 0.7 0.873 6.89e-06 4.88e-06
10.9 0.7 0.873 6.9e-06 4.88e-06
11 0.7 0.873 6.9e-06 4.88e-06
11.1 0.7 0.873 6.92e-06 4.89e-06
11.2 0.7 0.873 6.92e-06 4.89e-06
11.3 0.7 0.873 6.93e-06 4.9e-06
11.4 0.7 0.873 6.93e-06 4.89e-06
11.5 0.7 0.873 6.93e-06 4.89e-06
11.6 0.7 0.873 6.94e-06 4.9e-06
11.7 0.7 0.873 6.95e-06 4.9e-06
11.8 0.7 0.873 6.95e-06 4.9e-06
11.9 0.7 0.873 6.95e-06 4.9e-06
12 0.7 0.873 6.95e-06 4.9e-06
12.1 0.7 0.873 6.95e-06 4.9e-06
12.2 0.7 0.873 6.95e-06 4.9e-06
12.3 0.7 0.873 6.95e-06 4.9e-06
12.4 0.7 0.873 6.94e-06 4.9e-06
12.5 0.7 0.873 6.93e-06 4.89e-06
12.6 0.7 0.873 6.93e-06 4.89e-06
12.7 0.7 0.873 6.93e-06 4.9e-06
12.8 0.7 0.873 6.92e-06 4.89e-06
12.9 0.7 0.873 6.92e-06 4.89e-06
13 0.7 0.873 6.9e-06 4.88e-06
13.1 0.7 0.873 6.9e-06 4.88e-06
13.2 0.7 0.873 6.89e-06 4.88e-06
13.3 0.7 0.873 6.87e-06 4.88e-06
13.4 0.7 0.873 6.85e-06 4.87e-06
13.5 0.7 0.873 6.83e-06 4.87e-06
13.6 0.7 0.873 6.81e-06 4.86e-06
13.7 0.7 0.873 6.78e-06 4.85e-06
13.8 0.7 0.873 6.76e-06 4.84e-06
13.9 0.7 0.873 6.72e-06 4.83e-06
14 0.7 0.873 6.68e-06 4.82e-06
14.1 0.7 0.873 6.63e-06 4.8e-06
14.2 0.7 0.873 6.57e-06 4.78e-06
14.3 0.7 0.873 6.52e-06 4.77e-06
14.4 0.7 0.873 6.44e-06 4.75e-06
14.5 0.7 0.873 6.36e-06 4.72e-06
14.6 0.7 0.873 6.27e-06 4.69e-06
14.7 0.7 0.873 6.15e-06 4.66e-06
14.8 0.7 0.873 6.02e-06 4.62e-06
14.9 0.7 0.873 5.88e-06 4.58e-06
15 0.7 0.873 5.71e-06 4.53e-06
15.1 0.7 0.873 5.51e-06 4.47e-06
15.2 0.7 0.873 5.29e-06 4.41e-06
15.3 0.7 0.873 5.02e-06 4.32e-06
15.4 0.7 0.873 4.71e-06 4.24e-06
15.5 0.7 0.873 4.36e-06 4.14e-06
15.6 0.7 0.873 2.95e-06 1.3e-06
15.7 0.7 0.873 2.56e-06 1.13e-06
15.8 0.7 0.873 2.09e-06 1.25e-06
15.9 0.7 0.873 1.55e-06 1.37e-06
16 0.7 0.873 9.35e-07 1.53e-06
16.1 0.7 0.873 7.67e-07 1.72e-06
16.2 0.7 0.873 1.28e-06 1.94e-06
16.3 0.7 0.873 1.93e-06 2.2e-06
16.4 0.7 0.873 2.74e-06 2.73e-06
16.5 0.7 0.873 3.77e-06 4.04e-06
16.6 0.7 0.873 5.1e-06 5.57e-06
16.7 0.7 0.873 6.78e-06 7.35e-06
16.8 0.7 0.873 8.95e-06 9.42e-06
16.9 0.7 0.873 1.18e-05 1.18e-05
17 0.7 0.872 1.54e-05 1.46e-05
17.1 0.7 0.872 2.01e-05 1.78e-05
17.2 0.7 0.872 2.62e-05 2.13e-05
17.3 0.7 0.872 3.42e-05 2.53e-05
17.4 0.7 0.872 3.98e-05 3.47e-05
17.5 0.7 0.872 5.3e-05 4e-05
17.6 0.7 0.872 7.13e-05 4.47e-05
17.7 0.7 0.872 9.76e-05 7.3e-05
17.8 0.7 0.872 0.000138 0.000137
17.9 0.7 0.871 0.000212 0.000287
18 0.7 0.871 0.000427 0.000851
18.1 0.7 0.873 0.00447 0.00159
18.2 0.7 0.871 0.000961 0.000457
18.3 0.7 0.871 0.000683 0.000408
18.4 0.7 0.871 0.000613 0.000438
18.5 0.7 0.87 0.000609 0.000501
18.6 0.7 0.87 0.000643 0.000591
18.7 0.7 0.869 0.000708 0.000707
18.8 0.7 0.869 0.000807 0.000855
18.9 0.7 0.868 0.00095 0.00104
19 0.7 0.868 0.00116 0.00129
19.1 0.7 0.867 0.00147 0.00161
19.2 0.7 0.866 0.00197 0.00205
19.3 0.7 0.866 0.00291 0.00273
19.4 0.7 0.866 0.00501 0.00415
19.5 0.7 0.869 0.0163 0.00878
19.6 0.7 0.856 0.0163 0.0236
19.7 0.7 0.863 0.0262 0.0131
19.8 0.7 0.84 0.0139 0.0375
19.9 0.7 0.849 0.00345 0.00766
20 0.7 0.848 0.0016 0.00298
20.1 0.7 0.846 0.0017 0.00145
20.2 0.7 0.844 0.00198 0.00246
20.3 0.7 0.841 0.00232 0.00337
20.4 0.7 0.837 0.00267 0.00423
20.5 0.7 0.835 0.00295 0.00621
20.6 0.7 0.832 0.00381 0.00722
20.7 0.7 0.828 0.005 0.00819
20.8 0.7 0.824 0.00656 0.00904
20.9 0.7 0.821 0.00853 0.00969
21 0.7 0.817 0.0109 0.01
21.1 0.7 0.813 0.0136 0.00995
21.2 0.7 0.816 0.0169 0.01
21.3 0.7 0.811 0.0138 0.0113
21.4 0.7 0.808 0.0154 0.0145
21.5 0.7 0.805 0.0194 0.0179
21.6 0.7 0.801 0.0261 0.021
21.7 0.7 0.796 0.0331 0.0235
21.8 0.7 0.79 0.04 0.0248
21.9 0.7 0.782 0.0458 0.0243
22 0.7 0.772 0.0496 0.0216
22.1 0.7 0.758 0.05 0.0185
22.2 0.7 0.723 0.0647 0.0874
22.3 0.7 0.704 0.0549 0.0987
22.4 0.7 0.726 0.0372 0.0177
22.5 0.7 0.697 0.0448 0.066
22.6 0.7 0.681 0.0333 0.0654
22.7 0.7 0.668 0.02 0.0558
22.8 0.7 0.662 0.016 0.0243
22.9 0.7 0.624 0.0428 0.0962
23 0.7 0.622 0.0342 0.102
23.1 0.7 0.627 0.017 0.0382
23.2 0.7 0.62 0.013 0.0387
23.3 0.7 0.613 0.0178 0.0333
23.4 0.7 0.628 0.0376 0.0189
23.5 0.7 0.623 0.0359 0.0254
23.6 0.7 0.59 0.00749 0.00456
23.7 0.7 0.579 0.0102 0.00559
23.8 0.7 0.567 0.0139 0.00506
23.9 0.7 0.558 0.0436 0.0276
24 0.7 0.54 0.00693 0.00378
24.1 0.7 0.526 0.000194 0.000273
24.2 0.7 0.514 0.00325 0.00585
24.3 0.7 0.502 0.00513 0.00861
24.4 0.7 0.491 0.00468 0.00763
24.5 0.7 0.48 0.00236 0.00369
24.6 0.7 0.469 0.000858 0.0009
24.7 0.7 0.458 0.00426 0.00313
24.8 0.7 0.451 0.00728 0.00707
24.9 0.7 0.433 0.0039 0.00205
25 0.7 0.421 0.00232 0.00108
25.1 0.7 0.408 0.00436 0.00579
25.2 0.7 0.396 0.00449 0.00825
25.3 0.7 0.384 0.00263 0.00692
25.4 0.7 0.373 0.00196 0.00204
25.5 0.7 0.35 0.0135 0.0208
25.6 0.7 0.355 0.0158 0.00916
25.7 0.7 0.347 0.0229 0.00853
25.8 0.7 0.338 0.0265 0.0128
25.9 0.7 0.343 0.0738 0.0307
26 0.7 0.34 0.0769 0.0348
26.1 0.7 0.307 0.0183 0.0132
26.2 0.7 0.3 0.0489 0.0198
26.3 0.7 0.287 0.0599 0.0365
26.4 0.7 0.257 0.0199 0.035
26.5 0.7 0.28 0.108 0.0566
26.6 0.7 0.258 0.105 0.077
26.7 0.7 0.214 0.0235 0.0645
26.8 0.7 0.195 0.0326 0.0669
26.9 0.7 0.18 0.0378 0.0624
27 0.7 0.169 0.039 0.0529
27.1 0.7 0.162 0.0365 0.0402
27.2 0.7 0.171 0.0178 0.0473
27.3 0.7 0.167 0.0231 0.0451
27.4 0.7 0.163 0.03 0.0391
27.5 0.7 0.168 0.0264 0.0113
27.6 0.7 0.163 0.0298 0.0169
27.7 0.7 0.156 0.0316 0.0218
27.8 0.7 0.149 0.0323 0.0261
27.9 0.7 0.136 0.032 0.0253
28 0.7 0.129 0.0336 0.0318
28.1 0.7 0.12 0.0346 0.0389
28.2 0.7 0.11 0.0358 0.0482
28.3 0.7 0.097 0.0386 0.0632
28.4 0.7 0.0786 0.0465 0.0939
28.5 0.7 0.0368 0.0808 0.196
28.6 0.7 0.605 1.53 0.533
28.7 0.7 0.139 0.154 0.0718
28.8 0.7 0.108 0.0818 0.0452
28.9 0.7 0.0921 0.0565 0.0342
29 0.7 0.0812 0.0439 0.0276
29.1 0.7 0.0727 0.036 0.0231
29.2 0.7 0.0651 0.0309 0.0194
29.3 0.7 0.0584 0.0272 0.0164
29.4 0.7 0.0523 0.0243 0.0139
29.5 0.7 0.0469 0.022 0.0117
29.6 0.7 0.0419 0.02 0.00992
29.7 0.7 0.0374 0.0182 0.00838
29.8 0.7 0.0333 0.0165 0.00709
29.9 0.7 0.0296 0.015 0.00607
30 0.7 0.0262 0.0136 0.00569
30.1 0.7 0.0232 0.0123 0.00529
30.2 0.7 0.0205 0.0111 0.00488
30.3 0.7 0.0181 0.00995 0.00447
30.4 0.7 0.0159 0.00891 0.00406
30.5 0.7 0.014 0.00795 0.00367
30.6 0.7 0.0123 0.00707 0.00331
30.7 0.7 0.0108 0.00627 0.00296
30.8 0.7 0.00943 0.00555 0.00264
30.9 0.7 0.00825 0.0049 0.00235
31 0.7 0.00721 0.00432 0.00208
31.1 0.7 0.00629 0.00379 0.00184
31.2 0.7 0.00548 0.00333 0.00162
31.3 0.7 0.00478 0.00292 0.00143
31.4 0.7 0.00416 0.00256 0.00125
31.5 0.7 0.00362 0.00223 0.0011
31.6 0.7 0.00315 0.00195 0.00096
31.7 0.7 0.00274 0.0017 0.00084
31.8 0.7 0.00238 0.00148 0.000733
31.9 0.7 0.00207 0.00129 0.00064
32 0.7 0.0018 0.00113 0.000558
32.1 0.7 0.00156 0.000979 0.000486
32.2 0.7 0.00136 0.000851 0.000423
32.3 0.7 0.00118 0.00074 0.000368
32.4 0.7 0.00102 0.000643 0.00032
32.5 0.7 0.000886 0.000559 0.000278
32.6 0.7 0.000769 0.000485 0.000242
32.7 0.7 0.000667 0.000421 0.00021
32.8 0.7 0.000578 0.000366 0.000182
32.9 0.7 0.000502 0.000317 0.000158
33 0.7 0.000435 0.000275 0.000137
33.1 0.7 0.000377 0.000239 0.000119
33.2 0.7 0.000327 0.000207 0.000103
33.3 0.7 0.000284 0.00018 8.97e-05
33.4 0.7 0.000246 0.000156 7.78e-05
33.5 0.7 0.000213 0.000135 6.75e-05
33.6 0.7 0.000185 0.000117 5.86e-05
33.7 0.7 0.00016 0.000102 5.08e-05
33.8 0.7 0.000139 8.82e-05 4.41e-05
33.9 0.7 0.000121 7.65e-05 3.82e-05
34 0.7 0.000105 6.63e-05 3.31e-05
34.1 0.7 9.06e-05 5.75e-05 2.87e-05
34.2 0.7 7.86e-05 4.99e-05 2.49e-05
34.3 0.7 6.81e-05 4.32e-05 2.16e-05
34.4 0.7 5.91e-05 3.75e-05 1.87e-05
34.5 0.7 5.12e-05 3.25e-05 1.62e-05
34.6 0.7 4.44e-05 2.82e-05 1.41e-05
34.7 0.7 3.85e-05 2.44e-05 1.22e-05
34.8 0.7 3.34e-05 2.12e-05 1.06e-05
34.9 0.7 2.89e-05 1.84e-05 9.17e-06
35 0.7 2.51e-05 1.59e-05 7.95e-06
35.1 0.7 2.17e-05 1.38e-05 6.89e-06
35.2 0.7 1.88e-05 1.2e-05 5.98e-06
35.3 0.7 1.63e-05 1.04e-05 5.18e-06
35.4 0.7 1.42e-05 8.99e-06 4.49e-06
35.5 0.7 1.23e-05 7.8e-06 3.89e-06
35.6 0.7 1.06e-05 6.76e-06 3.38e-06
35.7 0.7 9.22e-06 5.86e-06 2.93e-06
35.8 0.7 8e-06 5.08e-06 2.54e-06
35.9 0.7 6.93e-06 4.4e-06 2.2e-06
36 0.7 6.01e-06 3.82e-06 1.91e-06
36.1 0.7 5.21e-06 3.31e-06 1.65e-06
36.2 0.7 4.52e-06 2.87e-06 1.43e-06
36.3 0.7 3.91e-06 2.49e-06 1.24e-06
36.4 0.7 3.39e-06 2.16e-06 1.08e-06
36.5 0.7 2.94e-06 1.87e-06 9.33e-07
36.6 0.7 2.55e-06 1.62e-06 8.09e-07
36.7 0.7 2.21e-06 1.4e-06 7.01e-07
36.8 0.7 1.92e-06 1.22e-06 6.08e-07
36.9 0.7 1.66e-06 1.06e-06 5.27e-07
37 0.7 1.44e-06 9.15e-07 4.57e-07
37.1 0.7 1.25e-06 7.93e-07 3.96e-07
37.2 0.7 1.08e-06 6.87e-07 3.43e-07
37.3 0.7 9.38e-07 5.96e-07 2.98e-07
37.4 0.7 8.13e-07 5.17e-07 2.58e-07
37.5 0.7 7.05e-07 4.48e-07 2.24e-07
37.6 0.7 6.11e-07 3.88e-07 1.94e-07
37.7 0.7 5.3e-07 3.36e-07 1.68e-07
37.8 0.7 4.59e-07 2.92e-07 1.46e-07
37.9 0.7 3.98e-07 2.53e-07 1.26e-07
38 0.7 3.45e-07 2.19e-07 1.09e-07
38.1 0.7 2.99e-07 1.9e-07 9.49e-08
38.2 0.7 2.59e-07 1.65e-07 8.23e-08
38.3 0.7 2.25e-07 1.43e-07 7.13e-08
38.4 0.7 1.95e-07 1.24e-07 6.18e-08
38.5 0.7 1.69e-07 1.07e-07 5.36e-08
38.6 0.7 1.46e-07 9.3e-08 4.65e-08
38.7 0.7 1.27e-07 8.06e-08 4.03e-08
38.8 0.7 1.1e-07 6.99e-08 3.49e-08
38.9 0.7 9.54e-08 6.06e-08 3.03e-08
39 0.7 8.27e-08 5.25e-08 2.62e-08
39.1 0.7 7.17e-08 4.55e-08 2.27e-08
39.2 0.7 6.21e-08 3.95e-08 1.97e-08
39.3 0.7 5.39e-08 3.42e-08 1.71e-08
39.4 0.7 4.67e-08 2.97e-08 1.48e-08
39.5 0.7 4.05e-08 2.57e-08 1.28e-08
39.6 0.7 3.51e-08 2.23e-08 1.11e-08
39.7 0.7 3.04e-08 1.93e-08 9.65e-09
39.8 0.7 2.64e-08 1.68e-08 8.37e-09
39.9 0.7 2.29e-08 1.45e-08 7.25e-09
40 0.7 1.98e-08 1.26e-08 6.29e-09
40.1 0.7 1.72e-08 1.09e-08 5.45e-09
40.2 0.7 1.49e-08 9.46e-09 4.73e-09
40.3 0.7 1.29e-08 8.2e-09 4.1e-09
40.4 0.7 1.12e-08 7.11e-09 3.55e-09
40.5 0.7 9.7e-09 6.16e-09 3.08e-09
40.6 0.7 8.41e-09 5.34e-09 2.67e-09
40.7 0.7 7.29e-09 4.63e-09 2.31e-09
40.8 0.7 6.32e-09 4.01e-09 2.01e-09
40.9 0.7 5.48e-09 3.48e-09 1.74e-09
41 0.7 4.75e-09 3.02e-09 1.51e-09
41.1 0.7 4.12e-09 2.62e-09 1.31e-09
41.2 0.7 3.57e-09 2.27e-09 1.13e-09
41.3 0.7 3.09e-09 1.97e-09 9.82e-10
41.4 0.7 2.68e-09 1.7e-09 8.51e-10
41.5 0.7 2.33e-09 1.48e-09 7.38e-10
41.6 0.7 2.02e-09 1.28e-09 6.4e-10
41.7 0.7 1.75e-09 1.11e-09 5.54e-10
41.8 0.7 1.51e-09 9.62e-10 4.81e-10
41.9 0.7 1.31e-09 8.34e-10 4.17e-10
42 0.7 1.14e-09 7.23e-10 3.61e-10
42.1 0.7 9.87e-10 6.27e-10 3.13e-10
42.2 0.7 8.55e-10 5.43e-10 2.71e-10
42.3 0.7 7.42e-10 4.71e-10 2.35e-10
42.4 0.7 6.43e-10 4.08e-10 2.04e-10
42.5 0.7 5.57e-10 3.54e-10 1.77e-10
42.6 0.7 4.83e-10 3.07e-10 1.53e-10
42.7 0.7 4.19e-10 2.66e-10 1.33e-10
42.8 0.7 3.63e-10 2.31e-10 1.15e-10
45.4 0.7 8.85e-12 5.62e-12 2.81e-12
45.5 0.7 7.67e-12 4.87e-12 2.43e-12
45.6 0.7 6.65e-12 4.22e-12 2.11e-12
45.7 0.7 5.76e-12 3.66e-12 1.83e-12
45.8 0.7 5e-12 3.17e-12 1.59e-12
45.9 0.7 4.33e-12 2.75e-12 1.37e-12
46 0.7 3.75e-12 2.38e-12 1.19e-12
46.1 0.7 3.25e-12 2.07e-12 1.03e-12
46.2 0.7 2.82e-12 1.79e-12 8.95e-13
46.3 0.7 2.45e-12 1.55e-12 7.76e-13
46.4 0.7 2.12e-12 1.35e-12 6.73e-13
46.5 0.7 1.84e-12 1.17e-12 5.83e-13
46.6 0.7 1.59e-12 1.01e-12 5.06e-13
46.7 0.7 1.38e-12 8.77e-13 4.38e-13
46.8 0.7 1.2e-12 7.61e-13 3.8e-13
46.9 0.7 1.04e-12 6.59e-13 3.29e-13
47 0.7 9e-13 5.72e-13 2.86e-13
47.1 0.7 7.8e-13 4.95e-13 2.48e-13
47.2 0.7 6.76e-13 4.3e-13 2.15e-13
47.3 0.7 5.86e-13 3.72e-13 1.86e-13
47.4 0.7 5.08e-13 3.23e-13 1.61e-13
47.5 0.7 4.4e-13 2.8e-13 1.4e-13
47.6 0.7 3.82e-13 2.43e-13 1.21e-13
47.7 0.7 3.31e-13 2.1e-13 1.05e-13
47.8 0.7 2.87e-13 1.82e-13 9.11e-14
47.9 0.7 2.49e-13 1.58e-13 7.89e-14
48 0.7 2.16e-13 1.37e-13 6.84e-14
48.1 0.7 1.87e-13 1.19e-13 5.93e-14
48.2 0.7 1.62e-13 1.03e-13 5.14e-14
48.3 0.7 1.4e-13 8.92e-14 4.46e-14
48.4 0.7 1.22e-13 7.74e-14 3.86e-14
48.5 0.7 1.06e-13 6.71e-14 3.35e-14
48.6 0.7 9.15e-14 5.81e-14 2.9e-14
48.7 0.7 7.93e-14 5.04e-14 2.52e-14
48.8 0.7 6.88e-14 4.37e-14 2.18e-14
48.9 0.7 5.96e-14 3.79e-14 1.89e-14
49 0.7 5.17e-14 3.28e-14 1.64e-14
49.1 0.7 4.48e-14 2.85e-14 1.42e-14
49.2 0.7 3.88e-14 2.47e-14 1.23e-14
49.3 0.7 3.37e-14 2.14e-14 1.07e-14
49.4 0.7 2.92e-14 1.85e-14 9.26e-15
49.5 0.7 2.53e-14 1.61e-14 8.03e-15
49.6 0.7 2.19e-14 1.39e-14 6.96e-15
49.7 0.7 1.9e-14 1.21e-14 6.03e-15
49.8 0.7 1.65e-14 1.05e-14 5.23e-15
49.9 0.7 1.43e-14 9.07e-15 4.53e-15
50 0.7 1.24e-14 7.87e-15 3.93e-15
50.1 0.7 1.07e-14 6.82e-15 3.41e-15
50.2 0.7 9.31e-15 5.91e-15 2.95e-15
50.3 0.7 8.07e-15 5.12e-15 2.56e-15
50.4 0.7 6.99e-15 4.44e-15 2.22e-15
50.5 0.7 6.06e-15 3.85e-15 1.92e-15
50.6 0.7 5.26e-15 3.34e-15 1.67e-15
50.7 0.7 4.56e-15 2.89e-15 1.45e-15
50.8 0.7 3.95e-15 2.51e-15 1.25e-15
50.9 0.7 3.42e-15 2.17e-15 1.09e-15
51 0.7 2.97e-15 1.89e-15 9.42e-16
51.1 0.7 2.57e-15 1.63e-15 8.16e-16
51.2 0.7 2.23e-15 1.42e-15 7.08e-16
51.3 0.7 1.93e-15 1.23e-15 6.14e-16
51.4 0.7 1.68e-15 1.06e-15 5.32e-16
51.5 0.7 1.45e-15 9.23e-16 4.61e-16
51.6 0.7 1.26e-15 8e-16 4e-16
51.7 0.7 1.09e-15 6.94e-16 3.46e-16
51.8 0.7 9.47e-16 6.01e-16 3e-16
51.9 0.7 8.21e-16 5.21e-16 2.6e-16
52 0.7 7.11e-16 4.52e-16 2.26e-16
52.1 0.7 6.17e-16 3.92e-16 1.96e-16
52.2 0.7 5.35e-16 3.4e-16 1.7e-16
52.3 0.7 4.63e-16 2.94e-16 1.47e-16
52.4 0.7 4.02e-16 2.55e-16 1.27e-16
52.5 0.7 3.48e-16 2.21e-16 1.1e-16
52.6 0.7 3.02e-16 1.92e-16 9.58e-17
52.7 0.7 2.62e-16 1.66e-16 8.3e-17
52.8 0.7 2.27e-16 1.44e-16 7.2e-17
52.9 0.7 1.97e-16 1.25e-16 6.24e-17
53 0.7 1.7e-16 1.08e-16 5.41e-17
53.1 0.7 1.48e-16 9.39e-17 4.69e-17
53.2 0.7 1.28e-16 8.14e-17 4.06e-17
53.3 0.7 1.11e-16 7.05e-17 3.52e-17
53.4 0.7 9.63e-17 6.11e-17 3.05e-17
53.5 0.7 8.34e-17 5.3e-17 2.65e-17
53.6 0.7 7.23e-17 4.6e-17 2.3e-17
53.7 0.7 6.27e-17 3.98e-17 1.99e-17
53.8 0.7 5.44e-17 3.45e-17 1.72e-17
53.9 0.7 4.71e-17 2.99e-17 1.5e-17
54 0.7 4.09e-17 2.59e-17 1.3e-17
54.1 0.7 3.54e-17 2.25e-17 1.12e-17
54.2 0.7 3.07e-17 1.95e-17 9.74e-18
54.3 0.7 2.66e-17 1.69e-17 8.44e-18
54.4 0.7 2.31e-17 1.47e-17 7.32e-18
54.5 0.7 2e-17 1.27e-17 6.35e-18
54.6 0.7 1.73e-17 1.1e-17 5.5e-18
54.7 0.7 1.5e-17 9.55e-18 4.77e-18
54.8 0.7 1.3e-17 8.28e-18 4.13e-18
54.9 0.7 1.13e-17 7.17e-18 3.58e-18
55 0.7 9.79e-18 6.22e-18 3.11e-18
55.1 0.7 8.49e-18 5.39e-18 2.69e-18
55.2 0.7 7.36e-18 4.67e-18 2.33e-18
55.3 0.7 6.38e-18 4.05e-18 2.02e-18
55.4 0.7 5.53e-18 3.51e-18 1.75e-18
55.5 0.7 4.79e-18 3.04e-18 1.52e-18
55.6 0.7 4.15e-18 2.64e-18 1.32e-18
55.7 0.7 3.6e-18 2.29e-18 1.14e-18
55.8 0.7 3.12e-18 1.98e-18 9.91e-19
55.9 0.7 2.71e-18 1.72e-18 8.59e-19
56 0.7 2.35e-18 1.49e-18 7.44e-19
56.1 0.7 2.03e-18 1.29e-18 6.45e-19
56.2 0.7 1.76e-18 1.12e-18 5.59e-19
56.3 0.7 1.53e-18 9.71e-19 4.85e-19
56.4 0.7 1.32e-18 8.42e-19 4.2e-19
56.5 0.7 1.15e-18 7.3e-19 3.64e-19
56.6 0.7 9.96e-19 6.32e-19 3.16e-19
56.7 0.7 8.63e-19 5.48e-19 2.74e-19
56.8 0.7 7.48e-19 4.75e-19 2.37e-19
56.9 0.7 6.49e-19 4.12e-19 2.06e-19
57 0.7 5.62e-19 3.57e-19 1.78e-19
57.1 0.7 4.87e-19 3.1e-19 1.55e-19
57.2 0.7 4.23e-19 2.68e-19 1.34e-19
57.3 0.7 3.66e-19 2.33e-19 1.16e-19
57.4 0.7 3.18e-19 2.02e-19 1.01e-19
57.5 0.7 2.75e-19 1.75e-19 8.73e-20
57.6 0.7 2.39e-19 1.52e-19 7.57e-20
57.7 0.7 2.07e-19 1.31e-19 6.56e-20
57.8 0.7 1.79e-19 1.14e-19 5.69e-20
57.9 0.7 1.55e-19 9.87e-20 4.93e-20
58 0.7 1.35e-19 8.56e-20 4.28e-20
58.1 0.7 1.17e-19 7.42e-20 3.71e-20
58.2 0.7 1.01e-19 6.43e-20 3.21e-20
58.3 0.7 8.78e-20 5.58e-20 2.79e-20
58.4 0.7 7.61e-20 4.83e-20 2.41e-20
58.5 0.7 6.6e-20 4.19e-20 2.09e-20
58.6 0.7 5.72e-20 3.63e-20 1.81e-20
58.7 0.7 4.96e-20 3.15e-20 1.57e-20
58.8 0.7 4.3e-20 2.73e-20 1.36e-20
58.9 0.7 3.73e-20 2.37e-20 1.18e-20
59 0.7 3.23e-20 2.05e-20 1.02e-20
59.1 0.7 2.8e-20 1.78e-20 8.88e-21
59.2 0.7 2.43e-20 1.54e-20 7.7e-21
59.3 0.7 2.1e-20 1.34e-20 6.68e-21
59.4 0.7 1.82e-20 1.16e-20 5.79e-21
59.5 0.7 1.58e-20 1e-20 5.02e-21
59.6 0.7 1.37e-20 8.7e-21 4.35e-21
59.7 0.7 1.19e-20 7.55e-21 3.77e-21
59.8 0.7 1.03e-20 6.54e-21 3.27e-21
59.9 0.7 8.93e-21 5.67e-21 2.83e-21
60 0.7 7.74e-21 4.92e-21 2.46e-21
60.1 0.7 6.71e-21 4.26e-21 2.13e-21
60.2 0.7 5.82e-21 3.69e-21 1.85e-21
60.3 0.7 5.04e-21 3.2e-21 1.6e-21
60.4 0.7 4.37e-21 2.78e-21 1.39e-21
60.5 0.7 3.79e-21 2.41e-21 1.2e-21
60.6 0.7 3.28e-21 2.09e-21 1.04e-21
60.7 0.7 2.85e-21 1.81e-21 9.03e-22
60.8 0.7 2.47e-21 1.57e-21 7.83e-22
60.9 0.7 2.14e-21 1.36e-21 6.79e-22
61 0.7 1.85e-21 1.18e-21 5.88e-22
61.1 0.7 1.61e-21 1.02e-21 5.1e-22
61.2 0.7 1.39e-21 8.85e-22 4.42e-22
61.3 0.7 1.21e-21 7.67e-22 3.83e-22
61.4 0.7 1.05e-21 6.65e-22 3.32e-22
61.5 0.7 9.08e-22 5.77e-22 2.88e-22
61.6 0.7 7.87e-22 5e-22 2.5e-22
61.7 0.7 6.82e-22 4.33e-22 2.16e-22
61.8 0.7 5.91e-22 3.76e-22 1.88e-22
61.9 0.7 5.13e-22 3.26e-22 1.63e-22
62 0.7 4.44e-22 2.82e-22 1.41e-22
62.1 0.7 3.85e-22 2.45e-22 1.22e-22
62.2 0.7 3.34e-22 2.12e-22 1.06e-22
62.3 0.7 2.9e-22 1.84e-22 9.19e-23
62.4 0.7 2.51e-22 1.59e-22 7.96e-23
62.5 0.7 2.18e-22 1.38e-22 6.9e-23
62.6 0.7 1.89e-22 1.2e-22 5.98e-23
62.7 0.7 1.64e-22 1.04e-22 5.19e-23
62.8 0.7 1.42e-22 9e-23 4.5e-23
62.9 0.7 1.23e-22 7.81e-23 3.9e-23
63 0.7 1.07e-22 6.77e-23 3.38e-23
63.1 0.7 9.23e-23 5.87e-23 2.93e-23
63.2 0.7 8e-23 5.08e-23 2.54e-23
63.3 0.7 6.94e-23 4.41e-23 2.2e-23
63.4 0.7 6.02e-23 3.82e-23 1.91e-23
63.5 0.7 5.21e-23 3.31e-23 1.65e-23
63.6 0.7 4.52e-23 2.87e-23 1.43e-23
63.7 0.7 3.92e-23 2.49e-23 1.24e-23
63.8 0.7 3.4e-23 2.16e-23 1.08e-23
63.9 0.7 2.94e-23 1.87e-23 9.34e-24
64 0.7 2.55e-23 1.62e-23 8.1e-24
64.1 0.7 2.21e-23 1.41e-23 7.02e-24
64.2 0.7 1.92e-23 1.22e-23 6.09e-24
64.3 0.7 1.66e-23 1.06e-23 5.28e-24
64.4 0.7 1.44e-23 9.16e-24 4.57e-24
64.5 0.7 1.25e-23 7.94e-24 3.97e-24
64.6 0.7 1.08e-23 6.88e-24 3.44e-24
64.7 0.7 9.39e-24 5.97e-24 2.98e-24
64.8 0.7 8.14e-24 5.17e-24 2.58e-24
64.9 0.7 7.06e-24 4.48e-24 2.24e-24
65 0.7 6.12e-24 3.89e-24 1.94e-24
65.1 0.7 5.3e-24 3.37e-24 1.68e-24
65.2 0.7 4.6e-24 2.92e-24 1.46e-24
65.3 0.7 3.99e-24 2.53e-24 1.26e-24
65.4 0.7 3.45e-24 2.19e-24 1.1e-24
65.5 0.7 2.99e-24 1.9e-24 9.5e-25
65.6 0.7 2.6e-24 1.65e-24 8.24e-25
65.7 0.7 2.25e-24 1.43e-24 7.14e-25
65.8 0.7 1.95e-24 1.24e-24 6.19e-25
65.9 0.7 1.69e-24 1.07e-24 5.37e-25
66 0.7 1.47e-24 9.31e-25 4.65e-25
66.1 0.7 1.27e-24 8.07e-25 4.03e-25
66.2 0.7 1.1e-24 7e-25 3.5e-25
66.3 0.7 9.55e-25 6.07e-25 3.03e-25
66.4 0.7 8.28e-25 5.26e-25 2.63e-25
66.5 0.7 7.18e-25 4.56e-25 2.28e-25
66.6 0.7 6.22e-25 3.95e-25 1.97e-25
66.7 0.7 5.39e-25 3.43e-25 1.71e-25
66.8 0.7 4.68e-25 2.97e-25 1.48e-25
66.9 0.7 4.05e-25 2.57e-25 1.29e-25
67 0.7 3.51e-25 2.23e-25 1.11e-25
67.1 0.7 3.05e-25 1.93e-25 9.66e-26
67.2 0.7 2.64e-25 1.68e-25 8.38e-26
67.3 0.7 2.29e-25 1.45e-25 7.26e-26
67.4 0.7 1.98e-25 1.26e-25 6.3e-26
67.5 0.7 1.72e-25 1.09e-25 5.46e-26
67.6 0.7 1.49e-25 9.47e-26 4.73e-26
67.7 0.7 1.29e-25 8.21e-26 4.1e-26
67.8 0.7 1.12e-25 7.12e-26 3.56e-26
67.9 0.7 9.71e-26 6.17e-26 3.08e-26
68 0.7 8.42e-26 5.35e-26 2.67e-26
68.1 0.7 7.3e-26 4.64e-26 2.32e-26
68.2 0.7 6.33e-26 4.02e-26 2.01e-26
68.3 0.7 5.49e-26 3.48e-26 1.74e-26
68.4 0.7 4.75e-26 3.02e-26 1.51e-26
68.5 0.7 4.12e-26 2.62e-26 1.31e-26
68.6 0.7 3.57e-26 2.27e-26 1.13e-26
68.7 0.7 3.1e-26 1.97e-26 9.83e-27
68.8 0.7 2.69e-26 1.71e-26 8.52e-27
68.9 0.7 2.33e-26 1.48e-26 7.39e-27
69 0.7 2.02e-26 1.28e-26 6.4e-27
69.1 0.7 1.75e-26 1.11e-26 5.55e-27
69.2 0.7 1.52e-26 9.63e-27 4.81e-27
69.3 0.7 1.31e-26 8.35e-27 4.17e-27
69.4 0.7 1.14e-26 7.24e-27 3.62e-27
69.5 0.7 9.88e-27 6.27e-27 3.13e-27
69.6 0.7 8.56e-27 5.44e-27 2.72e-27
69.7 0.7 7.42e-27 4.72e-27 2.36e-27
69.8 0.7 6.44e-27 4.09e-27 2.04e-27
69.9 0.7 5.58e-27 3.54e-27 1.77e-27
70 0.7 4.84e-27 3.07e-27 1.53e-27
70.1 0.7 4.19e-27 2.66e-27 1.33e-27
70.2 0.7 3.63e-27 2.31e-27 1.15e-27
70.3 0.7 3.15e-27 2e-27 1e-27
70.4 0.7 2.73e-27 1.73e-27 8.67e-28
70.5 0.7 2.37e-27 1.5e-27 7.51e-28
70.6 0.7 2.05e-27 1.3e-27 6.51e-28
70.7 0.7 1.78e-27 1.13e-27 5.64e-28
70.8 0.7 1.54e-27 9.8e-28 4.89e-28
70.9 0.7 1.34e-27 8.49e-28 4.24e-28
71 0.7 1.16e-27 7.36e-28 3.68e-28
71.1 0.7 1e-27 6.38e-28 3.19e-28
71.2 0.7 8.71e-28 5.53e-28 2.76e-28
71.3 0.7 7.55e-28 4.8e-28 2.4e-28
71.4 0.7 6.54e-28 4.16e-28 2.08e-28
71.5 0.7 5.67e-28 3.6e-28 1.8e-28
71.6 0.7 4.92e-28 3.12e-28 1.56e-28
71.7 0.7 4.26e-28 2.71e-28 1.35e-28
71.8 0.7 3.7e-28 2.35e-28 1.17e-28
71.9 0.7 3.2e-28 2.04e-28 1.02e-28
72 0.7 2.78e-28 1.76e-28 8.81e-29
72.1 0.7 2.41e-28 1.53e-28 7.64e-29
72.2 0.7 2.09e-28 1.33e-28 6.62e-29
72.3 0.7 1.81e-28 1.15e-28 5.74e-29
72.4 0.7 1.57e-28 9.96e-29 4.98e-29
72.5 0.7 1.36e-28 8.64e-29 4.31e-29
72.6 0.7 1.18e-28 7.49e-29 3.74e-29
72.7 0.7 1.02e-28 6.49e-29 3.24e-29
72.8 0.7 8.86e-29 5.63e-29 2.81e-29
72.9 0.7 7.68e-29 4.88e-29 2.44e-29
73 0.7 6.66e-29 4.23e-29 2.11e-29
73.1 0.7 5.77e-29 3.67e-29 1.83e-29
73.2 0.7 5e-29 3.18e-29 1.59e-29
73.3 0.7 4.34e-29 2.75e-29 1.38e-29
73.4 0.7 3.76e-29 2.39e-29 1.19e-29
73.5 0.7 3.26e-29 2.07e-29 1.03e-29
73.6 0.7 2.82e-29 1.79e-29 8.96e-30
73.7 0.7 2.45e-29 1.56e-29 7.77e-30
73.8 0.7 2.12e-29 1.35e-29 6.74e-30
73.9 0.7 1.84e-29 1.17e-29 5.84e-30
74 0.7 1.6e-29 1.01e-29 5.06e-30
74.1 0.7 1.38e-29 8.78e-30 4.39e-30
74.2 0.7 1.2e-29 7.61e-30 3.8e-30
74.3 0.7 1.04e-29 6.6e-30 3.3e-30
74.4 0.7 9.01e-30 5.72e-30 2.86e-30
74.5 0.7 7.81e-30 4.96e-30 2.48e-30
74.6 0.7 6.77e-30 4.3e-30 2.15e-30
74.7 0.7 5.87e-30 3.73e-30 1.86e-30
74.8 0.7 5.09e-30 3.23e-30 1.61e-30
74.9 0.7 4.41e-30 2.8e-30 1.4e-30
75 0.7 3.82e-30 2.43e-30 1.21e-30
75.1 0.7 3.31e-30 2.1e-30 1.05e-30
75.2 0.7 2.87e-30 1.82e-30 9.12e-31
75.3 0.7 2.49e-30 1.58e-30 7.9e-31
75.4 0.7 2.16e-30 1.37e-30 6.85e-31
75.5 0.7 1.87e-30 1.19e-30 5.94e-31
75.6 0.7 1.62e-30 1.03e-30 5.15e-31
75.7 0.7 1.41e-30 8.93e-31 4.46e-31
75.8 0.7 1.22e-30 7.74e-31 3.87e-31
75.9 0.7 1.06e-30 6.71e-31 3.35e-31
76 0.7 9.16e-31 5.82e-31 2.91e-31
76.1 0.7 7.94e-31 5.04e-31 2.52e-31
76.2 0.7 6.88e-31 4.37e-31 2.18e-31
76.3 0.7 5.97e-31 3.79e-31 1.89e-31
76.4 0.7 5.17e-31 3.29e-31 1.64e-31
76.5 0.7 4.48e-31 2.85e-31 1.42e-31
76.6 0.7 3.89e-31 2.47e-31 1.23e-31
76.7 0.7 3.37e-31 2.14e-31 1.07e-31
76.8 0.7 2.92e-31 1.86e-31 9.27e-32
76.9 0.7 2.53e-31 1.61e-31 8.04e-32
77 0.7 2.2e-31 1.39e-31 6.97e-32
77.1 0.7 1.9e-31 1.21e-31 6.04e-32
77.2 0.7 1.65e-31 1.05e-31 5.24e-32
77.3 0.7 1.43e-31 9.08e-32 4.54e-32
77.4 0.7 1.24e-31 7.88e-32 3.93e-32
77.5 0.7 1.07e-31 6.83e-32 3.41e-32
77.6 0.7 9.32e-32 5.92e-32 2.96e-32
77.7 0.7 8.08e-32 5.13e-32 2.56e-32
77.8 0.7 7e-32 4.45e-32 2.22e-32
77.9 0.7 6.07e-32 3.86e-32 1.93e-32
78 0.7 5.26e-32 3.34e-32 1.67e-32
78.1 0.7 4.56e-32 2.9e-32 1.45e-32
78.2 0.7 3.95e-32 2.51e-32 1.25e-32
78.3 0.7 3.43e-32 2.18e-32 1.09e-32
78.4 0.7 2.97e-32 1.89e-32 9.43e-33
78.5 0.7 2.58e-32 1.64e-32 8.17e-33
78.6 0.7 2.23e-32 1.42e-32 7.08e-33
78.7 0.7 1.94e-32 1.23e-32 6.14e-33
78.8 0.7 1.68e-32 1.07e-32 5.32e-33
78.9 0.7 1.45e-32 9.24e-33 4.62e-33
79 0.7 1.26e-32 8.01e-33 4e-33
79.1 0.7 1.09e-32 6.94e-33 3.47e-33
79.2 0.7 9.48e-33 6.02e-33 3.01e-33
79.3 0.7 8.21e-33 5.22e-33 2.61e-33
79.4 0.7 7.12e-33 4.52e-33 2.26e-33
79.5 0.7 6.17e-33 3.92e-33 1.96e-33
79.6 0.7 5.35e-33 3.4e-33 1.7e-33
79.7 0.7 4.64e-33 2.95e-33 1.47e-33
79.8 0.7 4.02e-33 2.55e-33 1.28e-33
79.9 0.7 3.49e-33 2.21e-33 1.11e-33
80 0.7 3.02e-33 1.92e-33 9.59e-34
80.1 0.7 2.62e-33 1.66e-33 8.31e-34
80.2 0.7 2.27e-33 1.44e-33 7.21e-34
80.3 0.7 1.97e-33 1.25e-33 6.25e-34
80.4 0.7 1.71e-33 1.08e-33 5.41e-34
80.5 0.7 1.48e-33 9.4e-34 4.69e-34
80.6 0.7 1.28e-33 8.15e-34 4.07e-34
80.7 0.7 1.11e-33 7.06e-34 3.53e-34
80.8 0.7 9.64e-34 6.12e-34 3.06e-34
80.9 0.7 8.35e-34 5.31e-34 2.65e-34
81 0.7 7.24e-34 4.6e-34 2.3e-34
81.1 0.7 6.28e-34 3.99e-34 1.99e-34
81.2 0.7 5.44e-34 3.46e-34 1.73e-34
81.3 0.7 4.72e-34 3e-34 1.5e-34
81.4 0.7 4.09e-34 2.6e-34 1.3e-34
81.5 0.7 3.55e-34 2.25e-34 1.12e-34
81.6 0.7 3.07e-34 1.95e-34 9.75e-35
81.7 0.7 2.66e-34 1.69e-34 8.45e-35
81.8 0.7 2.31e-34 1.47e-34 7.33e-35
81.9 0.7 2e-34 1.27e-34 6.35e-35
82 0.7 1.74e-34 1.1e-34 5.51e-35
82.1 0.7 1.5e-34 9.56e-35 4.77e-35
82.2 0.7 1.3e-34 8.28e-35 4.14e-35
82.3 0.7 1.13e-34 7.18e-35 3.59e-35
82.4 0.7 9.8e-35 6.23e-35 3.11e-35
82.5 0.7 8.5e-35 5.4e-35 2.7e-35
82.6 0.7 7.36e-35 4.68e-35 2.34e-35
82.7 0.7 6.38e-35 4.06e-35 2.03e-35
82.8 0.7 5.53e-35 3.52e-35 1.76e-35
82.9 0.7 4.8e-35 3.05e-35 1.52e-35
83 0.7 4.16e-35 2.64e-35 1.32e-35
83.1 0.7 3.61e-35 2.29e-35 1.14e-35
83.2 0.7 3.13e-35 1.99e-35 9.92e-36
83.3 0.7 2.71e-35 1.72e-35 8.6e-36
83.4 0.7 2.35e-35 1.49e-35 7.45e-36
83.5 0.7 2.04e-35 1.29e-35 6.46e-36
83.6 0.7 1.76e-35 1.12e-35 5.6e-36
83.7 0.7 1.53e-35 9.72e-36 4.85e-36
83.8 0.7 1.33e-35 8.43e-36 4.21e-36
83.9 0.7 1.15e-35 7.3e-36 3.65e-36
84 0.7 9.97e-36 6.33e-36 3.16e-36
84.1 0.7 8.64e-36 5.49e-36 2.74e-36
84.2 0.7 7.49e-36 4.76e-36 2.38e-36
84.3 0.7 6.49e-36 4.12e-36 2.06e-36
84.4 0.7 5.63e-36 3.58e-36 1.79e-36
84.5 0.7 4.88e-36 3.1e-36 1.55e-36
84.6 0.7 4.23e-36 2.69e-36 1.34e-36
84.7 0.7 3.67e-36 2.33e-36 1.16e-36
84.8 0.7 3.18e-36 2.02e-36 1.01e-36
84.9 0.7 2.76e-36 1.75e-36 8.74e-37
85 0.7 2.39e-36 1.52e-36 7.58e-37
85.1 0.7 2.07e-36 1.32e-36 6.57e-37
85.2 0.7 1.8e-36 1.14e-36 5.7e-37
85.3 0.7 1.56e-36 9.88e-37 4.94e-37
85.4 0.7 1.35e-36 8.57e-37 4.28e-37
85.5 0.7 1.17e-36 7.43e-37 3.71e-37
85.6 0.7 1.01e-36 6.44e-37 3.22e-37
85.7 0.7 8.79e-37 5.58e-37 2.79e-37
85.8 0.7 7.62e-37 4.84e-37 2.42e-37
85.9 0.7 6.6e-37 4.19e-37 2.1e-37
86 0.7 5.72e-37 3.64e-37 1.82e-37
86.1 0.7 4.96e-37 3.15e-37 1.57e-37
86.2 0.7 4.3e-37 2.73e-37 1.37e-37
86.3 0.7 3.73e-37 2.37e-37 1.18e-37
86.4 0.7 3.23e-37 2.05e-37 1.03e-37
86.5 0.7 2.8e-37 1.78e-37 8.89e-38
86.6 0.7 2.43e-37 1.54e-37 7.71e-38
86.7 0.7 2.11e-37 1.34e-37 6.68e-38
86.8 0.7 1.83e-37 1.16e-37 5.79e-38
86.9 0.7 1.58e-37 1.01e-37 5.02e-38
87 0.7 1.37e-37 8.71e-38 4.35e-38
87.1 0.7 1.19e-37 7.55e-38 3.77e-38
87.2 0.7 1.03e-37 6.55e-38 3.27e-38
87.3 0.7 8.94e-38 5.68e-38 2.84e-38
87.4 0.7 7.75e-38 4.92e-38 2.46e-38
87.5 0.7 6.72e-38 4.27e-38 2.13e-38
87.6 0.7 5.82e-38 3.7e-38 1.85e-38
87.7 0.7 5.05e-38 3.21e-38 1.6e-38
87.8 0.7 4.37e-38 2.78e-38 1.39e-38
87.9 0.7 3.79e-38 2.41e-38 1.2e-38
88 0.7 3.29e-38 2.09e-38 1.04e-38
88.1 0.7 2.85e-38 1.81e-38 9.04e-39
88.2 0.7 2.47e-38 1.57e-38 7.84e-39
88.3 0.7 2.14e-38 1.36e-38 6.8e-39
88.4 0.7 1.86e-38 1.18e-38 5.89e-39
88.5 0.7 1.61e-38 1.02e-38 5.11e-39
88.6 0.7 1.4e-38 8.86e-39 4.43e-39
88.7 0.7 1.21e-38 7.68e-39 3.84e-39
88.8 0.7 1.05e-38 6.66e-39 3.33e-39
88.9 0.7 9.09e-39 5.77e-39 2.88e-39
89 0.7 7.88e-39 5e-39 2.5e-39
89.1 0.7 6.83e-39 4.34e-39 2.17e-39
89.2 0.7 5.92e-39 3.76e-39 1.88e-39
89.3 0.7 5.13e-39 3.26e-39 1.63e-39
89.4 0.7 4.45e-39 2.83e-39 1.41e-39
89.5 0.7 3.86e-39 2.45e-39 1.22e-39
89.6 0.7 3.34e-39 2.12e-39 1.06e-39
89.7 0.7 2.9e-39 1.84e-39 9.2e-40
89.8 0.7 2.51e-39 1.6e-39 7.97e-40
89.9 0.7 2.18e-39 1.38e-39 6.91e-40
90 0.7 1.89e-39 1.2e-39 5.99e-40
90.1 0.7 1.64e-39 1.04e-39 5.19e-40
90.2 0.7 1.42e-39 9.01e-40 4.5e-40
90.3 0.7 1.23e-39 7.81e-40 3.9e-40
90.4 0.7 1.07e-39 6.77e-40 3.38e-40
90.5 0.7 9.24e-40 5.87e-40 2.93e-40
90.6 0.7 8.01e-40 5.09e-40 2.54e-40
90.7 0.7 6.95e-40 4.41e-40 2.2e-40
90.8 0.7 6.02e-40 3.83e-40 1.91e-40
90.9 0.7 5.22e-40 3.32e-40 1.66e-40
91 0.7 4.53e-40 2.87e-40 1.44e-40
91.1 0.7 3.92e-40 2.49e-40 1.24e-40
91.2 0.7 3.4e-40 2.16e-40 1.08e-40
91.3 0.7 2.95e-40 1.87e-40 9.35e-41
91.4 0.7 2.56e-40 1.62e-40 8.11e-41
91.5 0.7 2.22e-40 1.41e-40 7.03e-41
91.6 0.7 1.92e-40 1.22e-40 6.09e-41
91.7 0.7 1.66e-40 1.06e-40 5.28e-41
91.8 0.7 1.44e-40 9.17e-41 4.58e-41
91.9 0.7 1.25e-40 7.95e-41 3.97e-41
92 0.7 1.08e-40 6.89e-41 3.44e-41
92.1 0.7 9.4e-41 5.97e-41 2.98e-41
92.2 0.7 8.15e-41 5.18e-41 2.59e-41
92.3 0.7 7.06e-41 4.49e-41 2.24e-41
92.4 0.7 6.12e-41 3.89e-41 1.94e-41
92.5 0.7 5.31e-41 3.37e-41 1.68e-41
92.6 0.7 4.6e-41 2.92e-41 1.46e-41
92.7 0.7 3.99e-41 2.53e-41 1.27e-41
92.8 0.7 3.46e-41 2.2e-41 1.1e-41
92.9 0.7 3e-41 1.9e-41 9.51e-42
93 0.7 2.6e-41 1.65e-41 8.25e-42
93.1 0.7 2.25e-41 1.43e-41 7.15e-42
93.2 0.7 1.95e-41 1.24e-41 6.2e-42
93.3 0.7 1.69e-41 1.08e-41 5.37e-42
93.4 0.7 1.47e-41 9.32e-42 4.66e-42
93.5 0.7 1.27e-41 8.08e-42 4.04e-42
93.6 0.7 1.1e-41 7.01e-42 3.5e-42
93.7 0.7 9.56e-42 6.07e-42 3.03e-42
93.8 0.7 8.29e-42 5.26e-42 2.63e-42
93.9 0.7 7.18e-42 4.56e-42 2.28e-42
94 0.7 6.23e-42 3.96e-42 1.98e-42
94.1 0.7 5.4e-42 3.43e-42 1.71e-42
94.2 0.7 4.68e-42 2.97e-42 1.49e-42
94.3 0.7 4.06e-42 2.58e-42 1.29e-42
94.4 0.7 3.52e-42 2.23e-42 1.12e-42
94.5 0.7 3.05e-42 1.94e-42 9.67e-43
94.6 0.7 2.64e-42 1.68e-42 8.39e-43
94.7 0.7 2.29e-42 1.46e-42 7.27e-43
94.8 0.7 1.99e-42 1.26e-42 6.3e-43
94.9 0.7 1.72e-42 1.09e-42 5.46e-43
95 0.7 1.49e-42 9.48e-43 4.74e-43
95.1 0.7 1.29e-42 8.22e-43 4.11e-43
95.2 0.7 1.12e-42 7.13e-43 3.56e-43
95.3 0.7 9.72e-43 6.18e-43 3.09e-43
95.4 0.7 8.43e-43 5.35e-43 2.67e-43
95.5 0.7 7.31e-43 4.64e-43 2.32e-43
95.6 0.7 6.33e-43 4.02e-43 2.01e-43
95.7 0.7 5.49e-43 3.49e-43 1.74e-43
95.8 0.7 4.76e-43 3.02e-43 1.51e-43
95.9 0.7 4.13e-43 2.62e-43 1.31e-43
96 0.7 3.58e-43 2.27e-43 1.14e-43
96.1 0.7 3.1e-43 1.97e-43 9.84e-44
96.2 0.7 2.69e-43 1.71e-43 8.53e-44
96.3 0.7 2.33e-43 1.48e-43 7.39e-44
96.4 0.7 2.02e-43 1.28e-43 6.41e-44
96.5 0.7 1.75e-43 1.11e-43 5.56e-44
96.6 0.7 1.52e-43 9.64e-44 4.82e-44
96.7 0.7 1.32e-43 8.36e-44 4.18e-44
96.8 0.7 1.14e-43 7.25e-44 3.62e-44
96.9 0.7 9.89e-44 6.28e-44 3.14e-44
97 0.7 8.57e-44 5.45e-44 2.72e-44
97.1 0.7 7.43e-44 4.72e-44 2.36e-44
97.2 0.7 6.44e-44 4.09e-44 2.04e-44
97.3 0.7 5.58e-44 3.55e-44 1.77e-44
97.4 0.7 4.84e-44 3.08e-44 1.54e-44
97.5 0.7 4.2e-44 2.67e-44 1.33e-44
97.6 0.7 3.64e-44 2.31e-44 1.15e-44
97.7 0.7 3.15e-44 2e-44 1e-44
97.8 0.7 2.73e-44 1.74e-44 8.67e-45
97.9 0.7 2.37e-44 1.51e-44 7.52e-45
98 0.7 2.05e-44 1.3e-44 6.52e-45
98.1 0.7 1.78e-44 1.13e-44 5.65e-45
98.2 0.7 1.54e-44 9.81e-45 4.9e-45
98.3 0.7 1.34e-44 8.5e-45 4.25e-45
98.4 0.7 1.16e-44 7.37e-45 3.68e-45
98.5 0.7 1.01e-44 6.39e-45 3.19e-45
98.6 0.7 8.72e-45 5.54e-45 2.77e-45
98.7 0.7 7.56e-45 4.8e-45 2.4e-45
98.8 0.7 6.55e-45 4.16e-45 2.08e-45
98.9 0.7 5.68e-45 3.61e-45 1.8e-45
99 0.7 4.92e-45 3.13e-45 1.56e-45
99.1 0.7 4.27e-45 2.71e-45 1.35e-45
99.2 0.7 3.7e-45 2.35e-45 1.17e-45
99.3 0.7 3.21e-45 2.04e-45 1.02e-45
99.4 0.7 2.78e-45 1.77e-45 8.82e-46
99.5 0.7 2.41e-45 1.53e-45 7.65e-46
99.6 0.7 2.09e-45 1.33e-45 6.63e-46
99.7 0.7 1.81e-45 1.15e-45 5.75e-46
99.8 0.7 1.57e-45 9.97e-46 4.98e-46
99.9 0.7 1.36e-45 8.65e-46 4.32e-46
