-25 16 0.294 0 0
-24.9 16 0.296 0 0
-24.8 16 0.297 0 0
-24.7 16 0.298 0 0
-24.6 16 0.3 7.5e-09 2.5e-09
-24.5 16 0.301 0 0
-24.4 16 0.302 2.5e-09 7.5e-09
-24.3 16 0.303 0 0
-24.2 16 0.305 0 0
-24.1 16 0.306 0 0
-24 16 0.307 0 0
-23.9 16 0.309 0 0
-23.8 16 0.31 0 0
-23.7 16 0.311 5e-09 5e-09
-23.6 16 0.312 0 0
-23.5 16 0.314 0 0
-23.4 16 0.315 0 0
-23.3 16 0.316 0 0
-23.2 16 0.318 0 0
-23.1 16 0.319 2.5e-09 7.5e-09
-23 16 0.32 2.5e-09 7.5e-09
-22.9 16 0.322 0 0
-22.8 16 0.323 0 0
-22.7 16 0.324 0 0
-22.6 16 0.326 0 0
-22.5 16 0.327 0 0
-22.4 16 0.328 0 0
-22.3 16 0.33 5e-09 5e-09
-22.2 16 0.331 0 0
-22.1 16 0.332 0 0
-22 16 0.334 2.5e-09 7.5e-09
-21.9 16 0.335 0 0
-21.8 16 0.336 2.5e-09 7.5e-09
-21.7 16 0.338 0 0
-21.6 16 0.339 0 0
-21.5 16 0.34 0 0
-21.4 16 0.342 0 0
-21.3 16 0.343 0 0
-21.2 16 0.344 0 0
-21.1 16 0.346 0 0
-21 16 0.347 0 0
-20.9 16 0.349 0 0
-20.8 16 0.35 0 0
-20.7 16 0.351 2.5e-09 7.5e-09
-20.6 16 0.353 0 0
-20.5 16 0.354 0 0
-20.4 16 0.355 0 0
-20.3 16 0.357 0 0
-20.2 16 0.358 0 0
-20.1 16 0.36 2.5e-09 7.5e-09
-20 16 0.361 0 0
-19.9 16 0.362 0 0
-19.8 16 0.364 2.5e-09 7.5e-09
-19.7 16 0.365 0 0
-19.6 16 0.366 0 0
-19.5 16 0.368 2.5e-09 7.5e-09
-19.4 16 0.369 0 0
-19.3 16 0.371 0 0
-19.2 16 0.372 2.5e-09 7.5e-09
-19.1 16 0.373 0 0
-19 16 0.375 2.5e-09 7.5e-09
-18.9 16 0.376 2.5e-09 7.5e-09
-18.8 16 0.378 0 0
-18.7 16 0.379 0 0
-18.6 16 0.38 2.5e-09 7.5e-09
-18.5 16 0.382 0 0
-18.4 16 0.383 0 0
-18.3 16 0.385 0 0
-18.2 16 0.386 0 0
-18.1 16 0.387 0 0
-18 16 0.389 0 0
-17.9 16 0.39 0 0
-17.8 16 0.392 0 0
-17.7 16 0.393 2.5e-09 7.5e-09
-17.6 16 0.394 2.5e-09 7.5e-09
-17.5 16 0.396 0 0
-17.4 16 0.397 0 0
-17.3 16 0.399 2.5e-09 7.5e-09
-17.2 16 0.4 0 0
-17.1 16 0.402 0 0
-17 16 0.403 2.5e-09 7.5e-09
-16.9 16 0.404 0 0
-16.8 16 0.406 0 0
-16.7 16 0.407 0 0
-16.6 16 0.409 0 0
-16.5 16 0.41 0 0
-16.4 16 0.411 0 0
-16.3 16 0.413 2.5e-09 7.5e-09
-16.2 16 0.414 0 0
-16.1 16 0.416 0 0
-16 16 0.417 0 0
-15.9 16 0.419 0 0
-15.8 16 0.42 0 0
-15.7 16 0.421 0 0
-15.6 16 0.423 2.5e-09 7.5e-09
-15.5 16 0.424 0 0
-15.4 16 0.426 0 0
-15.3 16 0.427 0 0
-15.2 16 0.428 0 0
-15.1 16 0.43 0 0
-15 16 0.431 0 0
-14.9 16 0.433 0 0
-14.8 16 0.434 7.5e-09 2.5e-09
-14.7 16 0.436 0 0
-14.6 16 0.437 2.5e-09 7.5e-09
-14.5 16 0.438 1e-08 2e-08
-14.4 16 0.44 0 0
-14.3 16 0.441 5e-09 5e-09
-14.2 16 0.443 0 0
-14.1 16 0.444 0 0
-14 16 0.446 2.5e-09 7.5e-09
-13.9 16 0.447 0 0
-13.8 16 0.448 2.5e-09 7.5e-09
-13.7 16 0.45 0 0
-13.6 16 0.451 2.5e-09 7.5e-09
-13.5 16 0.453 2.5e-09 7.5e-09
-13.4 16 0.454 0 0
-13.3 16 0.455 0 0
-13.2 16 0.457 0 0
-13.1 16 0.458 0 0
-13 16 0.46 2.5e-09 7.5e-09
-12.9 16 0.461 0 0
-12.8 16 0.462 0 0
-12.7 16 0.464 2.5e-09 7.5e-09
-12.6 16 0.465 0 0
-12.5 16 0.467 2.5e-09 7.5e-09
-12.4 16 0.468 2.5e-09 7.5e-09
-12.3 16 0.469 2.5e-09 7.5e-09
-12.2 16 0.471 7.5e-09 2.5e-09
-12.1 16 0.472 2.5e-09 7.5e-09
-12 16 0.474 0 0
-11.9 16 0.475 0 0
-11.8 16 0.476 2.5e-09 7.5e-09
-11.7 16 0.478 0 0
-11.6 16 0.479 2.5e-09 7.5e-09
-11.5 16 0.481 0 0
-11.4 16 0.482 0 0
-11.3 16 0.483 0 0
-11.2 16 0.485 2.5e-09 7.5e-09
-11.1 16 0.486 0 0
-11 16 0.488 0 0
-10.9 16 0.489 0 0
-10.8 16 0.49 5e-09 5e-09
-10.7 16 0.492 2.5e-09 7.5e-09
-10.6 16 0.493 0 0
-10.5 16 0.494 0 0
-10.4 16 0.496 2.5e-09 7.5e-09
-10.3 16 0.497 0 0
-10.2 16 0.499 2.5e-09 7.5e-09
-10.1 16 0.5 0 0
-10 16 0.501 7.5e-09 2.5e-09
-9.9 16 0.503 0 0
-9.8 16 0.504 0 0
-9.7 16 0.505 0 0
-9.6 16 0.507 0 0
-9.5 16 0.508 0 0
-9.4 16 0.509 2.5e-09 7.5e-09
-9.3 16 0.511 0 0
-9.2 16 0.512 0 0
-9.1 16 0.513 2.5e-09 7.5e-09
-9 16 0.515 2.5e-09 7.5e-09
-8.9 16 0.516 2.5e-09 7.5e-09
-8.8 16 0.517 2.5e-09 7.5e-09
-8.7 16 0.519 0 0
-8.6 16 0.52 2.5e-09 7.5e-09
-8.5 16 0.521 0 0
-8.4 16 0.523 0 0
-8.3 16 0.524 0 0
-8.2 16 0.525 0 0
-8.1 16 0.527 2.5e-09 7.5e-09
-8 16 0.528 2.5e-09 7.5e-09
-7.9 16 0.529 0 0
-7.8 16 0.531 0 0
-7.7 16 0.532 0 0
-7.6 16 0.533 2.5e-09 7.5e-09
-7.5 16 0.534 5e-09 5e-09
-7.4 16 0.536 2.5e-09 7.5e-09
-7.3 16 0.537 0 0
-7.2 16 0.538 0 0
-7.1 16 0.54 0 0
-7 16 0.541 0 0
-6.9 16 0.542 2.5e-09 7.5e-09
-6.8 16 0.543 2.5e-09 7.5e-09
-6.7 16 0.545 0 0
-6.6 16 0.546 0 0
-6.5 16 0.547 0 0
-6.4 16 0.548 0 0
-6.3 16 0.55 0 0
-6.2 16 0.551 0 0
-6.1 16 0.552 0 0
-6 16 0.553 2.5e-09 7.5e-09
-5.9 16 0.555 0 0
-5.8 16 0.556 0 0
-5.7 16 0.557 0 0
-5.6 16 0.558 0 0
-5.5 16 0.56 0 0
-5.4 16 0.561 0 0
-5.3 16 0.562 0 0
-5.2 16 0.563 2.5e-09 7.5e-09
-5.1 16 0.564 5e-09 5e-09
-5 16 0.566 0 0
-4.9 16 0.567 0 0
-4.8 16 0.568 0 0
-4.7 16 0.569 0 0
-4.6 16 0.57 2.5e-09 7.5e-09
-4.5 16 0.572 5e-09 5e-09
-4.4 16 0.573 0 0
-4.3 16 0.574 0 0
-4.2 16 0.575 0 0
-4.1 16 0.576 0 0
-4 16 0.577 0 0
-3.9 16 0.578 0 0
-3.8 16 0.58 0 0
-3.7 16 0.581 0 0
-3.6 16 0.582 0 0
-3.5 16 0.583 0 0
-3.4 16 0.584 0 0
-3.3 16 0.585 0 0
-3.2 16 0.586 0 0
-3.1 16 0.587 0 0
-3 16 0.589 0 0
-2.9 16 0.59 2.5e-09 7.5e-09
-2.8 16 0.591 0 0
-2.7 16 0.592 0 0
-2.6 16 0.593 2.5e-09 7.5e-09
-2.5 16 0.594 0 0
-2.4 16 0.595 0 0
-2.3 16 0.596 0 0
-2.2 16 0.597 0 0
-2.1 16 0.598 0 0
-2 16 0.599 0 0
-1.9 16 0.6 0 0
-1.8 16 0.601 0 0
-1.7 16 0.602 0 0
-1.6 16 0.603 0 0
-1.5 16 0.604 0 0
-1.4 16 0.605 0 0
-1.3 16 0.606 0 0
-1.2 16 0.607 0 0
-1.1 16 0.608 0 0
-1 16 0.609 0 0
-0.9 16 0.61 5e-09 5e-09
-0.8 16 0.611 0 0
-0.7 16 0.612 2.5e-09 7.5e-09
-0.6 16 0.613 0 0
-0.5 16 0.614 0 0
-0.4 16 0.615 0 0
-0.3 16 0.616 2.5e-09 7.5e-09
-0.2 16 0.617 0 0
-0.1 16 0.618 0 0
2.66e-14 16 0.619 0 0
0.1 16 0.62 0 0
0.2 16 0.621 0 0
0.3 16 0.622 0 0
0.4 16 0.623 0 0
0.5 16 0.623 0 0
0.6 16 0.624 0 0
0.7 16 0.625 5e-09 5e-09
0.8 16 0.626 0 0
0.9 16 0.627 7.5e-09 2.5e-09
1 16 0.628 0 0
1.1 16 0.629 0 0
1.2 16 0.63 7.5e-09 2.5e-09
1.3 16 0.63 0 0
1.4 16 0.631 0 0
1.5 16 0.632 0 0
1.6 16 0.633 7.5e-09 2.5e-09
1.7 16 0.634 0 0
1.8 16 0.634 7.5e-09 2.5e-09
1.9 16 0.635 0 0
2 16 0.636 7.5e-09 2.5e-09
2.1 16 0.637 0 0
2.2 16 0.638 0 0
2.3 16 0.638 0 0
2.4 16 0.639 0 0
2.5 16 0.64 7.5e-09 2.5e-09
2.6 16 0.641 0 0
2.7 16 0.641 7.5e-09 2.5e-09
2.8 16 0.642 0 0
2.9 16 0.643 0 0
3 16 0.644 7.5e-09 2.5e-09
3.1 16 0.644 0 0
3.2 16 0.645 7.5e-09 2.5e-09
3.3 16 0.646 0 0
3.4 16 0.646 7.5e-09 2.5e-09
3.5 16 0.647 0 0
3.6 16 0.648 0 0
3.7 16 0.649 0 0
3.8 16 0.649 0 0
3.9 16 0.65 0 0
4 16 0.65 0 0
4.1 16 0.651 0 0
4.2 16 0.652 7.5e-09 2.5e-09
4.3 16 0.652 0 0
4.4 16 0.653 7.5e-09 2.5e-09
4.5 16 0.654 7.5e-09 2.5e-09
4.6 16 0.654 0 0
4.7 16 0.655 0 0
4.8 16 0.655 7.5e-09 2.5e-09
4.9 16 0.656 7.5e-09 2.5e-09
5 16 0.657 0 0
5.1 16 0.657 0 0
5.2 16 0.658 0 0
5.3 16 0.658 7.5e-09 2.5e-09
5.4 16 0.659 7.5e-09 2.5e-09
5.5 16 0.659 0 0
5.6 16 0.66 7.5e-09 2.5e-09
5.7 16 0.66 0 0
5.8 16 0.661 0 0
5.9 16 0.661 0 0
6 16 0.662 0 0
6.1 16 0.662 7.5e-09 2.5e-09
6.2 16 0.663 7.5e-09 2.5e-09
6.3 16 0.663 0 0
6.4 16 0.664 0 0
6.5 16 0.664 0 0
6.6 16 0.665 0 0
6.7 16 0.665 7.5e-09 2.5e-09
6.8 16 0.666 0 0
6.9 16 0.666 0 0
7 16 0.666 0 0
7.1 16 0.667 7.5e-09 2.5e-09
7.2 16 0.667 0 0
7.3 16 0.668 0 0
7.4 16 0.668 7.5e-09 2.5e-09
7.5 16 0.668 7.5e-09 2.5e-09
7.6 16 0.669 0 0
7.7 16 0.669 7.5e-09 2.5e-09
7.8 16 0.669 0 0
7.9 16 0.67 0 0
8 16 0.67 7.5e-09 2.5e-09
8.1 16 0.67 0 0
8.2 16 0.671 7.5e-09 2.5e-09
8.3 16 0.671 7.5e-09 2.5e-09
8.4 16 0.671 7.5e-09 2.5e-09
8.5 16 0.672 0 0
8.6 16 0.672 0 0
8.7 16 0.672 7.5e-09 2.5e-09
8.8 16 0.673 7.5e-09 2.5e-09
8.9 16 0.673 7.5e-09 2.5e-09
9 16 0.673 7.5e-09 2.5e-09
9.1 16 0.673 7.5e-09 2.5e-09
9.2 16 0.674 0 0
9.3 16 0.674 7.5e-09 2.5e-09
9.4 16 0.674 7.5e-09 2.5e-09
9.5 16 0.674 7.5e-09 2.5e-09
9.6 16 0.674 0 0
9.7 16 0.675 0 0
9.8 16 0.675 7.5e-09 2.5e-09
9.9 16 0.675 0 0
10 16 0.675 7.5e-09 2.5e-09
10.1 16 0.675 0 0
10.2 16 0.675 7.5e-09 2.5e-09
10.3 16 0.676 7.5e-09 2.5e-09
10.4 16 0.676 7.5e-09 2.5e-09
10.5 16 0.676 0 0
10.6 16 0.676 7.5e-09 2.5e-09
10.7 16 0.676 7.5e-09 2.5e-09
10.8 16 0.676 0 0
10.9 16 0.676 7.5e-09 2.5e-09
11 16 0.676 0 0
11.1 16 0.676 0 0
11.2 16 0.677 7.5e-09 2.5e-09
11.3 16 0.677 0 0
11.4 16 0.677 7.5e-09 2.5e-09
11.5 16 0.677 0 0
11.6 16 0.677 7.5e-09 2.5e-09
11.7 16 0.677 0 0
11.8 16 0.677 7.5e-09 2.5e-09
11.9 16 0.677 0 0
12 16 0.677 0 0
12.1 16 0.677 0 0
12.2 16 0.677 7.5e-09 2.5e-09
12.3 16 0.677 0 0
12.4 16 0.677 7.5e-09 2.5e-09
12.5 16 0.677 0 0
12.6 16 0.677 7.5e-09 2.5e-09
12.7 16 0.677 0 0
12.8 16 0.677 7.5e-09 2.5e-09
12.9 16 0.676 0 0
13 16 0.676 0 0
13.1 16 0.676 7.5e-09 2.5e-09
13.2 16 0.676 0 0
13.3 16 0.676 7.5e-09 2.5e-09
13.4 16 0.676 7.5e-09 2.5e-09
13.5 16 0.676 0 0
13.6 16 0.676 7.5e-09 2.5e-09
13.7 16 0.676 7.5e-09 2.5e-09
13.8 16 0.675 7.5e-09 2.5e-09
13.9 16 0.675 0 0
14 16 0.675 7.5e-09 2.5e-09
14.1 16 0.675 0 0
14.2 16 0.675 7.5e-09 2.5e-09
14.3 16 0.675 0 0
14.4 16 0.674 0 0
14.5 16 0.674 7.5e-09 2.5e-09
14.6 16 0.674 7.5e-09 2.5e-09
14.7 16 0.674 7.5e-09 2.5e-09
14.8 16 0.674 0 0
14.9 16 0.673 7.5e-09 2.5e-09
15 16 0.673 7.5e-09 2.5e-09
15.1 16 0.673 7.5e-09 2.5e-09
15.2 16 0.673 7.5e-09 2.5e-09
15.3 16 0.672 7.5e-09 2.5e-09
15.4 16 0.672 0 0
15.5 16 0.672 0 0
15.6 16 0.671 7.5e-09 2.5e-09
15.7 16 0.671 7.5e-09 2.5e-09
15.8 16 0.671 7.5e-09 2.5e-09
15.9 16 0.67 0 0
16 16 0.67 7.5e-09 2.5e-09
16.1 16 0.67 0 0
16.2 16 0.669 0 0
16.3 16 0.669 7.5e-09 2.5e-09
16.4 16 0.669 0 0
16.5 16 0.668 7.5e-09 2.5e-09
16.6 16 0.668 7.5e-09 2.5e-09
16.7 16 0.668 0 0
16.8 16 0.667 0 0
16.9 16 0.667 7.5e-09 2.5e-09
17 16 0.666 0 0
17.1 16 0.666 0 0
17.2 16 0.666 0 0
17.3 16 0.665 7.5e-09 2.5e-09
17.4 16 0.665 0 0
17.5 16 0.664 0 0
17.6 16 0.664 0 0
17.7 16 0.663 0 0
17.8 16 0.663 7.5e-09 2.5e-09
17.9 16 0.662 7.5e-09 2.5e-09
18 16 0.662 0 0
18.1 16 0.661 0 0
18.2 16 0.661 0 0
18.3 16 0.66 0 0
18.4 16 0.66 7.5e-09 2.5e-09
18.5 16 0.659 0 0
18.6 16 0.659 7.5e-09 2.5e-09
18.7 16 0.658 7.5e-09 2.5e-09
18.8 16 0.658 0 0
18.9 16 0.657 0 0
19 16 0.657 0 0
19.1 16 0.656 7.5e-09 2.5e-09
19.2 16 0.655 7.5e-09 2.5e-09
19.3 16 0.655 0 0
19.4 16 0.654 0 0
19.5 16 0.654 7.5e-09 2.5e-09
19.6 16 0.653 7.5e-09 2.5e-09
19.7 16 0.652 0 0
19.8 16 0.652 7.5e-09 2.5e-09
19.9 16 0.651 0 0
20 16 0.65 0 0
20.1 16 0.65 0 0
20.2 16 0.649 0 0
20.3 16 0.649 0 0
20.4 16 0.648 0 0
20.5 16 0.647 0 0
20.6 16 0.646 7.5e-09 2.5e-09
20.7 16 0.646 0 0
20.8 16 0.645 7.5e-09 2.5e-09
20.9 16 0.644 0 0
21 16 0.644 7.5e-09 2.5e-09
21.1 16 0.643 0 0
21.2 16 0.642 0 0
21.3 16 0.641 7.5e-09 2.5e-09
21.4 16 0.641 0 0
21.5 16 0.64 7.5e-09 2.5e-09
21.6 16 0.639 0 0
21.7 16 0.638 0 0
21.8 16 0.638 0 0
21.9 16 0.637 0 0
22 16 0.636 7.5e-09 2.5e-09
22.1 16 0.635 0 0
22.2 16 0.634 7.5e-09 2.5e-09
22.3 16 0.634 0 0
22.4 16 0.633 7.5e-09 2.5e-09
22.5 16 0.632 0 0
22.6 16 0.631 0 0
22.7 16 0.63 0 0
22.8 16 0.63 7.5e-09 2.5e-09
22.9 16 0.629 0 0
23 16 0.628 0 0
23.1 16 0.627 7.5e-09 2.5e-09
23.2 16 0.626 0 0
23.3 16 0.625 5e-09 5e-09
23.4 16 0.624 0 0
23.5 16 0.623 0 0
23.6 16 0.623 0 0
23.7 16 0.622 0 0
23.8 16 0.621 0 0
23.9 16 0.62 0 0
24 16 0.619 0 0
24.1 16 0.618 0 0
24.2 16 0.617 0 0
24.3 16 0.616 2.5e-09 7.5e-09
24.4 16 0.615 0 0
24.5 16 0.614 0 0
24.6 16 0.613 0 0
24.7 16 0.612 2.5e-09 7.5e-09
24.8 16 0.611 0 0
24.9 16 0.61 5e-09 5e-09
25 16 0.609 0 0
25.1 16 0.608 0 0
25.2 16 0.607 0 0
25.3 16 0.606 0 0
25.4 16 0.605 0 0
25.5 16 0.604 0 0
25.6 16 0.603 0 0
25.7 16 0.602 0 0
25.8 16 0.601 0 0
25.9 16 0.6 0 0
26 16 0.599 0 0
26.1 16 0.598 0 0
26.2 16 0.597 0 0
26.3 16 0.596 0 0
26.4 16 0.595 0 0
26.5 16 0.594 0 0
26.6 16 0.593 2.5e-09 7.5e-09
26.7 16 0.592 0 0
26.8 16 0.591 0 0
26.9 16 0.59 2.5e-09 7.5e-09
27 16 0.589 0 0
27.1 16 0.587 0 0
27.2 16 0.586 0 0
27.3 16 0.585 0 0
27.4 16 0.584 0 0
27.5 16 0.583 0 0
27.6 16 0.582 0 0
27.7 16 0.581 0 0
27.8 16 0.58 0 0
27.9 16 0.578 0 0
28 16 0.577 0 0
28.1 16 0.576 0 0
28.2 16 0.575 0 0
28.3 16 0.574 0 0
28.4 16 0.573 0 0
28.5 16 0.572 5e-09 5e-09
28.6 16 0.57 2.5e-09 7.5e-09
28.7 16 0.569 0 0
28.8 16 0.568 0 0
28.9 16 0.567 0 0
29 16 0.566 0 0
29.1 16 0.564 5e-09 5e-09
29.2 16 0.563 2.5e-09 7.5e-09
29.3 16 0.562 0 0
29.4 16 0.561 0 0
29.5 16 0.56 0 0
29.6 16 0.558 0 0
29.7 16 0.557 0 0
29.8 16 0.556 0 0
29.9 16 0.555 0 0
30 16 0.553 2.5e-09 7.5e-09
30.1 16 0.552 0 0
30.2 16 0.551 0 0
30.3 16 0.55 0 0
30.4 16 0.548 0 0
30.5 16 0.547 0 0
30.6 16 0.546 0 0
30.7 16 0.545 0 0
30.8 16 0.543 2.5e-09 7.5e-09
30.9 16 0.542 2.5e-09 7.5e-09
31 16 0.541 0 0
31.1 16 0.54 0 0
31.2 16 0.538 0 0
31.3 16 0.537 0 0
31.4 16 0.536 2.5e-09 7.5e-09
31.5 16 0.534 5e-09 5e-09
31.6 16 0.533 2.5e-09 7.5e-09
31.7 16 0.532 0 0
31.8 16 0.531 0 0
31.9 16 0.529 0 0
32 16 0.528 2.5e-09 7.5e-09
32.1 16 0.527 2.5e-09 7.5e-09
32.2 16 0.525 0 0
32.3 16 0.524 0 0
32.4 16 0.523 0 0
32.5 16 0.521 0 0
32.6 16 0.52 2.5e-09 7.5e-09
32.7 16 0.519 0 0
32.8 16 0.517 2.5e-09 7.5e-09
32.9 16 0.516 2.5e-09 7.5e-09
33 16 0.515 2.5e-09 7.5e-09
33.1 16 0.513 2.5e-09 7.5e-09
33.2 16 0.512 0 0
33.3 16 0.511 0 0
33.4 16 0.509 2.5e-09 7.5e-09
33.5 16 0.508 0 0
33.6 16 0.507 0 0
33.7 16 0.505 0 0
33.8 16 0.504 0 0
33.9 16 0.503 0 0
34 16 0.501 7.5e-09 2.5e-09
34.1 16 0.5 0 0
34.2 16 0.499 2.5e-09 7.5e-09
34.3 16 0.497 0 0
34.4 16 0.496 2.5e-09 7.5e-09
34.5 16 0.494 0 0
34.6 16 0.493 0 0
34.7 16 0.492 2.5e-09 7.5e-09
34.8 16 0.49 5e-09 5e-09
34.9 16 0.489 0 0
35 16 0.488 0 0
35.1 16 0.486 0 0
35.2 16 0.485 2.5e-09 7.5e-09
35.3 16 0.483 0 0
35.4 16 0.482 0 0
35.5 16 0.481 0 0
35.6 16 0.479 2.5e-09 7.5e-09
35.7 16 0.478 0 0
35.8 16 0.476 2.5e-09 7.5e-09
35.9 16 0.475 0 0
36 16 0.474 0 0
36.1 16 0.472 2.5e-09 7.5e-09
36.2 16 0.471 7.5e-09 2.5e-09
36.3 16 0.469 2.5e-09 7.5e-09
36.4 16 0.468 2.5e-09 7.5e-09
36.5 16 0.467 2.5e-09 7.5e-09
36.6 16 0.465 0 0
36.7 16 0.464 2.5e-09 7.5e-09
36.8 16 0.462 0 0
36.9 16 0.461 0 0
37 16 0.46 2.5e-09 7.5e-09
37.1 16 0.458 0 0
37.2 16 0.457 0 0
37.3 16 0.455 0 0
37.4 16 0.454 0 0
37.5 16 0.453 2.5e-09 7.5e-09
37.6 16 0.451 2.5e-09 7.5e-09
37.7 16 0.45 0 0
37.8 16 0.448 2.5e-09 7.5e-09
37.9 16 0.447 0 0
38 16 0.446 2.5e-09 7.5e-09
38.1 16 0.444 0 0
38.2 16 0.443 0 0
38.3 16 0.441 5e-09 5e-09
38.4 16 0.44 0 0
38.5 16 0.438 1e-08 2e-08
38.6 16 0.437 2.5e-09 7.5e-09
38.7 16 0.436 0 0
38.8 16 0.434 7.5e-09 2.5e-09
38.9 16 0.433 0 0
39 16 0.431 0 0
39.1 16 0.43 0 0
39.2 16 0.428 0 0
39.3 16 0.427 0 0
39.4 16 0.426 0 0
39.5 16 0.424 0 0
39.6 16 0.423 2.5e-09 7.5e-09
39.7 16 0.421 0 0
39.8 16 0.42 0 0
39.9 16 0.419 0 0
40 16 0.417 0 0
40.1 16 0.416 0 0
40.2 16 0.414 0 0
40.3 16 0.413 2.5e-09 7.5e-09
40.4 16 0.411 0 0
40.5 16 0.41 0 0
40.6 16 0.409 0 0
40.7 16 0.407 0 0
40.8 16 0.406 0 0
40.9 16 0.404 0 0
41 16 0.403 2.5e-09 7.5e-09
41.1 16 0.402 0 0
41.2 16 0.4 0 0
41.3 16 0.399 2.5e-09 7.5e-09
41.4 16 0.397 0 0
41.5 16 0.396 0 0
41.6 16 0.394 2.5e-09 7.5e-09
41.7 16 0.393 2.5e-09 7.5e-09
41.8 16 0.392 0 0
41.9 16 0.39 0 0
42 16 0.389 0 0
42.1 16 0.387 0 0
42.2 16 0.386 0 0
42.3 16 0.385 0 0
42.4 16 0.383 0 0
42.5 16 0.382 0 0
42.6 16 0.38 2.5e-09 7.5e-09
42.7 16 0.379 0 0
42.8 16 0.378 0 0
42.9 16 0.376 2.5e-09 7.5e-09
43 16 0.375 2.5e-09 7.5e-09
43.1 16 0.373 0 0
43.2 16 0.372 2.5e-09 7.5e-09
43.3 16 0.371 0 0
43.4 16 0.369 0 0
43.5 16 0.368 2.5e-09 7.5e-09
43.6 16 0.366 0 0
43.7 16 0.365 0 0
43.8 16 0.364 2.5e-09 7.5e-09
43.9 16 0.362 0 0
44 16 0.361 0 0
44.1 16 0.36 2.5e-09 7.5e-09
44.2 16 0.358 0 0
44.3 16 0.357 0 0
44.4 16 0.355 0 0
44.5 16 0.354 0 0
44.6 16 0.353 0 0
44.7 16 0.351 2.5e-09 7.5e-09
44.8 16 0.35 0 0
44.9 16 0.349 0 0
45 16 0.347 0 0
45.1 16 0.346 0 0
45.2 16 0.344 0 0
45.3 16 0.343 0 0
45.4 16 0.342 0 0
45.5 16 0.34 0 0
45.6 16 0.339 0 0
45.7 16 0.338 0 0
45.8 16 0.336 2.5e-09 7.5e-09
45.9 16 0.335 0 0
46 16 0.334 2.5e-09 7.5e-09
46.1 16 0.332 0 0
46.2 16 0.331 0 0
46.3 16 0.33 5e-09 5e-09
46.4 16 0.328 0 0
46.5 16 0.327 0 0
46.6 16 0.326 0 0
46.7 16 0.324 0 0
46.8 16 0.323 0 0
46.9 16 0.322 0 0
47 16 0.32 2.5e-09 7.5e-09
47.1 16 0.319 2.5e-09 7.5e-09
47.2 16 0.318 0 0
47.3 16 0.316 0 0
47.4 16 0.315 0 0
47.5 16 0.314 0 0
47.6 16 0.312 0 0
47.7 16 0.311 5e-09 5e-09
47.8 16 0.31 0 0
47.9 16 0.309 0 0
48 16 0.307 0 0
48.1 16 0.306 0 0
48.2 16 0.305 0 0
48.3 16 0.303 0 0
48.4 16 0.302 2.5e-09 7.5e-09
48.5 16 0.301 0 0
48.6 16 0.3 7.5e-09 2.5e-09
48.7 16 0.298 0 0
48.8 16 0.297 0 0
48.9 16 0.296 0 0
49 16 0.294 0 0
49.1 16 0.293 0 0
49.2 16 0.292 0 0
49.3 16 0.291 0 0
49.4 16 0.289 0 0
49.5 16 0.288 0 0
49.6 16 0.287 0 0
49.7 16 0.286 0 0
49.8 16 0.284 0 0
49.9 16 0.283 0 0
50 16 0.282 0 0
50.1 16 0.281 0 0
50.2 16 0.28 0 0
50.3 16 0.278 0 0
50.4 16 0.277 0 0
50.5 16 0.276 0 0
50.6 16 0.275 0 0
50.7 16 0.273 0 0
50.8 16 0.272 0 0
50.9 16 0.271 0 0
51 16 0.27 0 0
51.1 16 0.269 0 0
51.2 16 0.267 0 0
51.3 16 0.266 0 0
51.4 16 0.265 0 0
51.5 16 0.264 0 0
51.6 16 0.263 0 0
51.7 16 0.261 0 0
51.8 16 0.26 0 0
51.9 16 0.259 0 0
52 16 0.258 0 0
52.1 16 0.257 0 0
52.2 16 0.255 0 0
52.3 16 0.254 0 0
52.4 16 0.253 0 0
52.5 16 0.252 0 0
52.6 16 0.251 0 0
52.7 16 0.25 0 0
52.8 16 0.249 0 0
52.9 16 0.247 0 0
53 16 0.246 0 0
53.1 16 0.245 0 0
53.2 16 0.244 0 0
53.3 16 0.243 0 0
53.4 16 0.242 0 0
53.5 16 0.241 0 0
53.6 16 0.239 0 0
53.7 16 0.238 0 0
53.8 16 0.237 0 0
53.9 16 0.236 0 0
54 16 0.235 7.5e-09 2.5e-09
54.1 16 0.234 0 0
54.2 16 0.233 0 0
54.3 16 0.232 0 0
54.4 16 0.231 0 0
54.5 16 0.23 0 0
54.6 16 0.228 0 0
54.7 16 0.227 0 0
54.8 16 0.226 0 0
54.9 16 0.225 0 0
55 16 0.224 0 0
55.1 16 0.223 0 0
55.2 16 0.222 0 0
55.3 16 0.221 0 0
55.4 16 0.22 0 0
55.5 16 0.219 0 0
55.6 16 0.218 0 0
55.7 16 0.217 0 0
55.8 16 0.216 0 0
55.9 16 0.215 0 0
56 16 0.214 0 0
56.1 16 0.213 0 0
56.2 16 0.212 7.5e-09 2.5e-09
56.3 16 0.21 7.5e-09 2.5e-09
56.4 16 0.209 0 0
56.5 16 0.208 0 0
56.6 16 0.207 0 0
56.7 16 0.206 0 0
56.8 16 0.205 0 0
56.9 16 0.204 7.5e-09 2.5e-09
57 16 0.203 0 0
57.1 16 0.202 0 0
57.2 16 0.201 0 0
57.3 16 0.2 0 0
57.4 16 0.199 0 0
57.5 16 0.198 0 0
57.6 16 0.197 0 0
57.7 16 0.196 0 0
57.8 16 0.195 0 0
57.9 16 0.195 0 0
58 16 0.194 0 0
58.1 16 0.193 0 0
58.2 16 0.192 0 0
58.3 16 0.191 0 0
58.4 16 0.19 0 0
58.5 16 0.189 7.5e-09 2.5e-09
58.6 16 0.188 0 0
58.7 16 0.187 0 0
58.8 16 0.186 0 0
58.9 16 0.185 0 0
59 16 0.184 0 0
59.1 16 0.183 0 0
59.2 16 0.182 0 0
59.3 16 0.181 0 0
59.4 16 0.18 0 0
59.5 16 0.179 0 0
59.6 16 0.179 0 0
59.7 16 0.178 0 0
59.8 16 0.177 0 0
59.9 16 0.176 0 0
60 16 0.175 0 0
60.1 16 0.174 0 0
60.2 16 0.173 0 0
60.3 16 0.172 0 0
60.4 16 0.171 0 0
60.5 16 0.17 0 0
60.6 16 0.17 0 0
60.7 16 0.169 0 0
60.8 16 0.168 0 0
60.9 16 0.167 0 0
61 16 0.166 0 0
61.1 16 0.165 0 0
61.2 16 0.164 0 0
61.3 16 0.164 0 0
61.4 16 0.163 0 0
61.5 16 0.162 0 0
61.6 16 0.161 0 0
61.7 16 0.16 0 0
61.8 16 0.159 0 0
61.9 16 0.159 0 0
62 16 0.158 0 0
62.1 16 0.157 1e-08 1e-08
62.2 16 0.156 0 0
62.3 16 0.155 7.5e-09 2.5e-09
62.4 16 0.154 5e-09 5e-09
62.5 16 0.154 0 0
62.6 16 0.153 0 0
62.7 16 0.152 0 0
62.8 16 0.151 0 0
62.9 16 0.15 0 0
63 16 0.15 0 0
63.1 16 0.149 0 0
63.2 16 0.148 0 0
63.3 16 0.147 0 0
63.4 16 0.147 0 0
63.5 16 0.146 7.5e-09 2.5e-09
63.6 16 0.145 0 0
63.7 16 0.144 7.5e-09 2.5e-09
63.8 16 0.143 7.5e-09 2.5e-09
63.9 16 0.143 0 0
64 16 0.142 0 0
64.1 16 0.141 7.5e-09 2.5e-09
64.2 16 0.14 0 0
64.3 16 0.14 7.5e-09 2.5e-09
64.4 16 0.139 0 0
64.5 16 0.138 0 0
64.6 16 0.137 0 0
64.7 16 0.137 0 0
64.8 16 0.136 0 0
64.9 16 0.135 0 0
65 16 0.135 7.5e-09 2.5e-09
65.1 16 0.134 0 0
65.2 16 0.133 0 0
65.3 16 0.132 0 0
65.4 16 0.132 0 0
65.5 16 0.131 0 0
65.6 16 0.13 0 0
65.7 16 0.13 0 0
65.8 16 0.129 0 0
65.9 16 0.128 0 0
66 16 0.127 0 0
66.1 16 0.127 0 0
66.2 16 0.126 0 0
66.3 16 0.125 7.5e-09 2.5e-09
66.4 16 0.125 0 0
66.5 16 0.124 0 0
66.6 16 0.123 0 0
66.7 16 0.123 0 0
66.8 16 0.122 0 0
66.9 16 0.121 0 0
67 16 0.121 0 0
67.1 16 0.12 0 0
67.2 16 0.119 0 0
67.3 16 0.119 0 0
67.4 16 0.118 0 0
67.5 16 0.117 0 0
67.6 16 0.117 0 0
67.7 16 0.116 0 0
67.8 16 0.115 0 0
67.9 16 0.115 0 0
68 16 0.114 0 0
68.1 16 0.114 0 0
68.2 16 0.113 0 0
68.3 16 0.112 0 0
68.4 16 0.112 0 0
68.5 16 0.111 0 0
68.6 16 0.111 0 0
68.7 16 0.11 0 0
68.8 16 0.109 0 0
68.9 16 0.109 7.5e-09 2.5e-09
69 16 0.108 0 0
69.1 16 0.107 0 0
69.2 16 0.107 0 0
69.3 16 0.106 0 0
69.4 16 0.106 0 0
69.5 16 0.105 0 0
69.6 16 0.105 0 0
69.7 16 0.104 0 0
69.8 16 0.103 2.5e-09 7.5e-09
69.9 16 0.103 0 0
70 16 0.102 0 0
70.1 16 0.102 0 0
70.2 16 0.101 0 0
70.3 16 0.101 0 0
70.4 16 0.1 2.5e-10 7.5e-10
70.5 16 0.0994 7.5e-10 2.5e-10
70.6 16 0.0988 0 0
70.7 16 0.0983 7.5e-10 2.5e-10
70.8 16 0.0977 0 0
70.9 16 0.0972 0 0
71 16 0.0966 7.5e-10 2.5e-10
71.1 16 0.0961 0 0
71.2 16 0.0956 7.5e-10 2.5e-10
71.3 16 0.095 7.5e-10 2.5e-10
71.4 16 0.0945 7.5e-10 2.5e-10
71.5 16 0.094 7.5e-10 2.5e-10
71.6 16 0.0934 7.5e-10 2.5e-10
71.7 16 0.0929 7.5e-10 2.5e-10
71.8 16 0.0924 7.5e-10 2.5e-10
71.9 16 0.0919 7.5e-10 2.5e-10
72 16 0.0913 7.5e-10 2.5e-10
72.1 16 0.0908 0 0
72.2 16 0.0903 0 0
72.3 16 0.0898 7.5e-10 2.5e-10
72.4 16 0.0893 0 0
72.5 16 0.0888 7.5e-10 2.5e-10
72.6 16 0.0883 7.5e-10 2.5e-10
72.7 16 0.0878 2.5e-10 7.5e-10
72.8 16 0.0873 7.5e-10 2.5e-10
72.9 16 0.0868 7.5e-10 2.5e-10
73 16 0.0863 0 0
73.1 16 0.0858 0 0
73.2 16 0.0853 0 0
73.3 16 0.0848 0 0
73.4 16 0.0843 0 0
73.5 16 0.0839 0 0
73.6 16 0.0834 0 0
73.7 16 0.0829 0 0
73.8 16 0.0824 0 0
73.9 16 0.082 0 0
74 16 0.0815 0 0
74.1 16 0.081 0 0
74.2 16 0.0806 7.5e-10 2.5e-10
74.3 16 0.0801 0 0
74.4 16 0.0797 7.5e-10 2.5e-10
74.5 16 0.0792 5e-10 5e-10
74.6 16 0.0787 5e-10 5e-10
74.7 16 0.0783 7.5e-10 2.5e-10
74.8 16 0.0778 0 0
74.9 16 0.0774 0 0
75 16 0.077 7.5e-10 2.5e-10
75.1 16 0.0765 0 0
75.2 16 0.0761 7.5e-10 2.5e-10
75.3 16 0.0756 7.5e-10 2.5e-10
75.4 16 0.0752 7.5e-10 2.5e-10
75.5 16 0.0748 7.5e-10 2.5e-10
75.6 16 0.0743 0 0
75.7 16 0.0739 7.5e-10 2.5e-10
75.8 16 0.0735 0 0
75.9 16 0.0731 0 0
76 16 0.0726 0 0
76.1 16 0.0722 0 0
76.2 16 0.0718 0 0
76.3 16 0.0714 0 0
76.4 16 0.071 7.5e-10 2.5e-10
76.5 16 0.0706 0 0
76.6 16 0.0702 0 0
76.7 16 0.0698 7.5e-10 2.5e-10
76.8 16 0.0693 0 0
76.9 16 0.0689 7.5e-10 2.5e-10
77 16 0.0685 0 0
77.1 16 0.0681 7.5e-10 2.5e-10
77.2 16 0.0678 0 0
77.3 16 0.0674 0 0
77.4 16 0.067 0 0
77.5 16 0.0666 0 0
77.6 16 0.0662 0 0
77.7 16 0.0658 0 0
77.8 16 0.0654 0 0
77.9 16 0.065 0 0
78 16 0.0647 0 0
78.1 16 0.0643 0 0
78.2 16 0.0639 0 0
78.3 16 0.0635 0 0
78.4 16 0.0632 0 0
78.5 16 0.0628 0 0
78.6 16 0.0624 0 0
78.7 16 0.0621 0 0
78.8 16 0.0617 0 0
78.9 16 0.0614 0 0
79 16 0.061 5e-10 5e-10
79.1 16 0.0606 0 0
79.2 16 0.0603 0 0
79.3 16 0.0599 0 0
79.4 16 0.0596 0 0
79.5 16 0.0592 0 0
79.6 16 0.0589 1e-09 1e-09
79.7 16 0.0585 2.5e-10 7.5e-10
79.8 16 0.0582 2.5e-10 7.5e-10
79.9 16 0.0579 0 0
80 16 0.0575 0 0
80.1 16 0.0572 7.5e-10 2.5e-10
80.2 16 0.0568 0 0
80.3 16 0.0565 0 0
80.4 16 0.0562 0 0
80.5 16 0.0558 2.5e-10 7.5e-10
80.6 16 0.0555 7.5e-10 2.25e-09
80.7 16 0.0552 2.5e-10 7.5e-10
80.8 16 0.0549 4.5e-09 1.5e-09
80.9 16 0.0545 0 0
81 16 0.0542 0 0
81.1 16 0.0539 0 0
81.2 16 0.0536 0 0
81.3 16 0.0533 0 0
81.4 16 0.053 0 0
81.5 16 0.0526 0 0
81.6 16 0.0523 2.5e-10 7.5e-10
81.7 16 0.052 2.5e-10 7.5e-10
81.8 16 0.0517 1e-09 1e-09
81.9 16 0.0514 5e-10 5e-10
82 16 0.0511 2.5e-10 7.5e-10
82.1 16 0.0508 2.5e-10 7.5e-10
82.2 16 0.0505 7.5e-10 2.5e-10
82.3 16 0.0502 2.5e-10 7.5e-10
82.4 16 0.0499 7.5e-10 2.25e-09
82.5 16 0.0496 2.5e-10 7.5e-10
82.6 16 0.0493 2.5e-10 7.5e-10
82.7 16 0.049 0 0
82.8 16 0.0487 0 0
82.9 16 0.0485 0 0
83 16 0.0482 1.5e-09 5e-10
83.1 16 0.0479 5e-10 5e-10
83.2 16 0.0476 0 0
83.3 16 0.0473 0 0
83.4 16 0.047 0 0
83.5 16 0.0468 0 0
83.6 16 0.0465 7.5e-10 2.5e-10
83.7 16 0.0462 0 0
83.8 16 0.0459 0 0
83.9 16 0.0457 0 0
84 16 0.0454 0 0
84.1 16 0.0451 0 0
84.2 16 0.0448 0 0
84.3 16 0.0446 0 0
84.4 16 0.0443 0 0
84.5 16 0.0441 0 0
84.6 16 0.0438 0 0
84.7 16 0.0435 0 0
84.8 16 0.0433 0 0
84.9 16 0.043 0 0
85 16 0.0428 0 0
85.1 16 0.0425 0 0
85.2 16 0.0422 0 0
85.3 16 0.042 0 0
85.4 16 0.0417 0 0
85.5 16 0.0415 0 0
85.6 16 0.0412 7.5e-10 2.5e-10
85.7 16 0.041 0 0
85.8 16 0.0408 0 0
85.9 16 0.0405 7.5e-10 2.5e-10
86 16 0.0403 2.5e-10 7.5e-10
86.1 16 0.04 2.5e-10 7.5e-10
86.2 16 0.0398 0 0
86.3 16 0.0396 0 0
86.4 16 0.0393 0 0
86.5 16 0.0391 7.5e-10 2.5e-10
86.6 16 0.0388 0 0
86.7 16 0.0386 0 0
86.8 16 0.0384 0 0
86.9 16 0.0382 7.5e-10 2.5e-10
87 16 0.0379 0 0
87.1 16 0.0377 0 0
87.2 16 0.0375 2.5e-10 7.5e-10
87.3 16 0.0372 0 0
87.4 16 0.037 0 0
87.5 16 0.0368 0 0
87.6 16 0.0366 2.5e-10 7.5e-10
87.7 16 0.0364 0 0
87.8 16 0.0361 2.5e-10 7.5e-10
87.9 16 0.0359 0 0
88 16 0.0357 0 0
88.1 16 0.0355 0 0
88.2 16 0.0353 4.5e-09 1.5e-09
88.3 16 0.0351 3e-09 1e-09
88.4 16 0.0349 2.5e-10 7.5e-10
88.5 16 0.0347 2.5e-10 7.5e-10
88.6 16 0.0344 0 0
88.7 16 0.0342 0 0
88.8 16 0.034 0 0
88.9 16 0.0338 0 0
89 16 0.0336 0 0
89.1 16 0.0334 0 0
89.2 16 0.0332 0 0
89.3 16 0.033 0 0
89.4 16 0.0328 0 0
89.5 16 0.0326 2.5e-10 7.5e-10
89.6 16 0.0324 2.5e-10 7.5e-10
89.7 16 0.0322 0 0
89.8 16 0.032 0 0
89.9 16 0.0318 0 0
90 16 0.0317 1e-09 1e-09
90.1 16 0.0315 7.5e-10 2.5e-10
90.2 16 0.0313 7.5e-10 2.5e-10
90.3 16 0.0311 0 0
90.4 16 0.0309 2.5e-10 7.5e-10
90.5 16 0.0307 5e-10 5e-10
90.6 16 0.0305 0 0
90.7 16 0.0303 0 0
90.8 16 0.0302 0 0
90.9 16 0.03 5e-10 1.5e-09
91 16 0.0298 2.5e-10 7.5e-10
91.1 16 0.0296 7.5e-10 2.5e-10
91.2 16 0.0294 1.5e-09 5e-10
91.3 16 0.0293 1.5e-09 5e-10
91.4 16 0.0291 7.5e-10 2.5e-10
91.5 16 0.0289 2.5e-10 7.5e-10
91.6 16 0.0287 0 0
91.7 16 0.0286 0 0
91.8 16 0.0284 0 0
91.9 16 0.0282 7.5e-10 2.5e-10
92 16 0.028 2.5e-10 7.5e-10
92.1 16 0.0279 2.5e-10 7.5e-10
92.2 16 0.0277 2e-09 1e-09
92.3 16 0.0275 5e-10 5e-10
92.4 16 0.0274 0 0
92.5 16 0.0272 0 0
92.6 16 0.027 0 0
92.7 16 0.0269 2.5e-10 7.5e-10
92.8 16 0.0267 7.5e-10 2.5e-10
92.9 16 0.0265 2.5e-10 7.5e-10
93 16 0.0264 1.5e-09 5e-10
93.1 16 0.0262 5e-10 1.5e-09
93.2 16 0.0261 0 0
93.3 16 0.0259 0 0
93.4 16 0.0258 7.5e-10 2.25e-09
93.5 16 0.0256 2.5e-10 7.5e-10
93.6 16 0.0254 7.5e-10 2.5e-10
93.7 16 0.0253 0 0
93.8 16 0.0251 2.5e-10 7.5e-10
93.9 16 0.025 2.5e-10 7.5e-10
94 16 0.0248 7.5e-10 2.5e-10
94.1 16 0.0247 2.25e-09 7.5e-10
94.2 16 0.0245 0 0
94.3 16 0.0244 0 0
94.4 16 0.0242 0 0
94.5 16 0.0241 0 0
94.6 16 0.0239 0 0
94.7 16 0.0238 0 0
94.8 16 0.0236 0 0
94.9 16 0.0235 0 0
95 16 0.0234 0 0
95.1 16 0.0232 0 0
95.2 16 0.0231 0 0
95.3 16 0.0229 0 0
95.4 16 0.0228 0 0
95.5 16 0.0227 0 0
95.6 16 0.0225 0 0
95.7 16 0.0224 0 0
95.8 16 0.0222 0 0
95.9 16 0.0221 0 0
96 16 0.022 0 0
96.1 16 0.0218 2.5e-10 7.5e-10
96.2 16 0.0217 0 0
96.3 16 0.0216 0 0
96.4 16 0.0214 0 0
96.5 16 0.0213 0 0
96.6 16 0.0212 0 0
96.7 16 0.0211 0 0
96.8 16 0.0209 0 0
96.9 16 0.0208 2.5e-10 7.5e-10
97 16 0.0207 0 0
97.1 16 0.0205 0 0
97.2 16 0.0204 0 0
97.3 16 0.0203 0 0
97.4 16 0.0202 0 0
97.5 16 0.02 7.5e-10 2.5e-10
97.6 16 0.0199 2.5e-10 7.5e-10
97.7 16 0.0198 7.5e-10 2.5e-10
97.8 16 0.0197 7.5e-10 2.5e-10
97.9 16 0.0196 7.5e-10 2.5e-10
98 16 0.0194 0 0
98.1 16 0.0193 0 0
98.2 16 0.0192 0 0
98.3 16 0.0191 0 0
98.4 16 0.019 0 0
98.5 16 0.0189 0 0
98.6 16 0.0187 2.5e-10 7.5e-10
98.7 16 0.0186 0 0
98.8 16 0.0185 0 0
98.9 16 0.0184 7.5e-10 2.5e-10
99 16 0.0183 0 0
99.1 16 0.0182 0 0
99.2 16 0.0181 7.5e-10 2.5e-10
99.3 16 0.018 0 0
99.4 16 0.0178 0 0
99.5 16 0.0177 0 0
99.6 16 0.0176 0 0
99.7 16 0.0175 0 0
99.8 16 0.0174 0 0
99.9 16 0.0173 0 0
