-25 3.8 0.00339 4.78e-08 1.29e-07
-24.9 3.8 0.00348 4.88e-08 1.32e-07
-24.8 3.8 0.00357 4.98e-08 1.35e-07
-24.7 3.8 0.00367 5.09e-08 1.38e-07
-24.6 3.8 0.00377 5.2e-08 1.41e-07
-24.5 3.8 0.00387 5.31e-08 1.44e-07
-24.4 3.8 0.00397 5.43e-08 1.47e-07
-24.3 3.8 0.00407 5.55e-08 1.5e-07
-24.2 3.8 0.00418 5.66e-08 1.53e-07
-24.1 3.8 0.00429 5.78e-08 1.57e-07
-24 3.8 0.00441 5.91e-08 1.6e-07
-23.9 3.8 0.00452 6.03e-08 1.64e-07
-23.8 3.8 0.00464 6.15e-08 1.67e-07
-23.7 3.8 0.00477 6.27e-08 1.71e-07
-23.6 3.8 0.00489 6.4e-08 1.74e-07
-23.5 3.8 0.00502 6.53e-08 1.78e-07
-23.4 3.8 0.00516 6.65e-08 1.81e-07
-23.3 3.8 0.00529 6.79e-08 1.85e-07
-23.2 3.8 0.00543 6.91e-08 1.89e-07
-23.1 3.8 0.00558 7.05e-08 1.93e-07
-23 3.8 0.00572 7.19e-08 1.97e-07
-22.9 3.8 0.00587 7.32e-08 2e-07
-22.8 3.8 0.00603 7.46e-08 2.04e-07
-22.7 3.8 0.00619 7.59e-08 2.08e-07
-22.6 3.8 0.00635 7.73e-08 2.12e-07
-22.5 3.8 0.00652 7.86e-08 2.16e-07
-22.4 3.8 0.00669 8e-08 2.2e-07
-22.3 3.8 0.00687 8.14e-08 2.24e-07
-22.2 3.8 0.00705 8.28e-08 2.28e-07
-22.1 3.8 0.00724 8.42e-08 2.32e-07
-22 3.8 0.00743 8.55e-08 2.36e-07
-21.9 3.8 0.00762 8.69e-08 2.4e-07
-21.8 3.8 0.00783 8.83e-08 2.44e-07
-21.7 3.8 0.00803 8.96e-08 2.48e-07
-21.6 3.8 0.00824 9.1e-08 2.52e-07
-21.5 3.8 0.00846 9.24e-08 2.56e-07
-21.4 3.8 0.00868 9.36e-08 2.6e-07
-21.3 3.8 0.00891 9.49e-08 2.64e-07
-21.2 3.8 0.00915 9.63e-08 2.68e-07
-21.1 3.8 0.00939 9.75e-08 2.72e-07
-21 3.8 0.00964 9.87e-08 2.76e-07
-20.9 3.8 0.00989 9.99e-08 2.79e-07
-20.8 3.8 0.0101 1.01e-07 2.83e-07
-20.7 3.8 0.0104 1.02e-07 2.86e-07
-20.6 3.8 0.0107 1.03e-07 2.91e-07
-20.5 3.8 0.011 1.05e-07 2.93e-07
-20.4 3.8 0.0113 1.05e-07 2.96e-07
-20.3 3.8 0.0116 1.06e-07 3e-07
-20.2 3.8 0.0119 1.07e-07 3.03e-07
-20.1 3.8 0.0122 1.08e-07 3.05e-07
-20 3.8 0.0125 1.09e-07 3.09e-07
-19.9 3.8 0.0128 1.1e-07 3.11e-07
-19.8 3.8 0.0131 1.11e-07 3.13e-07
-19.7 3.8 0.0135 1.11e-07 3.15e-07
-19.6 3.8 0.0138 1.11e-07 3.18e-07
-19.5 3.8 0.0142 1.12e-07 3.19e-07
-19.4 3.8 0.0146 1.12e-07 3.2e-07
-19.3 3.8 0.015 1.12e-07 3.21e-07
-19.2 3.8 0.0154 1.12e-07 3.23e-07
-19.1 3.8 0.0158 1.12e-07 3.23e-07
-19 3.8 0.0162 1.13e-07 3.23e-07
-18.9 3.8 0.0166 1.14e-07 3.24e-07
-18.8 3.8 0.017 1.15e-07 3.23e-07
-18.7 3.8 0.0175 1.17e-07 3.22e-07
-18.6 3.8 0.0179 1.18e-07 3.21e-07
-18.5 3.8 0.0184 1.18e-07 3.19e-07
-18.4 3.8 0.0189 1.19e-07 3.17e-07
-18.3 3.8 0.0193 1.19e-07 3.15e-07
-18.2 3.8 0.0198 1.2e-07 3.11e-07
-18.1 3.8 0.0204 1.21e-07 3.08e-07
-18 3.8 0.0209 1.21e-07 3.03e-07
-17.9 3.8 0.0214 1.21e-07 2.98e-07
-17.8 3.8 0.022 1.21e-07 2.93e-07
-17.7 3.8 0.0226 1.2e-07 2.87e-07
-17.6 3.8 0.0231 1.2e-07 2.8e-07
-17.5 3.8 0.0237 1.2e-07 2.73e-07
-17.4 3.8 0.0243 1.19e-07 2.65e-07
-17.3 3.8 0.025 1.18e-07 2.56e-07
-17.2 3.8 0.0256 1.17e-07 2.46e-07
-17.1 3.8 0.0263 1.15e-07 2.36e-07
-17 3.8 0.0269 1.14e-07 2.24e-07
-16.9 3.8 0.0276 2.07e-07 4.57e-07
-16.8 3.8 0.0283 1.93e-07 4.24e-07
-16.7 3.8 0.0291 1.79e-07 3.88e-07
-16.6 3.8 0.0298 1.64e-07 3.5e-07
-16.5 3.8 0.0306 1.49e-07 3.08e-07
-16.4 3.8 0.0314 1.32e-07 2.65e-07
-16.3 3.8 0.0322 1.14e-07 2.19e-07
-16.2 3.8 0.033 9.63e-08 1.69e-07
-16.1 3.8 0.0338 9.7e-08 9.7e-08
-16 3.8 0.0347 6.97e-08 4.93e-08
-15.9 3.8 0.0356 4.22e-08 5.38e-08
-15.8 3.8 0.0365 5.15e-08 9.35e-08
-15.7 3.8 0.0374 1.22e-07 1.21e-07
-15.6 3.8 0.0383 3.85e-08 1.03e-07
-15.5 3.8 0.0393 4.67e-08 1.25e-07
-15.4 3.8 0.0403 6.35e-08 1.51e-07
-15.3 3.8 0.0413 7.67e-08 1.8e-07
-15.2 3.8 0.0423 1.2e-07 2.2e-07
-15.1 3.8 0.0434 2.24e-07 2.79e-07
-15 3.8 0.0445 5.37e-07 4.08e-07
-14.9 3.8 0.0456 4.89e-06 1.88e-06
-14.8 3.8 0.0467 6.67e-07 1.18e-06
-14.7 3.8 0.0479 5.24e-07 6.53e-07
-14.6 3.8 0.0491 5.12e-07 5.07e-07
-14.5 3.8 0.0503 5.28e-07 4.45e-07
-14.4 3.8 0.0516 5.56e-07 4.15e-07
-14.3 3.8 0.0528 5.91e-07 4.01e-07
-14.2 3.8 0.0542 6.31e-07 3.96e-07
-14.1 3.8 0.0555 6.72e-07 3.98e-07
-14 3.8 0.0569 7.16e-07 4.02e-07
-13.9 3.8 0.0583 7.62e-07 4.09e-07
-13.8 3.8 0.0597 8.09e-07 4.18e-07
-13.7 3.8 0.0611 8.58e-07 4.28e-07
-13.6 3.8 0.0626 9.09e-07 4.39e-07
-13.5 3.8 0.0642 9.6e-07 4.52e-07
-13.4 3.8 0.0657 1.01e-06 4.65e-07
-13.3 3.8 0.0673 1.07e-06 4.77e-07
-13.2 3.8 0.069 1.12e-06 4.91e-07
-13.1 3.8 0.0706 1.17e-06 5.04e-07
-13 3.8 0.0723 1.23e-06 5.18e-07
-12.9 3.8 0.0741 1.28e-06 5.31e-07
-12.8 3.8 0.0758 1.33e-06 5.43e-07
-12.7 3.8 0.0777 1.39e-06 5.55e-07
-12.6 3.8 0.0795 1.44e-06 5.68e-07
-12.5 3.8 0.0814 1.49e-06 5.79e-07
-12.4 3.8 0.0833 1.55e-06 5.9e-07
-12.3 3.8 0.0853 1.6e-06 6e-07
-12.2 3.8 0.0873 1.65e-06 6.08e-07
-12.1 3.8 0.0894 1.69e-06 6.16e-07
-12 3.8 0.0915 1.74e-06 6.23e-07
-11.9 3.8 0.0936 1.78e-06 6.28e-07
-11.8 3.8 0.0958 1.83e-06 6.32e-07
-11.7 3.8 0.098 1.86e-06 6.56e-07
-11.6 3.8 0.1 1.9e-06 6.93e-07
-11.5 3.8 0.103 1.93e-06 7.28e-07
-11.4 3.8 0.105 1.96e-06 7.65e-07
-11.3 3.8 0.107 1.99e-06 8.05e-07
-11.2 3.8 0.11 2.01e-06 8.4e-07
-11.1 3.8 0.112 2.03e-06 8.8e-07
-11 3.8 0.115 2.04e-06 9.22e-07
-10.9 3.8 0.118 4.19e-06 3.63e-06
-10.8 3.8 0.12 4.71e-06 3.96e-06
-10.7 3.8 0.123 5.24e-06 4.28e-06
-10.6 3.8 0.126 5.78e-06 4.61e-06
-10.5 3.8 0.128 6.31e-06 4.93e-06
-10.4 3.8 0.131 6.84e-06 5.25e-06
-10.3 3.8 0.134 7.37e-06 5.56e-06
-10.2 3.8 0.137 7.88e-06 5.87e-06
-10.1 3.8 0.14 8.4e-06 6.16e-06
-10 3.8 0.143 1.02e-05 5.19e-06
-9.9 3.8 0.146 1.07e-05 5.34e-06
-9.8 3.8 0.149 1.13e-05 5.48e-06
-9.7 3.8 0.153 1.18e-05 5.59e-06
-9.6 3.8 0.156 6.87e-06 2.7e-06
-9.5 3.8 0.159 6.58e-06 2.92e-06
-9.4 3.8 0.163 1.31e-06 2.39e-06
-9.3 3.8 0.166 2.31e-06 3.02e-06
-9.2 3.8 0.17 5.39e-06 4.74e-06
-9.1 3.8 0.175 0.00545 0.00182
-9 3.8 0.177 9.06e-06 1.3e-05
-8.9 3.8 0.18 4.24e-06 3.6e-06
-8.8 3.8 0.184 3.12e-06 2.1e-06
-8.7 3.8 0.188 2.57e-06 1.48e-06
-8.6 3.8 0.192 2.19e-06 1.14e-06
-8.5 3.8 0.195 1.91e-06 9.07e-07
-8.4 3.8 0.199 1.67e-06 7.38e-07
-8.3 3.8 0.203 1.24e-06 8.18e-07
-8.2 3.8 0.207 1.08e-06 6.93e-07
-8.1 3.8 0.211 9.1e-07 5.7e-07
-8 3.8 0.216 7.6e-07 4.7e-07
-7.9 3.8 0.22 6.15e-07 3.85e-07
-7.8 3.8 0.224 4.7e-07 3e-07
-7.7 3.8 0.228 3.35e-07 2.25e-07
-7.6 3.8 0.233 2.05e-07 1.65e-07
-7.5 3.8 0.237 7.75e-08 1.12e-07
-7.4 3.8 0.242 1.7e-07 8e-08
-7.3 3.8 0.246 3.9e-07 2.5e-07
-7.2 3.8 0.251 3.67e-07 1.63e-07
-7.1 3.8 0.255 5.05e-07 3.15e-07
-7 3.8 0.26 6.75e-07 4.35e-07
-6.9 3.8 0.265 9.8e-07 1.11e-06
-6.8 3.8 0.27 2.43e-06 5.23e-06
-6.7 3.8 0.274 5.49e-06 2.84e-06
-6.6 3.8 0.279 2.44e-06 1.96e-06
-6.5 3.8 0.284 1.81e-06 1.87e-06
-6.4 3.8 0.289 1.56e-06 1.89e-06
-6.3 3.8 0.294 1.44e-06 1.95e-06
-6.2 3.8 0.299 1.38e-06 2.02e-06
-6.1 3.8 0.304 1.37e-06 2.08e-06
-6 3.8 0.31 1.39e-06 2.1e-06
-5.9 3.8 0.315 1.53e-06 2.03e-06
-5.8 3.8 0.32 2.23e-06 2.92e-06
-5.7 3.8 0.325 5.97e-06 4.45e-06
-5.6 3.8 0.331 2.13e-06 3.27e-06
-5.5 3.8 0.336 1.51e-06 3.14e-06
-5.4 3.8 0.341 1.26e-06 3.14e-06
-5.3 3.8 0.347 1.26e-06 3.17e-06
-5.2 3.8 0.352 1.39e-06 3.22e-06
-5.1 3.8 0.358 1.51e-06 3.27e-06
-5 3.8 0.363 1.62e-06 3.32e-06
-4.9 3.8 0.369 1.72e-06 3.37e-06
-4.8 3.8 0.374 1.82e-06 3.42e-06
-4.7 3.8 0.38 1.91e-06 3.47e-06
-4.6 3.8 0.386 2.01e-06 3.51e-06
-4.5 3.8 0.391 2.09e-06 3.55e-06
-4.4 3.8 0.397 2.18e-06 3.6e-06
-4.3 3.8 0.403 2.26e-06 3.63e-06
-4.2 3.8 0.409 2.34e-06 3.67e-06
-4.1 3.8 0.414 2.41e-06 3.7e-06
-4 3.8 0.42 2.47e-06 3.74e-06
-3.9 3.8 0.426 2.54e-06 3.77e-06
-3.8 3.8 0.432 2.6e-06 3.8e-06
-3.7 3.8 0.438 2.65e-06 3.82e-06
-3.6 3.8 0.444 2.65e-06 3.9e-06
-3.5 3.8 0.449 2.78e-06 3.84e-06
-3.4 3.8 0.455 2.81e-06 3.87e-06
-3.3 3.8 0.461 2.84e-06 3.89e-06
-3.2 3.8 0.467 2.87e-06 3.91e-06
-3.1 3.8 0.473 2.9e-06 3.93e-06
-3 3.8 0.479 2.92e-06 3.95e-06
-2.9 3.8 0.485 2.94e-06 3.95e-06
-2.8 3.8 0.491 2.94e-06 3.96e-06
-2.7 3.8 0.497 2.95e-06 3.97e-06
-2.6 3.8 0.502 2.95e-06 3.98e-06
-2.5 3.8 0.508 2.95e-06 3.98e-06
-2.4 3.8 0.514 2.94e-06 3.98e-06
-2.3 3.8 0.52 2.93e-06 3.97e-06
-2.2 3.8 0.526 2.91e-06 3.96e-06
-2.1 3.8 0.532 2.88e-06 3.95e-06
-2 3.8 0.538 2.86e-06 3.93e-06
-1.9 3.8 0.543 2.82e-06 3.92e-06
-1.8 3.8 0.549 2.79e-06 3.89e-06
-1.7 3.8 0.555 2.75e-06 3.86e-06
-1.6 3.8 0.561 2.7e-06 3.82e-06
-1.5 3.8 0.567 2.66e-06 3.78e-06
-1.4 3.8 0.572 2.61e-06 3.72e-06
-1.3 3.8 0.578 2.56e-06 3.67e-06
-1.2 3.8 0.584 3.11e-06 7.81e-06
-1.1 3.8 0.589 2.9e-06 7.13e-06
-1 3.8 0.595 2.7e-06 6.45e-06
-0.9 3.8 0.601 2.49e-06 5.74e-06
-0.8 3.8 0.606 2.29e-06 5.03e-06
-0.7 3.8 0.612 2.74e-06 3.66e-06
-0.6 3.8 0.617 2.47e-06 3.01e-06
-0.5 3.8 0.623 2.25e-06 2.32e-06
-0.4 3.8 0.628 2.17e-06 1.5e-06
-0.3 3.8 0.634 2.65e-06 3.21e-06
-0.2 3.8 0.639 0.000309 0.000922
-0.1 3.8 0.644 6.15e-06 2.42e-06
2.66e-14 3.8 0.65 3.38e-06 1.5e-06
0.1 3.8 0.655 1.7e-06 1.75e-06
0.2 3.8 0.66 1.39e-06 1.3e-06
0.3 3.8 0.665 1.13e-06 1.44e-06
0.4 3.8 0.67 1.48e-06 1.36e-06
0.5 3.8 0.675 2.67e-06 1.54e-06
0.6 3.8 0.68 4.66e-05 1.6e-05
0.7 3.8 0.685 1.34e-06 1.67e-06
0.8 3.8 0.69 8.7e-07 1.29e-06
0.9 3.8 0.695 7.18e-07 1.27e-06
1 3.8 0.7 6.28e-07 1.18e-06
1.1 3.8 0.705 5.65e-07 1.06e-06
1.2 3.8 0.71 6.38e-07 7.83e-07
1.3 3.8 0.714 5.63e-07 6.67e-07
1.4 3.8 0.719 4.85e-07 5.45e-07
1.5 3.8 0.723 4.03e-07 4.18e-07
1.6 3.8 0.728 3.32e-07 2.98e-07
1.7 3.8 0.732 2.53e-07 2.48e-07
1.8 3.8 0.737 1.82e-07 2.38e-07
1.9 3.8 0.741 1.05e-07 2.25e-07
2 3.8 0.745 2.02e-07 2.07e-07
2.1 3.8 0.75 3.25e-07 1.95e-07
2.2 3.8 0.754 4.45e-07 1.75e-07
2.3 3.8 0.758 5.63e-07 2.27e-07
2.4 3.8 0.762 8.77e-07 7.52e-07
2.5 3.8 0.766 1.01e-06 8.07e-07
2.6 3.8 0.77 1.14e-06 8.5e-07
2.7 3.8 0.774 1.27e-06 8.93e-07
2.8 3.8 0.778 1.39e-06 9.32e-07
2.9 3.8 0.782 1.51e-06 9.73e-07
3 3.8 0.785 1.61e-06 1e-06
3.1 3.8 0.789 1.72e-06 1.03e-06
3.2 3.8 0.793 1.81e-06 1.06e-06
3.3 3.8 0.796 1.91e-06 1.08e-06
3.4 3.8 0.8 2e-06 1.1e-06
3.5 3.8 0.803 2.08e-06 1.13e-06
3.6 3.8 0.807 2.16e-06 1.14e-06
3.7 3.8 0.81 2.24e-06 1.15e-06
3.8 3.8 0.813 2.3e-06 1.17e-06
3.9 3.8 0.816 2.36e-06 1.18e-06
4 3.8 0.82 2.42e-06 1.18e-06
4.1 3.8 0.823 2.47e-06 1.19e-06
4.2 3.8 0.826 2.52e-06 1.19e-06
4.3 3.8 0.829 2.56e-06 1.19e-06
4.4 3.8 0.832 2.6e-06 1.19e-06
4.5 3.8 0.835 2.63e-06 1.18e-06
4.6 3.8 0.837 2.66e-06 1.18e-06
4.7 3.8 0.84 2.68e-06 1.18e-06
4.8 3.8 0.843 2.7e-06 1.17e-06
4.9 3.8 0.846 2.72e-06 1.16e-06
5 3.8 0.848 2.74e-06 1.15e-06
5.1 3.8 0.851 2.75e-06 1.14e-06
5.2 3.8 0.853 2.76e-06 1.13e-06
5.3 3.8 0.856 2.75e-06 1.13e-06
5.4 3.8 0.858 2.76e-06 1.11e-06
5.5 3.8 0.861 2.76e-06 1.1e-06
5.6 3.8 0.863 2.75e-06 1.09e-06
5.7 3.8 0.865 2.75e-06 1.07e-06
5.8 3.8 0.868 2.74e-06 1.06e-06
5.9 3.8 0.87 2.73e-06 1.04e-06
6 3.8 0.872 2.71e-06 1.02e-06
6.1 3.8 0.874 2.7e-06 1.01e-06
6.2 3.8 0.876 2.68e-06 1e-06
6.3 3.8 0.878 4.85e-06 2.18e-06
6.4 3.8 0.88 4.7e-06 2.13e-06
6.5 3.8 0.882 4.55e-06 2.08e-06
6.6 3.8 0.884 4.41e-06 2.03e-06
6.7 3.8 0.885 4.26e-06 1.98e-06
6.8 3.8 0.887 4.13e-06 1.93e-06
6.9 3.8 0.889 3.99e-06 1.88e-06
7 3.8 0.891 3.86e-06 1.83e-06
7.1 3.8 0.892 3.72e-06 1.79e-06
7.2 3.8 0.894 3.6e-06 1.74e-06
7.3 3.8 0.895 3.48e-06 1.69e-06
7.4 3.8 0.897 3.36e-06 1.66e-06
7.5 3.8 0.898 3.24e-06 1.61e-06
7.6 3.8 0.9 2.74e-06 1.96e-06
7.7 3.8 0.901 2.65e-06 1.9e-06
7.8 3.8 0.903 2.56e-06 1.85e-06
7.9 3.8 0.904 2.48e-06 1.79e-06
8 3.8 0.905 2.4e-06 1.74e-06
8.1 3.8 0.906 2.32e-06 1.69e-06
8.2 3.8 0.908 2.24e-06 1.64e-06
8.3 3.8 0.909 2.17e-06 1.6e-06
8.4 3.8 0.91 2.1e-06 1.56e-06
8.5 3.8 0.911 2.03e-06 1.51e-06
8.6 3.8 0.912 1.97e-06 1.47e-06
8.7 3.8 0.913 1.9e-06 1.43e-06
8.8 3.8 0.914 1.84e-06 1.39e-06
8.9 3.8 0.915 1.78e-06 1.35e-06
9 3.8 0.916 1.73e-06 1.31e-06
9.1 3.8 0.917 1.68e-06 1.28e-06
9.2 3.8 0.918 1.62e-06 1.25e-06
9.3 3.8 0.918 1.58e-06 1.22e-06
9.4 3.8 0.919 1.53e-06 1.19e-06
9.5 3.8 0.92 1.48e-06 1.16e-06
9.6 3.8 0.921 1.44e-06 1.13e-06
9.7 3.8 0.921 1.4e-06 1.11e-06
9.8 3.8 0.922 1.37e-06 1.08e-06
9.9 3.8 0.923 1.33e-06 1.06e-06
10 3.8 0.923 1.3e-06 1.04e-06
10.1 3.8 0.924 1.26e-06 1.02e-06
10.2 3.8 0.924 1.23e-06 9.97e-07
10.3 3.8 0.925 1.21e-06 9.8e-07
10.4 3.8 0.925 1.18e-06 9.63e-07
10.5 3.8 0.926 1.16e-06 9.52e-07
10.6 3.8 0.926 1.13e-06 9.3e-07
10.7 3.8 0.927 1.12e-06 9.22e-07
10.8 3.8 0.927 1.09e-06 9.07e-07
10.9 3.8 0.927 1.07e-06 8.97e-07
11 3.8 0.928 1.06e-06 8.87e-07
11.1 3.8 0.928 1.04e-06 8.75e-07
11.2 3.8 0.928 1.03e-06 8.63e-07
11.3 3.8 0.928 1.02e-06 8.58e-07
11.4 3.8 0.928 1.01e-06 8.5e-07
11.5 3.8 0.929 1e-06 8.48e-07
11.6 3.8 0.929 9.97e-07 8.42e-07
11.7 3.8 0.929 9.9e-07 8.4e-07
11.8 3.8 0.929 9.85e-07 8.35e-07
11.9 3.8 0.929 9.82e-07 8.38e-07
12 3.8 0.929 9.8e-07 8.3e-07
12.1 3.8 0.929 9.82e-07 8.38e-07
12.2 3.8 0.929 9.85e-07 8.35e-07
12.3 3.8 0.929 9.9e-07 8.4e-07
12.4 3.8 0.929 9.97e-07 8.42e-07
12.5 3.8 0.929 1e-06 8.48e-07
12.6 3.8 0.928 1.01e-06 8.5e-07
12.7 3.8 0.928 1.02e-06 8.58e-07
12.8 3.8 0.928 1.03e-06 8.63e-07
12.9 3.8 0.928 1.04e-06 8.75e-07
13 3.8 0.928 1.06e-06 8.87e-07
13.1 3.8 0.927 1.07e-06 8.97e-07
13.2 3.8 0.927 1.09e-06 9.07e-07
13.3 3.8 0.927 1.12e-06 9.22e-07
13.4 3.8 0.926 1.13e-06 9.3e-07
13.5 3.8 0.926 1.16e-06 9.52e-07
13.6 3.8 0.925 1.18e-06 9.63e-07
13.7 3.8 0.925 1.21e-06 9.8e-07
13.8 3.8 0.924 1.23e-06 9.97e-07
13.9 3.8 0.924 1.26e-06 1.02e-06
14 3.8 0.923 1.3e-06 1.04e-06
14.1 3.8 0.923 1.33e-06 1.06e-06
14.2 3.8 0.922 1.37e-06 1.08e-06
14.3 3.8 0.921 1.4e-06 1.11e-06
14.4 3.8 0.921 1.44e-06 1.13e-06
14.5 3.8 0.92 1.48e-06 1.16e-06
14.6 3.8 0.919 1.53e-06 1.19e-06
14.7 3.8 0.918 1.58e-06 1.22e-06
14.8 3.8 0.918 1.62e-06 1.25e-06
14.9 3.8 0.917 1.68e-06 1.28e-06
15 3.8 0.916 1.73e-06 1.31e-06
15.1 3.8 0.915 1.78e-06 1.35e-06
15.2 3.8 0.914 1.84e-06 1.39e-06
15.3 3.8 0.913 1.9e-06 1.43e-06
15.4 3.8 0.912 1.97e-06 1.47e-06
15.5 3.8 0.911 2.03e-06 1.51e-06
15.6 3.8 0.91 2.1e-06 1.56e-06
15.7 3.8 0.909 2.17e-06 1.6e-06
15.8 3.8 0.908 2.24e-06 1.64e-06
15.9 3.8 0.906 2.32e-06 1.69e-06
16 3.8 0.905 2.4e-06 1.74e-06
16.1 3.8 0.904 2.48e-06 1.79e-06
16.2 3.8 0.903 2.56e-06 1.85e-06
16.3 3.8 0.901 2.65e-06 1.9e-06
16.4 3.8 0.9 2.74e-06 1.96e-06
16.5 3.8 0.898 3.24e-06 1.61e-06
16.6 3.8 0.897 3.36e-06 1.66e-06
16.7 3.8 0.895 3.48e-06 1.69e-06
16.8 3.8 0.894 3.6e-06 1.74e-06
16.9 3.8 0.892 3.72e-06 1.79e-06
17 3.8 0.891 3.86e-06 1.83e-06
17.1 3.8 0.889 3.99e-06 1.88e-06
17.2 3.8 0.887 4.13e-06 1.93e-06
17.3 3.8 0.885 4.26e-06 1.98e-06
17.4 3.8 0.884 4.41e-06 2.03e-06
17.5 3.8 0.882 4.55e-06 2.08e-06
17.6 3.8 0.88 4.7e-06 2.13e-06
17.7 3.8 0.878 4.85e-06 2.18e-06
17.8 3.8 0.876 2.68e-06 1e-06
17.9 3.8 0.874 2.7e-06 1.01e-06
18 3.8 0.872 2.71e-06 1.02e-06
18.1 3.8 0.87 2.73e-06 1.04e-06
18.2 3.8 0.868 2.74e-06 1.06e-06
18.3 3.8 0.865 2.75e-06 1.07e-06
18.4 3.8 0.863 2.75e-06 1.09e-06
18.5 3.8 0.861 2.76e-06 1.1e-06
18.6 3.8 0.858 2.76e-06 1.11e-06
18.7 3.8 0.856 2.75e-06 1.13e-06
18.8 3.8 0.853 2.76e-06 1.13e-06
18.9 3.8 0.851 2.75e-06 1.14e-06
19 3.8 0.848 2.74e-06 1.15e-06
19.1 3.8 0.846 2.72e-06 1.16e-06
19.2 3.8 0.843 2.7e-06 1.17e-06
19.3 3.8 0.84 2.68e-06 1.18e-06
19.4 3.8 0.837 2.66e-06 1.18e-06
19.5 3.8 0.835 2.63e-06 1.18e-06
19.6 3.8 0.832 2.6e-06 1.19e-06
19.7 3.8 0.829 2.56e-06 1.19e-06
19.8 3.8 0.826 2.52e-06 1.19e-06
19.9 3.8 0.823 2.47e-06 1.19e-06
20 3.8 0.82 2.42e-06 1.18e-06
20.1 3.8 0.816 2.36e-06 1.18e-06
20.2 3.8 0.813 2.3e-06 1.17e-06
20.3 3.8 0.81 2.24e-06 1.15e-06
20.4 3.8 0.807 2.16e-06 1.14e-06
20.5 3.8 0.803 2.08e-06 1.13e-06
20.6 3.8 0.8 2e-06 1.1e-06
20.7 3.8 0.796 1.91e-06 1.08e-06
20.8 3.8 0.793 1.81e-06 1.06e-06
20.9 3.8 0.789 1.72e-06 1.03e-06
21 3.8 0.785 1.61e-06 1e-06
21.1 3.8 0.782 1.51e-06 9.73e-07
21.2 3.8 0.778 1.39e-06 9.32e-07
21.3 3.8 0.774 1.27e-06 8.93e-07
21.4 3.8 0.77 1.14e-06 8.5e-07
21.5 3.8 0.766 1.01e-06 8.07e-07
21.6 3.8 0.762 8.77e-07 7.52e-07
21.7 3.8 0.758 5.63e-07 2.27e-07
21.8 3.8 0.754 4.45e-07 1.75e-07
21.9 3.8 0.75 3.25e-07 1.95e-07
22 3.8 0.745 2.02e-07 2.07e-07
22.1 3.8 0.741 1.05e-07 2.25e-07
22.2 3.8 0.737 1.82e-07 2.38e-07
22.3 3.8 0.732 2.53e-07 2.48e-07
22.4 3.8 0.728 3.32e-07 2.98e-07
22.5 3.8 0.723 4.03e-07 4.18e-07
22.6 3.8 0.719 4.85e-07 5.45e-07
22.7 3.8 0.714 5.63e-07 6.67e-07
22.8 3.8 0.71 6.38e-07 7.83e-07
22.9 3.8 0.705 5.65e-07 1.06e-06
23 3.8 0.7 6.28e-07 1.18e-06
23.1 3.8 0.695 7.18e-07 1.27e-06
23.2 3.8 0.69 8.7e-07 1.29e-06
23.3 3.8 0.685 1.34e-06 1.67e-06
23.4 3.8 0.68 4.66e-05 1.6e-05
23.5 3.8 0.675 2.67e-06 1.54e-06
23.6 3.8 0.67 1.48e-06 1.36e-06
23.7 3.8 0.665 1.13e-06 1.44e-06
23.8 3.8 0.66 1.39e-06 1.3e-06
23.9 3.8 0.655 1.7e-06 1.75e-06
24 3.8 0.65 3.38e-06 1.5e-06
24.1 3.8 0.644 6.15e-06 2.42e-06
24.2 3.8 0.639 0.000309 0.000922
24.3 3.8 0.634 2.65e-06 3.21e-06
24.4 3.8 0.628 2.17e-06 1.5e-06
24.5 3.8 0.623 2.25e-06 2.32e-06
24.6 3.8 0.617 2.47e-06 3.01e-06
24.7 3.8 0.612 2.74e-06 3.66e-06
24.8 3.8 0.606 2.29e-06 5.03e-06
24.9 3.8 0.601 2.49e-06 5.74e-06
25 3.8 0.595 2.7e-06 6.45e-06
25.1 3.8 0.589 2.9e-06 7.13e-06
25.2 3.8 0.584 3.11e-06 7.81e-06
25.3 3.8 0.578 2.56e-06 3.67e-06
25.4 3.8 0.572 2.61e-06 3.72e-06
25.5 3.8 0.567 2.66e-06 3.78e-06
25.6 3.8 0.561 2.7e-06 3.82e-06
25.7 3.8 0.555 2.75e-06 3.86e-06
25.8 3.8 0.549 2.79e-06 3.89e-06
25.9 3.8 0.543 2.82e-06 3.92e-06
26 3.8 0.538 2.86e-06 3.93e-06
26.1 3.8 0.532 2.88e-06 3.95e-06
26.2 3.8 0.526 2.91e-06 3.96e-06
26.3 3.8 0.52 2.93e-06 3.97e-06
26.4 3.8 0.514 2.94e-06 3.98e-06
26.5 3.8 0.508 2.95e-06 3.98e-06
26.6 3.8 0.502 2.95e-06 3.98e-06
26.7 3.8 0.497 2.95e-06 3.97e-06
26.8 3.8 0.491 2.94e-06 3.96e-06
26.9 3.8 0.485 2.94e-06 3.95e-06
27 3.8 0.479 2.92e-06 3.95e-06
27.1 3.8 0.473 2.9e-06 3.93e-06
27.2 3.8 0.467 2.87e-06 3.91e-06
27.3 3.8 0.461 2.84e-06 3.89e-06
27.4 3.8 0.455 2.81e-06 3.87e-06
27.5 3.8 0.449 2.78e-06 3.84e-06
27.6 3.8 0.444 2.65e-06 3.9e-06
27.7 3.8 0.438 2.65e-06 3.82e-06
27.8 3.8 0.432 2.6e-06 3.8e-06
27.9 3.8 0.426 2.54e-06 3.77e-06
28 3.8 0.42 2.47e-06 3.74e-06
28.1 3.8 0.414 2.41e-06 3.7e-06
28.2 3.8 0.409 2.34e-06 3.67e-06
28.3 3.8 0.403 2.26e-06 3.63e-06
28.4 3.8 0.397 2.18e-06 3.6e-06
28.5 3.8 0.391 2.09e-06 3.55e-06
28.6 3.8 0.386 2.01e-06 3.51e-06
28.7 3.8 0.38 1.91e-06 3.47e-06
28.8 3.8 0.374 1.82e-06 3.42e-06
28.9 3.8 0.369 1.72e-06 3.37e-06
29 3.8 0.363 1.62e-06 3.32e-06
29.1 3.8 0.358 1.51e-06 3.27e-06
29.2 3.8 0.352 1.39e-06 3.22e-06
29.3 3.8 0.347 1.26e-06 3.17e-06
29.4 3.8 0.341 1.26e-06 3.14e-06
29.5 3.8 0.336 1.51e-06 3.14e-06
29.6 3.8 0.331 2.13e-06 3.27e-06
29.7 3.8 0.325 5.97e-06 4.45e-06
29.8 3.8 0.32 2.23e-06 2.92e-06
29.9 3.8 0.315 1.53e-06 2.03e-06
30 3.8 0.31 1.39e-06 2.1e-06
30.1 3.8 0.304 1.37e-06 2.08e-06
30.2 3.8 0.299 1.38e-06 2.02e-06
30.3 3.8 0.294 1.44e-06 1.95e-06
30.4 3.8 0.289 1.56e-06 1.89e-06
30.5 3.8 0.284 1.81e-06 1.87e-06
30.6 3.8 0.279 2.44e-06 1.96e-06
30.7 3.8 0.274 5.49e-06 2.84e-06
30.8 3.8 0.27 2.43e-06 5.23e-06
30.9 3.8 0.265 9.8e-07 1.11e-06
31 3.8 0.26 6.75e-07 4.35e-07
31.1 3.8 0.255 5.05e-07 3.15e-07
31.2 3.8 0.251 3.67e-07 1.63e-07
31.3 3.8 0.246 3.9e-07 2.5e-07
31.4 3.8 0.242 1.7e-07 8e-08
31.5 3.8 0.237 7.75e-08 1.12e-07
31.6 3.8 0.233 2.05e-07 1.65e-07
31.7 3.8 0.228 3.35e-07 2.25e-07
31.8 3.8 0.224 4.7e-07 3e-07
31.9 3.8 0.22 6.15e-07 3.85e-07
32 3.8 0.216 7.6e-07 4.7e-07
32.1 3.8 0.211 9.1e-07 5.7e-07
32.2 3.8 0.207 1.08e-06 6.93e-07
32.3 3.8 0.203 1.24e-06 8.18e-07
32.4 3.8 0.199 1.67e-06 7.38e-07
32.5 3.8 0.195 1.91e-06 9.07e-07
32.6 3.8 0.192 2.19e-06 1.14e-06
32.7 3.8 0.188 2.57e-06 1.48e-06
32.8 3.8 0.184 3.12e-06 2.1e-06
32.9 3.8 0.18 4.24e-06 3.6e-06
33 3.8 0.177 9.06e-06 1.3e-05
33.1 3.8 0.175 0.00545 0.00182
33.2 3.8 0.17 5.39e-06 4.74e-06
33.3 3.8 0.166 2.31e-06 3.02e-06
33.4 3.8 0.163 1.31e-06 2.39e-06
33.5 3.8 0.159 6.58e-06 2.92e-06
33.6 3.8 0.156 6.87e-06 2.7e-06
33.7 3.8 0.153 1.18e-05 5.59e-06
33.8 3.8 0.149 1.13e-05 5.48e-06
33.9 3.8 0.146 1.07e-05 5.34e-06
34 3.8 0.143 1.02e-05 5.19e-06
34.1 3.8 0.14 8.4e-06 6.16e-06
34.2 3.8 0.137 7.88e-06 5.87e-06
34.3 3.8 0.134 7.37e-06 5.56e-06
34.4 3.8 0.131 6.84e-06 5.25e-06
34.5 3.8 0.128 6.31e-06 4.93e-06
34.6 3.8 0.126 5.78e-06 4.61e-06
34.7 3.8 0.123 5.24e-06 4.28e-06
34.8 3.8 0.12 4.71e-06 3.96e-06
34.9 3.8 0.118 4.19e-06 3.63e-06
35 3.8 0.115 2.04e-06 9.22e-07
35.1 3.8 0.112 2.03e-06 8.8e-07
35.2 3.8 0.11 2.01e-06 8.4e-07
35.3 3.8 0.107 1.99e-06 8.05e-07
35.4 3.8 0.105 1.96e-06 7.65e-07
35.5 3.8 0.103 1.93e-06 7.28e-07
35.6 3.8 0.1 1.9e-06 6.93e-07
35.7 3.8 0.098 1.86e-06 6.56e-07
35.8 3.8 0.0958 1.83e-06 6.32e-07
35.9 3.8 0.0936 1.78e-06 6.28e-07
36 3.8 0.0915 1.74e-06 6.23e-07
36.1 3.8 0.0894 1.69e-06 6.16e-07
36.2 3.8 0.0873 1.65e-06 6.08e-07
36.3 3.8 0.0853 1.6e-06 6e-07
36.4 3.8 0.0833 1.55e-06 5.9e-07
36.5 3.8 0.0814 1.49e-06 5.79e-07
36.6 3.8 0.0795 1.44e-06 5.68e-07
36.7 3.8 0.0777 1.39e-06 5.55e-07
36.8 3.8 0.0758 1.33e-06 5.43e-07
36.9 3.8 0.0741 1.28e-06 5.31e-07
37 3.8 0.0723 1.23e-06 5.18e-07
37.1 3.8 0.0706 1.17e-06 5.04e-07
37.2 3.8 0.069 1.12e-06 4.91e-07
37.3 3.8 0.0673 1.07e-06 4.77e-07
37.4 3.8 0.0657 1.01e-06 4.65e-07
37.5 3.8 0.0642 9.6e-07 4.52e-07
37.6 3.8 0.0626 9.09e-07 4.39e-07
37.7 3.8 0.0611 8.58e-07 4.28e-07
37.8 3.8 0.0597 8.09e-07 4.18e-07
37.9 3.8 0.0583 7.62e-07 4.09e-07
38 3.8 0.0569 7.16e-07 4.02e-07
38.1 3.8 0.0555 6.72e-07 3.98e-07
38.2 3.8 0.0542 6.31e-07 3.96e-07
38.3 3.8 0.0528 5.91e-07 4.01e-07
38.4 3.8 0.0516 5.56e-07 4.15e-07
38.5 3.8 0.0503 5.28e-07 4.45e-07
38.6 3.8 0.0491 5.12e-07 5.07e-07
38.7 3.8 0.0479 5.24e-07 6.53e-07
38.8 3.8 0.0467 6.67e-07 1.18e-06
38.9 3.8 0.0456 4.89e-06 1.88e-06
39 3.8 0.0445 5.37e-07 4.08e-07
39.1 3.8 0.0434 2.24e-07 2.79e-07
39.2 3.8 0.0423 1.2e-07 2.2e-07
39.3 3.8 0.0413 7.67e-08 1.8e-07
39.4 3.8 0.0403 6.35e-08 1.51e-07
39.5 3.8 0.0393 4.67e-08 1.25e-07
39.6 3.8 0.0383 3.85e-08 1.03e-07
39.7 3.8 0.0374 1.22e-07 1.21e-07
39.8 3.8 0.0365 5.15e-08 9.35e-08
39.9 3.8 0.0356 4.22e-08 5.38e-08
40 3.8 0.0347 6.97e-08 4.93e-08
40.1 3.8 0.0338 9.7e-08 9.7e-08
40.2 3.8 0.033 9.63e-08 1.69e-07
40.3 3.8 0.0322 1.14e-07 2.19e-07
40.4 3.8 0.0314 1.32e-07 2.65e-07
40.5 3.8 0.0306 1.49e-07 3.08e-07
40.6 3.8 0.0298 1.64e-07 3.5e-07
40.7 3.8 0.0291 1.79e-07 3.88e-07
40.8 3.8 0.0283 1.93e-07 4.24e-07
40.9 3.8 0.0276 2.07e-07 4.57e-07
41 3.8 0.0269 1.14e-07 2.24e-07
41.1 3.8 0.0263 1.15e-07 2.36e-07
41.2 3.8 0.0256 1.17e-07 2.46e-07
41.3 3.8 0.025 1.18e-07 2.56e-07
41.4 3.8 0.0243 1.19e-07 2.65e-07
41.5 3.8 0.0237 1.2e-07 2.73e-07
41.6 3.8 0.0231 1.2e-07 2.8e-07
41.7 3.8 0.0226 1.2e-07 2.87e-07
41.8 3.8 0.022 1.21e-07 2.93e-07
41.9 3.8 0.0214 1.21e-07 2.98e-07
42 3.8 0.0209 1.21e-07 3.03e-07
42.1 3.8 0.0204 1.21e-07 3.08e-07
42.2 3.8 0.0198 1.2e-07 3.11e-07
42.3 3.8 0.0193 1.19e-07 3.15e-07
42.4 3.8 0.0189 1.19e-07 3.17e-07
42.5 3.8 0.0184 1.18e-07 3.19e-07
42.6 3.8 0.0179 1.18e-07 3.21e-07
42.7 3.8 0.0175 1.17e-07 3.22e-07
42.8 3.8 0.017 1.15e-07 3.23e-07
42.9 3.8 0.0166 1.14e-07 3.24e-07
43 3.8 0.0162 1.13e-07 3.23e-07
43.1 3.8 0.0158 1.12e-07 3.23e-07
43.2 3.8 0.0154 1.12e-07 3.23e-07
43.3 3.8 0.015 1.12e-07 3.21e-07
43.4 3.8 0.0146 1.12e-07 3.2e-07
43.5 3.8 0.0142 1.12e-07 3.19e-07
43.6 3.8 0.0138 1.11e-07 3.18e-07
43.7 3.8 0.0135 1.11e-07 3.15e-07
43.8 3.8 0.0131 1.11e-07 3.13e-07
43.9 3.8 0.0128 1.1e-07 3.11e-07
44 3.8 0.0125 1.09e-07 3.09e-07
44.1 3.8 0.0122 1.08e-07 3.05e-07
44.2 3.8 0.0119 1.07e-07 3.03e-07
44.3 3.8 0.0116 1.06e-07 3e-07
44.4 3.8 0.0113 1.05e-07 2.96e-07
44.5 3.8 0.011 1.05e-07 2.93e-07
44.6 3.8 0.0107 1.03e-07 2.91e-07
44.7 3.8 0.0104 1.02e-07 2.86e-07
44.8 3.8 0.0101 1.01e-07 2.83e-07
44.9 3.8 0.00989 9.99e-08 2.79e-07
45 3.8 0.00964 9.87e-08 2.76e-07
45.1 3.8 0.00939 9.75e-08 2.72e-07
45.2 3.8 0.00915 9.63e-08 2.68e-07
45.3 3.8 0.00891 9.49e-08 2.64e-07
45.4 3.8 0.00868 9.36e-08 2.6e-07
45.5 3.8 0.00846 9.24e-08 2.56e-07
45.6 3.8 0.00824 9.1e-08 2.52e-07
45.7 3.8 0.00803 8.96e-08 2.48e-07
45.8 3.8 0.00783 8.83e-08 2.44e-07
45.9 3.8 0.00762 8.69e-08 2.4e-07
46 3.8 0.00743 8.55e-08 2.36e-07
46.1 3.8 0.00724 8.42e-08 2.32e-07
46.2 3.8 0.00705 8.28e-08 2.28e-07
46.3 3.8 0.00687 8.14e-08 2.24e-07
46.4 3.8 0.00669 8e-08 2.2e-07
46.5 3.8 0.00652 7.86e-08 2.16e-07
46.6 3.8 0.00635 7.73e-08 2.12e-07
46.7 3.8 0.00619 7.59e-08 2.08e-07
46.8 3.8 0.00603 7.46e-08 2.04e-07
46.9 3.8 0.00587 7.32e-08 2e-07
47 3.8 0.00572 7.19e-08 1.97e-07
47.1 3.8 0.00558 7.05e-08 1.93e-07
47.2 3.8 0.00543 6.91e-08 1.89e-07
47.3 3.8 0.00529 6.79e-08 1.85e-07
47.4 3.8 0.00516 6.65e-08 1.81e-07
47.5 3.8 0.00502 6.53e-08 1.78e-07
47.6 3.8 0.00489 6.4e-08 1.74e-07
47.7 3.8 0.00477 6.27e-08 1.71e-07
47.8 3.8 0.00464 6.15e-08 1.67e-07
47.9 3.8 0.00452 6.03e-08 1.64e-07
48 3.8 0.00441 5.91e-08 1.6e-07
48.1 3.8 0.00429 5.78e-08 1.57e-07
48.2 3.8 0.00418 5.66e-08 1.53e-07
48.3 3.8 0.00407 5.55e-08 1.5e-07
48.4 3.8 0.00397 5.43e-08 1.47e-07
48.5 3.8 0.00387 5.31e-08 1.44e-07
48.6 3.8 0.00377 5.2e-08 1.41e-07
48.7 3.8 0.00367 5.09e-08 1.38e-07
48.8 3.8 0.00357 4.98e-08 1.35e-07
48.9 3.8 0.00348 4.88e-08 1.32e-07
49 3.8 0.00339 4.78e-08 1.29e-07
49.1 3.8 0.0033 4.67e-08 1.26e-07
49.2 3.8 0.00322 4.57e-08 1.23e-07
49.3 3.8 0.00314 4.46e-08 1.2e-07
49.4 3.8 0.00305 4.37e-08 1.17e-07
49.5 3.8 0.00298 4.27e-08 1.15e-07
49.6 3.8 0.0029 4.18e-08 1.12e-07
49.7 3.8 0.00282 4.08e-08 1.1e-07
49.8 3.8 0.00275 4e-08 1.07e-07
49.9 3.8 0.00268 3.91e-08 1.05e-07
50 3.8 0.00261 3.82e-08 1.02e-07
50.1 3.8 0.00254 3.73e-08 9.98e-08
50.2 3.8 0.00248 3.65e-08 9.74e-08
50.3 3.8 0.00241 3.57e-08 9.52e-08
50.4 3.8 0.00235 3.49e-08 9.29e-08
50.5 3.8 0.00229 3.41e-08 9.07e-08
50.6 3.8 0.00223 3.33e-08 8.85e-08
50.7 3.8 0.00217 3.25e-08 8.64e-08
50.8 3.8 0.00212 3.18e-08 8.43e-08
50.9 3.8 0.00206 3.11e-08 8.23e-08
51 3.8 0.00201 3.04e-08 8.03e-08
51.1 3.8 0.00196 2.97e-08 7.84e-08
51.2 3.8 0.00191 2.9e-08 7.65e-08
51.3 3.8 0.00186 2.84e-08 7.47e-08
51.4 3.8 0.00181 2.78e-08 7.28e-08
51.5 3.8 0.00176 2.71e-08 7.1e-08
51.6 3.8 0.00172 2.65e-08 6.93e-08
51.7 3.8 0.00167 2.59e-08 6.75e-08
51.8 3.8 0.00163 2.54e-08 6.58e-08
51.9 3.8 0.00159 2.49e-08 6.42e-08
52 3.8 0.00154 2.44e-08 6.24e-08
52.1 3.8 0.0015 2.39e-08 6.08e-08
52.2 3.8 0.00147 2.35e-08 5.91e-08
52.3 3.8 0.00143 2.31e-08 5.76e-08
52.4 3.8 0.00139 2.28e-08 5.59e-08
52.5 3.8 0.00135 2.26e-08 5.42e-08
52.6 3.8 0.00132 2.26e-08 5.23e-08
52.7 3.8 0.00128 2.3e-08 5e-08
52.8 3.8 0.00125 2.47e-08 4.66e-08
52.9 3.8 0.00122 3.57e-08 3.38e-08
53 3.8 0.00119 5.19e-08 6.07e-08
53.1 3.8 0.00116 3.09e-08 5.27e-08
53.2 3.8 0.00113 2.53e-08 4.97e-08
53.3 3.8 0.0011 2.26e-08 4.78e-08
53.4 3.8 0.00107 2.08e-08 4.62e-08
53.5 3.8 0.00104 1.95e-08 4.48e-08
53.6 3.8 0.00101 1.86e-08 4.36e-08
53.7 3.8 0.000988 1.77e-08 4.23e-08
53.8 3.8 0.000962 1.7e-08 4.12e-08
53.9 3.8 0.000937 1.64e-08 4.01e-08
54 3.8 0.000913 1.58e-08 3.9e-08
54.1 3.8 0.000889 1.53e-08 3.8e-08
54.2 3.8 0.000866 1.48e-08 3.7e-08
54.3 3.8 0.000844 1.43e-08 3.61e-08
54.4 3.8 0.000822 1.39e-08 3.51e-08
54.5 3.8 0.000801 1.35e-08 3.42e-08
54.6 3.8 0.00078 1.31e-08 3.34e-08
54.7 3.8 0.00076 1.27e-08 3.25e-08
54.8 3.8 0.00074 1.24e-08 3.17e-08
54.9 3.8 0.000721 1.2e-08 3.09e-08
55 3.8 0.000702 1.17e-08 3.01e-08
55.1 3.8 0.000684 1.14e-08 2.93e-08
55.2 3.8 0.000666 1.11e-08 2.86e-08
55.3 3.8 0.000649 1.08e-08 2.78e-08
55.4 3.8 0.000632 1.05e-08 2.71e-08
55.5 3.8 0.000616 1.02e-08 2.64e-08
55.6 3.8 0.0006 9.91e-09 2.57e-08
55.7 3.8 0.000584 9.65e-09 2.51e-08
55.8 3.8 0.000569 9.39e-09 2.45e-08
55.9 3.8 0.000554 9.15e-09 2.38e-08
56 3.8 0.00054 8.9e-09 2.32e-08
56.1 3.8 0.000526 8.66e-09 2.26e-08
56.2 3.8 0.000512 8.44e-09 2.2e-08
56.3 3.8 0.000499 8.22e-09 2.15e-08
56.4 3.8 0.000486 8e-09 2.09e-08
56.5 3.8 0.000473 7.79e-09 2.04e-08
56.6 3.8 0.000461 7.59e-09 1.99e-08
56.7 3.8 0.000449 7.39e-09 1.94e-08
56.8 3.8 0.000437 7.19e-09 1.89e-08
56.9 3.8 0.000426 7e-09 1.84e-08
57 3.8 0.000415 6.82e-09 1.79e-08
57.1 3.8 0.000404 6.65e-09 1.75e-08
57.2 3.8 0.000394 6.47e-09 1.7e-08
57.3 3.8 0.000383 6.31e-09 1.66e-08
57.4 3.8 0.000374 6.14e-09 1.61e-08
57.5 3.8 0.000364 5.98e-09 1.57e-08
57.6 3.8 0.000354 5.82e-09 1.53e-08
57.7 3.8 0.000345 5.67e-09 1.49e-08
57.8 3.8 0.000336 5.52e-09 1.46e-08
57.9 3.8 0.000327 5.38e-09 1.42e-08
58 3.8 0.000319 5.24e-09 1.38e-08
58.1 3.8 0.000311 5.11e-09 1.35e-08
58.2 3.8 0.000303 4.97e-09 1.31e-08
58.3 3.8 0.000295 4.84e-09 1.28e-08
58.4 3.8 0.000287 4.72e-09 1.25e-08
58.5 3.8 0.00028 4.59e-09 1.21e-08
58.6 3.8 0.000272 4.48e-09 1.18e-08
58.7 3.8 0.000265 4.36e-09 1.15e-08
58.8 3.8 0.000258 4.25e-09 1.12e-08
58.9 3.8 0.000252 4.14e-09 1.09e-08
59 3.8 0.000245 4.04e-09 1.06e-08
59.1 3.8 0.000239 3.93e-09 1.04e-08
59.2 3.8 0.000233 3.83e-09 1.01e-08
59.3 3.8 0.000227 3.72e-09 9.84e-09
59.4 3.8 0.000221 3.63e-09 9.59e-09
59.5 3.8 0.000215 3.53e-09 9.35e-09
59.6 3.8 0.000209 3.44e-09 9.1e-09
59.7 3.8 0.000204 3.35e-09 8.87e-09
59.8 3.8 0.000199 3.27e-09 8.63e-09
59.9 3.8 0.000193 3.18e-09 8.42e-09
60 3.8 0.000188 3.1e-09 8.2e-09
60.1 3.8 0.000184 3.02e-09 7.98e-09
60.2 3.8 0.000179 2.94e-09 7.78e-09
60.3 3.8 0.000174 2.87e-09 7.58e-09
60.4 3.8 0.00017 2.79e-09 7.38e-09
60.5 3.8 0.000165 2.72e-09 7.2e-09
60.6 3.8 0.000161 2.65e-09 7.01e-09
60.7 3.8 0.000157 2.58e-09 6.83e-09
60.8 3.8 0.000153 2.51e-09 6.66e-09
60.9 3.8 0.000149 2.45e-09 6.48e-09
61 3.8 0.000145 2.38e-09 6.31e-09
61.1 3.8 0.000141 2.32e-09 6.15e-09
61.2 3.8 0.000137 2.26e-09 5.99e-09
61.3 3.8 0.000134 2.2e-09 5.84e-09
61.4 3.8 0.00013 2.14e-09 5.69e-09
61.5 3.8 0.000127 2.09e-09 5.53e-09
61.6 3.8 0.000124 2.04e-09 5.39e-09
61.7 3.8 0.000121 1.98e-09 5.25e-09
61.8 3.8 0.000117 1.93e-09 5.12e-09
61.9 3.8 0.000114 1.88e-09 4.99e-09
62 3.8 0.000111 1.83e-09 4.86e-09
62.1 3.8 0.000108 1.78e-09 4.73e-09
62.2 3.8 0.000106 1.74e-09 4.61e-09
62.3 3.8 0.000103 1.69e-09 4.49e-09
62.4 3.8 0.0001 1.65e-09 4.38e-09
62.5 3.8 9.76e-05 1.61e-09 4.26e-09
62.6 3.8 9.51e-05 1.57e-09 4.15e-09
62.7 3.8 9.26e-05 1.53e-09 4.04e-09
62.8 3.8 9.02e-05 1.49e-09 3.94e-09
62.9 3.8 8.79e-05 1.45e-09 3.84e-09
63 3.8 8.56e-05 1.41e-09 3.74e-09
63.1 3.8 8.34e-05 1.37e-09 3.64e-09
63.2 3.8 8.12e-05 1.34e-09 3.55e-09
63.3 3.8 7.91e-05 1.3e-09 3.46e-09
63.4 3.8 7.7e-05 1.27e-09 3.36e-09
63.5 3.8 7.5e-05 1.24e-09 3.28e-09
63.6 3.8 7.31e-05 1.2e-09 3.19e-09
63.7 3.8 7.12e-05 1.17e-09 3.11e-09
63.8 3.8 6.93e-05 1.14e-09 3.03e-09
63.9 3.8 6.75e-05 1.11e-09 2.95e-09
64 3.8 6.58e-05 1.08e-09 2.88e-09
64.1 3.8 6.41e-05 1.06e-09 2.8e-09
64.2 3.8 6.24e-05 1.03e-09 2.73e-09
64.3 3.8 6.08e-05 1e-09 2.66e-09
64.4 3.8 5.92e-05 9.75e-10 2.59e-09
64.5 3.8 5.77e-05 9.5e-10 2.52e-09
64.6 3.8 5.62e-05 9.26e-10 2.46e-09
64.7 3.8 5.47e-05 9.02e-10 2.39e-09
64.8 3.8 5.33e-05 8.79e-10 2.33e-09
64.9 3.8 5.19e-05 8.55e-10 2.27e-09
65 3.8 5.06e-05 8.33e-10 2.21e-09
65.1 3.8 4.93e-05 8.12e-10 2.15e-09
65.2 3.8 4.8e-05 7.9e-10 2.1e-09
65.3 3.8 4.67e-05 7.7e-10 2.04e-09
65.4 3.8 4.55e-05 7.51e-10 1.99e-09
65.5 3.8 4.43e-05 7.31e-10 1.94e-09
65.6 3.8 4.32e-05 7.11e-10 1.89e-09
65.7 3.8 4.21e-05 6.94e-10 1.84e-09
65.8 3.8 4.1e-05 6.75e-10 1.79e-09
65.9 3.8 3.99e-05 6.58e-10 1.75e-09
66 3.8 3.89e-05 6.41e-10 1.7e-09
66.1 3.8 3.79e-05 6.24e-10 1.66e-09
66.2 3.8 3.69e-05 6.08e-10 1.61e-09
66.3 3.8 3.59e-05 5.92e-10 1.57e-09
66.4 3.8 3.5e-05 5.77e-10 1.53e-09
66.5 3.8 3.41e-05 5.61e-10 1.49e-09
66.6 3.8 3.32e-05 5.48e-10 1.45e-09
66.7 3.8 3.23e-05 5.33e-10 1.41e-09
66.8 3.8 3.15e-05 5.19e-10 1.38e-09
66.9 3.8 3.07e-05 5.05e-10 1.34e-09
67 3.8 2.99e-05 4.92e-10 1.31e-09
67.1 3.8 2.91e-05 4.8e-10 1.27e-09
67.2 3.8 2.83e-05 4.67e-10 1.24e-09
67.3 3.8 2.76e-05 4.55e-10 1.21e-09
67.4 3.8 2.69e-05 4.44e-10 1.18e-09
67.5 3.8 2.62e-05 4.31e-10 1.15e-09
67.6 3.8 2.55e-05 4.2e-10 1.12e-09
67.7 3.8 2.49e-05 4.1e-10 1.09e-09
67.8 3.8 2.42e-05 3.99e-10 1.06e-09
67.9 3.8 2.36e-05 3.89e-10 1.03e-09
68 3.8 2.3e-05 3.78e-10 1e-09
68.1 3.8 2.24e-05 3.68e-10 9.79e-10
68.2 3.8 2.18e-05 3.59e-10 9.54e-10
68.3 3.8 2.12e-05 3.5e-10 9.29e-10
68.4 3.8 2.07e-05 3.41e-10 9.05e-10
68.5 3.8 2.01e-05 3.32e-10 8.81e-10
68.6 3.8 1.96e-05 3.24e-10 8.58e-10
68.7 3.8 1.91e-05 3.15e-10 8.36e-10
68.8 3.8 1.86e-05 3.06e-10 8.15e-10
68.9 3.8 1.81e-05 2.99e-10 7.93e-10
69 3.8 1.77e-05 2.91e-10 7.73e-10
69.1 3.8 1.72e-05 2.84e-10 7.52e-10
69.2 3.8 1.67e-05 2.76e-10 7.33e-10
69.3 3.8 1.63e-05 2.69e-10 7.14e-10
69.4 3.8 1.59e-05 2.62e-10 6.95e-10
69.5 3.8 1.55e-05 2.55e-10 6.77e-10
69.6 3.8 1.51e-05 2.49e-10 6.6e-10
69.7 3.8 1.47e-05 2.42e-10 6.43e-10
69.8 3.8 1.43e-05 2.36e-10 6.26e-10
69.9 3.8 1.39e-05 2.29e-10 6.1e-10
70 3.8 1.36e-05 2.24e-10 5.94e-10
70.1 3.8 1.32e-05 2.18e-10 5.78e-10
70.2 3.8 1.29e-05 2.12e-10 5.64e-10
70.3 3.8 1.25e-05 2.07e-10 5.49e-10
70.4 3.8 1.22e-05 2.02e-10 5.34e-10
70.5 3.8 1.19e-05 1.96e-10 5.21e-10
70.6 3.8 1.16e-05 1.92e-10 5.07e-10
70.7 3.8 1.13e-05 1.86e-10 4.94e-10
70.8 3.8 1.1e-05 1.81e-10 4.82e-10
70.9 3.8 1.07e-05 1.77e-10 4.68e-10
71 3.8 1.04e-05 1.72e-10 4.57e-10
71.1 3.8 1.02e-05 1.67e-10 4.45e-10
71.2 3.8 9.89e-06 1.63e-10 4.33e-10
71.3 3.8 9.64e-06 1.59e-10 4.22e-10
71.4 3.8 9.39e-06 1.55e-10 4.11e-10
71.5 3.8 9.14e-06 1.51e-10 4e-10
71.6 3.8 8.9e-06 1.47e-10 3.9e-10
71.7 3.8 8.67e-06 1.43e-10 3.8e-10
71.8 3.8 8.45e-06 1.39e-10 3.7e-10
71.9 3.8 8.23e-06 1.36e-10 3.6e-10
72 3.8 8.02e-06 1.32e-10 3.51e-10
72.1 3.8 7.81e-06 1.29e-10 3.42e-10
72.2 3.8 7.6e-06 1.25e-10 3.33e-10
72.3 3.8 7.41e-06 1.22e-10 3.24e-10
72.4 3.8 7.21e-06 1.19e-10 3.16e-10
72.5 3.8 7.03e-06 1.16e-10 3.08e-10
72.6 3.8 6.84e-06 1.13e-10 3e-10
72.7 3.8 6.67e-06 1.1e-10 2.92e-10
72.8 3.8 6.49e-06 1.07e-10 2.84e-10
72.9 3.8 6.32e-06 1.04e-10 2.77e-10
73 3.8 6.16e-06 1.02e-10 2.7e-10
85.6 3.8 2.24e-07 3.69e-12 9.8e-12
85.7 3.8 2.18e-07 3.59e-12 9.54e-12
85.8 3.8 2.12e-07 3.5e-12 9.29e-12
85.9 3.8 2.07e-07 3.41e-12 9.05e-12
86 3.8 2.01e-07 3.32e-12 8.82e-12
86.1 3.8 1.96e-07 3.23e-12 8.59e-12
86.2 3.8 1.91e-07 3.16e-12 8.37e-12
86.3 3.8 1.86e-07 3.07e-12 8.15e-12
86.4 3.8 1.81e-07 2.99e-12 7.94e-12
86.5 3.8 1.76e-07 2.91e-12 7.73e-12
86.6 3.8 1.72e-07 2.83e-12 7.53e-12
86.7 3.8 1.67e-07 2.76e-12 7.33e-12
86.8 3.8 1.63e-07 2.69e-12 7.14e-12
86.9 3.8 1.59e-07 2.62e-12 6.96e-12
87 3.8 1.55e-07 2.55e-12 6.78e-12
87.1 3.8 1.51e-07 2.49e-12 6.6e-12
87.2 3.8 1.47e-07 2.42e-12 6.43e-12
87.3 3.8 1.43e-07 2.36e-12 6.26e-12
87.4 3.8 1.39e-07 2.29e-12 6.1e-12
87.5 3.8 1.36e-07 2.24e-12 5.94e-12
87.6 3.8 1.32e-07 2.18e-12 5.78e-12
87.7 3.8 1.29e-07 2.12e-12 5.64e-12
87.8 3.8 1.25e-07 2.07e-12 5.49e-12
87.9 3.8 1.22e-07 2.01e-12 5.35e-12
88 3.8 1.19e-07 1.96e-12 5.21e-12
88.1 3.8 1.16e-07 1.91e-12 5.08e-12
88.2 3.8 1.13e-07 1.86e-12 4.94e-12
88.3 3.8 1.1e-07 1.82e-12 4.81e-12
88.4 3.8 1.07e-07 1.77e-12 4.69e-12
88.5 3.8 1.04e-07 1.72e-12 4.56e-12
88.6 3.8 1.02e-07 1.68e-12 4.44e-12
88.7 3.8 9.89e-08 1.63e-12 4.33e-12
88.8 3.8 9.64e-08 1.59e-12 4.22e-12
88.9 3.8 9.39e-08 1.55e-12 4.11e-12
89 3.8 9.14e-08 1.51e-12 4e-12
89.1 3.8 8.9e-08 1.47e-12 3.9e-12
89.2 3.8 8.67e-08 1.43e-12 3.8e-12
89.3 3.8 8.45e-08 1.39e-12 3.7e-12
89.4 3.8 8.23e-08 1.36e-12 3.6e-12
89.5 3.8 8.01e-08 1.32e-12 3.51e-12
89.6 3.8 7.81e-08 1.29e-12 3.42e-12
89.7 3.8 7.6e-08 1.25e-12 3.33e-12
89.8 3.8 7.41e-08 1.22e-12 3.24e-12
89.9 3.8 7.21e-08 1.19e-12 3.16e-12
90 3.8 7.03e-08 1.16e-12 3.08e-12
90.1 3.8 6.84e-08 1.13e-12 3e-12
90.2 3.8 6.67e-08 1.1e-12 2.92e-12
90.3 3.8 6.49e-08 1.07e-12 2.84e-12
90.4 3.8 6.32e-08 1.04e-12 2.77e-12
90.5 3.8 6.16e-08 1.02e-12 2.7e-12
90.6 3.8 6e-08 9.9e-13 2.63e-12
90.7 3.8 5.84e-08 9.64e-13 2.56e-12
90.8 3.8 5.69e-08 9.39e-13 2.49e-12
90.9 3.8 5.54e-08 9.14e-13 2.43e-12
91 3.8 5.4e-08 8.91e-13 2.37e-12
91.1 3.8 5.26e-08 8.67e-13 2.3e-12
91.2 3.8 5.12e-08 8.45e-13 2.24e-12
91.3 3.8 4.99e-08 8.23e-13 2.19e-12
91.4 3.8 4.86e-08 8.02e-13 2.13e-12
91.5 3.8 4.73e-08 7.81e-13 2.07e-12
91.6 3.8 4.61e-08 7.6e-13 2.02e-12
91.7 3.8 4.49e-08 7.41e-13 1.97e-12
91.8 3.8 4.38e-08 7.22e-13 1.92e-12
91.9 3.8 4.26e-08 7.03e-13 1.87e-12
92 3.8 4.15e-08 6.85e-13 1.82e-12
92.1 3.8 4.04e-08 6.67e-13 1.77e-12
92.2 3.8 3.94e-08 6.49e-13 1.72e-12
92.3 3.8 3.84e-08 6.33e-13 1.68e-12
92.4 3.8 3.74e-08 6.16e-13 1.64e-12
92.5 3.8 3.64e-08 6e-13 1.59e-12
92.6 3.8 3.54e-08 5.85e-13 1.55e-12
92.7 3.8 3.45e-08 5.69e-13 1.51e-12
92.8 3.8 3.36e-08 5.55e-13 1.47e-12
92.9 3.8 3.28e-08 5.4e-13 1.43e-12
93 3.8 3.19e-08 5.26e-13 1.4e-12
93.1 3.8 3.11e-08 5.13e-13 1.36e-12
93.2 3.8 3.03e-08 4.99e-13 1.33e-12
93.3 3.8 2.95e-08 4.86e-13 1.29e-12
93.4 3.8 2.87e-08 4.74e-13 1.26e-12
93.5 3.8 2.8e-08 4.61e-13 1.22e-12
93.6 3.8 2.72e-08 4.49e-13 1.19e-12
93.7 3.8 2.65e-08 4.38e-13 1.16e-12
93.8 3.8 2.58e-08 4.26e-13 1.13e-12
93.9 3.8 2.52e-08 4.15e-13 1.1e-12
94 3.8 2.45e-08 4.05e-13 1.07e-12
94.1 3.8 2.39e-08 3.94e-13 1.05e-12
94.2 3.8 2.33e-08 3.84e-13 1.02e-12
94.3 3.8 2.27e-08 3.74e-13 9.93e-13
94.4 3.8 2.21e-08 3.64e-13 9.67e-13
94.5 3.8 2.15e-08 3.55e-13 9.41e-13
94.6 3.8 2.09e-08 3.45e-13 9.18e-13
94.7 3.8 2.04e-08 3.36e-13 8.93e-13
94.8 3.8 1.99e-08 3.28e-13 8.7e-13
94.9 3.8 1.94e-08 3.19e-13 8.47e-13
95 3.8 1.88e-08 3.11e-13 8.26e-13
95.1 3.8 1.84e-08 3.03e-13 8.04e-13
95.2 3.8 1.79e-08 2.95e-13 7.83e-13
95.3 3.8 1.74e-08 2.87e-13 7.63e-13
95.4 3.8 1.7e-08 2.8e-13 7.43e-13
95.5 3.8 1.65e-08 2.73e-13 7.24e-13
95.6 3.8 1.61e-08 2.65e-13 7.05e-13
95.7 3.8 1.57e-08 2.59e-13 6.86e-13
95.8 3.8 1.53e-08 2.52e-13 6.69e-13
95.9 3.8 1.49e-08 2.46e-13 6.52e-13
96 3.8 1.45e-08 2.39e-13 6.34e-13
96.1 3.8 1.41e-08 2.33e-13 6.18e-13
96.2 3.8 1.37e-08 2.27e-13 6.02e-13
96.3 3.8 1.34e-08 2.21e-13 5.86e-13
96.4 3.8 1.3e-08 2.15e-13 5.71e-13
96.5 3.8 1.27e-08 2.09e-13 5.56e-13
96.6 3.8 1.24e-08 2.04e-13 5.42e-13
96.7 3.8 1.21e-08 1.99e-13 5.28e-13
96.8 3.8 1.17e-08 1.94e-13 5.14e-13
96.9 3.8 1.14e-08 1.89e-13 5.01e-13
97 3.8 1.11e-08 1.84e-13 4.88e-13
97.1 3.8 1.08e-08 1.79e-13 4.75e-13
97.2 3.8 1.06e-08 1.74e-13 4.63e-13
97.3 3.8 1.03e-08 1.7e-13 4.5e-13
97.4 3.8 1e-08 1.65e-13 4.39e-13
97.5 3.8 9.76e-09 1.61e-13 4.28e-13
97.6 3.8 9.51e-09 1.57e-13 4.16e-13
97.7 3.8 9.26e-09 1.53e-13 4.06e-13
97.8 3.8 9.02e-09 1.49e-13 3.95e-13
97.9 3.8 8.79e-09 1.45e-13 3.85e-13
98 3.8 8.56e-09 1.41e-13 3.75e-13
98.1 3.8 8.34e-09 1.37e-13 3.65e-13
98.2 3.8 8.12e-09 1.34e-13 3.56e-13
98.3 3.8 7.91e-09 1.3e-13 3.46e-13
98.4 3.8 7.7e-09 1.27e-13 3.37e-13
98.5 3.8 7.5e-09 1.24e-13 3.29e-13
98.6 3.8 7.31e-09 1.21e-13 3.2e-13
98.7 3.8 7.12e-09 1.17e-13 3.12e-13
98.8 3.8 6.93e-09 1.14e-13 3.04e-13
98.9 3.8 6.75e-09 1.11e-13 2.96e-13
99 3.8 6.58e-09 1.09e-13 2.88e-13
99.1 3.8 6.41e-09 1.06e-13 2.81e-13
99.2 3.8 6.24e-09 1.03e-13 2.73e-13
99.3 3.8 6.08e-09 1e-13 2.66e-13
99.4 3.8 5.92e-09 9.77e-14 2.59e-13
99.5 3.8 5.77e-09 9.52e-14 2.53e-13
99.6 3.8 5.62e-09 9.27e-14 2.46e-13
99.7 3.8 5.47e-09 9.02e-14 2.4e-13
99.8 3.8 5.33e-09 8.79e-14 2.33e-13
99.9 3.8 5.19e-09 8.56e-14 2.27e-13
