-25 7 0.0561 1.45e-08 5.5e-09
-24.9 7 0.0568 1.53e-08 5.75e-09
-24.8 7 0.0576 1.57e-08 6.25e-09
-24.7 7 0.0584 1.65e-08 6.5e-09
-24.6 7 0.0592 1.75e-08 6.5e-09
-24.5 7 0.06 1.87e-08 7.25e-09
-24.4 7 0.0608 1.9e-08 7e-09
-24.3 7 0.0616 1.98e-08 7.25e-09
-24.2 7 0.0624 2.12e-08 7.75e-09
-24.1 7 0.0632 2.2e-08 8e-09
-24 7 0.0641 2.27e-08 8.25e-09
-23.9 7 0.0649 2.42e-08 8.75e-09
-23.8 7 0.0658 2.47e-08 9.25e-09
-23.7 7 0.0667 2.6e-08 9e-09
-23.6 7 0.0676 2.68e-08 9.25e-09
-23.5 7 0.0685 2.75e-08 9.5e-09
-23.4 7 0.0694 2.87e-08 1.03e-08
-23.3 7 0.0703 2.97e-08 1.03e-08
-23.2 7 0.0712 3.1e-08 1.1e-08
-23.1 7 0.0722 3.25e-08 1.15e-08
-23 7 0.0731 3.3e-08 1.2e-08
-22.9 7 0.0741 3.4e-08 1.2e-08
-22.8 7 0.0751 3.55e-08 1.25e-08
-22.7 7 0.0761 3.65e-08 1.25e-08
-22.6 7 0.0771 3.72e-08 1.28e-08
-22.5 7 0.0781 3.87e-08 1.32e-08
-22.4 7 0.0791 4e-08 1.4e-08
-22.3 7 0.0802 4.1e-08 1.4e-08
-22.2 7 0.0812 4.17e-08 1.43e-08
-22.1 7 0.0823 4.33e-08 1.47e-08
-22 7 0.0833 4.43e-08 1.47e-08
-21.9 7 0.0844 4.52e-08 1.57e-08
-21.8 7 0.0855 4.58e-08 1.53e-08
-21.7 7 0.0866 4.73e-08 1.57e-08
-21.6 7 0.0878 4.88e-08 1.62e-08
-21.5 7 0.0889 4.95e-08 1.65e-08
-21.4 7 0.0901 5.1e-08 1.7e-08
-21.3 7 0.0912 5.17e-08 1.72e-08
-21.2 7 0.0924 5.35e-08 1.85e-08
-21.1 7 0.0936 5.45e-08 1.85e-08
-21 7 0.0948 5.5e-08 1.9e-08
-20.9 7 0.096 5.68e-08 1.93e-08
-20.8 7 0.0973 5.8e-08 2e-08
-20.7 7 0.0985 5.95e-08 2.05e-08
-20.6 7 0.0998 6.05e-08 2.15e-08
-20.5 7 0.101 6e-08 2e-08
-20.4 7 0.102 6e-08 2e-08
-20.3 7 0.104 6.75e-08 2.25e-08
-20.2 7 0.105 6.25e-08 2.75e-08
-20.1 7 0.106 6.75e-08 2.25e-08
-20 7 0.108 6.25e-08 2.75e-08
-19.9 7 0.109 7e-08 3e-08
-19.8 7 0.11 6.75e-08 2.25e-08
-19.7 7 0.112 7e-08 3e-08
-19.6 7 0.113 6.75e-08 2.25e-08
-19.5 7 0.115 7.5e-08 2.5e-08
-19.4 7 0.116 7.5e-08 2.5e-08
-19.3 7 0.118 7.75e-08 3.25e-08
-19.2 7 0.119 7e-08 3e-08
-19.1 7 0.121 7.75e-08 3.25e-08
-19 7 0.122 7.75e-08 3.25e-08
-18.9 7 0.124 7.75e-08 3.25e-08
-18.8 7 0.125 7.75e-08 3.25e-08
-18.7 7 0.127 7.75e-08 3.25e-08
-18.6 7 0.128 7.75e-08 3.25e-08
-18.5 7 0.13 7.75e-08 3.25e-08
-18.4 7 0.131 8.5e-08 3.5e-08
-18.3 7 0.133 7.75e-08 3.25e-08
-18.2 7 0.135 8.25e-08 3.75e-08
-18.1 7 0.136 8e-08 4e-08
-18 7 0.138 8e-08 4e-08
-17.9 7 0.14 8e-08 4e-08
-17.8 7 0.141 8e-08 4e-08
-17.7 7 0.143 1.58e-07 1.33e-07
-17.6 7 0.145 1.88e-07 1.52e-07
-17.5 7 0.147 2.2e-07 1.7e-07
-17.4 7 0.148 2.45e-07 1.85e-07
-17.3 7 0.15 2.77e-07 2.02e-07
-17.2 7 0.152 3.55e-07 1.75e-07
-17.1 7 0.154 3.82e-07 1.88e-07
-17 7 0.156 2.22e-07 8.75e-08
-16.9 7 0.157 7.25e-08 1.08e-07
-16.8 7 0.159 1.33e-06 3.14e-06
-16.7 7 0.161 1.93e-07 1.77e-07
-16.6 7 0.163 1.38e-07 8.25e-08
-16.5 7 0.165 1.22e-07 5.75e-08
-16.4 7 0.167 1.1e-07 5e-08
-16.3 7 0.169 1.05e-07 4.5e-08
-16.2 7 0.171 1.08e-07 4.25e-08
-16.1 7 0.173 1e-07 4e-08
-16 7 0.175 9.75e-08 4.25e-08
-15.9 7 0.177 9.5e-08 3.5e-08
-15.8 7 0.179 9.5e-08 3.5e-08
-15.7 7 0.181 8.75e-08 3.25e-08
-15.6 7 0.183 8.75e-08 3.25e-08
-15.5 7 0.185 8.75e-08 3.25e-08
-15.4 7 0.187 8.25e-08 2.75e-08
-15.3 7 0.19 8.75e-08 3.25e-08
-15.2 7 0.192 8.75e-08 3.25e-08
-15.1 7 0.194 8.25e-08 2.75e-08
-15 7 0.196 8.25e-08 2.75e-08
-14.9 7 0.198 7.5e-08 2.5e-08
-14.8 7 0.201 7.5e-08 2.5e-08
-14.7 7 0.203 7e-08 3e-08
-14.6 7 0.205 7.5e-08 2.5e-08
-14.5 7 0.207 7e-08 3e-08
-14.4 7 0.21 6.75e-08 2.25e-08
-14.3 7 0.212 6.75e-08 2.25e-08
-14.2 7 0.214 6.75e-08 2.25e-08
-14.1 7 0.217 6e-08 2e-08
-14 7 0.219 6.25e-08 2.75e-08
-13.9 7 0.222 5.5e-08 2.5e-08
-13.8 7 0.224 5.5e-08 2.5e-08
-13.7 7 0.226 5.5e-08 2.5e-08
-13.6 7 0.229 4.75e-08 2.25e-08
-13.5 7 0.231 4.5e-08 1.5e-08
-13.4 7 0.234 4e-08 2e-08
-13.3 7 0.236 3.75e-08 1.25e-08
-13.2 7 0.239 3.75e-08 1.25e-08
-13.1 7 0.241 3e-08 1e-08
-13 7 0.244 6.25e-08 2.75e-08
-12.9 7 0.247 5e-08 2e-08
-12.8 7 0.249 3.75e-08 2.25e-08
-12.7 7 0.252 2.75e-08 1.25e-08
-12.6 7 0.254 1e-08 1e-08
-12.5 7 0.257 5e-09 5e-09
-12.4 7 0.26 2.5e-09 7.5e-09
-12.3 7 0.262 2.5e-09 7.5e-09
-12.2 7 0.265 7.5e-09 2.5e-09
-12.1 7 0.268 7.5e-09 2.5e-09
-12 7 0.271 1e-08 1e-08
-11.9 7 0.273 2.04e-06 6.93e-07
-11.8 7 0.276 2.5e-08 2.5e-08
-11.7 7 0.279 1.75e-08 2.25e-08
-11.6 7 0.282 2e-08 3e-08
-11.5 7 0.285 1.75e-08 3.25e-08
-11.4 7 0.287 1.5e-08 3.5e-08
-11.3 7 0.29 1.75e-08 4.25e-08
-11.2 7 0.293 1.75e-08 4.25e-08
-11.1 7 0.296 2.25e-08 4.75e-08
-11 7 0.299 2e-08 6e-08
-10.9 7 0.302 2.25e-08 5.75e-08
-10.8 7 0.305 3e-08 7e-08
-10.7 7 0.308 2.25e-08 6.75e-08
-10.6 7 0.311 2.5e-08 7.5e-08
-10.5 7 0.314 3.25e-08 7.75e-08
-10.4 7 0.317 3.5e-08 8.5e-08
-10.3 7 0.32 3.25e-08 8.75e-08
-10.2 7 0.323 3e-08 9e-08
-10.1 7 0.326 3.5e-08 9.5e-08
-10 7 0.329 4e-08 1e-07
-9.9 7 0.332 9e-08 1.3e-07
-9.8 7 0.335 5.25e-08 1.17e-07
-9.7 7 0.338 4.75e-08 1.22e-07
-9.6 7 0.341 4.25e-08 1.27e-07
-9.5 7 0.344 5e-08 1.3e-07
-9.4 7 0.347 4.75e-08 1.33e-07
-9.3 7 0.35 5.25e-08 1.38e-07
-9.2 7 0.354 5e-08 1.4e-07
-9.1 7 0.357 5.5e-08 1.45e-07
-9 7 0.36 5.75e-08 1.52e-07
-8.9 7 0.363 5.75e-08 1.52e-07
-8.8 7 0.366 6e-08 1.6e-07
-8.7 7 0.37 6.25e-08 1.68e-07
-8.6 7 0.373 6.25e-08 1.68e-07
-8.5 7 0.376 6.25e-08 1.68e-07
-8.4 7 0.379 6.5e-08 1.75e-07
-8.3 7 0.383 6.75e-08 1.82e-07
-8.2 7 0.386 6.75e-08 1.82e-07
-8.1 7 0.389 7.75e-08 1.93e-07
-8 7 0.392 7.75e-08 1.93e-07
-7.9 7 0.396 8e-08 2e-07
-7.8 7 0.399 8e-08 2e-07
-7.7 7 0.402 7.5e-08 2.05e-07
-7.6 7 0.405 8.25e-08 2.07e-07
-7.5 7 0.409 8.25e-08 2.07e-07
-7.4 7 0.412 8.5e-08 2.15e-07
-7.3 7 0.415 9.25e-08 2.18e-07
-7.2 7 0.419 8.75e-08 2.22e-07
-7.1 7 0.422 9.25e-08 2.18e-07
-7 7 0.425 9.5e-08 2.25e-07
-6.9 7 0.429 9e-08 2.3e-07
-6.8 7 0.432 9.75e-08 2.32e-07
-6.7 7 0.436 9e-08 2.3e-07
-6.6 7 0.439 9.75e-08 2.32e-07
-6.5 7 0.442 1.05e-07 2.35e-07
-6.4 7 0.446 9.75e-08 2.32e-07
-6.3 7 0.449 1e-07 2.4e-07
-6.2 7 0.452 1e-07 2.4e-07
-6.1 7 0.456 1.05e-07 2.45e-07
-6 7 0.459 1.08e-07 2.43e-07
-5.9 7 0.463 1.08e-07 2.43e-07
-5.8 7 0.466 1.02e-07 2.48e-07
-5.7 7 0.469 1.08e-07 2.43e-07
-5.6 7 0.473 1.02e-07 2.48e-07
-5.5 7 0.476 1.02e-07 2.48e-07
-5.4 7 0.479 1.02e-07 2.48e-07
-5.3 7 0.483 1.1e-07 2.5e-07
-5.2 7 0.486 1.08e-07 2.43e-07
-5.1 7 0.49 1.08e-07 2.43e-07
-5 7 0.493 1.02e-07 2.48e-07
-4.9 7 0.496 1.02e-07 2.48e-07
-4.8 7 0.5 1.08e-07 2.43e-07
-4.7 7 0.503 1.08e-07 2.43e-07
-4.6 7 0.507 1.08e-07 2.43e-07
-4.5 7 0.51 1.08e-07 2.43e-07
-4.4 7 0.513 1.08e-07 2.43e-07
-4.3 7 0.517 1.05e-07 2.35e-07
-4.2 7 0.52 1.05e-07 2.35e-07
-4.1 7 0.523 1.05e-07 2.35e-07
-4 7 0.527 1.05e-07 2.35e-07
-3.9 7 0.53 1.02e-07 2.27e-07
-3.8 7 0.533 1.02e-07 2.27e-07
-3.7 7 0.537 1.05e-07 2.25e-07
-3.6 7 0.54 1e-07 2.2e-07
-3.5 7 0.543 1.02e-07 2.18e-07
-3.4 7 0.547 9.75e-08 2.13e-07
-3.3 7 0.55 1e-07 2.2e-07
-3.2 7 0.553 9.75e-08 2.13e-07
-3.1 7 0.557 9.5e-08 2.05e-07
-3 7 0.56 1e-07 2e-07
-2.9 7 0.563 1e-07 2e-07
-2.8 7 0.566 9.75e-08 1.93e-07
-2.7 7 0.57 9.75e-08 1.93e-07
-2.6 7 0.573 9.25e-08 1.88e-07
-2.5 7 0.576 9.25e-08 1.77e-07
-2.4 7 0.579 9.25e-08 1.77e-07
-2.3 7 0.583 9e-08 1.7e-07
-2.2 7 0.586 9.5e-08 1.65e-07
-2.1 7 0.589 9.25e-08 1.58e-07
-2 7 0.592 1.25e-07 3.05e-07
-1.9 7 0.595 1.17e-07 2.82e-07
-1.8 7 0.599 1.02e-07 2.58e-07
-1.7 7 0.602 1.15e-07 1.95e-07
-1.6 7 0.605 8.4e-07 3.9e-07
-1.5 7 0.608 6.48e-07 4.72e-07
-1.4 7 0.611 1.85e-07 2.75e-07
-1.3 7 0.614 1.38e-07 2.43e-07
-1.2 7 0.617 1.17e-07 2.13e-07
-1.1 7 0.62 1e-07 1.9e-07
-1 7 0.623 1.1e-07 1.5e-07
-0.9 7 0.626 1e-07 1.3e-07
-0.8 7 0.629 9.25e-08 1.17e-07
-0.7 7 0.632 7.25e-08 9.75e-08
-0.6 7 0.635 6.5e-08 8.5e-08
-0.5 7 0.638 5.5e-08 6.5e-08
-0.4 7 0.641 4.25e-08 4.75e-08
-0.3 7 0.644 3.25e-08 3.75e-08
-0.2 7 0.647 2.25e-08 2.75e-08
-0.1 7 0.65 1.25e-08 1.75e-08
2.66e-14 7 0.653 2.5e-08 7.5e-08
0.1 7 0.656 2e-08 6e-08
0.2 7 0.659 2e-08 6e-08
0.3 7 0.662 1.75e-08 5.25e-08
0.4 7 0.664 1.5e-08 4.5e-08
0.5 7 0.667 1.25e-08 3.75e-08
0.6 7 0.67 1e-08 3e-08
0.7 7 0.673 1e-08 3e-08
0.8 7 0.675 1e-08 2e-08
0.9 7 0.678 1.25e-08 1.75e-08
1 7 0.681 5e-09 1.5e-08
1.1 7 0.684 2.5e-09 7.5e-09
1.2 7 0.686 0 0
1.3 7 0.689 7.5e-09 2.5e-09
1.4 7 0.691 1.5e-08 5e-09
1.5 7 0.694 1.5e-08 5e-09
1.6 7 0.697 2.25e-08 7.5e-09
1.7 7 0.699 3.25e-08 1.75e-08
1.8 7 0.702 3.75e-08 1.25e-08
1.9 7 0.704 4e-08 2e-08
2 7 0.707 3.25e-08 3.75e-08
2.1 7 0.709 5.25e-08 1.75e-08
2.2 7 0.712 6e-08 2e-08
2.3 7 0.714 6.25e-08 2.75e-08
2.4 7 0.717 6.75e-08 2.25e-08
2.5 7 0.719 7e-08 3e-08
2.6 7 0.721 7.75e-08 3.25e-08
2.7 7 0.724 8.5e-08 3.5e-08
2.8 7 0.726 8.5e-08 3.5e-08
2.9 7 0.728 9.25e-08 3.75e-08
3 7 0.731 1e-07 4e-08
3.1 7 0.733 1e-07 4e-08
3.2 7 0.735 1.08e-07 4.25e-08
3.3 7 0.737 1.08e-07 4.25e-08
3.4 7 0.739 1.15e-07 4.5e-08
3.5 7 0.742 1.17e-07 5.25e-08
3.6 7 0.744 1.3e-07 5e-08
3.7 7 0.746 1.33e-07 5.75e-08
3.8 7 0.748 1.38e-07 5.25e-08
3.9 7 0.75 1.4e-07 6e-08
4 7 0.752 1.45e-07 5.5e-08
4.1 7 0.754 1.52e-07 5.75e-08
4.2 7 0.756 1.52e-07 5.75e-08
4.3 7 0.758 1.55e-07 6.5e-08
4.4 7 0.76 1.6e-07 6e-08
4.5 7 0.762 1.7e-07 7e-08
4.6 7 0.764 1.68e-07 6.25e-08
4.7 7 0.766 1.75e-07 6.5e-08
4.8 7 0.767 1.75e-07 6.5e-08
4.9 7 0.769 1.77e-07 7.25e-08
5 7 0.771 1.85e-07 7.5e-08
5.1 7 0.773 1.9e-07 7e-08
5.2 7 0.775 1.93e-07 7.75e-08
5.3 7 0.776 1.93e-07 7.75e-08
5.4 7 0.778 2e-07 8e-08
5.5 7 0.78 2.05e-07 7.5e-08
5.6 7 0.781 2.05e-07 7.5e-08
5.7 7 0.783 2.07e-07 8.25e-08
5.8 7 0.785 2.07e-07 8.25e-08
5.9 7 0.786 2.15e-07 8.5e-08
6 7 0.788 2.2e-07 8e-08
6.1 7 0.789 2.2e-07 8e-08
6.2 7 0.791 2.22e-07 8.75e-08
6.3 7 0.792 2.27e-07 8.25e-08
6.4 7 0.794 2.22e-07 8.75e-08
6.5 7 0.795 2.3e-07 9e-08
6.6 7 0.796 2.35e-07 8.5e-08
6.7 7 0.798 2.3e-07 9e-08
6.8 7 0.799 2.35e-07 8.5e-08
6.9 7 0.8 2.38e-07 9.25e-08
7 7 0.802 2.45e-07 9.5e-08
7.1 7 0.803 2.45e-07 9.5e-08
7.2 7 0.804 2.45e-07 9.5e-08
7.3 7 0.805 2.45e-07 9.5e-08
7.4 7 0.807 2.45e-07 9.5e-08
7.5 7 0.808 2.53e-07 9.75e-08
7.6 7 0.809 2.58e-07 9.25e-08
7.7 7 0.81 2.58e-07 9.25e-08
7.8 7 0.811 2.6e-07 1e-07
7.9 7 0.812 2.6e-07 1e-07
8 7 0.813 2.6e-07 1e-07
8.1 7 0.814 2.6e-07 1e-07
8.2 7 0.815 2.65e-07 9.5e-08
8.3 7 0.816 2.67e-07 1.02e-07
8.4 7 0.817 2.67e-07 1.02e-07
8.5 7 0.818 2.67e-07 1.02e-07
8.6 7 0.819 2.72e-07 9.75e-08
8.7 7 0.82 2.75e-07 1.05e-07
8.8 7 0.821 2.75e-07 1.05e-07
8.9 7 0.821 2.75e-07 1.05e-07
9 7 0.822 2.75e-07 1.05e-07
9.1 7 0.823 2.75e-07 1.05e-07
9.2 7 0.824 2.82e-07 1.08e-07
9.3 7 0.824 2.82e-07 1.08e-07
9.4 7 0.825 2.82e-07 1.08e-07
9.5 7 0.826 2.82e-07 1.08e-07
9.6 7 0.826 2.88e-07 1.02e-07
9.7 7 0.827 2.82e-07 1.08e-07
9.8 7 0.828 2.82e-07 1.08e-07
9.9 7 0.828 2.88e-07 1.02e-07
10 7 0.829 2.82e-07 1.08e-07
10.1 7 0.829 2.9e-07 1.1e-07
10.2 7 0.83 2.88e-07 1.02e-07
10.3 7 0.83 2.9e-07 1.1e-07
10.4 7 0.83 2.9e-07 1.1e-07
10.5 7 0.831 2.9e-07 1.1e-07
10.6 7 0.831 2.9e-07 1.1e-07
10.7 7 0.832 2.9e-07 1.1e-07
10.8 7 0.832 2.9e-07 1.1e-07
10.9 7 0.832 2.9e-07 1.1e-07
11 7 0.832 2.9e-07 1.1e-07
11.1 7 0.833 2.9e-07 1.1e-07
11.2 7 0.833 2.9e-07 1.1e-07
11.3 7 0.833 2.95e-07 1.05e-07
11.4 7 0.833 2.9e-07 1.1e-07
11.5 7 0.833 2.9e-07 1.1e-07
11.6 7 0.833 2.9e-07 1.1e-07
11.7 7 0.834 2.95e-07 1.05e-07
11.8 7 0.834 2.98e-07 1.12e-07
11.9 7 0.834 2.98e-07 1.12e-07
12 7 0.834 2.95e-07 1.05e-07
12.1 7 0.834 2.98e-07 1.12e-07
12.2 7 0.834 2.98e-07 1.12e-07
12.3 7 0.834 2.95e-07 1.05e-07
12.4 7 0.833 2.9e-07 1.1e-07
12.5 7 0.833 2.9e-07 1.1e-07
12.6 7 0.833 2.9e-07 1.1e-07
12.7 7 0.833 2.95e-07 1.05e-07
12.8 7 0.833 2.9e-07 1.1e-07
12.9 7 0.833 2.9e-07 1.1e-07
13 7 0.832 2.9e-07 1.1e-07
13.1 7 0.832 2.9e-07 1.1e-07
13.2 7 0.832 2.9e-07 1.1e-07
13.3 7 0.832 2.9e-07 1.1e-07
13.4 7 0.831 2.9e-07 1.1e-07
13.5 7 0.831 2.9e-07 1.1e-07
13.6 7 0.83 2.9e-07 1.1e-07
13.7 7 0.83 2.9e-07 1.1e-07
13.8 7 0.83 2.88e-07 1.02e-07
13.9 7 0.829 2.9e-07 1.1e-07
14 7 0.829 2.82e-07 1.08e-07
14.1 7 0.828 2.88e-07 1.02e-07
14.2 7 0.828 2.82e-07 1.08e-07
14.3 7 0.827 2.82e-07 1.08e-07
14.4 7 0.826 2.88e-07 1.02e-07
14.5 7 0.826 2.82e-07 1.08e-07
14.6 7 0.825 2.82e-07 1.08e-07
14.7 7 0.824 2.82e-07 1.08e-07
14.8 7 0.824 2.82e-07 1.08e-07
14.9 7 0.823 2.75e-07 1.05e-07
15 7 0.822 2.75e-07 1.05e-07
15.1 7 0.821 2.75e-07 1.05e-07
15.2 7 0.821 2.75e-07 1.05e-07
15.3 7 0.82 2.75e-07 1.05e-07
15.4 7 0.819 2.72e-07 9.75e-08
15.5 7 0.818 2.67e-07 1.02e-07
15.6 7 0.817 2.67e-07 1.02e-07
15.7 7 0.816 2.67e-07 1.02e-07
15.8 7 0.815 2.65e-07 9.5e-08
15.9 7 0.814 2.6e-07 1e-07
16 7 0.813 2.6e-07 1e-07
16.1 7 0.812 2.6e-07 1e-07
16.2 7 0.811 2.6e-07 1e-07
16.3 7 0.81 2.58e-07 9.25e-08
16.4 7 0.809 2.58e-07 9.25e-08
16.5 7 0.808 2.53e-07 9.75e-08
16.6 7 0.807 2.45e-07 9.5e-08
16.7 7 0.805 2.45e-07 9.5e-08
16.8 7 0.804 2.45e-07 9.5e-08
16.9 7 0.803 2.45e-07 9.5e-08
17 7 0.802 2.45e-07 9.5e-08
17.1 7 0.8 2.38e-07 9.25e-08
17.2 7 0.799 2.35e-07 8.5e-08
17.3 7 0.798 2.3e-07 9e-08
17.4 7 0.796 2.35e-07 8.5e-08
17.5 7 0.795 2.3e-07 9e-08
17.6 7 0.794 2.22e-07 8.75e-08
17.7 7 0.792 2.27e-07 8.25e-08
17.8 7 0.791 2.22e-07 8.75e-08
17.9 7 0.789 2.2e-07 8e-08
18 7 0.788 2.2e-07 8e-08
18.1 7 0.786 2.15e-07 8.5e-08
18.2 7 0.785 2.07e-07 8.25e-08
18.3 7 0.783 2.07e-07 8.25e-08
18.4 7 0.781 2.05e-07 7.5e-08
18.5 7 0.78 2.05e-07 7.5e-08
18.6 7 0.778 2e-07 8e-08
18.7 7 0.776 1.93e-07 7.75e-08
18.8 7 0.775 1.93e-07 7.75e-08
18.9 7 0.773 1.9e-07 7e-08
19 7 0.771 1.85e-07 7.5e-08
19.1 7 0.769 1.77e-07 7.25e-08
19.2 7 0.767 1.75e-07 6.5e-08
19.3 7 0.766 1.75e-07 6.5e-08
19.4 7 0.764 1.68e-07 6.25e-08
19.5 7 0.762 1.7e-07 7e-08
19.6 7 0.76 1.6e-07 6e-08
19.7 7 0.758 1.55e-07 6.5e-08
19.8 7 0.756 1.52e-07 5.75e-08
19.9 7 0.754 1.52e-07 5.75e-08
20 7 0.752 1.45e-07 5.5e-08
20.1 7 0.75 1.4e-07 6e-08
20.2 7 0.748 1.38e-07 5.25e-08
20.3 7 0.746 1.33e-07 5.75e-08
20.4 7 0.744 1.3e-07 5e-08
20.5 7 0.742 1.17e-07 5.25e-08
20.6 7 0.739 1.15e-07 4.5e-08
20.7 7 0.737 1.08e-07 4.25e-08
20.8 7 0.735 1.08e-07 4.25e-08
20.9 7 0.733 1e-07 4e-08
21 7 0.731 1e-07 4e-08
21.1 7 0.728 9.25e-08 3.75e-08
21.2 7 0.726 8.5e-08 3.5e-08
21.3 7 0.724 8.5e-08 3.5e-08
21.4 7 0.721 7.75e-08 3.25e-08
21.5 7 0.719 7e-08 3e-08
21.6 7 0.717 6.75e-08 2.25e-08
21.7 7 0.714 6.25e-08 2.75e-08
21.8 7 0.712 6e-08 2e-08
21.9 7 0.709 5.25e-08 1.75e-08
22 7 0.707 3.25e-08 3.75e-08
22.1 7 0.704 4e-08 2e-08
22.2 7 0.702 3.75e-08 1.25e-08
22.3 7 0.699 3.25e-08 1.75e-08
22.4 7 0.697 2.25e-08 7.5e-09
22.5 7 0.694 1.5e-08 5e-09
22.6 7 0.691 1.5e-08 5e-09
22.7 7 0.689 7.5e-09 2.5e-09
22.8 7 0.686 0 0
22.9 7 0.684 2.5e-09 7.5e-09
23 7 0.681 5e-09 1.5e-08
23.1 7 0.678 1.25e-08 1.75e-08
23.2 7 0.675 1e-08 2e-08
23.3 7 0.673 1e-08 3e-08
23.4 7 0.67 1e-08 3e-08
23.5 7 0.667 1.25e-08 3.75e-08
23.6 7 0.664 1.5e-08 4.5e-08
23.7 7 0.662 1.75e-08 5.25e-08
23.8 7 0.659 2e-08 6e-08
23.9 7 0.656 2e-08 6e-08
24 7 0.653 2.5e-08 7.5e-08
24.1 7 0.65 1.25e-08 1.75e-08
24.2 7 0.647 2.25e-08 2.75e-08
24.3 7 0.644 3.25e-08 3.75e-08
24.4 7 0.641 4.25e-08 4.75e-08
24.5 7 0.638 5.5e-08 6.5e-08
24.6 7 0.635 6.5e-08 8.5e-08
24.7 7 0.632 7.25e-08 9.75e-08
24.8 7 0.629 9.25e-08 1.17e-07
24.9 7 0.626 1e-07 1.3e-07
25 7 0.623 1.1e-07 1.5e-07
25.1 7 0.62 1e-07 1.9e-07
25.2 7 0.617 1.17e-07 2.13e-07
25.3 7 0.614 1.38e-07 2.43e-07
25.4 7 0.611 1.85e-07 2.75e-07
25.5 7 0.608 6.48e-07 4.72e-07
25.6 7 0.605 8.4e-07 3.9e-07
25.7 7 0.602 1.15e-07 1.95e-07
25.8 7 0.599 1.02e-07 2.58e-07
25.9 7 0.595 1.17e-07 2.82e-07
26 7 0.592 1.25e-07 3.05e-07
26.1 7 0.589 9.25e-08 1.58e-07
26.2 7 0.586 9.5e-08 1.65e-07
26.3 7 0.583 9e-08 1.7e-07
26.4 7 0.579 9.25e-08 1.77e-07
26.5 7 0.576 9.25e-08 1.77e-07
26.6 7 0.573 9.25e-08 1.88e-07
26.7 7 0.57 9.75e-08 1.93e-07
26.8 7 0.566 9.75e-08 1.93e-07
26.9 7 0.563 1e-07 2e-07
27 7 0.56 1e-07 2e-07
27.1 7 0.557 9.5e-08 2.05e-07
27.2 7 0.553 9.75e-08 2.13e-07
27.3 7 0.55 1e-07 2.2e-07
27.4 7 0.547 9.75e-08 2.13e-07
27.5 7 0.543 1.02e-07 2.18e-07
27.6 7 0.54 1e-07 2.2e-07
27.7 7 0.537 1.05e-07 2.25e-07
27.8 7 0.533 1.02e-07 2.27e-07
27.9 7 0.53 1.02e-07 2.27e-07
28 7 0.527 1.05e-07 2.35e-07
28.1 7 0.523 1.05e-07 2.35e-07
28.2 7 0.52 1.05e-07 2.35e-07
28.3 7 0.517 1.05e-07 2.35e-07
28.4 7 0.513 1.08e-07 2.43e-07
28.5 7 0.51 1.08e-07 2.43e-07
28.6 7 0.507 1.08e-07 2.43e-07
28.7 7 0.503 1.08e-07 2.43e-07
28.8 7 0.5 1.08e-07 2.43e-07
28.9 7 0.496 1.02e-07 2.48e-07
29 7 0.493 1.02e-07 2.48e-07
29.1 7 0.49 1.08e-07 2.43e-07
29.2 7 0.486 1.08e-07 2.43e-07
29.3 7 0.483 1.1e-07 2.5e-07
29.4 7 0.479 1.02e-07 2.48e-07
29.5 7 0.476 1.02e-07 2.48e-07
29.6 7 0.473 1.02e-07 2.48e-07
29.7 7 0.469 1.08e-07 2.43e-07
29.8 7 0.466 1.02e-07 2.48e-07
29.9 7 0.463 1.08e-07 2.43e-07
30 7 0.459 1.08e-07 2.43e-07
30.1 7 0.456 1.05e-07 2.45e-07
30.2 7 0.452 1e-07 2.4e-07
30.3 7 0.449 1e-07 2.4e-07
30.4 7 0.446 9.75e-08 2.32e-07
30.5 7 0.442 1.05e-07 2.35e-07
30.6 7 0.439 9.75e-08 2.32e-07
30.7 7 0.436 9e-08 2.3e-07
30.8 7 0.432 9.75e-08 2.32e-07
30.9 7 0.429 9e-08 2.3e-07
31 7 0.425 9.5e-08 2.25e-07
31.1 7 0.422 9.25e-08 2.18e-07
31.2 7 0.419 8.75e-08 2.22e-07
31.3 7 0.415 9.25e-08 2.18e-07
31.4 7 0.412 8.5e-08 2.15e-07
31.5 7 0.409 8.25e-08 2.07e-07
31.6 7 0.405 8.25e-08 2.07e-07
31.7 7 0.402 7.5e-08 2.05e-07
31.8 7 0.399 8e-08 2e-07
31.9 7 0.396 8e-08 2e-07
32 7 0.392 7.75e-08 1.93e-07
32.1 7 0.389 7.75e-08 1.93e-07
32.2 7 0.386 6.75e-08 1.82e-07
32.3 7 0.383 6.75e-08 1.82e-07
32.4 7 0.379 6.5e-08 1.75e-07
32.5 7 0.376 6.25e-08 1.68e-07
32.6 7 0.373 6.25e-08 1.68e-07
32.7 7 0.37 6.25e-08 1.68e-07
32.8 7 0.366 6e-08 1.6e-07
32.9 7 0.363 5.75e-08 1.52e-07
33 7 0.36 5.75e-08 1.52e-07
33.1 7 0.357 5.5e-08 1.45e-07
33.2 7 0.354 5e-08 1.4e-07
33.3 7 0.35 5.25e-08 1.38e-07
33.4 7 0.347 4.75e-08 1.33e-07
33.5 7 0.344 5e-08 1.3e-07
33.6 7 0.341 4.25e-08 1.27e-07
33.7 7 0.338 4.75e-08 1.22e-07
33.8 7 0.335 5.25e-08 1.17e-07
33.9 7 0.332 9e-08 1.3e-07
34 7 0.329 4e-08 1e-07
34.1 7 0.326 3.5e-08 9.5e-08
34.2 7 0.323 3e-08 9e-08
34.3 7 0.32 3.25e-08 8.75e-08
34.4 7 0.317 3.5e-08 8.5e-08
34.5 7 0.314 3.25e-08 7.75e-08
34.6 7 0.311 2.5e-08 7.5e-08
34.7 7 0.308 2.25e-08 6.75e-08
34.8 7 0.305 3e-08 7e-08
34.9 7 0.302 2.25e-08 5.75e-08
35 7 0.299 2e-08 6e-08
35.1 7 0.296 2.25e-08 4.75e-08
35.2 7 0.293 1.75e-08 4.25e-08
35.3 7 0.29 1.75e-08 4.25e-08
35.4 7 0.287 1.5e-08 3.5e-08
35.5 7 0.285 1.75e-08 3.25e-08
35.6 7 0.282 2e-08 3e-08
35.7 7 0.279 1.75e-08 2.25e-08
35.8 7 0.276 2.5e-08 2.5e-08
35.9 7 0.273 2.04e-06 6.93e-07
36 7 0.271 1e-08 1e-08
36.1 7 0.268 7.5e-09 2.5e-09
36.2 7 0.265 7.5e-09 2.5e-09
36.3 7 0.262 2.5e-09 7.5e-09
36.4 7 0.26 2.5e-09 7.5e-09
36.5 7 0.257 5e-09 5e-09
36.6 7 0.254 1e-08 1e-08
36.7 7 0.252 2.75e-08 1.25e-08
36.8 7 0.249 3.75e-08 2.25e-08
36.9 7 0.247 5e-08 2e-08
37 7 0.244 6.25e-08 2.75e-08
37.1 7 0.241 3e-08 1e-08
37.2 7 0.239 3.75e-08 1.25e-08
37.3 7 0.236 3.75e-08 1.25e-08
37.4 7 0.234 4e-08 2e-08
37.5 7 0.231 4.5e-08 1.5e-08
37.6 7 0.229 4.75e-08 2.25e-08
37.7 7 0.226 5.5e-08 2.5e-08
37.8 7 0.224 5.5e-08 2.5e-08
37.9 7 0.222 5.5e-08 2.5e-08
38 7 0.219 6.25e-08 2.75e-08
38.1 7 0.217 6e-08 2e-08
38.2 7 0.214 6.75e-08 2.25e-08
38.3 7 0.212 6.75e-08 2.25e-08
38.4 7 0.21 6.75e-08 2.25e-08
38.5 7 0.207 7e-08 3e-08
38.6 7 0.205 7.5e-08 2.5e-08
38.7 7 0.203 7e-08 3e-08
38.8 7 0.201 7.5e-08 2.5e-08
38.9 7 0.198 7.5e-08 2.5e-08
39 7 0.196 8.25e-08 2.75e-08
39.1 7 0.194 8.25e-08 2.75e-08
39.2 7 0.192 8.75e-08 3.25e-08
39.3 7 0.19 8.75e-08 3.25e-08
39.4 7 0.187 8.25e-08 2.75e-08
39.5 7 0.185 8.75e-08 3.25e-08
39.6 7 0.183 8.75e-08 3.25e-08
39.7 7 0.181 8.75e-08 3.25e-08
39.8 7 0.179 9.5e-08 3.5e-08
39.9 7 0.177 9.5e-08 3.5e-08
40 7 0.175 9.75e-08 4.25e-08
40.1 7 0.173 1e-07 4e-08
40.2 7 0.171 1.08e-07 4.25e-08
40.3 7 0.169 1.05e-07 4.5e-08
40.4 7 0.167 1.1e-07 5e-08
40.5 7 0.165 1.22e-07 5.75e-08
40.6 7 0.163 1.38e-07 8.25e-08
40.7 7 0.161 1.93e-07 1.77e-07
40.8 7 0.159 1.33e-06 3.14e-06
40.9 7 0.157 7.25e-08 1.08e-07
41 7 0.156 2.22e-07 8.75e-08
41.1 7 0.154 3.82e-07 1.88e-07
41.2 7 0.152 3.55e-07 1.75e-07
41.3 7 0.15 2.77e-07 2.02e-07
41.4 7 0.148 2.45e-07 1.85e-07
41.5 7 0.147 2.2e-07 1.7e-07
41.6 7 0.145 1.88e-07 1.52e-07
41.7 7 0.143 1.58e-07 1.33e-07
41.8 7 0.141 8e-08 4e-08
41.9 7 0.14 8e-08 4e-08
42 7 0.138 8e-08 4e-08
42.1 7 0.136 8e-08 4e-08
42.2 7 0.135 8.25e-08 3.75e-08
42.3 7 0.133 7.75e-08 3.25e-08
42.4 7 0.131 8.5e-08 3.5e-08
42.5 7 0.13 7.75e-08 3.25e-08
42.6 7 0.128 7.75e-08 3.25e-08
42.7 7 0.127 7.75e-08 3.25e-08
42.8 7 0.125 7.75e-08 3.25e-08
42.9 7 0.124 7.75e-08 3.25e-08
43 7 0.122 7.75e-08 3.25e-08
43.1 7 0.121 7.75e-08 3.25e-08
43.2 7 0.119 7e-08 3e-08
43.3 7 0.118 7.75e-08 3.25e-08
43.4 7 0.116 7.5e-08 2.5e-08
43.5 7 0.115 7.5e-08 2.5e-08
43.6 7 0.113 6.75e-08 2.25e-08
43.7 7 0.112 7e-08 3e-08
43.8 7 0.11 6.75e-08 2.25e-08
43.9 7 0.109 7e-08 3e-08
44 7 0.108 6.25e-08 2.75e-08
44.1 7 0.106 6.75e-08 2.25e-08
44.2 7 0.105 6.25e-08 2.75e-08
44.3 7 0.104 6.75e-08 2.25e-08
44.4 7 0.102 6e-08 2e-08
44.5 7 0.101 6e-08 2e-08
44.6 7 0.0998 6.05e-08 2.15e-08
44.7 7 0.0985 5.95e-08 2.05e-08
44.8 7 0.0973 5.8e-08 2e-08
44.9 7 0.096 5.68e-08 1.93e-08
45 7 0.0948 5.5e-08 1.9e-08
45.1 7 0.0936 5.45e-08 1.85e-08
45.2 7 0.0924 5.35e-08 1.85e-08
45.3 7 0.0912 5.17e-08 1.72e-08
45.4 7 0.0901 5.1e-08 1.7e-08
45.5 7 0.0889 4.95e-08 1.65e-08
45.6 7 0.0878 4.88e-08 1.62e-08
45.7 7 0.0866 4.73e-08 1.57e-08
45.8 7 0.0855 4.58e-08 1.53e-08
45.9 7 0.0844 4.52e-08 1.57e-08
46 7 0.0833 4.43e-08 1.47e-08
46.1 7 0.0823 4.33e-08 1.47e-08
46.2 7 0.0812 4.17e-08 1.43e-08
46.3 7 0.0802 4.1e-08 1.4e-08
46.4 7 0.0791 4e-08 1.4e-08
46.5 7 0.0781 3.87e-08 1.32e-08
46.6 7 0.0771 3.72e-08 1.28e-08
46.7 7 0.0761 3.65e-08 1.25e-08
46.8 7 0.0751 3.55e-08 1.25e-08
46.9 7 0.0741 3.4e-08 1.2e-08
47 7 0.0731 3.3e-08 1.2e-08
47.1 7 0.0722 3.25e-08 1.15e-08
47.2 7 0.0712 3.1e-08 1.1e-08
47.3 7 0.0703 2.97e-08 1.03e-08
47.4 7 0.0694 2.87e-08 1.03e-08
47.5 7 0.0685 2.75e-08 9.5e-09
47.6 7 0.0676 2.68e-08 9.25e-09
47.7 7 0.0667 2.6e-08 9e-09
47.8 7 0.0658 2.47e-08 9.25e-09
47.9 7 0.0649 2.42e-08 8.75e-09
48 7 0.0641 2.27e-08 8.25e-09
48.1 7 0.0632 2.2e-08 8e-09
48.2 7 0.0624 2.12e-08 7.75e-09
48.3 7 0.0616 1.98e-08 7.25e-09
48.4 7 0.0608 1.9e-08 7e-09
48.5 7 0.06 1.87e-08 7.25e-09
48.6 7 0.0592 1.75e-08 6.5e-09
48.7 7 0.0584 1.65e-08 6.5e-09
48.8 7 0.0576 1.57e-08 6.25e-09
48.9 7 0.0568 1.53e-08 5.75e-09
49 7 0.0561 1.45e-08 5.5e-09
49.1 7 0.0553 1.38e-08 5.25e-09
49.2 7 0.0546 1.3e-08 5e-09
49.3 7 0.0539 1.23e-08 4.75e-09
49.4 7 0.0531 1.08e-08 4.25e-09
49.5 7 0.0524 1.05e-08 4.5e-09
49.6 7 0.0517 1.05e-08 4.5e-09
49.7 7 0.051 9.75e-09 4.25e-09
49.8 7 0.0504 9e-09 4e-09
49.9 7 0.0497 8.25e-09 3.75e-09
50 7 0.049 8e-09 4e-09
50.1 7 0.0484 7.25e-09 3.75e-09
50.2 7 0.0477 6e-09 3e-09
50.3 7 0.0471 5.75e-09 3.25e-09
50.4 7 0.0464 5.5e-09 3.5e-09
50.5 7 0.0458 4.75e-09 3.25e-09
50.6 7 0.0452 4.5e-09 3.5e-09
50.7 7 0.0446 4e-09 5e-09
50.8 7 0.044 6.25e-09 1.38e-08
50.9 7 0.0434 5e-09 4e-09
51 7 0.0428 1e-09 2e-09
51.1 7 0.0422 5e-10 1.5e-09
51.2 7 0.0416 5e-10 1.5e-09
51.3 7 0.0411 2.5e-10 7.5e-10
51.4 7 0.0405 7.5e-10 2.5e-10
51.5 7 0.04 2.5e-10 7.5e-10
51.6 7 0.0394 1e-09 1e-09
51.7 7 0.0389 1.25e-09 1.75e-09
51.8 7 0.0384 1e-09 2e-09
51.9 7 0.0378 1.5e-09 2.5e-09
52 7 0.0373 1.5e-09 2.5e-09
52.1 7 0.0368 7.5e-10 2.5e-10
52.2 7 0.0363 1e-09 1e-09
52.3 7 0.0358 1e-09 1e-09
52.4 7 0.0353 1.75e-09 2.25e-09
52.5 7 0.0349 2e-09 3e-09
52.6 7 0.0344 2.5e-09 3.5e-09
52.7 7 0.0339 3e-09 4e-09
52.8 7 0.0334 3.25e-09 4.75e-09
52.9 7 0.033 3.75e-09 5.25e-09
53 7 0.0325 4.25e-09 5.75e-09
53.1 7 0.0321 5e-09 7e-09
53.2 7 0.0317 4.25e-09 8.75e-09
53.3 7 0.0312 4.5e-09 9.5e-09
53.4 7 0.0308 4.75e-09 1.03e-08
53.5 7 0.0304 5e-09 1.1e-08
53.6 7 0.03 5e-09 1.1e-08
53.7 7 0.0295 5.25e-09 1.17e-08
53.8 7 0.0291 5.5e-09 1.25e-08
53.9 7 0.0287 5.5e-09 1.25e-08
54 7 0.0283 5.75e-09 1.32e-08
54.1 7 0.028 6.25e-09 1.38e-08
54.2 7 0.0276 6.75e-09 1.43e-08
54.3 7 0.0272 6.5e-09 1.45e-08
54.4 7 0.0268 6.75e-09 1.53e-08
54.5 7 0.0264 7e-09 1.6e-08
54.6 7 0.0261 7e-09 1.6e-08
54.7 7 0.0257 3.5e-09 8.5e-09
54.8 7 0.0254 3e-09 9e-09
54.9 7 0.025 3.75e-09 9.25e-09
55 7 0.0247 3.75e-09 9.25e-09
55.1 7 0.0243 3e-09 9e-09
55.2 7 0.024 3e-09 9e-09
55.3 7 0.0237 3.75e-09 9.25e-09
55.4 7 0.0233 3.25e-09 9.75e-09
55.5 7 0.023 3e-09 9e-09
55.6 7 0.0227 3.25e-09 9.75e-09
55.7 7 0.0224 3.5e-09 9.5e-09
55.8 7 0.0221 3.75e-09 9.25e-09
55.9 7 0.0218 3.25e-09 9.75e-09
56 7 0.0215 3.25e-09 9.75e-09
56.1 7 0.0212 4e-09 1e-08
56.2 7 0.0209 3.75e-09 9.25e-09
56.3 7 0.0206 4e-09 1e-08
56.4 7 0.0203 3.25e-09 9.75e-09
56.5 7 0.02 3.25e-09 9.75e-09
56.6 7 0.0197 3.25e-09 9.75e-09
56.7 7 0.0195 3.25e-09 9.75e-09
56.8 7 0.0192 3.25e-09 9.75e-09
56.9 7 0.0189 3.25e-09 9.75e-09
57 7 0.0187 3.25e-09 9.75e-09
57.1 7 0.0184 3.25e-09 9.75e-09
57.2 7 0.0182 3.25e-09 9.75e-09
57.3 7 0.0179 3.25e-09 9.75e-09
57.4 7 0.0176 3.75e-09 1.03e-08
57.5 7 0.0174 3.25e-09 9.75e-09
57.6 7 0.0172 3.25e-09 9.75e-09
57.7 7 0.0169 3.25e-09 9.75e-09
57.8 7 0.0167 3.25e-09 9.75e-09
57.9 7 0.0165 3.25e-09 9.75e-09
58 7 0.0162 3.25e-09 9.75e-09
58.1 7 0.016 3.25e-09 9.75e-09
58.2 7 0.0158 3.25e-09 9.75e-09
58.3 7 0.0156 3.25e-09 9.75e-09
58.4 7 0.0153 3.25e-09 9.75e-09
58.5 7 0.0151 3e-09 9e-09
58.6 7 0.0149 3.25e-09 9.75e-09
58.7 7 0.0147 3.25e-09 9.75e-09
58.8 7 0.0145 3.25e-09 9.75e-09
58.9 7 0.0143 3.25e-09 9.75e-09
59 7 0.0141 3.25e-09 9.75e-09
59.1 7 0.0139 3e-09 9e-09
59.2 7 0.0137 3e-09 9e-09
59.3 7 0.0135 3.25e-09 9.75e-09
59.4 7 0.0133 3.25e-09 9.75e-09
59.5 7 0.0131 3e-09 9e-09
59.6 7 0.013 3e-09 9e-09
59.7 7 0.0128 3e-09 9e-09
59.8 7 0.0126 3.25e-09 8.75e-09
59.9 7 0.0124 3e-09 9e-09
60 7 0.0122 3e-09 9e-09
60.1 7 0.0121 3e-09 9e-09
60.2 7 0.0119 3.25e-09 8.75e-09
60.3 7 0.0117 3e-09 9e-09
60.4 7 0.0116 2.75e-09 8.25e-09
60.5 7 0.0114 2.75e-09 8.25e-09
60.6 7 0.0113 3e-09 9e-09
60.7 7 0.0111 2.75e-09 8.25e-09
60.8 7 0.0109 3.25e-09 8.75e-09
60.9 7 0.0108 2.75e-09 8.25e-09
61 7 0.0106 2.75e-09 8.25e-09
61.1 7 0.0105 2.75e-09 8.25e-09
61.2 7 0.0103 2.75e-09 8.25e-09
61.3 7 0.0102 2.75e-09 8.25e-09
61.4 7 0.0101 2.75e-09 8.25e-09
61.5 7 0.00991 2.67e-09 7.92e-09
61.6 7 0.00977 2.67e-09 7.83e-09
61.7 7 0.00963 2.65e-09 7.75e-09
61.8 7 0.0095 2.67e-09 7.72e-09
61.9 7 0.00937 2.65e-09 7.65e-09
62 7 0.00923 2.55e-09 7.55e-09
62.1 7 0.00911 2.55e-09 7.55e-09
62.2 7 0.00898 2.55e-09 7.45e-09
62.3 7 0.00885 2.55e-09 7.35e-09
62.4 7 0.00873 2.47e-09 7.33e-09
62.5 7 0.0086 2.45e-09 7.25e-09
62.6 7 0.00848 2.42e-09 7.17e-09
62.7 7 0.00836 2.4e-09 7.1e-09
62.8 7 0.00825 2.38e-09 7.03e-09
62.9 7 0.00813 2.35e-09 6.95e-09
63 7 0.00802 2.33e-09 6.88e-09
63.1 7 0.0079 2.33e-09 6.88e-09
63.2 7 0.00779 2.3e-09 6.8e-09
63.3 7 0.00768 2.33e-09 6.68e-09
63.4 7 0.00757 2.25e-09 6.65e-09
63.5 7 0.00747 2.23e-09 6.58e-09
63.6 7 0.00736 2.2e-09 6.5e-09
63.7 7 0.00726 2.18e-09 6.42e-09
63.8 7 0.00716 2.18e-09 6.42e-09
63.9 7 0.00706 2.2e-09 6.3e-09
64 7 0.00696 2.13e-09 6.27e-09
64.1 7 0.00686 2.1e-09 6.2e-09
64.2 7 0.00676 2.07e-09 6.13e-09
64.3 7 0.00667 2.1e-09 6.1e-09
64.4 7 0.00657 2.02e-09 5.97e-09
64.5 7 0.00648 2.07e-09 5.93e-09
64.6 7 0.00639 2e-09 5.9e-09
64.7 7 0.0063 1.97e-09 5.83e-09
64.8 7 0.00621 1.97e-09 5.72e-09
64.9 7 0.00612 1.92e-09 5.68e-09
65 7 0.00604 1.9e-09 5.6e-09
65.1 7 0.00595 1.9e-09 5.6e-09
65.2 7 0.00587 1.87e-09 5.52e-09
65.3 7 0.00579 1.92e-09 5.48e-09
65.4 7 0.0057 1.83e-09 5.38e-09
65.5 7 0.00562 1.8e-09 5.3e-09
65.6 7 0.00554 1.83e-09 5.28e-09
65.7 7 0.00547 1.8e-09 5.2e-09
65.8 7 0.00539 1.75e-09 5.15e-09
65.9 7 0.00531 1.72e-09 5.07e-09
66 7 0.00524 1.77e-09 5.03e-09
66.1 7 0.00516 1.72e-09 4.97e-09
66.2 7 0.00509 1.7e-09 4.9e-09
66.3 7 0.00502 1.67e-09 4.83e-09
66.4 7 0.00495 1.7e-09 4.8e-09
66.5 7 0.00488 1.7e-09 4.6e-09
66.6 7 0.00481 3.48e-09 5.32e-09
66.7 7 0.00474 1.85e-09 4.75e-09
66.8 7 0.00468 1.7e-09 4.6e-09
66.9 7 0.00461 1.63e-09 4.57e-09
67 7 0.00454 1.53e-09 4.48e-09
67.1 7 0.00448 1.53e-09 4.48e-09
67.2 7 0.00442 1.55e-09 4.35e-09
67.3 7 0.00435 1.47e-09 4.32e-09
67.4 7 0.00429 1.53e-09 4.28e-09
67.5 7 0.00423 1.5e-09 4.2e-09
67.6 7 0.00417 1.42e-09 4.18e-09
67.7 7 0.00411 1.42e-09 4.18e-09
67.8 7 0.00406 1.37e-09 4.02e-09
67.9 7 0.004 1.42e-09 3.98e-09
68 7 0.00394 1.4e-09 4e-09
68.1 7 0.00389 1.33e-09 3.87e-09
68.2 7 0.00383 1.33e-09 3.87e-09
68.3 7 0.00378 1.3e-09 3.8e-09
68.4 7 0.00372 1.3e-09 3.8e-09
68.5 7 0.00367 1.28e-09 3.72e-09
68.6 7 0.00362 1.25e-09 3.65e-09
68.7 7 0.00357 1.3e-09 3.6e-09
68.8 7 0.00352 1.25e-09 3.65e-09
68.9 7 0.00347 1.23e-09 3.58e-09
69 7 0.00342 1.2e-09 3.5e-09
69.1 7 0.00337 1.17e-09 3.43e-09
69.2 7 0.00332 1.17e-09 3.43e-09
69.3 7 0.00328 1.15e-09 3.35e-09
69.4 7 0.00323 1.15e-09 3.35e-09
69.5 7 0.00318 1.12e-09 3.27e-09
69.6 7 0.00314 1.12e-09 3.27e-09
69.7 7 0.0031 1.1e-09 3.2e-09
69.8 7 0.00305 1.1e-09 3.2e-09
69.9 7 0.00301 1.12e-09 3.17e-09
70 7 0.00297 1.05e-09 3.05e-09
70.1 7 0.00292 1.05e-09 3.05e-09
70.2 7 0.00288 1.03e-09 2.98e-09
70.3 7 0.00284 1.05e-09 2.95e-09
70.4 7 0.0028 1.03e-09 2.98e-09
70.5 7 0.00276 1e-09 2.9e-09
70.6 7 0.00272 9.5e-10 2.85e-09
70.7 7 0.00268 9.75e-10 2.83e-09
70.8 7 0.00265 9.5e-10 2.75e-09
70.9 7 0.00261 9.5e-10 2.75e-09
71 7 0.00257 9.5e-10 2.75e-09
71.1 7 0.00254 9e-10 2.7e-09
71.2 7 0.0025 9e-10 2.6e-09
71.3 7 0.00246 9.25e-10 2.67e-09
71.4 7 0.00243 8.5e-10 2.55e-09
71.5 7 0.0024 9.25e-10 2.57e-09
71.6 7 0.00236 8.75e-10 2.52e-09
71.7 7 0.00233 8.5e-10 2.45e-09
71.8 7 0.00229 8e-10 2.4e-09
71.9 7 0.00226 8.5e-10 2.45e-09
72 7 0.00223 8.25e-10 2.38e-09
72.1 7 0.0022 7.75e-10 2.33e-09
72.2 7 0.00217 8.25e-10 2.38e-09
72.3 7 0.00214 8e-10 2.3e-09
72.4 7 0.00211 7.75e-10 2.23e-09
72.5 7 0.00208 7.5e-10 2.25e-09
72.6 7 0.00205 7.25e-10 2.18e-09
72.7 7 0.00202 7.5e-10 2.15e-09
72.8 7 0.00199 7.5e-10 2.15e-09
72.9 7 0.00196 7.5e-10 2.15e-09
73 7 0.00193 7.5e-10 2.15e-09
73.1 7 0.00191 6.75e-10 2.02e-09
73.2 7 0.00188 7e-10 2e-09
73.3 7 0.00185 6.75e-10 2.02e-09
73.4 7 0.00183 6.5e-10 1.95e-09
73.5 7 0.0018 7e-10 2e-09
73.6 7 0.00178 6.5e-10 1.95e-09
73.7 7 0.00175 6.75e-10 1.92e-09
73.8 7 0.00173 6.5e-10 1.85e-09
73.9 7 0.0017 6.5e-10 1.85e-09
74 7 0.00168 6.5e-10 1.85e-09
74.1 7 0.00165 6e-10 1.8e-09
74.2 7 0.00163 6e-10 1.8e-09
74.3 7 0.00161 6.25e-10 1.77e-09
74.4 7 0.00158 6.25e-10 1.77e-09
74.5 7 0.00156 5.75e-10 1.72e-09
74.6 7 0.00154 6e-10 1.7e-09
74.7 7 0.00152 6e-10 1.7e-09
74.8 7 0.0015 6e-10 1.7e-09
74.9 7 0.00148 5.5e-10 1.65e-09
75 7 0.00145 5.25e-10 1.58e-09
75.1 7 0.00143 5.25e-10 1.58e-09
75.2 7 0.00141 5.25e-10 1.58e-09
75.3 7 0.00139 5e-10 1.5e-09
75.4 7 0.00137 5.5e-10 1.55e-09
75.5 7 0.00135 5.5e-10 1.55e-09
75.6 7 0.00133 5.25e-10 1.47e-09
75.7 7 0.00132 4.75e-10 1.42e-09
75.8 7 0.0013 4.75e-10 1.42e-09
75.9 7 0.00128 4.75e-10 1.42e-09
76 7 0.00126 4.75e-10 1.42e-09
76.1 7 0.00124 4.5e-10 1.35e-09
76.2 7 0.00123 4.75e-10 1.33e-09
76.3 7 0.00121 4.5e-10 1.35e-09
76.4 7 0.00119 4.75e-10 1.33e-09
76.5 7 0.00117 4.75e-10 1.33e-09
76.6 7 0.00116 4.5e-10 1.25e-09
76.7 7 0.00114 4.25e-10 1.28e-09
76.8 7 0.00112 4e-10 1.2e-09
76.9 7 0.00111 4.25e-10 1.28e-09
77 7 0.00109 4.5e-10 1.25e-09
77.1 7 0.00108 4e-10 1.2e-09
77.2 7 0.00106 4.25e-10 1.17e-09
77.3 7 0.00105 4.25e-10 1.17e-09
77.4 7 0.00103 3.75e-10 1.12e-09
77.5 7 0.00102 3.75e-10 1.12e-09
77.6 7 0.001 3.75e-10 1.12e-09
77.7 7 0.000989 3.83e-10 1.11e-09
77.8 7 0.000975 3.77e-10 1.09e-09
77.9 7 0.000962 3.73e-10 1.08e-09
78 7 0.000948 3.68e-10 1.06e-09
78.1 7 0.000934 3.62e-10 1.05e-09
78.2 7 0.000921 3.53e-10 1.03e-09
78.3 7 0.000908 3.5e-10 1.02e-09
78.4 7 0.000895 3.45e-10 1e-09
78.5 7 0.000883 3.4e-10 9.9e-10
78.6 7 0.00087 3.38e-10 9.72e-10
78.7 7 0.000858 3.32e-10 9.68e-10
78.8 7 0.000846 3.28e-10 9.52e-10
78.9 7 0.000834 3.2e-10 9.3e-10
79 7 0.000822 3.17e-10 9.22e-10
79.1 7 0.00081 3.13e-10 9.08e-10
79.2 7 0.000799 3.1e-10 9e-10
79.3 7 0.000787 3.05e-10 8.85e-10
79.4 7 0.000776 3e-10 8.7e-10
79.5 7 0.000765 2.98e-10 8.62e-10
79.6 7 0.000754 2.93e-10 8.48e-10
79.7 7 0.000744 2.85e-10 8.35e-10
79.8 7 0.000733 2.85e-10 8.25e-10
79.9 7 0.000723 2.83e-10 8.18e-10
80 7 0.000713 2.78e-10 8.02e-10
80.1 7 0.000702 2.7e-10 7.9e-10
80.2 7 0.000692 2.7e-10 7.8e-10
80.3 7 0.000683 2.68e-10 7.72e-10
80.4 7 0.000673 2.6e-10 7.6e-10
80.5 7 0.000663 2.6e-10 7.5e-10
80.6 7 0.000654 2.57e-10 7.42e-10
80.7 7 0.000645 2.5e-10 7.3e-10
80.8 7 0.000636 2.48e-10 7.23e-10
80.9 7 0.000627 2.42e-10 7.07e-10
81 7 0.000618 2.4e-10 7e-10
81.1 7 0.000609 2.35e-10 6.85e-10
81.2 7 0.0006 2.32e-10 6.77e-10
81.3 7 0.000592 2.3e-10 6.7e-10
81.4 7 0.000583 2.25e-10 6.55e-10
81.5 7 0.000575 2.25e-10 6.55e-10
81.6 7 0.000567 2.2e-10 6.4e-10
81.7 7 0.000559 2.17e-10 6.33e-10
81.8 7 0.000551 2.15e-10 6.25e-10
81.9 7 0.000543 2.12e-10 6.17e-10
82 7 0.000536 2.1e-10 6.1e-10
82.1 7 0.000528 2.08e-10 6.03e-10
82.2 7 0.00052 2.05e-10 5.95e-10
82.3 7 0.000513 2e-10 5.8e-10
82.4 7 0.000506 2e-10 5.8e-10
82.5 7 0.000499 1.95e-10 5.65e-10
82.6 7 0.000492 1.93e-10 5.57e-10
82.7 7 0.000485 1.9e-10 5.5e-10
82.8 7 0.000478 1.87e-10 5.43e-10
82.9 7 0.000471 1.85e-10 5.35e-10
83 7 0.000464 1.82e-10 5.27e-10
83.1 7 0.000458 1.78e-10 5.23e-10
83.2 7 0.000451 1.75e-10 5.15e-10
83.3 7 0.000445 1.75e-10 5.05e-10
83.4 7 0.000439 1.72e-10 4.97e-10
83.5 7 0.000432 1.72e-10 4.97e-10
83.6 7 0.000426 1.7e-10 4.9e-10
83.7 7 0.00042 1.65e-10 4.75e-10
83.8 7 0.000414 1.63e-10 4.67e-10
83.9 7 0.000408 1.57e-10 4.63e-10
84 7 0.000403 1.6e-10 4.6e-10
84.1 7 0.000397 1.52e-10 4.48e-10
84.2 7 0.000391 1.55e-10 4.45e-10
84.3 7 0.000386 1.52e-10 4.37e-10
84.4 7 0.00038 1.52e-10 4.37e-10
84.5 7 0.000375 1.45e-10 4.25e-10
84.6 7 0.000369 1.48e-10 4.22e-10
84.7 7 0.000364 1.45e-10 4.15e-10
84.8 7 0.000359 1.4e-10 4.1e-10
84.9 7 0.000354 1.37e-10 4.03e-10
85 7 0.000349 1.37e-10 4.03e-10
85.1 7 0.000344 1.37e-10 3.92e-10
85.2 7 0.000339 1.35e-10 3.85e-10
85.3 7 0.000334 1.3e-10 3.8e-10
85.4 7 0.00033 1.3e-10 3.8e-10
85.5 7 0.000325 1.27e-10 3.73e-10
85.6 7 0.00032 1.25e-10 3.65e-10
85.7 7 0.000316 1.22e-10 3.58e-10
85.8 7 0.000311 1.2e-10 3.5e-10
85.9 7 0.000307 1.25e-10 3.55e-10
86 7 0.000303 1.2e-10 3.5e-10
86.1 7 0.000298 1.15e-10 3.35e-10
86.2 7 0.000294 1.15e-10 3.35e-10
86.3 7 0.00029 1.15e-10 3.35e-10
86.4 7 0.000286 1.12e-10 3.28e-10
86.5 7 0.000282 1.1e-10 3.2e-10
86.6 7 0.000278 1.1e-10 3.2e-10
86.7 7 0.000274 1.08e-10 3.13e-10
86.8 7 0.00027 1.05e-10 3.05e-10
86.9 7 0.000266 1.05e-10 3.05e-10
87 7 0.000262 1.02e-10 2.98e-10
87.1 7 0.000259 1.02e-10 2.98e-10
87.2 7 0.000255 1e-10 2.9e-10
87.3 7 0.000251 1e-10 2.9e-10
87.4 7 0.000248 1e-10 2.9e-10
