-25 8 0.0838 2.02e-08 6.75e-09
-24.9 8 0.0847 2.1e-08 7e-09
-24.8 8 0.0857 2.17e-08 7.25e-09
-24.7 8 0.0867 2.17e-08 7.25e-09
-24.6 8 0.0877 2.25e-08 7.5e-09
-24.5 8 0.0887 2.3e-08 8e-09
-24.4 8 0.0897 2.32e-08 7.75e-09
-24.3 8 0.0907 2.4e-08 8e-09
-24.2 8 0.0917 2.47e-08 8.25e-09
-24.1 8 0.0928 2.47e-08 8.25e-09
-24 8 0.0938 2.5e-08 9e-09
-23.9 8 0.0949 2.55e-08 8.5e-09
-23.8 8 0.0959 2.63e-08 8.75e-09
-23.7 8 0.097 2.68e-08 9.25e-09
-23.6 8 0.0981 2.72e-08 9.75e-09
-23.5 8 0.0992 2.78e-08 9.25e-09
-23.4 8 0.1 3e-08 1e-08
-23.3 8 0.101 3e-08 1e-08
-23.2 8 0.103 3e-08 1e-08
-23.1 8 0.104 3e-08 1e-08
-23 8 0.105 3e-08 1e-08
-22.9 8 0.106 3.25e-08 1.75e-08
-22.8 8 0.107 3e-08 1e-08
-22.7 8 0.108 3e-08 1e-08
-22.6 8 0.11 3.25e-08 1.75e-08
-22.5 8 0.111 3e-08 1e-08
-22.4 8 0.112 3.75e-08 1.25e-08
-22.3 8 0.113 3.75e-08 1.25e-08
-22.2 8 0.115 3.25e-08 1.75e-08
-22.1 8 0.116 3.25e-08 1.75e-08
-22 8 0.117 3.75e-08 1.25e-08
-21.9 8 0.118 3.25e-08 1.75e-08
-21.8 8 0.12 3.25e-08 1.75e-08
-21.7 8 0.121 3.75e-08 1.25e-08
-21.6 8 0.122 3.75e-08 1.25e-08
-21.5 8 0.124 3.25e-08 1.75e-08
-21.4 8 0.125 3.75e-08 1.25e-08
-21.3 8 0.126 4e-08 2e-08
-21.2 8 0.128 4e-08 2e-08
-21.1 8 0.129 3.75e-08 1.25e-08
-21 8 0.131 3.75e-08 1.25e-08
-20.9 8 0.132 3.75e-08 1.25e-08
-20.8 8 0.133 3.75e-08 1.25e-08
-20.7 8 0.135 3.75e-08 1.25e-08
-20.6 8 0.136 4e-08 2e-08
-20.5 8 0.138 4e-08 2e-08
-20.4 8 0.139 3.75e-08 1.25e-08
-20.3 8 0.141 4e-08 2e-08
-20.2 8 0.142 4e-08 2e-08
-20.1 8 0.144 4e-08 2e-08
-20 8 0.145 3.25e-08 1.75e-08
-19.9 8 0.147 9e-08 7e-08
-19.8 8 0.148 1e-07 8e-08
-19.7 8 0.15 1.17e-07 9.25e-08
-19.6 8 0.151 1.3e-07 1e-07
-19.5 8 0.153 1.68e-07 8.25e-08
-19.4 8 0.155 1.1e-07 4e-08
-19.3 8 0.156 2.25e-08 3.75e-08
-19.2 8 0.158 2.5e-07 1.5e-07
-19.1 8 0.16 1e-07 1e-07
-19 8 0.161 6e-08 4e-08
-18.9 8 0.163 5.25e-08 2.75e-08
-18.8 8 0.165 5.5e-08 2.5e-08
-18.7 8 0.166 5e-08 2e-08
-18.6 8 0.168 5e-08 2e-08
-18.5 8 0.17 5e-08 2e-08
-18.4 8 0.172 5e-08 2e-08
-18.3 8 0.173 4.5e-08 1.5e-08
-18.2 8 0.175 4.5e-08 1.5e-08
-18.1 8 0.177 4.5e-08 1.5e-08
-18 8 0.179 4.5e-08 1.5e-08
-17.9 8 0.18 4.5e-08 1.5e-08
-17.8 8 0.182 4.5e-08 1.5e-08
-17.7 8 0.184 4.25e-08 1.75e-08
-17.6 8 0.186 3.75e-08 1.25e-08
-17.5 8 0.188 4.5e-08 1.5e-08
-17.4 8 0.19 4.5e-08 1.5e-08
-17.3 8 0.192 4.5e-08 1.5e-08
-17.2 8 0.194 3.75e-08 1.25e-08
-17.1 8 0.196 4.5e-08 1.5e-08
-17 8 0.197 3.75e-08 1.25e-08
-16.9 8 0.199 3.75e-08 1.25e-08
-16.8 8 0.201 3.75e-08 1.25e-08
-16.7 8 0.203 3.75e-08 1.25e-08
-16.6 8 0.205 3.75e-08 1.25e-08
-16.5 8 0.207 3e-08 1e-08
-16.4 8 0.209 3.25e-08 1.75e-08
-16.3 8 0.211 3.75e-08 1.25e-08
-16.2 8 0.214 3e-08 1e-08
-16.1 8 0.216 3e-08 1e-08
-16 8 0.218 3e-08 1e-08
-15.9 8 0.22 2.5e-08 1.5e-08
-15.8 8 0.222 2.25e-08 7.5e-09
-15.7 8 0.224 2.25e-08 7.5e-09
-15.6 8 0.226 3e-08 1e-08
-15.5 8 0.228 3e-08 1e-08
-15.4 8 0.23 3e-08 1e-08
-15.3 8 0.233 2.25e-08 7.5e-09
-15.2 8 0.235 2.25e-08 7.5e-09
-15.1 8 0.237 1.5e-08 5e-09
-15 8 0.239 1.5e-08 5e-09
-14.9 8 0.242 1.5e-08 5e-09
-14.8 8 0.244 1e-08 1e-08
-14.7 8 0.246 2.75e-08 1.25e-08
-14.6 8 0.248 2.75e-08 1.25e-08
-14.5 8 0.251 2e-08 1e-08
-14.4 8 0.253 1.5e-08 5e-09
-14.3 8 0.255 5e-09 5e-09
-14.2 8 0.258 5e-09 5e-09
-14.1 8 0.26 0 0
-14 8 0.262 0 0
-13.9 8 0.265 0 0
-13.8 8 0.267 0 0
-13.7 8 0.269 0 0
-13.6 8 0.272 2.5e-09 7.5e-09
-13.5 8 0.274 2.5e-08 1.5e-08
-13.4 8 0.277 1e-08 1e-08
-13.3 8 0.279 2.5e-09 7.5e-09
-13.2 8 0.282 5e-09 1.5e-08
-13.1 8 0.284 7.5e-09 1.25e-08
-13 8 0.287 1.25e-08 1.75e-08
-12.9 8 0.289 5e-09 1.5e-08
-12.8 8 0.292 7.5e-09 2.25e-08
-12.7 8 0.294 7.5e-09 2.25e-08
-12.6 8 0.297 7.5e-09 2.25e-08
-12.5 8 0.299 1e-08 3e-08
-12.4 8 0.302 1e-08 3e-08
-12.3 8 0.304 1e-08 3e-08
-12.2 8 0.307 1e-08 3e-08
-12.1 8 0.31 1.25e-08 3.75e-08
-12 8 0.312 1.25e-08 3.75e-08
-11.9 8 0.315 1.25e-08 3.75e-08
-11.8 8 0.318 1.25e-08 3.75e-08
-11.7 8 0.32 1.5e-08 4.5e-08
-11.6 8 0.323 1.5e-08 4.5e-08
-11.5 8 0.325 1.5e-08 4.5e-08
-11.4 8 0.328 1.5e-08 4.5e-08
-11.3 8 0.331 4e-08 5e-08
-11.2 8 0.334 1.75e-08 5.25e-08
-11.1 8 0.336 1.75e-08 5.25e-08
-11 8 0.339 2e-08 6e-08
-10.9 8 0.342 2e-08 6e-08
-10.8 8 0.344 2e-08 6e-08
-10.7 8 0.347 2e-08 6e-08
-10.6 8 0.35 2e-08 6e-08
-10.5 8 0.353 2.25e-08 6.75e-08
-10.4 8 0.355 2.25e-08 6.75e-08
-10.3 8 0.358 2.5e-08 7.5e-08
-10.2 8 0.361 2.5e-08 7.5e-08
-10.1 8 0.364 2.5e-08 7.5e-08
-10 8 0.367 2.75e-08 8.25e-08
-9.9 8 0.369 2.75e-08 8.25e-08
-9.8 8 0.372 2.75e-08 8.25e-08
-9.7 8 0.375 3.5e-08 8.5e-08
-9.6 8 0.378 3.5e-08 8.5e-08
-9.5 8 0.381 3e-08 9e-08
-9.4 8 0.384 3e-08 9e-08
-9.3 8 0.387 3e-08 9e-08
-9.2 8 0.389 3.75e-08 9.25e-08
-9.1 8 0.392 3.25e-08 9.75e-08
-9 8 0.395 3.75e-08 9.25e-08
-8.9 8 0.398 3.75e-08 9.25e-08
-8.8 8 0.401 4e-08 1e-07
-8.7 8 0.404 3.25e-08 9.75e-08
-8.6 8 0.407 3.5e-08 1.05e-07
-8.5 8 0.41 4e-08 1e-07
-8.4 8 0.413 4.25e-08 1.08e-07
-8.3 8 0.415 4.25e-08 1.08e-07
-8.2 8 0.418 4.25e-08 1.08e-07
-8.1 8 0.421 4.25e-08 1.08e-07
-8 8 0.424 3.75e-08 1.12e-07
-7.9 8 0.427 4.25e-08 1.08e-07
-7.8 8 0.43 4.25e-08 1.08e-07
-7.7 8 0.433 4.25e-08 1.08e-07
-7.6 8 0.436 4.5e-08 1.15e-07
-7.5 8 0.439 4.5e-08 1.15e-07
-7.4 8 0.442 4.5e-08 1.15e-07
-7.3 8 0.445 4.5e-08 1.15e-07
-7.2 8 0.448 4.75e-08 1.22e-07
-7.1 8 0.451 4.5e-08 1.15e-07
-7 8 0.454 4.5e-08 1.15e-07
-6.9 8 0.457 4.5e-08 1.15e-07
-6.8 8 0.46 4.75e-08 1.22e-07
-6.7 8 0.463 5.25e-08 1.17e-07
-6.6 8 0.466 5.25e-08 1.17e-07
-6.5 8 0.469 5.25e-08 1.17e-07
-6.4 8 0.472 4.75e-08 1.22e-07
-6.3 8 0.475 4.75e-08 1.22e-07
-6.2 8 0.477 5.5e-08 1.25e-07
-6.1 8 0.48 4.75e-08 1.22e-07
-6 8 0.483 5.25e-08 1.17e-07
-5.9 8 0.486 4.75e-08 1.22e-07
-5.8 8 0.489 5.25e-08 1.17e-07
-5.7 8 0.492 4.75e-08 1.22e-07
-5.6 8 0.495 5.25e-08 1.17e-07
-5.5 8 0.498 5.25e-08 1.17e-07
-5.4 8 0.501 4.75e-08 1.22e-07
-5.3 8 0.504 4.75e-08 1.22e-07
-5.2 8 0.507 5.25e-08 1.17e-07
-5.1 8 0.51 5.25e-08 1.17e-07
-5 8 0.513 5.25e-08 1.17e-07
-4.9 8 0.516 4.5e-08 1.15e-07
-4.8 8 0.519 4.5e-08 1.15e-07
-4.7 8 0.522 5.25e-08 1.17e-07
-4.6 8 0.525 5e-08 1.1e-07
-4.5 8 0.528 4.5e-08 1.15e-07
-4.4 8 0.531 4.5e-08 1.15e-07
-4.3 8 0.533 4.5e-08 1.15e-07
-4.2 8 0.536 5e-08 1.1e-07
-4.1 8 0.539 5e-08 1.1e-07
-4 8 0.542 4.75e-08 1.02e-07
-3.9 8 0.545 4.75e-08 1.02e-07
-3.8 8 0.548 4.25e-08 1.08e-07
-3.7 8 0.551 4.75e-08 1.02e-07
-3.6 8 0.554 4.75e-08 1.02e-07
-3.5 8 0.557 4.75e-08 1.02e-07
-3.4 8 0.559 4.75e-08 1.02e-07
-3.3 8 0.562 4.5e-08 9.5e-08
-3.2 8 0.565 4.5e-08 9.5e-08
-3.1 8 0.568 4.5e-08 9.5e-08
-3 8 0.571 4.5e-08 9.5e-08
-2.9 8 0.574 4.25e-08 8.75e-08
-2.8 8 0.576 4.75e-08 8.25e-08
-2.7 8 0.579 4e-08 8e-08
-2.6 8 0.582 4.5e-08 7.5e-08
-2.5 8 0.585 4.75e-08 7.25e-08
-2.4 8 0.587 4.75e-08 7.25e-08
-2.3 8 0.59 5.25e-08 5.75e-08
-2.2 8 0.593 9.75e-08 7.25e-08
-2.1 8 0.596 3.37e-07 2.82e-07
-2 8 0.598 1.17e-07 1.72e-07
-1.9 8 0.601 8.25e-08 1.47e-07
-1.8 8 0.604 6.75e-08 1.33e-07
-1.7 8 0.607 6e-08 1.2e-07
-1.6 8 0.609 6e-08 1.1e-07
-1.5 8 0.612 5e-08 1e-07
-1.4 8 0.615 4.5e-08 9.5e-08
-1.3 8 0.617 4.5e-08 8.5e-08
-1.2 8 0.62 4.75e-08 6.25e-08
-1.1 8 0.622 4.25e-08 5.75e-08
-1 8 0.625 4e-08 5e-08
-0.9 8 0.628 3.5e-08 4.5e-08
-0.8 8 0.63 2.75e-08 3.25e-08
-0.7 8 0.633 2.5e-08 3.5e-08
-0.6 8 0.635 1.75e-08 2.25e-08
-0.5 8 0.638 1.75e-08 2.25e-08
-0.4 8 0.64 1e-08 1e-08
-0.3 8 0.643 7.5e-09 1.25e-08
-0.2 8 0.645 1.75e-08 3.25e-08
-0.1 8 0.648 1e-08 3e-08
2.66e-14 8 0.65 1e-08 3e-08
0.1 8 0.653 7.5e-09 2.25e-08
0.2 8 0.655 7.5e-09 2.25e-08
0.3 8 0.658 5e-09 1.5e-08
0.4 8 0.66 5e-09 1.5e-08
0.5 8 0.663 5e-09 1.5e-08
0.6 8 0.665 2.5e-09 7.5e-09
0.7 8 0.667 2.5e-09 7.5e-09
0.8 8 0.67 0 0
0.9 8 0.672 0 0
1 8 0.674 0 0
1.1 8 0.677 0 0
1.2 8 0.679 7.5e-09 2.5e-09
1.3 8 0.681 7.5e-09 2.5e-09
1.4 8 0.683 1.5e-08 5e-09
1.5 8 0.686 1.5e-08 5e-09
1.6 8 0.688 2.25e-08 7.5e-09
1.7 8 0.69 2.25e-08 7.5e-09
1.8 8 0.692 2.25e-08 7.5e-09
1.9 8 0.694 2.25e-08 7.5e-09
2 8 0.697 3e-08 1e-08
2.1 8 0.699 3.25e-08 1.75e-08
2.2 8 0.701 3.25e-08 1.75e-08
2.3 8 0.703 3.75e-08 1.25e-08
2.4 8 0.705 3.75e-08 1.25e-08
2.5 8 0.707 4.5e-08 1.5e-08
2.6 8 0.709 4.75e-08 2.25e-08
2.7 8 0.711 4.5e-08 1.5e-08
2.8 8 0.713 4.75e-08 2.25e-08
2.9 8 0.715 5.25e-08 1.75e-08
3 8 0.717 5.5e-08 2.5e-08
3.1 8 0.719 6e-08 2e-08
3.2 8 0.721 6e-08 2e-08
3.3 8 0.723 6e-08 2e-08
3.4 8 0.725 7e-08 3e-08
3.5 8 0.726 6.25e-08 2.75e-08
3.6 8 0.728 6.75e-08 2.25e-08
3.7 8 0.73 7.5e-08 2.5e-08
3.8 8 0.732 7e-08 3e-08
3.9 8 0.734 7.5e-08 2.5e-08
4 8 0.736 7.75e-08 3.25e-08
4.1 8 0.737 8.5e-08 3.5e-08
4.2 8 0.739 8.25e-08 2.75e-08
4.3 8 0.741 8.5e-08 3.5e-08
4.4 8 0.742 8.5e-08 3.5e-08
4.5 8 0.744 8.5e-08 3.5e-08
4.6 8 0.746 9.25e-08 3.75e-08
4.7 8 0.747 9.25e-08 3.75e-08
4.8 8 0.749 1e-07 4e-08
4.9 8 0.75 1e-07 4e-08
5 8 0.752 1e-07 4e-08
5.1 8 0.754 1e-07 4e-08
5.2 8 0.755 1e-07 4e-08
5.3 8 0.757 1e-07 4e-08
5.4 8 0.758 1.08e-07 4.25e-08
5.5 8 0.759 1.12e-07 3.75e-08
5.6 8 0.761 1.08e-07 4.25e-08
5.7 8 0.762 1.08e-07 4.25e-08
5.8 8 0.764 1.15e-07 4.5e-08
5.9 8 0.765 1.22e-07 4.75e-08
6 8 0.766 1.15e-07 4.5e-08
6.1 8 0.768 1.15e-07 4.5e-08
6.2 8 0.769 1.22e-07 4.75e-08
6.3 8 0.77 1.22e-07 4.75e-08
6.4 8 0.772 1.22e-07 4.75e-08
6.5 8 0.773 1.3e-07 5e-08
6.6 8 0.774 1.22e-07 4.75e-08
6.7 8 0.775 1.27e-07 4.25e-08
6.8 8 0.776 1.3e-07 5e-08
6.9 8 0.778 1.35e-07 4.5e-08
7 8 0.779 1.3e-07 5e-08
7.1 8 0.78 1.35e-07 4.5e-08
7.2 8 0.781 1.3e-07 5e-08
7.3 8 0.782 1.38e-07 5.25e-08
7.4 8 0.783 1.38e-07 5.25e-08
7.5 8 0.784 1.38e-07 5.25e-08
7.6 8 0.785 1.45e-07 5.5e-08
7.7 8 0.786 1.45e-07 5.5e-08
7.8 8 0.787 1.38e-07 5.25e-08
7.9 8 0.788 1.45e-07 5.5e-08
8 8 0.789 1.45e-07 5.5e-08
8.1 8 0.79 1.45e-07 5.5e-08
8.2 8 0.791 1.52e-07 5.75e-08
8.3 8 0.791 1.45e-07 5.5e-08
8.4 8 0.792 1.45e-07 5.5e-08
8.5 8 0.793 1.45e-07 5.5e-08
8.6 8 0.794 1.52e-07 5.75e-08
8.7 8 0.795 1.52e-07 5.75e-08
8.8 8 0.795 1.52e-07 5.75e-08
8.9 8 0.796 1.6e-07 6e-08
9 8 0.797 1.52e-07 5.75e-08
9.1 8 0.797 1.52e-07 5.75e-08
9.2 8 0.798 1.6e-07 6e-08
9.3 8 0.799 1.6e-07 6e-08
9.4 8 0.799 1.6e-07 6e-08
9.5 8 0.8 1.6e-07 6e-08
9.6 8 0.8 1.6e-07 6e-08
9.7 8 0.801 1.6e-07 6e-08
9.8 8 0.801 1.6e-07 6e-08
9.9 8 0.802 1.6e-07 6e-08
10 8 0.802 1.6e-07 6e-08
10.1 8 0.803 1.6e-07 6e-08
10.2 8 0.803 1.6e-07 6e-08
10.3 8 0.804 1.6e-07 6e-08
10.4 8 0.804 1.6e-07 6e-08
10.5 8 0.804 1.68e-07 6.25e-08
10.6 8 0.805 1.6e-07 6e-08
10.7 8 0.805 1.6e-07 6e-08
10.8 8 0.805 1.65e-07 5.5e-08
10.9 8 0.805 1.68e-07 6.25e-08
11 8 0.806 1.68e-07 6.25e-08
11.1 8 0.806 1.6e-07 6e-08
11.2 8 0.806 1.68e-07 6.25e-08
11.3 8 0.806 1.68e-07 6.25e-08
11.4 8 0.806 1.6e-07 6e-08
11.5 8 0.807 1.68e-07 6.25e-08
11.6 8 0.807 1.68e-07 6.25e-08
11.7 8 0.807 1.68e-07 6.25e-08
11.8 8 0.807 1.68e-07 6.25e-08
11.9 8 0.807 1.68e-07 6.25e-08
12 8 0.807 1.68e-07 6.25e-08
12.1 8 0.807 1.68e-07 6.25e-08
12.2 8 0.807 1.68e-07 6.25e-08
12.3 8 0.807 1.68e-07 6.25e-08
12.4 8 0.807 1.68e-07 6.25e-08
12.5 8 0.807 1.68e-07 6.25e-08
12.6 8 0.806 1.6e-07 6e-08
12.7 8 0.806 1.68e-07 6.25e-08
12.8 8 0.806 1.68e-07 6.25e-08
12.9 8 0.806 1.6e-07 6e-08
13 8 0.806 1.68e-07 6.25e-08
13.1 8 0.805 1.68e-07 6.25e-08
13.2 8 0.805 1.65e-07 5.5e-08
13.3 8 0.805 1.6e-07 6e-08
13.4 8 0.805 1.6e-07 6e-08
13.5 8 0.804 1.68e-07 6.25e-08
13.6 8 0.804 1.6e-07 6e-08
13.7 8 0.804 1.6e-07 6e-08
13.8 8 0.803 1.6e-07 6e-08
13.9 8 0.803 1.6e-07 6e-08
14 8 0.802 1.6e-07 6e-08
14.1 8 0.802 1.6e-07 6e-08
14.2 8 0.801 1.6e-07 6e-08
14.3 8 0.801 1.6e-07 6e-08
14.4 8 0.8 1.6e-07 6e-08
14.5 8 0.8 1.6e-07 6e-08
14.6 8 0.799 1.6e-07 6e-08
14.7 8 0.799 1.6e-07 6e-08
14.8 8 0.798 1.6e-07 6e-08
14.9 8 0.797 1.52e-07 5.75e-08
15 8 0.797 1.52e-07 5.75e-08
15.1 8 0.796 1.6e-07 6e-08
15.2 8 0.795 1.52e-07 5.75e-08
15.3 8 0.795 1.52e-07 5.75e-08
15.4 8 0.794 1.52e-07 5.75e-08
15.5 8 0.793 1.45e-07 5.5e-08
15.6 8 0.792 1.45e-07 5.5e-08
15.7 8 0.791 1.45e-07 5.5e-08
15.8 8 0.791 1.52e-07 5.75e-08
15.9 8 0.79 1.45e-07 5.5e-08
16 8 0.789 1.45e-07 5.5e-08
16.1 8 0.788 1.45e-07 5.5e-08
16.2 8 0.787 1.38e-07 5.25e-08
16.3 8 0.786 1.45e-07 5.5e-08
16.4 8 0.785 1.45e-07 5.5e-08
16.5 8 0.784 1.38e-07 5.25e-08
16.6 8 0.783 1.38e-07 5.25e-08
16.7 8 0.782 1.38e-07 5.25e-08
16.8 8 0.781 1.3e-07 5e-08
16.9 8 0.78 1.35e-07 4.5e-08
17 8 0.779 1.3e-07 5e-08
17.1 8 0.778 1.35e-07 4.5e-08
17.2 8 0.776 1.3e-07 5e-08
17.3 8 0.775 1.27e-07 4.25e-08
17.4 8 0.774 1.22e-07 4.75e-08
17.5 8 0.773 1.3e-07 5e-08
17.6 8 0.772 1.22e-07 4.75e-08
17.7 8 0.77 1.22e-07 4.75e-08
17.8 8 0.769 1.22e-07 4.75e-08
17.9 8 0.768 1.15e-07 4.5e-08
18 8 0.766 1.15e-07 4.5e-08
18.1 8 0.765 1.22e-07 4.75e-08
18.2 8 0.764 1.15e-07 4.5e-08
18.3 8 0.762 1.08e-07 4.25e-08
18.4 8 0.761 1.08e-07 4.25e-08
18.5 8 0.759 1.12e-07 3.75e-08
18.6 8 0.758 1.08e-07 4.25e-08
18.7 8 0.757 1e-07 4e-08
18.8 8 0.755 1e-07 4e-08
18.9 8 0.754 1e-07 4e-08
19 8 0.752 1e-07 4e-08
19.1 8 0.75 1e-07 4e-08
19.2 8 0.749 1e-07 4e-08
19.3 8 0.747 9.25e-08 3.75e-08
19.4 8 0.746 9.25e-08 3.75e-08
19.5 8 0.744 8.5e-08 3.5e-08
19.6 8 0.742 8.5e-08 3.5e-08
19.7 8 0.741 8.5e-08 3.5e-08
19.8 8 0.739 8.25e-08 2.75e-08
19.9 8 0.737 8.5e-08 3.5e-08
20 8 0.736 7.75e-08 3.25e-08
20.1 8 0.734 7.5e-08 2.5e-08
20.2 8 0.732 7e-08 3e-08
20.3 8 0.73 7.5e-08 2.5e-08
20.4 8 0.728 6.75e-08 2.25e-08
20.5 8 0.726 6.25e-08 2.75e-08
20.6 8 0.725 7e-08 3e-08
20.7 8 0.723 6e-08 2e-08
20.8 8 0.721 6e-08 2e-08
20.9 8 0.719 6e-08 2e-08
21 8 0.717 5.5e-08 2.5e-08
21.1 8 0.715 5.25e-08 1.75e-08
21.2 8 0.713 4.75e-08 2.25e-08
21.3 8 0.711 4.5e-08 1.5e-08
21.4 8 0.709 4.75e-08 2.25e-08
21.5 8 0.707 4.5e-08 1.5e-08
21.6 8 0.705 3.75e-08 1.25e-08
21.7 8 0.703 3.75e-08 1.25e-08
21.8 8 0.701 3.25e-08 1.75e-08
21.9 8 0.699 3.25e-08 1.75e-08
22 8 0.697 3e-08 1e-08
22.1 8 0.694 2.25e-08 7.5e-09
22.2 8 0.692 2.25e-08 7.5e-09
22.3 8 0.69 2.25e-08 7.5e-09
22.4 8 0.688 2.25e-08 7.5e-09
22.5 8 0.686 1.5e-08 5e-09
22.6 8 0.683 1.5e-08 5e-09
22.7 8 0.681 7.5e-09 2.5e-09
22.8 8 0.679 7.5e-09 2.5e-09
22.9 8 0.677 0 0
23 8 0.674 0 0
23.1 8 0.672 0 0
23.2 8 0.67 0 0
23.3 8 0.667 2.5e-09 7.5e-09
23.4 8 0.665 2.5e-09 7.5e-09
23.5 8 0.663 5e-09 1.5e-08
23.6 8 0.66 5e-09 1.5e-08
23.7 8 0.658 5e-09 1.5e-08
23.8 8 0.655 7.5e-09 2.25e-08
23.9 8 0.653 7.5e-09 2.25e-08
24 8 0.65 1e-08 3e-08
24.1 8 0.648 1e-08 3e-08
24.2 8 0.645 1.75e-08 3.25e-08
24.3 8 0.643 7.5e-09 1.25e-08
24.4 8 0.64 1e-08 1e-08
24.5 8 0.638 1.75e-08 2.25e-08
24.6 8 0.635 1.75e-08 2.25e-08
24.7 8 0.633 2.5e-08 3.5e-08
24.8 8 0.63 2.75e-08 3.25e-08
24.9 8 0.628 3.5e-08 4.5e-08
25 8 0.625 4e-08 5e-08
25.1 8 0.622 4.25e-08 5.75e-08
25.2 8 0.62 4.75e-08 6.25e-08
25.3 8 0.617 4.5e-08 8.5e-08
25.4 8 0.615 4.5e-08 9.5e-08
25.5 8 0.612 5e-08 1e-07
25.6 8 0.609 6e-08 1.1e-07
25.7 8 0.607 6e-08 1.2e-07
25.8 8 0.604 6.75e-08 1.33e-07
25.9 8 0.601 8.25e-08 1.47e-07
26 8 0.598 1.17e-07 1.72e-07
26.1 8 0.596 3.37e-07 2.82e-07
26.2 8 0.593 9.75e-08 7.25e-08
26.3 8 0.59 5.25e-08 5.75e-08
26.4 8 0.587 4.75e-08 7.25e-08
26.5 8 0.585 4.75e-08 7.25e-08
26.6 8 0.582 4.5e-08 7.5e-08
26.7 8 0.579 4e-08 8e-08
26.8 8 0.576 4.75e-08 8.25e-08
26.9 8 0.574 4.25e-08 8.75e-08
27 8 0.571 4.5e-08 9.5e-08
27.1 8 0.568 4.5e-08 9.5e-08
27.2 8 0.565 4.5e-08 9.5e-08
27.3 8 0.562 4.5e-08 9.5e-08
27.4 8 0.559 4.75e-08 1.02e-07
27.5 8 0.557 4.75e-08 1.02e-07
27.6 8 0.554 4.75e-08 1.02e-07
27.7 8 0.551 4.75e-08 1.02e-07
27.8 8 0.548 4.25e-08 1.08e-07
27.9 8 0.545 4.75e-08 1.02e-07
28 8 0.542 4.75e-08 1.02e-07
28.1 8 0.539 5e-08 1.1e-07
28.2 8 0.536 5e-08 1.1e-07
28.3 8 0.533 4.5e-08 1.15e-07
28.4 8 0.531 4.5e-08 1.15e-07
28.5 8 0.528 4.5e-08 1.15e-07
28.6 8 0.525 5e-08 1.1e-07
28.7 8 0.522 5.25e-08 1.17e-07
28.8 8 0.519 4.5e-08 1.15e-07
28.9 8 0.516 4.5e-08 1.15e-07
29 8 0.513 5.25e-08 1.17e-07
29.1 8 0.51 5.25e-08 1.17e-07
29.2 8 0.507 5.25e-08 1.17e-07
29.3 8 0.504 4.75e-08 1.22e-07
29.4 8 0.501 4.75e-08 1.22e-07
29.5 8 0.498 5.25e-08 1.17e-07
29.6 8 0.495 5.25e-08 1.17e-07
29.7 8 0.492 4.75e-08 1.22e-07
29.8 8 0.489 5.25e-08 1.17e-07
29.9 8 0.486 4.75e-08 1.22e-07
30 8 0.483 5.25e-08 1.17e-07
30.1 8 0.48 4.75e-08 1.22e-07
30.2 8 0.477 5.5e-08 1.25e-07
30.3 8 0.475 4.75e-08 1.22e-07
30.4 8 0.472 4.75e-08 1.22e-07
30.5 8 0.469 5.25e-08 1.17e-07
30.6 8 0.466 5.25e-08 1.17e-07
30.7 8 0.463 5.25e-08 1.17e-07
30.8 8 0.46 4.75e-08 1.22e-07
30.9 8 0.457 4.5e-08 1.15e-07
31 8 0.454 4.5e-08 1.15e-07
31.1 8 0.451 4.5e-08 1.15e-07
31.2 8 0.448 4.75e-08 1.22e-07
31.3 8 0.445 4.5e-08 1.15e-07
31.4 8 0.442 4.5e-08 1.15e-07
31.5 8 0.439 4.5e-08 1.15e-07
31.6 8 0.436 4.5e-08 1.15e-07
31.7 8 0.433 4.25e-08 1.08e-07
31.8 8 0.43 4.25e-08 1.08e-07
31.9 8 0.427 4.25e-08 1.08e-07
32 8 0.424 3.75e-08 1.12e-07
32.1 8 0.421 4.25e-08 1.08e-07
32.2 8 0.418 4.25e-08 1.08e-07
32.3 8 0.415 4.25e-08 1.08e-07
32.4 8 0.413 4.25e-08 1.08e-07
32.5 8 0.41 4e-08 1e-07
32.6 8 0.407 3.5e-08 1.05e-07
32.7 8 0.404 3.25e-08 9.75e-08
32.8 8 0.401 4e-08 1e-07
32.9 8 0.398 3.75e-08 9.25e-08
33 8 0.395 3.75e-08 9.25e-08
33.1 8 0.392 3.25e-08 9.75e-08
33.2 8 0.389 3.75e-08 9.25e-08
33.3 8 0.387 3e-08 9e-08
33.4 8 0.384 3e-08 9e-08
33.5 8 0.381 3e-08 9e-08
33.6 8 0.378 3.5e-08 8.5e-08
33.7 8 0.375 3.5e-08 8.5e-08
33.8 8 0.372 2.75e-08 8.25e-08
33.9 8 0.369 2.75e-08 8.25e-08
34 8 0.367 2.75e-08 8.25e-08
34.1 8 0.364 2.5e-08 7.5e-08
34.2 8 0.361 2.5e-08 7.5e-08
34.3 8 0.358 2.5e-08 7.5e-08
34.4 8 0.355 2.25e-08 6.75e-08
34.5 8 0.353 2.25e-08 6.75e-08
34.6 8 0.35 2e-08 6e-08
34.7 8 0.347 2e-08 6e-08
34.8 8 0.344 2e-08 6e-08
34.9 8 0.342 2e-08 6e-08
35 8 0.339 2e-08 6e-08
35.1 8 0.336 1.75e-08 5.25e-08
35.2 8 0.334 1.75e-08 5.25e-08
35.3 8 0.331 4e-08 5e-08
35.4 8 0.328 1.5e-08 4.5e-08
35.5 8 0.325 1.5e-08 4.5e-08
35.6 8 0.323 1.5e-08 4.5e-08
35.7 8 0.32 1.5e-08 4.5e-08
35.8 8 0.318 1.25e-08 3.75e-08
35.9 8 0.315 1.25e-08 3.75e-08
36 8 0.312 1.25e-08 3.75e-08
36.1 8 0.31 1.25e-08 3.75e-08
36.2 8 0.307 1e-08 3e-08
36.3 8 0.304 1e-08 3e-08
36.4 8 0.302 1e-08 3e-08
36.5 8 0.299 1e-08 3e-08
36.6 8 0.297 7.5e-09 2.25e-08
36.7 8 0.294 7.5e-09 2.25e-08
36.8 8 0.292 7.5e-09 2.25e-08
36.9 8 0.289 5e-09 1.5e-08
37 8 0.287 1.25e-08 1.75e-08
37.1 8 0.284 7.5e-09 1.25e-08
37.2 8 0.282 5e-09 1.5e-08
37.3 8 0.279 2.5e-09 7.5e-09
37.4 8 0.277 1e-08 1e-08
37.5 8 0.274 2.5e-08 1.5e-08
37.6 8 0.272 2.5e-09 7.5e-09
37.7 8 0.269 0 0
37.8 8 0.267 0 0
37.9 8 0.265 0 0
38 8 0.262 0 0
38.1 8 0.26 0 0
38.2 8 0.258 5e-09 5e-09
38.3 8 0.255 5e-09 5e-09
38.4 8 0.253 1.5e-08 5e-09
38.5 8 0.251 2e-08 1e-08
38.6 8 0.248 2.75e-08 1.25e-08
38.7 8 0.246 2.75e-08 1.25e-08
38.8 8 0.244 1e-08 1e-08
38.9 8 0.242 1.5e-08 5e-09
39 8 0.239 1.5e-08 5e-09
39.1 8 0.237 1.5e-08 5e-09
39.2 8 0.235 2.25e-08 7.5e-09
39.3 8 0.233 2.25e-08 7.5e-09
39.4 8 0.23 3e-08 1e-08
39.5 8 0.228 3e-08 1e-08
39.6 8 0.226 3e-08 1e-08
39.7 8 0.224 2.25e-08 7.5e-09
39.8 8 0.222 2.25e-08 7.5e-09
39.9 8 0.22 2.5e-08 1.5e-08
40 8 0.218 3e-08 1e-08
40.1 8 0.216 3e-08 1e-08
40.2 8 0.214 3e-08 1e-08
40.3 8 0.211 3.75e-08 1.25e-08
40.4 8 0.209 3.25e-08 1.75e-08
40.5 8 0.207 3e-08 1e-08
40.6 8 0.205 3.75e-08 1.25e-08
40.7 8 0.203 3.75e-08 1.25e-08
40.8 8 0.201 3.75e-08 1.25e-08
40.9 8 0.199 3.75e-08 1.25e-08
41 8 0.197 3.75e-08 1.25e-08
41.1 8 0.196 4.5e-08 1.5e-08
41.2 8 0.194 3.75e-08 1.25e-08
41.3 8 0.192 4.5e-08 1.5e-08
41.4 8 0.19 4.5e-08 1.5e-08
41.5 8 0.188 4.5e-08 1.5e-08
41.6 8 0.186 3.75e-08 1.25e-08
41.7 8 0.184 4.25e-08 1.75e-08
41.8 8 0.182 4.5e-08 1.5e-08
41.9 8 0.18 4.5e-08 1.5e-08
42 8 0.179 4.5e-08 1.5e-08
42.1 8 0.177 4.5e-08 1.5e-08
42.2 8 0.175 4.5e-08 1.5e-08
42.3 8 0.173 4.5e-08 1.5e-08
42.4 8 0.172 5e-08 2e-08
42.5 8 0.17 5e-08 2e-08
42.6 8 0.168 5e-08 2e-08
42.7 8 0.166 5e-08 2e-08
42.8 8 0.165 5.5e-08 2.5e-08
42.9 8 0.163 5.25e-08 2.75e-08
43 8 0.161 6e-08 4e-08
43.1 8 0.16 1e-07 1e-07
43.2 8 0.158 2.5e-07 1.5e-07
43.3 8 0.156 2.25e-08 3.75e-08
43.4 8 0.155 1.1e-07 4e-08
43.5 8 0.153 1.68e-07 8.25e-08
43.6 8 0.151 1.3e-07 1e-07
43.7 8 0.15 1.17e-07 9.25e-08
43.8 8 0.148 1e-07 8e-08
43.9 8 0.147 9e-08 7e-08
44 8 0.145 3.25e-08 1.75e-08
44.1 8 0.144 4e-08 2e-08
44.2 8 0.142 4e-08 2e-08
44.3 8 0.141 4e-08 2e-08
44.4 8 0.139 3.75e-08 1.25e-08
44.5 8 0.138 4e-08 2e-08
44.6 8 0.136 4e-08 2e-08
44.7 8 0.135 3.75e-08 1.25e-08
44.8 8 0.133 3.75e-08 1.25e-08
44.9 8 0.132 3.75e-08 1.25e-08
45 8 0.131 3.75e-08 1.25e-08
45.1 8 0.129 3.75e-08 1.25e-08
45.2 8 0.128 4e-08 2e-08
45.3 8 0.126 4e-08 2e-08
45.4 8 0.125 3.75e-08 1.25e-08
45.5 8 0.124 3.25e-08 1.75e-08
45.6 8 0.122 3.75e-08 1.25e-08
45.7 8 0.121 3.75e-08 1.25e-08
45.8 8 0.12 3.25e-08 1.75e-08
45.9 8 0.118 3.25e-08 1.75e-08
46 8 0.117 3.75e-08 1.25e-08
46.1 8 0.116 3.25e-08 1.75e-08
46.2 8 0.115 3.25e-08 1.75e-08
46.3 8 0.113 3.75e-08 1.25e-08
46.4 8 0.112 3.75e-08 1.25e-08
46.5 8 0.111 3e-08 1e-08
46.6 8 0.11 3.25e-08 1.75e-08
46.7 8 0.108 3e-08 1e-08
46.8 8 0.107 3e-08 1e-08
46.9 8 0.106 3.25e-08 1.75e-08
47 8 0.105 3e-08 1e-08
47.1 8 0.104 3e-08 1e-08
47.2 8 0.103 3e-08 1e-08
47.3 8 0.101 3e-08 1e-08
47.4 8 0.1 3e-08 1e-08
47.5 8 0.0992 2.78e-08 9.25e-09
47.6 8 0.0981 2.72e-08 9.75e-09
47.7 8 0.097 2.68e-08 9.25e-09
47.8 8 0.0959 2.63e-08 8.75e-09
47.9 8 0.0949 2.55e-08 8.5e-09
48 8 0.0938 2.5e-08 9e-09
48.1 8 0.0928 2.47e-08 8.25e-09
48.2 8 0.0917 2.47e-08 8.25e-09
48.3 8 0.0907 2.4e-08 8e-09
48.4 8 0.0897 2.32e-08 7.75e-09
48.5 8 0.0887 2.3e-08 8e-09
48.6 8 0.0877 2.25e-08 7.5e-09
48.7 8 0.0867 2.17e-08 7.25e-09
48.8 8 0.0857 2.17e-08 7.25e-09
48.9 8 0.0847 2.1e-08 7e-09
49 8 0.0838 2.02e-08 6.75e-09
49.1 8 0.0828 1.95e-08 6.5e-09
49.2 8 0.0819 1.93e-08 6.75e-09
49.3 8 0.081 1.87e-08 6.25e-09
49.4 8 0.08 1.8e-08 6e-09
49.5 8 0.0791 1.78e-08 6.25e-09
49.6 8 0.0782 1.78e-08 6.25e-09
49.7 8 0.0773 1.68e-08 6.25e-09
49.8 8 0.0765 1.65e-08 5.5e-09
49.9 8 0.0756 1.62e-08 5.75e-09
50 8 0.0747 1.55e-08 5.5e-09
50.1 8 0.0739 1.5e-08 5e-09
50.2 8 0.073 1.5e-08 5e-09
50.3 8 0.0722 1.43e-08 4.75e-09
50.4 8 0.0714 1.35e-08 4.5e-09
50.5 8 0.0705 1.38e-08 5.25e-09
50.6 8 0.0697 1.35e-08 4.5e-09
50.7 8 0.0689 1.25e-08 4.5e-09
50.8 8 0.0681 1.25e-08 4.5e-09
50.9 8 0.0673 1.17e-08 4.25e-09
51 8 0.0666 1.17e-08 4.25e-09
51.1 8 0.0658 1.1e-08 4e-09
51.2 8 0.065 1.05e-08 3.5e-09
51.3 8 0.0643 1.1e-08 4e-09
51.4 8 0.0635 1e-08 4e-09
51.5 8 0.0628 9.75e-09 3.25e-09
51.6 8 0.0621 9.5e-09 3.5e-09
51.7 8 0.0614 8.75e-09 3.25e-09
51.8 8 0.0606 8.75e-09 3.25e-09
51.9 8 0.0599 8e-09 3e-09
52 8 0.0592 7.5e-09 2.5e-09
52.1 8 0.0586 7.5e-09 2.5e-09
52.2 8 0.0579 6.75e-09 2.25e-09
52.3 8 0.0572 6.5e-09 2.5e-09
52.4 8 0.0565 6.75e-09 2.25e-09
52.5 8 0.0559 6.5e-09 2.5e-09
52.6 8 0.0552 6e-09 2e-09
52.7 8 0.0546 6e-09 2e-09
52.8 8 0.0539 5.75e-09 2.25e-09
52.9 8 0.0533 5e-09 2e-09
53 8 0.0527 5e-09 2e-09
53.1 8 0.0521 4.25e-09 1.75e-09
53.2 8 0.0514 4.5e-09 1.5e-09
53.3 8 0.0508 3.75e-09 1.25e-09
53.4 8 0.0502 3.5e-09 1.5e-09
53.5 8 0.0497 3.75e-09 1.25e-09
53.6 8 0.0491 3e-09 1e-09
53.7 8 0.0485 2.75e-09 1.25e-09
53.8 8 0.0479 2.75e-09 1.25e-09
53.9 8 0.0474 2.25e-09 7.5e-10
54 8 0.0468 2e-09 1e-09
54.1 8 0.0462 2.5e-09 1.5e-09
54.2 8 0.0457 2e-09 1e-09
54.3 8 0.0452 1.75e-09 1.25e-09
54.4 8 0.0446 2e-09 2e-09
54.5 8 0.0441 2.75e-09 5.25e-09
54.6 8 0.0436 3.25e-09 1.75e-09
54.7 8 0.0431 1e-09 1e-09
54.8 8 0.0425 5e-10 5e-10
54.9 8 0.042 2.5e-10 7.5e-10
55 8 0.0415 2.5e-10 7.5e-10
55.1 8 0.0411 7.5e-10 2.5e-10
55.2 8 0.0406 5e-10 5e-10
55.3 8 0.0401 0 0
55.4 8 0.0396 5e-10 5e-10
55.5 8 0.0391 2.5e-10 7.5e-10
55.6 8 0.0387 1e-09 1e-09
55.7 8 0.0382 7.5e-10 1.25e-09
55.8 8 0.0378 2.5e-10 7.5e-10
55.9 8 0.0373 5e-10 1.5e-09
56 8 0.0369 2.5e-10 7.5e-10
56.1 8 0.0364 5e-10 5e-10
56.2 8 0.036 5e-10 5e-10
56.3 8 0.0356 1.25e-09 7.5e-10
56.4 8 0.0351 1e-09 1e-09
56.5 8 0.0347 1.25e-09 1.75e-09
56.6 8 0.0343 1.25e-09 1.75e-09
56.7 8 0.0339 1.25e-09 1.75e-09
56.8 8 0.0335 2.25e-09 2.75e-09
56.9 8 0.0331 2e-09 3e-09
57 8 0.0327 2.25e-09 2.75e-09
57.1 8 0.0323 2.5e-09 3.5e-09
57.2 8 0.0319 2e-09 3e-09
57.3 8 0.0315 2.25e-09 4.75e-09
57.4 8 0.0311 2e-09 4e-09
57.5 8 0.0308 2.25e-09 4.75e-09
57.6 8 0.0304 2.5e-09 5.5e-09
57.7 8 0.03 2.5e-09 5.5e-09
57.8 8 0.0297 2.5e-09 5.5e-09
57.9 8 0.0293 2.5e-09 5.5e-09
58 8 0.029 2.5e-09 5.5e-09
58.1 8 0.0286 2.75e-09 6.25e-09
58.2 8 0.0283 2.75e-09 6.25e-09
58.3 8 0.0279 3.25e-09 6.75e-09
58.4 8 0.0276 3e-09 7e-09
58.5 8 0.0273 3e-09 7e-09
58.6 8 0.0269 3.5e-09 7.5e-09
58.7 8 0.0266 3e-09 7e-09
58.8 8 0.0263 3e-09 7e-09
58.9 8 0.026 3.25e-09 7.75e-09
59 8 0.0257 1.25e-09 3.75e-09
59.1 8 0.0253 1.5e-09 4.5e-09
59.2 8 0.025 1.5e-09 4.5e-09
59.3 8 0.0247 1.5e-09 4.5e-09
59.4 8 0.0244 1.25e-09 3.75e-09
59.5 8 0.0241 1.5e-09 4.5e-09
59.6 8 0.0238 2e-09 4e-09
59.7 8 0.0236 1.25e-09 3.75e-09
59.8 8 0.0233 1.25e-09 3.75e-09
59.9 8 0.023 1.5e-09 4.5e-09
60 8 0.0227 2e-09 4e-09
60.1 8 0.0224 2e-09 4e-09
60.2 8 0.0222 1.5e-09 4.5e-09
60.3 8 0.0219 1.5e-09 4.5e-09
60.4 8 0.0216 1.5e-09 4.5e-09
60.5 8 0.0214 1.5e-09 4.5e-09
60.6 8 0.0211 1.5e-09 4.5e-09
60.7 8 0.0209 1.5e-09 4.5e-09
60.8 8 0.0206 1.5e-09 4.5e-09
60.9 8 0.0203 1.5e-09 4.5e-09
61 8 0.0201 1.5e-09 4.5e-09
61.1 8 0.0199 1.5e-09 4.5e-09
61.2 8 0.0196 1.5e-09 4.5e-09
61.3 8 0.0194 1.5e-09 4.5e-09
61.4 8 0.0191 1.5e-09 4.5e-09
61.5 8 0.0189 1.5e-09 4.5e-09
61.6 8 0.0187 2e-09 5e-09
61.7 8 0.0184 1.5e-09 4.5e-09
61.8 8 0.0182 1.5e-09 4.5e-09
61.9 8 0.018 1.5e-09 4.5e-09
62 8 0.0178 1.5e-09 4.5e-09
62.1 8 0.0176 1.5e-09 4.5e-09
62.2 8 0.0174 1.5e-09 4.5e-09
62.3 8 0.0171 1.5e-09 4.5e-09
62.4 8 0.0169 1.5e-09 4.5e-09
62.5 8 0.0167 1.5e-09 4.5e-09
62.6 8 0.0165 1.5e-09 4.5e-09
62.7 8 0.0163 1.5e-09 4.5e-09
62.8 8 0.0161 1.5e-09 4.5e-09
62.9 8 0.0159 1.5e-09 4.5e-09
63 8 0.0157 1.5e-09 4.5e-09
63.1 8 0.0155 1.5e-09 4.5e-09
63.2 8 0.0153 1.5e-09 4.5e-09
63.3 8 0.0152 1.25e-09 3.75e-09
63.4 8 0.015 1.5e-09 4.5e-09
63.5 8 0.0148 1.25e-09 3.75e-09
63.6 8 0.0146 1.25e-09 3.75e-09
63.7 8 0.0144 1.5e-09 4.5e-09
63.8 8 0.0143 1.5e-09 4.5e-09
63.9 8 0.0141 1.5e-09 4.5e-09
64 8 0.0139 1.25e-09 3.75e-09
64.1 8 0.0137 1.5e-09 4.5e-09
64.2 8 0.0136 1.25e-09 3.75e-09
64.3 8 0.0134 1.5e-09 4.5e-09
64.4 8 0.0132 1.25e-09 3.75e-09
64.5 8 0.0131 1.25e-09 3.75e-09
64.6 8 0.0129 1.25e-09 3.75e-09
64.7 8 0.0128 1.25e-09 3.75e-09
64.8 8 0.0126 1.25e-09 3.75e-09
64.9 8 0.0124 1.5e-09 4.5e-09
65 8 0.0123 1.5e-09 4.5e-09
65.1 8 0.0121 1.25e-09 3.75e-09
65.2 8 0.012 1.25e-09 3.75e-09
65.3 8 0.0118 1.5e-09 4.5e-09
65.4 8 0.0117 1.25e-09 3.75e-09
65.5 8 0.0116 1.25e-09 3.75e-09
65.6 8 0.0114 1.25e-09 3.75e-09
65.7 8 0.0113 1.25e-09 3.75e-09
65.8 8 0.0111 1.25e-09 3.75e-09
65.9 8 0.011 1.25e-09 3.75e-09
66 8 0.0109 1.25e-09 3.75e-09
66.1 8 0.0107 1.25e-09 3.75e-09
66.2 8 0.0106 1.25e-09 3.75e-09
66.3 8 0.0105 1.25e-09 3.75e-09
66.4 8 0.0103 1.25e-09 3.75e-09
66.5 8 0.0102 1.25e-09 3.75e-09
66.6 8 0.0101 1.25e-09 3.75e-09
66.7 8 0.00997 1.23e-09 3.58e-09
66.8 8 0.00984 1.2e-09 3.6e-09
66.9 8 0.00972 1.17e-09 3.53e-09
67 8 0.0096 1.2e-09 3.5e-09
67.1 8 0.00949 1.17e-09 3.53e-09
67.2 8 0.00937 1.2e-09 3.5e-09
67.3 8 0.00925 1.15e-09 3.45e-09
67.4 8 0.00914 1.12e-09 3.38e-09
67.5 8 0.00903 1.12e-09 3.38e-09
67.6 8 0.00892 1.12e-09 3.38e-09
67.7 8 0.00881 1.15e-09 3.35e-09
67.8 8 0.0087 1.1e-09 3.3e-09
67.9 8 0.00859 1.12e-09 3.27e-09
68 8 0.00849 1.12e-09 3.27e-09
68.1 8 0.00838 1.12e-09 3.27e-09
68.2 8 0.00828 1.1e-09 3.2e-09
68.3 8 0.00818 1.05e-09 3.15e-09
68.4 8 0.00808 1.1e-09 3.2e-09
68.5 8 0.00798 1.05e-09 3.15e-09
68.6 8 0.00788 1.07e-09 3.12e-09
68.7 8 0.00778 1.03e-09 3.07e-09
68.8 8 0.00768 1e-09 3e-09
68.9 8 0.00759 1e-09 3e-09
69 8 0.0075 1.03e-09 2.98e-09
69.1 8 0.0074 9.75e-10 2.93e-09
69.2 8 0.00731 9.75e-10 2.93e-09
69.3 8 0.00722 9.75e-10 2.93e-09
69.4 8 0.00713 1.03e-09 2.88e-09
69.5 8 0.00705 9.5e-10 2.85e-09
69.6 8 0.00696 9.75e-10 2.83e-09
69.7 8 0.00687 9.25e-10 2.78e-09
69.8 8 0.00679 9.25e-10 2.78e-09
69.9 8 0.0067 9.25e-10 2.78e-09
70 8 0.00662 9e-10 2.7e-09
70.1 8 0.00654 9.5e-10 2.75e-09
70.2 8 0.00646 9e-10 2.7e-09
70.3 8 0.00638 9e-10 2.7e-09
70.4 8 0.0063 8.75e-10 2.62e-09
70.5 8 0.00622 9e-10 2.6e-09
70.6 8 0.00615 8.5e-10 2.55e-09
70.7 8 0.00607 8.75e-10 2.52e-09
70.8 8 0.006 8.75e-10 2.52e-09
70.9 8 0.00592 8.25e-10 2.47e-09
71 8 0.00585 8.5e-10 2.45e-09
71.1 8 0.00578 8.25e-10 2.47e-09
71.2 8 0.00571 8.25e-10 2.47e-09
71.3 8 0.00563 8.5e-10 2.45e-09
71.4 8 0.00557 8e-10 2.4e-09
71.5 8 0.0055 7.75e-10 2.33e-09
71.6 8 0.00543 7.75e-10 2.33e-09
71.7 8 0.00536 8.25e-10 2.28e-09
71.8 8 0.0053 8e-10 2.3e-09
71.9 8 0.00523 7.5e-10 2.25e-09
72 8 0.00517 7.75e-10 2.23e-09
72.1 8 0.0051 1e-09 2e-09
72.2 8 0.00504 8e-10 2.2e-09
72.3 8 0.00498 7.25e-10 2.18e-09
72.4 8 0.00491 7.5e-10 2.15e-09
72.5 8 0.00485 7.5e-10 2.15e-09
72.6 8 0.00479 7.5e-10 2.15e-09
72.7 8 0.00473 7.25e-10 2.07e-09
72.8 8 0.00468 7e-10 2.1e-09
72.9 8 0.00462 7.5e-10 2.05e-09
73 8 0.00456 6.75e-10 2.02e-09
73.1 8 0.00451 6.75e-10 2.02e-09
73.2 8 0.00445 6.5e-10 1.95e-09
73.3 8 0.00439 6.5e-10 1.95e-09
73.4 8 0.00434 6.75e-10 1.92e-09
73.5 8 0.00429 6.5e-10 1.95e-09
73.6 8 0.00423 6.25e-10 1.87e-09
73.7 8 0.00418 6.25e-10 1.87e-09
73.8 8 0.00413 6.5e-10 1.85e-09
73.9 8 0.00408 6.5e-10 1.85e-09
74 8 0.00403 6e-10 1.8e-09
74.1 8 0.00398 6.5e-10 1.85e-09
74.2 8 0.00393 6e-10 1.8e-09
74.3 8 0.00388 5.75e-10 1.72e-09
74.4 8 0.00383 6.25e-10 1.77e-09
74.5 8 0.00378 5.75e-10 1.72e-09
74.6 8 0.00374 5.75e-10 1.72e-09
74.7 8 0.00369 5.75e-10 1.72e-09
74.8 8 0.00365 6e-10 1.7e-09
74.9 8 0.0036 6e-10 1.7e-09
75 8 0.00356 5.75e-10 1.63e-09
75.1 8 0.00351 5.75e-10 1.63e-09
75.2 8 0.00347 5.75e-10 1.63e-09
75.3 8 0.00343 5.25e-10 1.58e-09
75.4 8 0.00338 5.25e-10 1.58e-09
75.5 8 0.00334 5.5e-10 1.55e-09
75.6 8 0.0033 5e-10 1.5e-09
75.7 8 0.00326 5e-10 1.5e-09
75.8 8 0.00322 5e-10 1.5e-09
75.9 8 0.00318 5e-10 1.5e-09
76 8 0.00314 5.25e-10 1.47e-09
76.1 8 0.0031 5.25e-10 1.47e-09
76.2 8 0.00306 4.75e-10 1.42e-09
76.3 8 0.00302 4.75e-10 1.42e-09
76.4 8 0.00299 4.5e-10 1.35e-09
76.5 8 0.00295 4.5e-10 1.35e-09
76.6 8 0.00291 4.75e-10 1.42e-09
76.7 8 0.00288 4.5e-10 1.35e-09
76.8 8 0.00284 4.75e-10 1.33e-09
76.9 8 0.00281 4.5e-10 1.35e-09
77 8 0.00277 4.5e-10 1.35e-09
77.1 8 0.00274 4.5e-10 1.35e-09
77.2 8 0.0027 4.75e-10 1.33e-09
77.3 8 0.00267 4.25e-10 1.28e-09
77.4 8 0.00264 4e-10 1.2e-09
77.5 8 0.0026 4e-10 1.2e-09
77.6 8 0.00257 4.5e-10 1.25e-09
77.7 8 0.00254 4.25e-10 1.17e-09
77.8 8 0.00251 4e-10 1.2e-09
77.9 8 0.00248 4.25e-10 1.17e-09
78 8 0.00245 4e-10 1.2e-09
78.1 8 0.00242 3.75e-10 1.12e-09
78.2 8 0.00239 3.75e-10 1.12e-09
78.3 8 0.00236 3.75e-10 1.12e-09
78.4 8 0.00233 4e-10 1.1e-09
78.5 8 0.0023 3.75e-10 1.12e-09
78.6 8 0.00227 3.75e-10 1.12e-09
78.7 8 0.00224 3.75e-10 1.12e-09
78.8 8 0.00221 4e-10 1.1e-09
78.9 8 0.00219 3.5e-10 1.05e-09
79 8 0.00216 3.5e-10 1.05e-09
79.1 8 0.00213 3.25e-10 9.75e-10
79.2 8 0.00211 3.75e-10 1.03e-09
79.3 8 0.00208 3.5e-10 1.05e-09
79.4 8 0.00206 3.75e-10 1.03e-09
79.5 8 0.00203 3.75e-10 1.03e-09
79.6 8 0.002 3.25e-10 9.75e-10
79.7 8 0.00198 3.5e-10 9.5e-10
79.8 8 0.00196 3.5e-10 9.5e-10
79.9 8 0.00193 3e-10 9e-10
80 8 0.00191 3e-10 9e-10
80.1 8 0.00188 3.5e-10 9.5e-10
80.2 8 0.00186 3e-10 9e-10
80.3 8 0.00184 3e-10 9e-10
80.4 8 0.00181 3e-10 9e-10
80.5 8 0.00179 3.25e-10 8.75e-10
80.6 8 0.00177 2.75e-10 8.25e-10
80.7 8 0.00175 3e-10 9e-10
80.8 8 0.00173 3e-10 9e-10
80.9 8 0.0017 2.75e-10 8.25e-10
81 8 0.00168 2.75e-10 8.25e-10
81.1 8 0.00166 2.75e-10 8.25e-10
81.2 8 0.00164 2.75e-10 8.25e-10
81.3 8 0.00162 3e-10 8e-10
81.4 8 0.0016 2.5e-10 7.5e-10
81.5 8 0.00158 2.5e-10 7.5e-10
81.6 8 0.00156 2.5e-10 7.5e-10
81.7 8 0.00154 3e-10 8e-10
81.8 8 0.00152 2.75e-10 7.25e-10
81.9 8 0.0015 2.5e-10 7.5e-10
82 8 0.00149 2.5e-10 7.5e-10
82.1 8 0.00147 2.75e-10 7.25e-10
82.2 8 0.00145 2.5e-10 7.5e-10
82.3 8 0.00143 2.25e-10 6.75e-10
82.4 8 0.00141 2.5e-10 7.5e-10
82.5 8 0.0014 2.75e-10 7.25e-10
82.6 8 0.00138 2.25e-10 6.75e-10
82.7 8 0.00136 2.5e-10 6.5e-10
82.8 8 0.00134 2.25e-10 6.75e-10
82.9 8 0.00133 2.25e-10 6.75e-10
83 8 0.00131 2.25e-10 6.75e-10
83.1 8 0.0013 2.5e-10 6.5e-10
83.2 8 0.00128 2e-10 6e-10
83.3 8 0.00126 2.5e-10 6.5e-10
83.4 8 0.00125 2.25e-10 6.75e-10
83.5 8 0.00123 2e-10 6e-10
83.6 8 0.00122 2e-10 6e-10
83.7 8 0.0012 2e-10 6e-10
83.8 8 0.00119 2.25e-10 5.75e-10
83.9 8 0.00117 2e-10 6e-10
84 8 0.00116 1.75e-10 5.25e-10
84.1 8 0.00114 2e-10 6e-10
84.2 8 0.00113 1.75e-10 5.25e-10
84.3 8 0.00112 1.75e-10 5.25e-10
84.4 8 0.0011 1.75e-10 5.25e-10
84.5 8 0.00109 1.75e-10 5.25e-10
84.6 8 0.00107 1.75e-10 5.25e-10
84.7 8 0.00106 1.75e-10 5.25e-10
84.8 8 0.00105 1.75e-10 5.25e-10
84.9 8 0.00103 1.75e-10 5.25e-10
85 8 0.00102 1.75e-10 5.25e-10
85.1 8 0.00101 1.75e-10 5.25e-10
85.2 8 0.000997 1.7e-10 5e-10
85.3 8 0.000984 1.67e-10 4.93e-10
85.4 8 0.000972 1.65e-10 4.85e-10
85.5 8 0.00096 1.67e-10 4.83e-10
85.6 8 0.000948 1.63e-10 4.77e-10
85.7 8 0.000936 1.63e-10 4.77e-10
85.8 8 0.000925 1.6e-10 4.7e-10
85.9 8 0.000913 1.6e-10 4.6e-10
86 8 0.000902 1.55e-10 4.55e-10
86.1 8 0.000891 1.52e-10 4.48e-10
86.2 8 0.00088 1.52e-10 4.48e-10
86.3 8 0.000869 1.5e-10 4.4e-10
86.4 8 0.000858 1.48e-10 4.33e-10
86.5 8 0.000847 1.45e-10 4.25e-10
86.6 8 0.000837 1.45e-10 4.25e-10
86.7 8 0.000826 1.42e-10 4.18e-10
86.8 8 0.000816 1.42e-10 4.18e-10
86.9 8 0.000806 1.4e-10 4.1e-10
87 8 0.000796 1.37e-10 4.03e-10
87.1 8 0.000786 1.37e-10 4.03e-10
87.2 8 0.000776 1.35e-10 3.95e-10
87.3 8 0.000767 1.33e-10 3.88e-10
87.4 8 0.000757 1.33e-10 3.88e-10
87.5 8 0.000748 1.33e-10 3.77e-10
87.6 8 0.000738 1.3e-10 3.8e-10
87.7 8 0.000729 1.25e-10 3.65e-10
87.8 8 0.00072 1.27e-10 3.73e-10
87.9 8 0.000711 1.22e-10 3.58e-10
88 8 0.000702 1.2e-10 3.5e-10
88.1 8 0.000694 1.22e-10 3.58e-10
88.2 8 0.000685 1.2e-10 3.5e-10
88.3 8 0.000677 1.18e-10 3.43e-10
88.4 8 0.000668 1.18e-10 3.43e-10
88.5 8 0.00066 1.15e-10 3.35e-10
88.6 8 0.000652 1.15e-10 3.35e-10
88.7 8 0.000644 1.12e-10 3.28e-10
88.8 8 0.000636 1.1e-10 3.2e-10
88.9 8 0.000628 1.1e-10 3.2e-10
89 8 0.00062 1.05e-10 3.15e-10
89.1 8 0.000612 1.02e-10 3.08e-10
89.2 8 0.000605 1.02e-10 3.08e-10
89.3 8 0.000597 1.05e-10 3.05e-10
89.4 8 0.00059 1.02e-10 2.98e-10
89.5 8 0.000582 1.02e-10 2.98e-10
89.6 8 0.000575 1e-10 2.9e-10
89.7 8 0.000568 1e-10 2.9e-10
