     -25        0 0.000384        0
   -24.8        0 0.000412        0
   -24.6        0 0.000443        0
   -24.4        0 0.000476        0
   -24.2        0 0.000511        0
     -24        0 0.000548        0
   -23.8        0 0.000589        0
   -23.6        0 0.000633        0
   -23.4        0 0.000679        0
   -23.2        0  0.00073        0
     -23        0 0.000784        0
   -22.8        0 0.000842        0
   -22.6        0 0.000904        0
   -22.4        0 0.000973        0
   -22.2        0  0.00104        0
     -22        0  0.00112        0
   -21.8        0   0.0012        0
   -21.6        0  0.00129        0
   -21.4        0  0.00139        0
   -21.2        0  0.00149        0
     -21        0   0.0016        0
   -20.8        0  0.00172        0
   -20.6        0  0.00184        0
   -20.4        0  0.00198        0
   -20.2        0  0.00213        0
     -20        0  0.00228        0
   -19.8        0  0.00245        0
   -19.6        0  0.00263        0
   -19.4        0  0.00283        0
   -19.2        0  0.00303        0
     -19        0  0.00326        0
   -18.8        0   0.0035        0
   -18.6        0  0.00375        0
   -18.4        0  0.00403        0
   -18.2        0  0.00432        0
     -18        0  0.00464        0
   -17.8        0  0.00498        0
   -17.6        0  0.00535        0
   -17.4        0  0.00574        0
   -17.2        0  0.00616        0
     -17        0  0.00661        0
   -16.8        0   0.0071        0
   -16.6        0  0.00761        0
   -16.4        0  0.00817        0
   -16.2        0  0.00877        0
     -16        0   0.0094        0
   -15.8        0   0.0101        0
   -15.6        0   0.0108        0
   -15.4        0   0.0116        0
   -15.2        0   0.0124        0
     -15        0   0.0133        0
   -14.8        0   0.0143        0
   -14.6        0   0.0153        0
   -14.4        0   0.0164        0
   -14.2        0   0.0176        0
     -14        0   0.0189        0
   -13.8        0   0.0203        0
   -13.6        0   0.0217        0
   -13.4        0   0.0232        0
   -13.2        0   0.0249        0
     -13        0   0.0266        0
   -12.8        0   0.0285        0
   -12.6        0   0.0305        0
   -12.4        0   0.0327        0
   -12.2        0   0.0349        0
     -12        0   0.0374        0
   -11.8        0   0.0399        0
   -11.6        0   0.0427        0
   -11.4        0   0.0456        0
   -11.2        0   0.0487        0
     -11        0    0.052        0
   -10.8        0   0.0555        0
   -10.6        0   0.0592        0
   -10.4        0   0.0632        0
   -10.2        0   0.0673        0
     -10        0   0.0717        0
    -9.8        0   0.0764        0
    -9.6        0   0.0813        0
    -9.4        0   0.0865        0
    -9.2        0    0.092        0
      -9        0   0.0978        0
    -8.8        0    0.104        0
    -8.6        0     0.11        0
    -8.4        0    0.117        0
    -8.2        0    0.124        0
      -8        0    0.131        0
    -7.8        0    0.139        0
    -7.6        0    0.147        0
    -7.4        0    0.155        0
    -7.2        0    0.164        0
      -7        0    0.173        0
    -6.8        0    0.183        0
    -6.6        0    0.192        0
    -6.4        0    0.203        0
    -6.2        0    0.213        0
      -6        0    0.224        0
    -5.8        0    0.235        0
    -5.6        0    0.247        0
    -5.4        0    0.259        0
    -5.2        0    0.271        0
      -5        0    0.283        0
    -4.8        0    0.296        0
    -4.6        0    0.309        0
    -4.4        0    0.322        0
    -4.2        0    0.336        0
      -4        0     0.35        0
    -3.8        0    0.364        0
    -3.6        0    0.378        0
    -3.4        0    0.392        0
    -3.2        0    0.407        0
      -3        0    0.422        0
    -2.8        0    0.436        0
    -2.6        0    0.451        0
    -2.4        0    0.466        0
    -2.2        0    0.481        0
      -2        0    0.496        0
    -1.8        0    0.511        0
    -1.6        0    0.526        0
    -1.4        0    0.541        0
    -1.2        0    0.556        0
      -1        0     0.57        0
    -0.8        0    0.585        0
    -0.6        0    0.599        0
    -0.4        0    0.613        0
    -0.2        0    0.627        0
3.73e-14        0    0.641        0
     0.2        0    0.655        0
     0.4        0    0.668        0
     0.6        0    0.681        0
     0.8        0    0.694        0
       1        0    0.706        0
     1.2        0    0.718        0
     1.4        0     0.73        0
     1.6        0    0.741        0
     1.8        0    0.752        0
       2        0    0.763        0
     2.2        0    0.774        0
     2.4        0    0.784        0
     2.6        0    0.793        0
     2.8        0    0.803        0
       3        0    0.812        0
     3.2        0     0.82        0
     3.4        0    0.828        0
     3.6        0    0.836        0
     3.8        0    0.844        0
       4        0    0.851        0
     4.2        0    0.858        0
     4.4        0    0.865        0
     4.6        0    0.871        0
     4.8        0    0.877        0
       5        0    0.883        0
     5.2        0    0.888        0
     5.4        0    0.893        0
     5.6        0    0.898        0
     5.8        0    0.902        0
       6        0    0.907        0
     6.2        0    0.911        0
     6.4        0    0.915        0
     6.6        0    0.918        0
     6.8        0    0.922        0
       7        0    0.925        0
     7.2        0    0.928        0
     7.4        0    0.931        0
     7.6        0    0.933        0
     7.8        0    0.936        0
       8        0    0.938        0
     8.2        0     0.94        0
     8.4        0    0.942        0
     8.6        0    0.944        0
     8.8        0    0.946        0
       9        0    0.948        0
     9.2        0    0.949        0
     9.4        0    0.951        0
     9.6        0    0.952        0
     9.8        0    0.954        0
      10        0    0.955        0
    10.2        0    0.956        0
    10.4        0    0.957        0
    10.6        0    0.958        0
    10.8        0    0.959        0
      11        0     0.96        0
    11.2        0     0.96        0
    11.4        0    0.961        0
    11.6        0    0.962        0
    11.8        0    0.962        0
      12        0    0.963        0
    12.2        0    0.963        0
    12.4        0    0.964        0
    12.6        0    0.964        0
    12.8        0    0.965        0
      13        0    0.965        0
    13.2        0    0.965        0
    13.4        0    0.966        0
    13.6        0    0.966        0
    13.8        0    0.966        0
      14        0    0.966        0
    14.2        0    0.966        0
    14.4        0    0.966        0
    14.6        0    0.966        0
    14.8        0    0.966        0
      15        0    0.966        0
    15.2        0    0.966        0
    15.4        0    0.966        0
    15.6        0    0.966        0
    15.8        0    0.966        0
      16        0    0.966        0
    16.2        0    0.966        0
    16.4        0    0.966        0
    16.6        0    0.966        0
    16.8        0    0.965        0
      17        0    0.965        0
    17.2        0    0.965        0
    17.4        0    0.964        0
    17.6        0    0.964        0
    17.8        0    0.963        0
      18        0    0.963        0
    18.2        0    0.962        0
    18.4        0    0.962        0
    18.6        0    0.961        0
    18.8        0     0.96        0
      19        0     0.96        0
    19.2        0    0.959        0
    19.4        0    0.958        0
    19.6        0    0.957        0
    19.8        0    0.956        0
      20        0    0.955        0
    20.2        0    0.954        0
    20.4        0    0.952        0
    20.6        0    0.951        0
    20.8        0    0.949        0
      21        0    0.948        0
    21.2        0    0.946        0
    21.4        0    0.944        0
    21.6        0    0.942        0
    21.8        0     0.94        0
      22        0    0.938        0
    22.2        0    0.936        0
    22.4        0    0.933        0
    22.6        0    0.931        0
    22.8        0    0.928        0
      23        0    0.925        0
    23.2        0    0.922        0
    23.4        0    0.918        0
    23.6        0    0.915        0
    23.8        0    0.911        0
      24        0    0.907        0
    24.2        0    0.902        0
    24.4        0    0.898        0
    24.6        0    0.893        0
    24.8        0    0.888        0
      25        0    0.883        0
    25.2        0    0.877        0
    25.4        0    0.871        0
    25.6        0    0.865        0
    25.8        0    0.858        0
      26        0    0.851        0
    26.2        0    0.844        0
    26.4        0    0.836        0
    26.6        0    0.828        0
    26.8        0     0.82        0
      27        0    0.812        0
    27.2        0    0.803        0
    27.4        0    0.793        0
    27.6        0    0.784        0
    27.8        0    0.774        0
      28        0    0.763        0
    28.2        0    0.752        0
    28.4        0    0.741        0
    28.6        0     0.73        0
    28.8        0    0.718        0
      29        0    0.706        0
    29.2        0    0.694        0
    29.4        0    0.681        0
    29.6        0    0.668        0
    29.8        0    0.655        0
      30        0    0.641        0
    30.2        0    0.627        0
    30.4        0    0.613        0
    30.6        0    0.599        0
    30.8        0    0.585        0
      31        0     0.57        0
    31.2        0    0.556        0
    31.4        0    0.541        0
    31.6        0    0.526        0
    31.8        0    0.511        0
      32        0    0.496        0
    32.2        0    0.481        0
    32.4        0    0.466        0
    32.6        0    0.451        0
    32.8        0    0.436        0
      33        0    0.422        0
    33.2        0    0.407        0
    33.4        0    0.392        0
    33.6        0    0.378        0
    33.8        0    0.364        0
      34        0     0.35        0
    34.2        0    0.336        0
    34.4        0    0.322        0
    34.6        0    0.309        0
    34.8        0    0.296        0
      35        0    0.283        0
    35.2        0    0.271        0
    35.4        0    0.259        0
    35.6        0    0.247        0
    35.8        0    0.235        0
      36        0    0.224        0
    36.2        0    0.213        0
    36.4        0    0.203        0
    36.6        0    0.192        0
    36.8        0    0.183        0
      37        0    0.173        0
    37.2        0    0.164        0
    37.4        0    0.155        0
    37.6        0    0.147        0
    37.8        0    0.139        0
      38        0    0.131        0
    38.2        0    0.124        0
    38.4        0    0.117        0
    38.6        0     0.11        0
    38.8        0    0.104        0
      39        0   0.0978        0
    39.2        0    0.092        0
    39.4        0   0.0865        0
    39.6        0   0.0813        0
    39.8        0   0.0764        0
      40        0   0.0717        0
    40.2        0   0.0673        0
    40.4        0   0.0632        0
    40.6        0   0.0592        0
    40.8        0   0.0555        0
      41        0    0.052        0
    41.2        0   0.0487        0
    41.4        0   0.0456        0
    41.6        0   0.0427        0
    41.8        0   0.0399        0
      42        0   0.0374        0
    42.2        0   0.0349        0
    42.4        0   0.0327        0
    42.6        0   0.0305        0
    42.8        0   0.0285        0
      43        0   0.0266        0
    43.2        0   0.0249        0
    43.4        0   0.0232        0
    43.6        0   0.0217        0
    43.8        0   0.0203        0
      44        0   0.0189        0
    44.2        0   0.0176        0
    44.4        0   0.0164        0
    44.6        0   0.0153        0
    44.8        0   0.0143        0
      45        0   0.0133        0
    45.2        0   0.0124        0
    45.4        0   0.0116        0
    45.6        0   0.0108        0
    45.8        0   0.0101        0
      46        0   0.0094        0
    46.2        0  0.00877        0
    46.4        0  0.00817        0
    46.6        0  0.00761        0
    46.8        0   0.0071        0
      47        0  0.00661        0
    47.2        0  0.00616        0
    47.4        0  0.00574        0
    47.6        0  0.00535        0
    47.8        0  0.00498        0
      48        0  0.00464        0
    48.2        0  0.00432        0
    48.4        0  0.00403        0
    48.6        0  0.00375        0
    48.8        0   0.0035        0
      49        0  0.00326        0
    49.2        0  0.00303        0
    49.4        0  0.00283        0
    49.6        0  0.00263        0
    49.8        0  0.00245        0
      50        0  0.00228        0
    50.2        0  0.00213        0
    50.4        0  0.00198        0
    50.6        0  0.00184        0
    50.8        0  0.00172        0
      51        0   0.0016        0
    51.2        0  0.00149        0
    51.4        0  0.00139        0
    51.6        0  0.00129        0
    51.8        0   0.0012        0
      52        0  0.00112        0
    52.2        0  0.00104        0
    52.4        0 0.000973        0
    52.6        0 0.000904        0
    52.8        0 0.000842        0
      53        0 0.000784        0
    53.2        0  0.00073        0
    53.4        0 0.000679        0
    53.6        0 0.000633        0
    53.8        0 0.000589        0
      54        0 0.000548        0
    54.2        0 0.000511        0
    54.4        0 0.000476        0
    54.6        0 0.000443        0
    54.8        0 0.000412        0
      55        0 0.000384        0
    55.2        0 0.000357        0
    55.4        0 0.000333        0
    55.6        0  0.00031        0
    55.8        0 0.000289        0
      56        0 0.000269        0
    56.2        0  0.00025        0
    56.4        0 0.000233        0
    56.6        0 0.000217        0
    56.8        0 0.000202        0
      57        0 0.000188        0
    57.2        0 0.000175        0
    57.4        0 0.000163        0
    57.6        0 0.000152        0
    57.8        0 0.000141        0
      58        0 0.000132        0
    58.2        0 0.000122        0
    58.4        0 0.000114        0
    58.6        0 0.000106        0
    58.8        0 9.87e-05        0
      59        0 9.21e-05        0
    59.2        0 8.57e-05        0
    59.4        0 7.98e-05        0
    59.6        0 7.43e-05        0
    59.8        0 6.92e-05        0
      60        0 6.44e-05        0
    60.2        0    6e-05        0
    60.4        0 5.58e-05        0
    60.6        0  5.2e-05        0
    60.8        0 4.84e-05        0
      61        0 4.51e-05        0
    61.2        0  4.2e-05        0
    61.4        0 3.91e-05        0
    61.6        0 3.64e-05        0
    61.8        0 3.39e-05        0
      62        0 3.15e-05        0
    62.2        0 2.94e-05        0
    62.4        0 2.73e-05        0
    62.6        0 2.55e-05        0
    62.8        0 2.37e-05        0
      63        0 2.21e-05        0
    63.2        0 2.05e-05        0
    63.4        0 1.91e-05        0
    63.6        0 1.78e-05        0
    63.8        0 1.66e-05        0
      64        0 1.54e-05        0
    64.2        0 1.44e-05        0
    64.4        0 1.34e-05        0
    64.6        0 1.25e-05        0
    64.8        0 1.16e-05        0
      65        0 1.08e-05        0
    65.2        0 1.01e-05        0
    65.4        0 9.35e-06        0
    65.6        0 8.72e-06        0
    65.8        0 8.12e-06        0
      66        0 7.56e-06        0
    66.2        0 7.04e-06        0
    66.4        0 6.55e-06        0
    66.6        0  6.1e-06        0
    66.8        0 5.68e-06        0
      67        0 5.29e-06        0
    67.2        0 4.92e-06        0
    67.4        0 4.58e-06        0
    67.6        0 4.27e-06        0
    67.8        0 3.97e-06        0
      68        0  3.7e-06        0
    68.2        0 3.44e-06        0
    68.4        0 3.21e-06        0
    68.6        0 2.99e-06        0
    68.8        0 2.78e-06        0
      69        0 2.59e-06        0
    69.2        0 2.41e-06        0
    69.4        0 2.25e-06        0
    69.6        0 2.09e-06        0
    69.8        0 1.95e-06        0
      70        0 1.81e-06        0
    70.2        0 1.69e-06        0
    70.4        0 1.57e-06        0
    70.6        0 1.46e-06        0
    70.8        0 1.36e-06        0
      71        0 1.27e-06        0
    71.2        0 1.18e-06        0
    71.4        0  1.1e-06        0
    71.6        0 1.02e-06        0
    71.8        0 7.23e-07        0
    80.9        0        0        0
    81.1        0 3.44e-08        0
    81.3        0  3.2e-08        0
    81.5        0 2.98e-08        0
    81.7        0 2.78e-08        0
    81.9        0 2.58e-08        0
    82.1        0 2.41e-08        0
    82.3        0 2.24e-08        0
    82.5        0 2.09e-08        0
    82.7        0 1.94e-08        0
    82.9        0 1.81e-08        0
    83.1        0 1.68e-08        0
    83.3        0 1.57e-08        0
    83.5        0 1.46e-08        0
    83.7        0 1.36e-08        0
    83.9        0 1.26e-08        0
    84.1        0 1.18e-08        0
    84.3        0  1.1e-08        0
    84.5        0 1.02e-08        0
    84.7        0  9.5e-09        0
    84.9        0 8.85e-09        0
    85.1        0 8.24e-09        0
    85.3        0 7.67e-09        0
    85.5        0 7.14e-09        0
    85.7        0 6.65e-09        0
    85.9        0 6.19e-09        0
    86.1        0 5.76e-09        0
    86.3        0 5.37e-09        0
    86.5        0    5e-09        0
    86.7        0 4.65e-09        0
    86.9        0 4.33e-09        0
    87.1        0 4.03e-09        0
    87.3        0 3.76e-09        0
    87.5        0 3.49e-09        0
    87.7        0 3.26e-09        0
    87.9        0 3.03e-09        0
    88.1        0 2.82e-09        0
    88.3        0 2.63e-09        0
    88.5        0 2.45e-09        0
    88.7        0 2.28e-09        0
    88.9        0 2.12e-09        0
    89.1        0 1.98e-09        0
    89.3        0 1.84e-09        0
    89.5        0 1.71e-09        0
    89.7        0 1.59e-09        0
    89.9        0 1.48e-09        0
    90.1        0 1.38e-09        0
    90.3        0 1.29e-09        0
    90.5        0  1.2e-09        0
    90.7        0 1.12e-09        0
    90.9        0 1.04e-09        0
    91.1        0 9.66e-10        0
    91.3        0    9e-10        0
    91.5        0 8.38e-10        0
    91.7        0  7.8e-10        0
    91.9        0 7.26e-10        0
    92.1        0 6.76e-10        0
    92.3        0  6.3e-10        0
    92.5        0 5.86e-10        0
    92.7        0 5.46e-10        0
    92.9        0 5.08e-10        0
    93.1        0 4.73e-10        0
    93.3        0 4.41e-10        0
    93.5        0  4.1e-10        0
    93.7        0 3.82e-10        0
    93.9        0 3.56e-10        0
    94.1        0 3.31e-10        0
    94.3        0 3.08e-10        0
    94.5        0 2.87e-10        0
    94.7        0 2.67e-10        0
    94.9        0 2.49e-10        0
    95.1        0 2.32e-10        0
    95.3        0 2.16e-10        0
    95.5        0 2.01e-10        0
    95.7        0 1.87e-10        0
    95.9        0 1.74e-10        0
    96.1        0 1.62e-10        0
    96.3        0 1.51e-10        0
    96.5        0 1.41e-10        0
    96.7        0 1.31e-10        0
    96.9        0 1.22e-10        0
    97.1        0 1.13e-10        0
    97.3        0 1.05e-10        0
