-25 0.52 4.5e-19 3.47e-19 6.02e-19
-24.9 0.52 5.45e-19 4.2e-19 7.3e-19
-24.8 0.52 6.61e-19 5.09e-19 8.84e-19
-24.7 0.52 8.01e-19 6.17e-19 1.07e-18
-24.6 0.52 9.71e-19 7.48e-19 1.3e-18
-24.5 0.52 1.18e-18 9.07e-19 1.57e-18
-24.4 0.52 1.43e-18 1.1e-18 1.91e-18
-24.3 0.52 1.73e-18 1.33e-18 2.31e-18
-24.2 0.52 2.1e-18 1.61e-18 2.8e-18
-24.1 0.52 2.54e-18 1.96e-18 3.4e-18
-24 0.52 3.08e-18 2.37e-18 4.12e-18
-23.9 0.52 3.73e-18 2.87e-18 4.99e-18
-23.8 0.52 4.52e-18 3.48e-18 6.05e-18
-23.7 0.52 5.48e-18 4.22e-18 7.33e-18
-23.6 0.52 6.64e-18 5.12e-18 8.89e-18
-23.5 0.52 8.05e-18 6.2e-18 1.08e-17
-23.4 0.52 9.76e-18 7.52e-18 1.31e-17
-23.3 0.52 1.18e-17 9.11e-18 1.58e-17
-23.2 0.52 1.43e-17 1.1e-17 1.92e-17
-23.1 0.52 1.74e-17 1.34e-17 2.33e-17
-23 0.52 2.11e-17 1.62e-17 2.82e-17
-22.9 0.52 2.55e-17 1.97e-17 3.42e-17
-22.8 0.52 3.09e-17 2.38e-17 4.14e-17
-22.7 0.52 3.75e-17 2.89e-17 5.02e-17
-22.6 0.52 4.55e-17 3.5e-17 6.08e-17
-22.5 0.52 5.51e-17 4.24e-17 7.37e-17
-22.4 0.52 6.68e-17 5.14e-17 8.93e-17
-22.3 0.52 8.09e-17 6.23e-17 1.08e-16
-22.2 0.52 9.81e-17 7.56e-17 1.31e-16
-22.1 0.52 1.19e-16 9.16e-17 1.59e-16
-22 0.52 1.44e-16 1.11e-16 1.93e-16
-21.9 0.52 1.75e-16 1.35e-16 2.34e-16
-21.8 0.52 2.12e-16 1.63e-16 2.83e-16
-21.7 0.52 2.57e-16 1.98e-16 3.43e-16
-21.6 0.52 3.11e-16 2.4e-16 4.16e-16
-21.5 0.52 3.77e-16 2.9e-16 5.04e-16
-21.4 0.52 4.57e-16 3.52e-16 6.11e-16
-21.3 0.52 5.54e-16 4.27e-16 7.41e-16
-21.2 0.52 6.71e-16 5.17e-16 8.98e-16
-21.1 0.52 8.14e-16 6.27e-16 1.09e-15
-21 0.52 9.86e-16 7.59e-16 1.32e-15
-20.9 0.52 1.2e-15 9.21e-16 1.6e-15
-20.8 0.52 1.45e-15 1.12e-15 1.94e-15
-20.7 0.52 1.76e-15 1.35e-15 2.35e-15
-20.6 0.52 2.13e-15 1.64e-15 2.85e-15
-20.5 0.52 2.58e-15 1.99e-15 3.45e-15
-20.4 0.52 3.13e-15 2.41e-15 4.18e-15
-20.3 0.52 3.79e-15 2.92e-15 5.07e-15
-20.2 0.52 4.59e-15 3.54e-15 6.14e-15
-20.1 0.52 5.57e-15 4.29e-15 7.45e-15
-20 0.52 6.75e-15 5.2e-15 9.03e-15
-19.9 0.52 8.18e-15 6.3e-15 1.09e-14
-19.8 0.52 9.91e-15 7.63e-15 1.33e-14
-19.7 0.52 1.2e-14 9.25e-15 1.61e-14
-19.6 0.52 1.46e-14 1.12e-14 1.95e-14
-19.5 0.52 1.76e-14 1.36e-14 2.36e-14
-19.4 0.52 2.14e-14 1.65e-14 2.86e-14
-19.3 0.52 2.59e-14 2e-14 3.47e-14
-19.2 0.52 3.14e-14 2.42e-14 4.2e-14
-19.1 0.52 3.81e-14 2.93e-14 5.1e-14
-19 0.52 4.62e-14 3.56e-14 6.18e-14
-18.9 0.52 5.59e-14 4.31e-14 7.49e-14
-18.8 0.52 6.78e-14 5.22e-14 9.07e-14
-18.7 0.52 8.22e-14 6.33e-14 1.1e-13
-18.6 0.52 9.96e-14 7.67e-14 1.33e-13
-18.5 0.52 1.21e-13 9.3e-14 1.62e-13
-18.4 0.52 1.46e-13 1.13e-13 1.96e-13
-18.3 0.52 1.77e-13 1.37e-13 2.37e-13
-18.2 0.52 2.15e-13 1.66e-13 2.88e-13
-18.1 0.52 2.61e-13 2.01e-13 3.49e-13
-18 0.52 3.16e-13 2.43e-13 4.23e-13
-17.9 0.52 3.83e-13 2.95e-13 5.12e-13
-17.8 0.52 4.64e-13 3.57e-13 6.21e-13
-17.7 0.52 5.62e-13 4.33e-13 7.52e-13
-17.6 0.52 6.82e-13 5.25e-13 9.12e-13
-17.5 0.52 8.26e-13 6.36e-13 1.11e-12
-17.4 0.52 1e-12 7.71e-13 1.34e-12
-17.3 0.52 1.21e-12 9.35e-13 1.62e-12
-17.2 0.52 1.47e-12 1.13e-12 1.97e-12
-17.1 0.52 1.78e-12 1.37e-12 2.39e-12
-17 0.52 2.16e-12 1.66e-12 2.89e-12
-16.9 0.52 2.62e-12 2.02e-12 3.5e-12
-16.8 0.52 3.17e-12 2.44e-12 4.25e-12
-16.7 0.52 3.85e-12 2.96e-12 5.15e-12
-16.6 0.52 4.66e-12 3.59e-12 6.24e-12
-16.5 0.52 5.65e-12 4.35e-12 7.56e-12
-16.4 0.52 6.85e-12 5.28e-12 9.17e-12
-14.8 0.52 1.49e-10 1.14e-10 1.99e-10
-14.7 0.52 1.8e-10 1.39e-10 2.41e-10
-14.6 0.52 2.18e-10 1.68e-10 2.92e-10
-14.5 0.52 2.65e-10 2.04e-10 3.54e-10
-14.4 0.52 3.21e-10 2.47e-10 4.29e-10
-14.3 0.52 3.89e-10 2.99e-10 5.2e-10
-14.2 0.52 4.71e-10 3.63e-10 6.3e-10
-14.1 0.52 5.71e-10 4.4e-10 7.64e-10
-14 0.52 6.92e-10 5.33e-10 9.26e-10
-13.9 0.52 8.39e-10 6.46e-10 1.12e-09
-13.8 0.52 1.02e-09 7.83e-10 1.36e-09
-13.7 0.52 1.23e-09 9.49e-10 1.65e-09
-13.6 0.52 1.49e-09 1.15e-09 2e-09
-13.5 0.52 1.81e-09 1.39e-09 2.42e-09
-13.4 0.52 2.19e-09 1.69e-09 2.94e-09
-13.3 0.52 2.66e-09 2.05e-09 3.56e-09
-13.2 0.52 3.22e-09 2.48e-09 4.31e-09
-13.1 0.52 3.91e-09 3.01e-09 5.23e-09
-13 0.52 4.74e-09 3.65e-09 6.34e-09
-12.9 0.52 5.74e-09 4.42e-09 7.68e-09
-12.8 0.52 6.96e-09 5.36e-09 9.31e-09
-12.7 0.52 8.43e-09 6.49e-09 1.13e-08
-12.6 0.52 1.02e-08 7.87e-09 1.37e-08
-12.5 0.52 1.24e-08 9.54e-09 1.66e-08
-12.4 0.52 1.5e-08 1.16e-08 2.01e-08
-12.3 0.52 1.82e-08 1.4e-08 2.43e-08
-12.2 0.52 2.21e-08 1.7e-08 2.95e-08
-12.1 0.52 2.67e-08 2.06e-08 3.58e-08
-12 0.52 3.24e-08 2.5e-08 4.33e-08
-11.9 0.52 3.93e-08 3.02e-08 5.25e-08
-11.8 0.52 4.76e-08 3.67e-08 6.37e-08
-11.7 0.52 5.77e-08 4.44e-08 7.72e-08
-11.6 0.52 6.99e-08 5.39e-08 9.36e-08
-11.5 0.52 8.47e-08 6.53e-08 1.13e-07
-11.4 0.52 1.03e-07 7.91e-08 1.37e-07
-11.3 0.52 1.24e-07 9.59e-08 1.67e-07
-11.2 0.52 1.51e-07 1.16e-07 2.02e-07
-11.1 0.52 1.83e-07 1.41e-07 2.45e-07
-11 0.52 2.22e-07 1.71e-07 2.97e-07
-10.9 0.52 2.69e-07 2.07e-07 3.59e-07
-10.8 0.52 3.26e-07 2.51e-07 4.36e-07
-10.7 0.52 3.95e-07 3.04e-07 5.28e-07
-10.6 0.52 4.78e-07 3.68e-07 6.4e-07
-10.5 0.52 5.8e-07 4.47e-07 7.76e-07
-10.4 0.52 7.03e-07 5.41e-07 9.4e-07
-10.3 0.52 8.52e-07 6.56e-07 1.14e-06
-10.2 0.52 1.03e-06 7.95e-07 1.38e-06
-10.1 0.52 1.25e-06 9.64e-07 1.67e-06
-10 0.52 1.52e-06 1.17e-06 2.03e-06
-9.9 0.52 1.84e-06 1.42e-06 2.46e-06
-9.8 0.52 2.23e-06 1.72e-06 2.98e-06
-9.7 0.52 2.7e-06 2.08e-06 3.61e-06
-9.6 0.52 3.27e-06 2.52e-06 4.38e-06
-9.5 0.52 3.97e-06 3.06e-06 5.31e-06
-9.4 0.52 4.81e-06 3.7e-06 6.43e-06
-9.3 0.52 5.83e-06 4.49e-06 7.8e-06
-9.2 0.52 7.06e-06 5.44e-06 9.45e-06
-9.1 0.52 8.56e-06 6.59e-06 1.15e-05
-9 0.52 1.04e-05 7.99e-06 1.39e-05
-8.9 0.52 1.26e-05 9.69e-06 1.68e-05
-8.8 0.52 1.52e-05 1.17e-05 2.04e-05
-8.7 0.52 1.85e-05 1.42e-05 2.47e-05
-8.6 0.52 2.24e-05 1.72e-05 3e-05
-8.5 0.52 2.71e-05 2.09e-05 3.63e-05
-8.4 0.52 3.29e-05 2.53e-05 4.4e-05
-8.3 0.52 3.99e-05 3.07e-05 5.33e-05
-8.2 0.52 4.83e-05 3.72e-05 6.46e-05
-8.1 0.52 5.86e-05 4.51e-05 7.83e-05
-8 0.52 7.1e-05 5.47e-05 9.49e-05
-7.9 0.52 8.6e-05 6.63e-05 0.000115
-7.8 0.52 0.000104 8.04e-05 0.000139
-7.7 0.52 0.000126 9.74e-05 0.000169
-7.6 0.52 0.000153 0.000118 0.000205
-7.5 0.52 0.000186 0.000143 0.000248
-7.4 0.52 0.000225 0.000173 0.000301
-7.3 0.52 0.000272 0.00021 0.000364
-7.2 0.52 0.00033 0.000255 0.000441
-7.1 0.52 0.0004 0.000309 0.000534
-7 0.52 0.000484 0.000375 0.000647
-6.9 0.52 0.000587 0.000454 0.000784
-6.8 0.52 0.000711 0.000551 0.000949
-6.7 0.52 0.00086 0.000667 0.00115
-6.6 0.52 0.00104 0.000809 0.00139
-6.5 0.52 0.00126 0.000981 0.00168
-6.4 0.52 0.00153 0.00119 0.00203
-6.3 0.52 0.00185 0.00144 0.00246
-6.2 0.52 0.00223 0.00175 0.00297
-6.1 0.52 0.0027 0.00212 0.00358
-6 0.52 0.00326 0.00258 0.00432
-5.9 0.52 0.00394 0.00312 0.0052
-5.8 0.52 0.00475 0.00379 0.00626
-5.7 0.52 0.00573 0.0046 0.00752
-5.6 0.52 0.0069 0.00557 0.00902
-5.5 0.52 0.0083 0.00676 0.0108
-5.4 0.52 0.00998 0.00819 0.0129
-5.3 0.52 0.012 0.00992 0.0153
-5.2 0.52 0.0144 0.012 0.0182
-5.1 0.52 0.0172 0.0145 0.0215
-5 0.52 0.0206 0.0174 0.0253
-4.9 0.52 0.0269 0.0279 0.032
-4.8 0.52 0.0321 0.0332 0.0372
-4.7 0.52 0.0382 0.0392 0.043
-4.6 0.52 0.0453 0.046 0.0493
-4.5 0.52 0.0536 0.0535 0.0558
-4.4 0.52 0.0725 0.0681 0.0717
-4.3 0.52 0.0845 0.0757 0.079
-4.2 0.52 0.0977 0.082 0.0855
-4.1 0.52 0.112 0.0861 0.0905
-4 0.52 0.133 0.0907 0.0998
-3.9 0.52 0.147 0.1 0.0991
-3.8 0.52 0.159 0.109 0.0938
-3.7 0.52 0.173 0.1 0.0887
-3.6 0.52 0.185 0.106 0.0803
-3.5 0.52 0.192 0.109 0.0664
-3.4 0.52 0.192 0.105 0.046
-3.3 0.52 0.184 0.0928 0.059
-3.2 0.52 0.214 0.0876 0.0345
-3.1 0.52 0.204 0.0738 0.0742
-3 0.52 0.188 0.0504 0.112
-2.9 0.52 0.127 0.103 0.259
-2.8 0.52 0.113 0.123 0.248
-2.7 0.52 0.129 0.114 0.143
-2.6 0.52 0.0758 0.174 0.324
-2.5 0.52 0.131 0.125 0.36
-2.4 0.52 0.171 0.0935 0.216
-2.3 0.52 0.221 0.127 0.211
-2.2 0.52 0.545 0.76 0.286
-2.1 0.52 0.503 0.32 0.236
-2 0.52 0.382 0.16 0.106
-1.9 0.52 0.403 0.135 0.116
-1.8 0.52 0.399 0.218 0.102
-1.7 0.52 0.344 0.544 0.505
-1.6 0.52 0.344 0.204 0.198
-1.5 0.52 0.335 0.121 0.199
-1.4 0.52 0.28 0.0603 0.0729
-1.3 0.52 0.194 0.303 0.608
-1.2 0.52 0.325 0.128 0.202
-1.1 0.52 0.361 0.164 0.191
-1 0.52 0.396 0.124 0.105
-0.9 0.52 0.422 0.0286 0.0259
-0.8 0.52 0.438 0.142 0.0764
-0.7 0.52 0.439 0.208 0.133
-0.6 0.52 0.467 0.161 0.144
-0.5 0.52 0.465 0.0679 0.0576
-0.4 0.52 0.458 0.0643 0.0565
-0.3 0.52 0.459 0.154 0.17
-0.2 0.52 0.458 0.179 0.215
-0.1 0.52 0.46 0.124 0.175
5.33e-15 0.52 0.47 0.026 0.0642
0.1 0.52 0.493 0.075 0.101
0.2 0.52 0.528 0.192 0.171
0.3 0.52 0.568 0.245 0.165
0.4 0.52 0.606 0.218 0.0875
0.5 0.52 0.762 0.62 0.215
0.6 0.52 0.63 0.14 0.0732
0.7 0.52 0.61 0.206 0.13
0.8 0.52 0.576 0.208 0.218
0.9 0.52 0.541 0.152 0.251
1 0.52 0.505 0.36 0.546
1.1 0.52 0.506 0.108 0.167
1.2 0.52 0.516 0.104 0.108
1.3 0.52 0.508 0.119 0.255
1.4 0.52 0.529 0.114 0.31
1.5 0.52 0.448 0.191 0.456
1.6 0.52 0.497 0.18 0.459
1.7 0.52 0.631 0.145 0.161
1.8 0.52 0.672 0.16 0.0974
1.9 0.52 0.698 0.156 0.0593
2 0.52 0.71 0.142 0.0739
2.1 0.52 0.709 0.126 0.0834
2.2 0.52 0.693 0.119 0.102
2.3 0.52 0.604 0.182 0.296
2.4 0.52 0.685 0.191 0.372
2.5 0.52 0.846 0.237 0.0951
2.6 0.52 0.768 0.0525 0.023
2.7 0.52 0.742 0.0283 0.0234
2.8 0.52 0.732 0.0179 0.0215
2.9 0.52 0.726 0.014 0.0208
3 0.52 0.722 0.0134 0.0205
3.1 0.52 0.719 0.0183 0.0192
3.2 0.52 0.722 0.0357 0.0238
3.3 0.52 0.678 0.046 0.0874
3.4 0.52 0.7 0.0187 0.0158
3.5 0.52 0.7 0.0132 0.00652
3.6 0.52 0.7 0.00883 0.00403
3.7 0.52 0.699 0.00568 0.00255
3.8 0.52 0.699 0.00349 0.00126
3.9 0.52 0.699 0.00185 0.000837
4 0.52 0.699 0.000736 0.000779
4.1 0.52 0.699 0.000889 0.000831
4.2 0.52 0.699 0.00132 0.000937
4.3 0.52 0.699 0.00165 0.00106
4.4 0.52 0.699 0.00192 0.0012
4.5 0.52 0.699 0.00213 0.00132
4.6 0.52 0.699 0.00229 0.00143
4.7 0.52 0.699 0.00243 0.00153
4.8 0.52 0.699 0.00254 0.00162
4.9 0.52 0.699 0.00262 0.0017
5 0.52 0.7 0.00269 0.00176
5.1 0.52 0.7 0.00275 0.00181
5.2 0.52 0.7 0.0028 0.00186
5.3 0.52 0.7 0.00283 0.00189
5.4 0.52 0.7 0.00286 0.00192
5.5 0.52 0.7 0.00289 0.00195
5.6 0.52 0.7 0.0029 0.00196
5.7 0.52 0.7 0.00292 0.00198
5.8 0.52 0.7 0.00293 0.00199
5.9 0.52 0.7 0.00293 0.00199
6 0.52 0.7 0.00293 0.00199
6.1 0.52 0.7 0.00293 0.00199
6.2 0.52 0.7 0.00293 0.00199
6.3 0.52 0.7 0.00292 0.00198
6.4 0.52 0.7 0.0029 0.00196
6.5 0.52 0.7 0.00289 0.00195
6.6 0.52 0.7 0.00286 0.00192
6.7 0.52 0.7 0.00283 0.00189
6.8 0.52 0.7 0.0028 0.00186
6.9 0.52 0.7 0.00275 0.00181
7 0.52 0.7 0.00269 0.00176
7.1 0.52 0.699 0.00262 0.0017
7.2 0.52 0.699 0.00254 0.00162
7.3 0.52 0.699 0.00243 0.00153
7.4 0.52 0.699 0.00229 0.00143
7.5 0.52 0.699 0.00213 0.00132
7.6 0.52 0.699 0.00192 0.0012
7.7 0.52 0.699 0.00165 0.00106
7.8 0.52 0.699 0.00132 0.000937
7.9 0.52 0.699 0.000889 0.000831
8 0.52 0.699 0.000736 0.000779
8.1 0.52 0.699 0.00185 0.000837
8.2 0.52 0.699 0.00349 0.00126
8.3 0.52 0.699 0.00568 0.00255
8.4 0.52 0.7 0.00883 0.00403
8.5 0.52 0.7 0.0132 0.00652
8.6 0.52 0.7 0.0187 0.0158
8.7 0.52 0.678 0.046 0.0874
8.8 0.52 0.722 0.0357 0.0238
8.9 0.52 0.719 0.0183 0.0192
9 0.52 0.722 0.0134 0.0205
9.1 0.52 0.726 0.014 0.0208
9.2 0.52 0.732 0.0179 0.0215
9.3 0.52 0.742 0.0283 0.0234
9.4 0.52 0.768 0.0525 0.023
9.5 0.52 0.846 0.237 0.0951
9.6 0.52 0.685 0.191 0.372
9.7 0.52 0.604 0.182 0.296
9.8 0.52 0.693 0.119 0.102
9.9 0.52 0.709 0.126 0.0834
10 0.52 0.71 0.142 0.0739
10.1 0.52 0.698 0.156 0.0593
10.2 0.52 0.672 0.16 0.0974
10.3 0.52 0.631 0.145 0.161
10.4 0.52 0.497 0.18 0.459
10.5 0.52 0.448 0.191 0.456
10.6 0.52 0.529 0.114 0.31
10.7 0.52 0.508 0.119 0.255
10.8 0.52 0.516 0.104 0.108
10.9 0.52 0.506 0.108 0.167
11 0.52 0.505 0.36 0.546
11.1 0.52 0.541 0.152 0.251
11.2 0.52 0.576 0.208 0.218
11.3 0.52 0.61 0.206 0.13
11.4 0.52 0.63 0.14 0.0732
11.5 0.52 0.762 0.62 0.215
11.6 0.52 0.606 0.218 0.0875
11.7 0.52 0.568 0.245 0.165
11.8 0.52 0.528 0.192 0.171
11.9 0.52 0.493 0.075 0.101
12 0.52 0.47 0.026 0.0642
12.1 0.52 0.46 0.124 0.175
12.2 0.52 0.458 0.179 0.215
12.3 0.52 0.459 0.154 0.17
12.4 0.52 0.458 0.0643 0.0565
12.5 0.52 0.465 0.0679 0.0576
12.6 0.52 0.467 0.161 0.144
12.7 0.52 0.439 0.208 0.133
12.8 0.52 0.438 0.142 0.0764
12.9 0.52 0.422 0.0286 0.0259
13 0.52 0.396 0.124 0.105
13.1 0.52 0.361 0.164 0.191
13.2 0.52 0.325 0.128 0.202
13.3 0.52 0.194 0.303 0.608
13.4 0.52 0.28 0.0603 0.0729
13.5 0.52 0.335 0.121 0.199
13.6 0.52 0.344 0.204 0.198
13.7 0.52 0.344 0.544 0.505
13.8 0.52 0.399 0.218 0.102
13.9 0.52 0.403 0.135 0.116
14 0.52 0.382 0.16 0.106
14.1 0.52 0.503 0.32 0.236
14.2 0.52 0.545 0.76 0.286
14.3 0.52 0.221 0.127 0.211
14.4 0.52 0.171 0.0935 0.216
14.5 0.52 0.131 0.125 0.36
14.6 0.52 0.0758 0.174 0.324
14.7 0.52 0.129 0.114 0.143
14.8 0.52 0.113 0.123 0.248
14.9 0.52 0.127 0.103 0.259
15 0.52 0.188 0.0504 0.112
15.1 0.52 0.204 0.0738 0.0742
15.2 0.52 0.214 0.0876 0.0345
15.3 0.52 0.184 0.0928 0.059
15.4 0.52 0.192 0.105 0.046
15.5 0.52 0.192 0.109 0.0664
15.6 0.52 0.185 0.106 0.0803
15.7 0.52 0.173 0.1 0.0887
15.8 0.52 0.159 0.109 0.0938
15.9 0.52 0.147 0.1 0.0991
16 0.52 0.133 0.0907 0.0998
16.1 0.52 0.112 0.0861 0.0905
16.2 0.52 0.0977 0.082 0.0855
16.3 0.52 0.0845 0.0757 0.079
16.4 0.52 0.0725 0.0681 0.0717
16.5 0.52 0.0536 0.0535 0.0558
16.6 0.52 0.0453 0.046 0.0493
16.7 0.52 0.0382 0.0392 0.043
16.8 0.52 0.0321 0.0332 0.0372
16.9 0.52 0.0269 0.0279 0.032
17 0.52 0.0206 0.0174 0.0253
17.1 0.52 0.0172 0.0145 0.0215
17.2 0.52 0.0144 0.012 0.0182
17.3 0.52 0.012 0.00992 0.0153
17.4 0.52 0.00998 0.00819 0.0129
17.5 0.52 0.0083 0.00676 0.0108
17.6 0.52 0.0069 0.00557 0.00902
17.7 0.52 0.00573 0.0046 0.00752
17.8 0.52 0.00475 0.00379 0.00626
17.9 0.52 0.00394 0.00312 0.0052
18 0.52 0.00326 0.00258 0.00432
18.1 0.52 0.0027 0.00212 0.00358
18.2 0.52 0.00223 0.00175 0.00297
18.3 0.52 0.00185 0.00144 0.00246
18.4 0.52 0.00153 0.00119 0.00203
18.5 0.52 0.00126 0.000981 0.00168
18.6 0.52 0.00104 0.000809 0.00139
18.7 0.52 0.00086 0.000667 0.00115
18.8 0.52 0.000711 0.000551 0.000949
18.9 0.52 0.000587 0.000454 0.000784
19 0.52 0.000484 0.000375 0.000647
19.1 0.52 0.0004 0.000309 0.000534
19.2 0.52 0.00033 0.000255 0.000441
19.3 0.52 0.000272 0.00021 0.000364
19.4 0.52 0.000225 0.000173 0.000301
19.5 0.52 0.000186 0.000143 0.000248
19.6 0.52 0.000153 0.000118 0.000205
19.7 0.52 0.000126 9.74e-05 0.000169
19.8 0.52 0.000104 8.04e-05 0.000139
19.9 0.52 8.6e-05 6.63e-05 0.000115
20 0.52 7.1e-05 5.47e-05 9.49e-05
20.1 0.52 5.86e-05 4.51e-05 7.83e-05
20.2 0.52 4.83e-05 3.72e-05 6.46e-05
20.3 0.52 3.99e-05 3.07e-05 5.33e-05
20.4 0.52 3.29e-05 2.53e-05 4.4e-05
20.5 0.52 2.71e-05 2.09e-05 3.63e-05
20.6 0.52 2.24e-05 1.72e-05 3e-05
20.7 0.52 1.85e-05 1.42e-05 2.47e-05
20.8 0.52 1.52e-05 1.17e-05 2.04e-05
20.9 0.52 1.26e-05 9.69e-06 1.68e-05
21 0.52 1.04e-05 7.99e-06 1.39e-05
21.1 0.52 8.56e-06 6.59e-06 1.15e-05
21.2 0.52 7.06e-06 5.44e-06 9.45e-06
21.3 0.52 5.83e-06 4.49e-06 7.8e-06
21.4 0.52 4.81e-06 3.7e-06 6.43e-06
21.5 0.52 3.97e-06 3.06e-06 5.31e-06
21.6 0.52 3.27e-06 2.52e-06 4.38e-06
21.7 0.52 2.7e-06 2.08e-06 3.61e-06
21.8 0.52 2.23e-06 1.72e-06 2.98e-06
21.9 0.52 1.84e-06 1.42e-06 2.46e-06
22 0.52 1.52e-06 1.17e-06 2.03e-06
22.1 0.52 1.25e-06 9.64e-07 1.67e-06
22.2 0.52 1.03e-06 7.95e-07 1.38e-06
22.3 0.52 8.52e-07 6.56e-07 1.14e-06
22.4 0.52 7.03e-07 5.41e-07 9.4e-07
22.5 0.52 5.8e-07 4.47e-07 7.76e-07
22.6 0.52 4.78e-07 3.68e-07 6.4e-07
22.7 0.52 3.95e-07 3.04e-07 5.28e-07
22.8 0.52 3.26e-07 2.51e-07 4.36e-07
22.9 0.52 2.69e-07 2.07e-07 3.59e-07
23 0.52 2.22e-07 1.71e-07 2.97e-07
23.1 0.52 1.83e-07 1.41e-07 2.45e-07
23.2 0.52 1.51e-07 1.16e-07 2.02e-07
23.3 0.52 1.24e-07 9.59e-08 1.67e-07
23.4 0.52 1.03e-07 7.91e-08 1.37e-07
23.5 0.52 8.47e-08 6.53e-08 1.13e-07
23.6 0.52 6.99e-08 5.39e-08 9.36e-08
23.7 0.52 5.77e-08 4.44e-08 7.72e-08
23.8 0.52 4.76e-08 3.67e-08 6.37e-08
23.9 0.52 3.93e-08 3.02e-08 5.25e-08
24 0.52 3.24e-08 2.5e-08 4.33e-08
24.1 0.52 2.67e-08 2.06e-08 3.58e-08
24.2 0.52 2.21e-08 1.7e-08 2.95e-08
24.3 0.52 1.82e-08 1.4e-08 2.43e-08
24.4 0.52 1.5e-08 1.16e-08 2.01e-08
24.5 0.52 1.24e-08 9.54e-09 1.66e-08
24.6 0.52 1.02e-08 7.87e-09 1.37e-08
24.7 0.52 8.43e-09 6.49e-09 1.13e-08
24.8 0.52 6.96e-09 5.36e-09 9.31e-09
24.9 0.52 5.74e-09 4.42e-09 7.68e-09
25 0.52 4.74e-09 3.65e-09 6.34e-09
25.1 0.52 3.91e-09 3.01e-09 5.23e-09
25.2 0.52 3.22e-09 2.48e-09 4.31e-09
25.3 0.52 2.66e-09 2.05e-09 3.56e-09
25.4 0.52 2.19e-09 1.69e-09 2.94e-09
25.5 0.52 1.81e-09 1.39e-09 2.42e-09
25.6 0.52 1.49e-09 1.15e-09 2e-09
25.7 0.52 1.23e-09 9.49e-10 1.65e-09
25.8 0.52 1.02e-09 7.83e-10 1.36e-09
25.9 0.52 8.39e-10 6.46e-10 1.12e-09
26 0.52 6.92e-10 5.33e-10 9.26e-10
26.1 0.52 5.71e-10 4.4e-10 7.64e-10
26.2 0.52 4.71e-10 3.63e-10 6.3e-10
26.3 0.52 3.89e-10 2.99e-10 5.2e-10
26.4 0.52 3.21e-10 2.47e-10 4.29e-10
26.5 0.52 2.65e-10 2.04e-10 3.54e-10
26.6 0.52 2.18e-10 1.68e-10 2.92e-10
26.7 0.52 1.8e-10 1.39e-10 2.41e-10
26.8 0.52 1.49e-10 1.14e-10 1.99e-10
28.4 0.52 6.85e-12 5.28e-12 9.17e-12
28.5 0.52 5.65e-12 4.35e-12 7.56e-12
28.6 0.52 4.66e-12 3.59e-12 6.24e-12
28.7 0.52 3.85e-12 2.96e-12 5.15e-12
28.8 0.52 3.17e-12 2.44e-12 4.25e-12
28.9 0.52 2.62e-12 2.02e-12 3.5e-12
29 0.52 2.16e-12 1.66e-12 2.89e-12
29.1 0.52 1.78e-12 1.37e-12 2.39e-12
29.2 0.52 1.47e-12 1.13e-12 1.97e-12
29.3 0.52 1.21e-12 9.35e-13 1.62e-12
29.4 0.52 1e-12 7.71e-13 1.34e-12
29.5 0.52 8.26e-13 6.36e-13 1.11e-12
29.6 0.52 6.82e-13 5.25e-13 9.12e-13
29.7 0.52 5.62e-13 4.33e-13 7.52e-13
29.8 0.52 4.64e-13 3.57e-13 6.21e-13
29.9 0.52 3.83e-13 2.95e-13 5.12e-13
30 0.52 3.16e-13 2.43e-13 4.23e-13
30.1 0.52 2.61e-13 2.01e-13 3.49e-13
30.2 0.52 2.15e-13 1.66e-13 2.88e-13
30.3 0.52 1.77e-13 1.37e-13 2.37e-13
30.4 0.52 1.46e-13 1.13e-13 1.96e-13
30.5 0.52 1.21e-13 9.3e-14 1.62e-13
30.6 0.52 9.96e-14 7.67e-14 1.33e-13
30.7 0.52 8.22e-14 6.33e-14 1.1e-13
30.8 0.52 6.78e-14 5.22e-14 9.07e-14
30.9 0.52 5.59e-14 4.31e-14 7.49e-14
31 0.52 4.62e-14 3.56e-14 6.18e-14
31.1 0.52 3.81e-14 2.93e-14 5.1e-14
31.2 0.52 3.14e-14 2.42e-14 4.2e-14
31.3 0.52 2.59e-14 2e-14 3.47e-14
31.4 0.52 2.14e-14 1.65e-14 2.86e-14
31.5 0.52 1.76e-14 1.36e-14 2.36e-14
31.6 0.52 1.46e-14 1.12e-14 1.95e-14
31.7 0.52 1.2e-14 9.25e-15 1.61e-14
31.8 0.52 9.91e-15 7.63e-15 1.33e-14
31.9 0.52 8.18e-15 6.3e-15 1.09e-14
32 0.52 6.75e-15 5.2e-15 9.03e-15
32.1 0.52 5.57e-15 4.29e-15 7.45e-15
32.2 0.52 4.59e-15 3.54e-15 6.14e-15
32.3 0.52 3.79e-15 2.92e-15 5.07e-15
32.4 0.52 3.13e-15 2.41e-15 4.18e-15
32.5 0.52 2.58e-15 1.99e-15 3.45e-15
32.6 0.52 2.13e-15 1.64e-15 2.85e-15
32.7 0.52 1.76e-15 1.35e-15 2.35e-15
32.8 0.52 1.45e-15 1.12e-15 1.94e-15
32.9 0.52 1.2e-15 9.21e-16 1.6e-15
33 0.52 9.86e-16 7.59e-16 1.32e-15
33.1 0.52 8.14e-16 6.27e-16 1.09e-15
33.2 0.52 6.71e-16 5.17e-16 8.98e-16
33.3 0.52 5.54e-16 4.27e-16 7.41e-16
33.4 0.52 4.57e-16 3.52e-16 6.11e-16
33.5 0.52 3.77e-16 2.9e-16 5.04e-16
33.6 0.52 3.11e-16 2.4e-16 4.16e-16
33.7 0.52 2.57e-16 1.98e-16 3.43e-16
33.8 0.52 2.12e-16 1.63e-16 2.83e-16
33.9 0.52 1.75e-16 1.35e-16 2.34e-16
34 0.52 1.44e-16 1.11e-16 1.93e-16
34.1 0.52 1.19e-16 9.16e-17 1.59e-16
34.2 0.52 9.81e-17 7.56e-17 1.31e-16
34.3 0.52 8.09e-17 6.23e-17 1.08e-16
34.4 0.52 6.68e-17 5.14e-17 8.93e-17
34.5 0.52 5.51e-17 4.24e-17 7.37e-17
34.6 0.52 4.55e-17 3.5e-17 6.08e-17
34.7 0.52 3.75e-17 2.89e-17 5.02e-17
34.8 0.52 3.09e-17 2.38e-17 4.14e-17
34.9 0.52 2.55e-17 1.97e-17 3.42e-17
35 0.52 2.11e-17 1.62e-17 2.82e-17
35.1 0.52 1.74e-17 1.34e-17 2.33e-17
35.2 0.52 1.43e-17 1.1e-17 1.92e-17
35.3 0.52 1.18e-17 9.11e-18 1.58e-17
35.4 0.52 9.76e-18 7.52e-18 1.31e-17
35.5 0.52 8.05e-18 6.2e-18 1.08e-17
35.6 0.52 6.64e-18 5.12e-18 8.89e-18
35.7 0.52 5.48e-18 4.22e-18 7.33e-18
35.8 0.52 4.52e-18 3.48e-18 6.05e-18
35.9 0.52 3.73e-18 2.87e-18 4.99e-18
36 0.52 3.08e-18 2.37e-18 4.12e-18
36.1 0.52 2.54e-18 1.96e-18 3.4e-18
36.2 0.52 2.1e-18 1.61e-18 2.8e-18
36.3 0.52 1.73e-18 1.33e-18 2.31e-18
36.4 0.52 1.43e-18 1.1e-18 1.91e-18
36.5 0.52 1.18e-18 9.07e-19 1.57e-18
36.6 0.52 9.71e-19 7.48e-19 1.3e-18
36.7 0.52 8.01e-19 6.17e-19 1.07e-18
36.8 0.52 6.61e-19 5.09e-19 8.84e-19
36.9 0.52 5.45e-19 4.2e-19 7.3e-19
37 0.52 4.5e-19 3.47e-19 6.02e-19
37.1 0.52 3.71e-19 2.86e-19 4.97e-19
37.2 0.52 3.06e-19 2.36e-19 4.1e-19
37.3 0.52 2.53e-19 1.95e-19 3.38e-19
37.4 0.52 2.08e-19 1.61e-19 2.79e-19
37.5 0.52 1.72e-19 1.32e-19 2.3e-19
37.6 0.52 1.42e-19 1.09e-19 1.9e-19
37.7 0.52 1.17e-19 9.02e-20 1.57e-19
37.8 0.52 9.66e-20 7.44e-20 1.29e-19
37.9 0.52 7.97e-20 6.14e-20 1.07e-19
38 0.52 6.58e-20 5.07e-20 8.8e-20
38.1 0.52 5.43e-20 4.18e-20 7.26e-20
38.2 0.52 4.48e-20 3.45e-20 5.99e-20
38.3 0.52 3.69e-20 2.84e-20 4.94e-20
38.4 0.52 3.05e-20 2.35e-20 4.08e-20
38.5 0.52 2.51e-20 1.94e-20 3.36e-20
38.6 0.52 2.07e-20 1.6e-20 2.78e-20
38.7 0.52 1.71e-20 1.32e-20 2.29e-20
38.8 0.52 1.41e-20 1.09e-20 1.89e-20
38.9 0.52 1.16e-20 8.97e-21 1.56e-20
39 0.52 9.61e-21 7.4e-21 1.29e-20
39.1 0.52 7.93e-21 6.11e-21 1.06e-20
39.2 0.52 6.54e-21 5.04e-21 8.75e-21
39.3 0.52 5.4e-21 4.16e-21 7.22e-21
39.4 0.52 4.45e-21 3.43e-21 5.96e-21
39.5 0.52 3.67e-21 2.83e-21 4.92e-21
39.6 0.52 3.03e-21 2.34e-21 4.06e-21
39.7 0.52 2.5e-21 1.93e-21 3.35e-21
39.8 0.52 2.06e-21 1.59e-21 2.76e-21
39.9 0.52 1.7e-21 1.31e-21 2.28e-21
40 0.52 1.4e-21 1.08e-21 1.88e-21
40.1 0.52 1.16e-21 8.93e-22 1.55e-21
40.2 0.52 9.56e-22 7.37e-22 1.28e-21
40.3 0.52 7.89e-22 6.08e-22 1.06e-21
40.4 0.52 6.51e-22 5.01e-22 8.71e-22
40.5 0.52 5.37e-22 4.14e-22 7.19e-22
40.6 0.52 4.43e-22 3.41e-22 5.93e-22
40.7 0.52 3.66e-22 2.82e-22 4.89e-22
40.8 0.52 3.02e-22 2.32e-22 4.04e-22
40.9 0.52 2.49e-22 1.92e-22 3.33e-22
41 0.52 2.05e-22 1.58e-22 2.75e-22
41.1 0.52 1.69e-22 1.3e-22 2.27e-22
41.2 0.52 1.4e-22 1.08e-22 1.87e-22
41.3 0.52 1.15e-22 8.88e-23 1.54e-22
41.4 0.52 9.51e-23 7.33e-23 1.27e-22
41.5 0.52 7.85e-23 6.05e-23 1.05e-22
41.6 0.52 6.48e-23 4.99e-23 8.67e-23
41.7 0.52 5.34e-23 4.12e-23 7.15e-23
41.8 0.52 4.41e-23 3.4e-23 5.9e-23
41.9 0.52 3.64e-23 2.8e-23 4.87e-23
42 0.52 3e-23 2.31e-23 4.02e-23
42.1 0.52 2.48e-23 1.91e-23 3.31e-23
42.2 0.52 2.04e-23 1.57e-23 2.73e-23
42.3 0.52 1.69e-23 1.3e-23 2.26e-23
42.4 0.52 1.39e-23 1.07e-23 1.86e-23
42.5 0.52 1.15e-23 8.84e-24 1.54e-23
42.6 0.52 9.47e-24 7.29e-24 1.27e-23
42.7 0.52 7.81e-24 6.02e-24 1.04e-23
42.8 0.52 6.44e-24 4.96e-24 8.62e-24
42.9 0.52 5.32e-24 4.09e-24 7.11e-24
43 0.52 4.39e-24 3.38e-24 5.87e-24
43.1 0.52 3.62e-24 2.79e-24 4.84e-24
43.2 0.52 2.99e-24 2.3e-24 3.99e-24
43.3 0.52 2.46e-24 1.9e-24 3.3e-24
43.4 0.52 2.03e-24 1.57e-24 2.72e-24
43.5 0.52 1.68e-24 1.29e-24 2.24e-24
43.6 0.52 1.38e-24 1.07e-24 1.85e-24
43.7 0.52 1.14e-24 8.79e-25 1.53e-24
43.8 0.52 9.42e-25 7.25e-25 1.26e-24
43.9 0.52 7.77e-25 5.98e-25 1.04e-24
44 0.52 6.41e-25 4.94e-25 8.58e-25
44.1 0.52 5.29e-25 4.07e-25 7.08e-25
44.2 0.52 4.36e-25 3.36e-25 5.84e-25
44.3 0.52 3.6e-25 2.77e-25 4.82e-25
44.4 0.52 2.97e-25 2.29e-25 3.97e-25
44.5 0.52 2.45e-25 1.89e-25 3.28e-25
44.6 0.52 2.02e-25 1.56e-25 2.71e-25
44.7 0.52 1.67e-25 1.28e-25 2.23e-25
44.8 0.52 1.38e-25 1.06e-25 1.84e-25
44.9 0.52 1.14e-25 8.75e-26 1.52e-25
45 0.52 9.37e-26 7.22e-26 1.25e-25
45.1 0.52 7.73e-26 5.95e-26 1.03e-25
45.2 0.52 6.38e-26 4.91e-26 8.53e-26
45.3 0.52 5.26e-26 4.05e-26 7.04e-26
45.4 0.52 4.34e-26 3.34e-26 5.81e-26
45.5 0.52 3.58e-26 2.76e-26 4.79e-26
45.6 0.52 2.96e-26 2.28e-26 3.95e-26
45.7 0.52 2.44e-26 1.88e-26 3.26e-26
45.8 0.52 2.01e-26 1.55e-26 2.69e-26
45.9 0.52 1.66e-26 1.28e-26 2.22e-26
46 0.52 1.37e-26 1.05e-26 1.83e-26
46.1 0.52 1.13e-26 8.7e-27 1.51e-26
46.2 0.52 9.32e-27 7.18e-27 1.25e-26
46.3 0.52 7.69e-27 5.92e-27 1.03e-26
46.4 0.52 6.35e-27 4.89e-27 8.49e-27
46.5 0.52 5.24e-27 4.03e-27 7e-27
46.6 0.52 4.32e-27 3.33e-27 5.78e-27
46.7 0.52 3.56e-27 2.74e-27 4.77e-27
46.8 0.52 2.94e-27 2.26e-27 3.93e-27
46.9 0.52 2.43e-27 1.87e-27 3.25e-27
47 0.52 2e-27 1.54e-27 2.68e-27
47.1 0.52 1.65e-27 1.27e-27 2.21e-27
47.2 0.52 1.36e-27 1.05e-27 1.82e-27
47.3 0.52 1.12e-27 8.66e-28 1.5e-27
47.4 0.52 9.27e-28 7.14e-28 1.24e-27
47.5 0.52 7.65e-28 5.89e-28 1.02e-27
47.6 0.52 6.31e-28 4.86e-28 8.45e-28
47.7 0.52 5.21e-28 4.01e-28 6.97e-28
47.8 0.52 4.3e-28 3.31e-28 5.75e-28
47.9 0.52 3.55e-28 2.73e-28 4.74e-28
48 0.52 2.93e-28 2.25e-28 3.91e-28
48.1 0.52 2.41e-28 1.86e-28 3.23e-28
48.2 0.52 1.99e-28 1.53e-28 2.66e-28
48.3 0.52 1.64e-28 1.27e-28 2.2e-28
48.4 0.52 1.36e-28 1.04e-28 1.81e-28
48.5 0.52 1.12e-28 8.61e-29 1.5e-28
48.6 0.52 9.23e-29 7.11e-29 1.23e-28
48.7 0.52 7.61e-29 5.86e-29 1.02e-28
48.8 0.52 6.28e-29 4.84e-29 8.4e-29
48.9 0.52 5.18e-29 3.99e-29 6.93e-29
49 0.52 4.28e-29 3.29e-29 5.72e-29
49.1 0.52 3.53e-29 2.72e-29 4.72e-29
49.2 0.52 2.91e-29 2.24e-29 3.89e-29
49.3 0.52 2.4e-29 1.85e-29 3.21e-29
49.4 0.52 1.98e-29 1.53e-29 2.65e-29
49.5 0.52 1.63e-29 1.26e-29 2.19e-29
49.6 0.52 1.35e-29 1.04e-29 1.8e-29
49.7 0.52 1.11e-29 8.57e-30 1.49e-29
49.8 0.52 9.18e-30 7.07e-30 1.23e-29
49.9 0.52 7.57e-30 5.83e-30 1.01e-29
50 0.52 6.25e-30 4.81e-30 8.36e-30
50.1 0.52 5.16e-30 3.97e-30 6.9e-30
50.2 0.52 4.25e-30 3.28e-30 5.69e-30
50.3 0.52 3.51e-30 2.7e-30 4.7e-30
50.4 0.52 2.9e-30 2.23e-30 3.87e-30
50.5 0.52 2.39e-30 1.84e-30 3.2e-30
50.6 0.52 1.97e-30 1.52e-30 2.64e-30
50.7 0.52 1.63e-30 1.25e-30 2.18e-30
50.8 0.52 1.34e-30 1.03e-30 1.8e-30
50.9 0.52 1.11e-30 8.53e-31 1.48e-30
51 0.52 9.13e-31 7.03e-31 1.22e-30
51.1 0.52 7.54e-31 5.8e-31 1.01e-30
51.2 0.52 6.22e-31 4.79e-31 8.32e-31
51.3 0.52 5.13e-31 3.95e-31 6.86e-31
51.4 0.52 4.23e-31 3.26e-31 5.66e-31
51.5 0.52 3.49e-31 2.69e-31 4.67e-31
51.6 0.52 2.88e-31 2.22e-31 3.85e-31
51.7 0.52 2.38e-31 1.83e-31 3.18e-31
51.8 0.52 1.96e-31 1.51e-31 2.62e-31
51.9 0.52 1.62e-31 1.25e-31 2.16e-31
52 0.52 1.33e-31 1.03e-31 1.79e-31
52.1 0.52 1.1e-31 8.48e-32 1.47e-31
52.2 0.52 9.09e-32 7e-32 1.22e-31
52.3 0.52 7.5e-32 5.77e-32 1e-31
52.4 0.52 6.19e-32 4.76e-32 8.28e-32
52.5 0.52 5.1e-32 3.93e-32 6.83e-32
52.6 0.52 4.21e-32 3.24e-32 5.63e-32
52.7 0.52 3.47e-32 2.68e-32 4.65e-32
52.8 0.52 2.87e-32 2.21e-32 3.83e-32
52.9 0.52 2.36e-32 1.82e-32 3.16e-32
53 0.52 1.95e-32 1.5e-32 2.61e-32
53.1 0.52 1.61e-32 1.24e-32 2.15e-32
53.2 0.52 1.33e-32 1.02e-32 1.78e-32
53.3 0.52 1.1e-32 8.44e-33 1.47e-32
53.4 0.52 9.04e-33 6.96e-33 1.21e-32
53.5 0.52 7.46e-33 5.74e-33 9.98e-33
53.6 0.52 6.15e-33 4.74e-33 8.23e-33
53.7 0.52 5.08e-33 3.91e-33 6.79e-33
53.8 0.52 4.19e-33 3.23e-33 5.6e-33
53.9 0.52 3.46e-33 2.66e-33 4.62e-33
54 0.52 2.85e-33 2.2e-33 3.82e-33
54.1 0.52 2.35e-33 1.81e-33 3.15e-33
54.2 0.52 1.94e-33 1.5e-33 2.6e-33
54.3 0.52 1.6e-33 1.23e-33 2.14e-33
54.4 0.52 1.32e-33 1.02e-33 1.77e-33
54.5 0.52 1.09e-33 8.4e-34 1.46e-33
54.6 0.52 8.99e-34 6.93e-34 1.2e-33
54.7 0.52 7.42e-34 5.72e-34 9.93e-34
54.8 0.52 6.12e-34 4.72e-34 8.19e-34
54.9 0.52 5.05e-34 3.89e-34 6.76e-34
55 0.52 4.17e-34 3.21e-34 5.58e-34
55.1 0.52 3.44e-34 2.65e-34 4.6e-34
55.2 0.52 2.84e-34 2.19e-34 3.8e-34
55.3 0.52 2.34e-34 1.8e-34 3.13e-34
55.4 0.52 1.93e-34 1.49e-34 2.58e-34
55.5 0.52 1.59e-34 1.23e-34 2.13e-34
55.6 0.52 1.31e-34 1.01e-34 1.76e-34
55.7 0.52 1.08e-34 8.35e-35 1.45e-34
55.8 0.52 8.95e-35 6.89e-35 1.2e-34
55.9 0.52 7.38e-35 5.69e-35 9.88e-35
56 0.52 6.09e-35 4.69e-35 8.15e-35
56.1 0.52 5.03e-35 3.87e-35 6.72e-35
56.2 0.52 4.15e-35 3.19e-35 5.55e-35
56.3 0.52 3.42e-35 2.63e-35 4.58e-35
56.4 0.52 2.82e-35 2.17e-35 3.78e-35
56.5 0.52 2.33e-35 1.79e-35 3.12e-35
56.6 0.52 1.92e-35 1.48e-35 2.57e-35
56.7 0.52 1.59e-35 1.22e-35 2.12e-35
56.8 0.52 1.31e-35 1.01e-35 1.75e-35
56.9 0.52 1.08e-35 8.31e-36 1.44e-35
57 0.52 8.9e-36 6.86e-36 1.19e-35
57.1 0.52 7.35e-36 5.66e-36 9.83e-36
57.2 0.52 6.06e-36 4.67e-36 8.11e-36
57.3 0.52 5e-36 3.85e-36 6.69e-36
57.4 0.52 4.13e-36 3.18e-36 5.52e-36
57.5 0.52 3.4e-36 2.62e-36 4.55e-36
57.6 0.52 2.81e-36 2.16e-36 3.76e-36
57.7 0.52 2.32e-36 1.78e-36 3.1e-36
57.8 0.52 1.91e-36 1.47e-36 2.56e-36
57.9 0.52 1.58e-36 1.21e-36 2.11e-36
58 0.52 1.3e-36 1e-36 1.74e-36
58.1 0.52 1.07e-36 8.27e-37 1.44e-36
58.2 0.52 8.86e-37 6.82e-37 1.19e-36
58.3 0.52 7.31e-37 5.63e-37 9.78e-37
58.4 0.52 6.03e-37 4.64e-37 8.07e-37
58.5 0.52 4.97e-37 3.83e-37 6.66e-37
58.6 0.52 4.1e-37 3.16e-37 5.49e-37
58.7 0.52 3.39e-37 2.61e-37 4.53e-37
58.8 0.52 2.79e-37 2.15e-37 3.74e-37
58.9 0.52 2.31e-37 1.78e-37 3.08e-37
59 0.52 1.9e-37 1.46e-37 2.54e-37
59.1 0.52 1.57e-37 1.21e-37 2.1e-37
59.2 0.52 1.29e-37 9.97e-38 1.73e-37
59.3 0.52 1.07e-37 8.23e-38 1.43e-37
59.4 0.52 8.81e-38 6.79e-38 1.18e-37
59.5 0.52 7.27e-38 5.6e-38 9.73e-38
59.6 0.52 6e-38 4.62e-38 8.03e-38
59.7 0.52 4.95e-38 3.81e-38 6.62e-38
59.8 0.52 4.08e-38 3.15e-38 5.46e-38
59.9 0.52 3.37e-38 2.59e-38 4.51e-38
60 0.52 2.78e-38 2.14e-38 3.72e-38
60.1 0.52 2.29e-38 1.77e-38 3.07e-38
60.2 0.52 1.89e-38 1.46e-38 2.53e-38
60.3 0.52 1.56e-38 1.2e-38 2.09e-38
60.4 0.52 1.29e-38 9.92e-39 1.72e-38
60.5 0.52 1.06e-38 8.18e-39 1.42e-38
60.6 0.52 8.77e-39 6.75e-39 1.17e-38
60.7 0.52 7.23e-39 5.57e-39 9.68e-39
60.8 0.52 5.97e-39 4.6e-39 7.99e-39
60.9 0.52 4.92e-39 3.79e-39 6.59e-39
61 0.52 4.06e-39 3.13e-39 5.44e-39
61.1 0.52 3.35e-39 2.58e-39 4.48e-39
61.2 0.52 2.77e-39 2.13e-39 3.7e-39
61.3 0.52 2.28e-39 1.76e-39 3.05e-39
61.4 0.52 1.88e-39 1.45e-39 2.52e-39
61.5 0.52 1.55e-39 1.2e-39 2.08e-39
61.6 0.52 1.28e-39 9.87e-40 1.71e-39
61.7 0.52 1.06e-39 8.14e-40 1.41e-39
61.8 0.52 8.72e-40 6.72e-40 1.17e-39
61.9 0.52 7.2e-40 5.54e-40 9.63e-40
62 0.52 5.94e-40 4.57e-40 7.94e-40
62.1 0.52 4.9e-40 3.77e-40 6.55e-40
62.2 0.52 4.04e-40 3.11e-40 5.41e-40
62.3 0.52 3.33e-40 2.57e-40 4.46e-40
62.4 0.52 2.75e-40 2.12e-40 3.68e-40
62.5 0.52 2.27e-40 1.75e-40 3.04e-40
62.6 0.52 1.87e-40 1.44e-40 2.51e-40
62.7 0.52 1.55e-40 1.19e-40 2.07e-40
62.8 0.52 1.27e-40 9.82e-41 1.71e-40
62.9 0.52 1.05e-40 8.1e-41 1.41e-40
63 0.52 8.68e-41 6.68e-41 1.16e-40
63.1 0.52 7.16e-41 5.51e-41 9.58e-41
63.2 0.52 5.91e-41 4.55e-41 7.9e-41
63.3 0.52 4.87e-41 3.75e-41 6.52e-41
63.4 0.52 4.02e-41 3.1e-41 5.38e-41
63.5 0.52 3.32e-41 2.56e-41 4.44e-41
63.6 0.52 2.74e-41 2.11e-41 3.66e-41
63.7 0.52 2.26e-41 1.74e-41 3.02e-41
63.8 0.52 1.86e-41 1.44e-41 2.49e-41
63.9 0.52 1.54e-41 1.18e-41 2.06e-41
64 0.52 1.27e-41 9.77e-42 1.7e-41
64.1 0.52 1.05e-41 8.06e-42 1.4e-41
64.2 0.52 8.63e-42 6.65e-42 1.16e-41
64.3 0.52 7.12e-42 5.49e-42 9.53e-42
64.4 0.52 5.88e-42 4.53e-42 7.86e-42
64.5 0.52 4.85e-42 3.73e-42 6.49e-42
64.6 0.52 4e-42 3.08e-42 5.35e-42
64.7 0.52 3.3e-42 2.54e-42 4.42e-42
64.8 0.52 2.72e-42 2.1e-42 3.64e-42
64.9 0.52 2.25e-42 1.73e-42 3.01e-42
65 0.52 1.85e-42 1.43e-42 2.48e-42
65.1 0.52 1.53e-42 1.18e-42 2.05e-42
65.2 0.52 1.26e-42 9.72e-43 1.69e-42
65.3 0.52 1.04e-42 8.02e-43 1.39e-42
65.4 0.52 8.59e-43 6.62e-43 1.15e-42
65.5 0.52 7.09e-43 5.46e-43 9.48e-43
65.6 0.52 5.85e-43 4.5e-43 7.82e-43
65.7 0.52 4.82e-43 3.72e-43 6.46e-43
65.8 0.52 3.98e-43 3.07e-43 5.33e-43
65.9 0.52 3.28e-43 2.53e-43 4.39e-43
66 0.52 2.71e-43 2.09e-43 3.63e-43
66.1 0.52 2.24e-43 1.72e-43 2.99e-43
66.2 0.52 1.84e-43 1.42e-43 2.47e-43
66.3 0.52 1.52e-43 1.17e-43 2.04e-43
66.4 0.52 1.26e-43 9.67e-44 1.68e-43
66.5 0.52 1.04e-43 7.98e-44 1.39e-43
66.6 0.52 8.55e-44 6.58e-44 1.14e-43
66.7 0.52 7.05e-44 5.43e-44 9.43e-44
66.8 0.52 5.82e-44 4.48e-44 7.78e-44
66.9 0.52 4.8e-44 3.7e-44 6.42e-44
67 0.52 3.96e-44 3.05e-44 5.3e-44
67.1 0.52 3.27e-44 2.52e-44 4.37e-44
67.2 0.52 2.7e-44 2.08e-44 3.61e-44
67.3 0.52 2.22e-44 1.71e-44 2.98e-44
67.4 0.52 1.84e-44 1.41e-44 2.46e-44
67.5 0.52 1.51e-44 1.17e-44 2.03e-44
67.6 0.52 1.25e-44 9.62e-45 1.67e-44
67.7 0.52 1.03e-44 7.94e-45 1.38e-44
67.8 0.52 8.5e-45 6.55e-45 1.14e-44
67.9 0.52 7.02e-45 5.4e-45 9.39e-45
68 0.52 5.79e-45 4.46e-45 7.74e-45
68.1 0.52 4.78e-45 3.68e-45 6.39e-45
68.2 0.52 3.94e-45 3.03e-45 5.27e-45
68.3 0.52 3.25e-45 2.5e-45 4.35e-45
68.4 0.52 2.68e-45 2.07e-45 3.59e-45
68.5 0.52 2.21e-45 1.7e-45 2.96e-45
68.6 0.52 1.83e-45 1.41e-45 2.44e-45
68.7 0.52 1.51e-45 1.16e-45 2.02e-45
68.8 0.52 1.24e-45 9.57e-46 1.66e-45
68.9 0.52 1.03e-45 7.9e-46 1.37e-45
69 0.52 8.46e-46 6.52e-46 1.13e-45
69.1 0.52 6.98e-46 5.38e-46 9.34e-46
69.2 0.52 5.76e-46 4.44e-46 7.7e-46
69.3 0.52 4.75e-46 3.66e-46 6.36e-46
69.4 0.52 3.92e-46 3.02e-46 5.24e-46
69.5 0.52 3.23e-46 2.49e-46 4.33e-46
69.6 0.52 2.67e-46 2.06e-46 3.57e-46
69.7 0.52 2.2e-46 1.7e-46 2.95e-46
69.8 0.52 1.82e-46 1.4e-46 2.43e-46
69.9 0.52 1.5e-46 1.15e-46 2.01e-46
70 0.52 1.24e-46 9.52e-47 1.65e-46
70.1 0.52 1.02e-46 7.86e-47 1.36e-46
70.2 0.52 8.42e-47 6.48e-47 1.13e-46
70.3 0.52 6.94e-47 5.35e-47 9.29e-47
70.4 0.52 5.73e-47 4.41e-47 7.67e-47
70.5 0.52 4.73e-47 3.64e-47 6.32e-47
70.6 0.52 3.9e-47 3e-47 5.22e-47
70.7 0.52 3.22e-47 2.48e-47 4.31e-47
70.8 0.52 2.65e-47 2.04e-47 3.55e-47
70.9 0.52 2.19e-47 1.69e-47 2.93e-47
71 0.52 1.81e-47 1.39e-47 2.42e-47
71.1 0.52 1.49e-47 1.15e-47 1.99e-47
71.2 0.52 1.23e-47 9.47e-48 1.65e-47
71.3 0.52 1.01e-47 7.82e-48 1.36e-47
71.4 0.52 8.37e-48 6.45e-48 1.12e-47
71.5 0.52 6.91e-48 5.32e-48 9.24e-48
71.6 0.52 5.7e-48 4.39e-48 7.63e-48
71.7 0.52 4.7e-48 3.62e-48 6.29e-48
71.8 0.52 3.88e-48 2.99e-48 5.19e-48
71.9 0.52 3.2e-48 2.47e-48 4.28e-48
72 0.52 2.64e-48 2.03e-48 3.53e-48
72.1 0.52 2.18e-48 1.68e-48 2.92e-48
72.2 0.52 1.8e-48 1.38e-48 2.41e-48
72.3 0.52 1.48e-48 1.14e-48 1.98e-48
72.4 0.52 1.22e-48 9.43e-49 1.64e-48
72.5 0.52 1.01e-48 7.78e-49 1.35e-48
72.6 0.52 8.33e-49 6.42e-49 1.11e-48
72.7 0.52 6.87e-49 5.29e-49 9.2e-49
72.8 0.52 5.67e-49 4.37e-49 7.59e-49
72.9 0.52 4.68e-49 3.6e-49 6.26e-49
73 0.52 3.86e-49 2.97e-49 5.17e-49
73.1 0.52 3.19e-49 2.45e-49 4.26e-49
73.2 0.52 2.63e-49 2.02e-49 3.52e-49
73.3 0.52 2.17e-49 1.67e-49 2.9e-49
73.4 0.52 1.79e-49 1.38e-49 2.39e-49
73.5 0.52 1.48e-49 1.14e-49 1.97e-49
73.6 0.52 1.22e-49 9.38e-50 1.63e-49
73.7 0.52 1e-49 7.74e-50 1.34e-49
73.8 0.52 8.29e-50 6.38e-50 1.11e-49
73.9 0.52 6.84e-50 5.27e-50 9.15e-50
74 0.52 5.64e-50 4.35e-50 7.55e-50
74.1 0.52 4.66e-50 3.59e-50 6.23e-50
74.2 0.52 3.84e-50 2.96e-50 5.14e-50
74.3 0.52 3.17e-50 2.44e-50 4.24e-50
74.4 0.52 2.61e-50 2.01e-50 3.5e-50
74.5 0.52 2.16e-50 1.66e-50 2.89e-50
74.6 0.52 1.78e-50 1.37e-50 2.38e-50
74.7 0.52 1.47e-50 1.13e-50 1.96e-50
74.8 0.52 1.21e-50 9.33e-51 1.62e-50
74.9 0.52 1e-50 7.7e-51 1.34e-50
75 0.52 8.25e-51 6.35e-51 1.1e-50
75.1 0.52 6.8e-51 5.24e-51 9.1e-51
75.2 0.52 5.61e-51 4.32e-51 7.51e-51
75.3 0.52 4.63e-51 3.57e-51 6.2e-51
75.4 0.52 3.82e-51 2.94e-51 5.11e-51
75.5 0.52 3.15e-51 2.43e-51 4.22e-51
75.6 0.52 2.6e-51 2e-51 3.48e-51
75.7 0.52 2.15e-51 1.65e-51 2.87e-51
75.8 0.52 1.77e-51 1.36e-51 2.37e-51
75.9 0.52 1.46e-51 1.13e-51 1.95e-51
76 0.52 1.21e-51 9.28e-52 1.61e-51
76.1 0.52 9.94e-52 7.66e-52 1.33e-51
76.2 0.52 8.2e-52 6.32e-52 1.1e-51
76.3 0.52 6.77e-52 5.21e-52 9.06e-52
76.4 0.52 5.58e-52 4.3e-52 7.47e-52
76.5 0.52 4.61e-52 3.55e-52 6.17e-52
76.6 0.52 3.8e-52 2.93e-52 5.09e-52
76.7 0.52 3.14e-52 2.42e-52 4.2e-52
76.8 0.52 2.59e-52 1.99e-52 3.46e-52
76.9 0.52 2.14e-52 1.64e-52 2.86e-52
77 0.52 1.76e-52 1.36e-52 2.36e-52
77.1 0.52 1.45e-52 1.12e-52 1.94e-52
77.2 0.52 1.2e-52 9.24e-53 1.6e-52
77.3 0.52 9.89e-53 7.62e-53 1.32e-52
77.4 0.52 8.16e-53 6.29e-53 1.09e-52
77.5 0.52 6.73e-53 5.19e-53 9.01e-53
77.6 0.52 5.56e-53 4.28e-53 7.43e-53
77.7 0.52 4.58e-53 3.53e-53 6.13e-53
77.8 0.52 3.78e-53 2.91e-53 5.06e-53
77.9 0.52 3.12e-53 2.4e-53 4.18e-53
78 0.52 2.57e-53 1.98e-53 3.44e-53
78.1 0.52 2.12e-53 1.64e-53 2.84e-53
78.2 0.52 1.75e-53 1.35e-53 2.34e-53
78.3 0.52 1.45e-53 1.11e-53 1.93e-53
78.4 0.52 1.19e-53 9.19e-54 1.6e-53
78.5 0.52 9.84e-54 7.58e-54 1.32e-53
78.6 0.52 8.12e-54 6.25e-54 1.09e-53
78.7 0.52 6.7e-54 5.16e-54 8.96e-54
78.8 0.52 5.53e-54 4.26e-54 7.4e-54
78.9 0.52 4.56e-54 3.51e-54 6.1e-54
79 0.52 3.76e-54 2.9e-54 5.03e-54
79.1 0.52 3.1e-54 2.39e-54 4.15e-54
79.2 0.52 2.56e-54 1.97e-54 3.43e-54
79.3 0.52 2.11e-54 1.63e-54 2.83e-54
79.4 0.52 1.74e-54 1.34e-54 2.33e-54
79.5 0.52 1.44e-54 1.11e-54 1.92e-54
79.6 0.52 1.19e-54 9.14e-55 1.59e-54
79.7 0.52 9.79e-55 7.54e-55 1.31e-54
79.8 0.52 8.08e-55 6.22e-55 1.08e-54
79.9 0.52 6.67e-55 5.13e-55 8.92e-55
80 0.52 5.5e-55 4.24e-55 7.36e-55
80.1 0.52 4.54e-55 3.5e-55 6.07e-55
80.2 0.52 3.74e-55 2.88e-55 5.01e-55
80.3 0.52 3.09e-55 2.38e-55 4.13e-55
80.4 0.52 2.55e-55 1.96e-55 3.41e-55
80.5 0.52 2.1e-55 1.62e-55 2.81e-55
80.6 0.52 1.73e-55 1.34e-55 2.32e-55
80.7 0.52 1.43e-55 1.1e-55 1.92e-55
80.8 0.52 1.18e-55 9.1e-56 1.58e-55
80.9 0.52 9.74e-56 7.5e-56 1.3e-55
81 0.52 8.04e-56 6.19e-56 1.08e-55
81.1 0.52 6.63e-56 5.11e-56 8.87e-56
81.2 0.52 5.47e-56 4.21e-56 7.32e-56
81.3 0.52 4.51e-56 3.48e-56 6.04e-56
81.4 0.52 3.72e-56 2.87e-56 4.98e-56
81.5 0.52 3.07e-56 2.37e-56 4.11e-56
81.6 0.52 2.54e-56 1.95e-56 3.39e-56
81.7 0.52 2.09e-56 1.61e-56 2.8e-56
81.8 0.52 1.73e-56 1.33e-56 2.31e-56
81.9 0.52 1.42e-56 1.1e-56 1.91e-56
82 0.52 1.17e-56 9.05e-57 1.57e-56
82.1 0.52 9.69e-57 7.47e-57 1.3e-56
82.2 0.52 8e-57 6.16e-57 1.07e-56
82.3 0.52 6.6e-57 5.08e-57 8.83e-57
82.4 0.52 5.44e-57 4.19e-57 7.28e-57
82.5 0.52 4.49e-57 3.46e-57 6.01e-57
82.6 0.52 3.71e-57 2.85e-57 4.96e-57
82.7 0.52 3.06e-57 2.35e-57 4.09e-57
82.8 0.52 2.52e-57 1.94e-57 3.38e-57
82.9 0.52 2.08e-57 1.6e-57 2.78e-57
83 0.52 1.72e-57 1.32e-57 2.3e-57
83.1 0.52 1.42e-57 1.09e-57 1.9e-57
83.2 0.52 1.17e-57 9e-58 1.56e-57
83.3 0.52 9.64e-58 7.43e-58 1.29e-57
83.4 0.52 7.96e-58 6.13e-58 1.06e-57
83.5 0.52 6.56e-58 5.06e-58 8.78e-58
83.6 0.52 5.42e-58 4.17e-58 7.25e-58
83.7 0.52 4.47e-58 3.44e-58 5.98e-58
83.8 0.52 3.69e-58 2.84e-58 4.93e-58
83.9 0.52 3.04e-58 2.34e-58 4.07e-58
84 0.52 2.51e-58 1.93e-58 3.36e-58
84.1 0.52 2.07e-58 1.59e-58 2.77e-58
84.2 0.52 1.71e-58 1.32e-58 2.29e-58
84.3 0.52 1.41e-58 1.09e-58 1.89e-58
84.4 0.52 1.16e-58 8.96e-59 1.56e-58
84.5 0.52 9.59e-59 7.39e-59 1.28e-58
84.6 0.52 7.92e-59 6.1e-59 1.06e-58
84.7 0.52 6.53e-59 5.03e-59 8.74e-59
84.8 0.52 5.39e-59 4.15e-59 7.21e-59
84.9 0.52 4.45e-59 3.42e-59 5.95e-59
85 0.52 3.67e-59 2.83e-59 4.91e-59
85.1 0.52 3.03e-59 2.33e-59 4.05e-59
85.2 0.52 2.5e-59 1.92e-59 3.34e-59
85.3 0.52 2.06e-59 1.59e-59 2.76e-59
85.4 0.52 1.7e-59 1.31e-59 2.27e-59
85.5 0.52 1.4e-59 1.08e-59 1.88e-59
85.6 0.52 1.16e-59 8.91e-60 1.55e-59
85.7 0.52 9.55e-60 7.35e-60 1.28e-59
85.8 0.52 7.88e-60 6.07e-60 1.05e-59
85.9 0.52 6.5e-60 5e-60 8.69e-60
86 0.52 5.36e-60 4.13e-60 7.17e-60
86.1 0.52 4.42e-60 3.41e-60 5.92e-60
86.2 0.52 3.65e-60 2.81e-60 4.88e-60
86.3 0.52 3.01e-60 2.32e-60 4.03e-60
86.4 0.52 2.48e-60 1.91e-60 3.32e-60
86.5 0.52 2.05e-60 1.58e-60 2.74e-60
86.6 0.52 1.69e-60 1.3e-60 2.26e-60
86.7 0.52 1.4e-60 1.07e-60 1.87e-60
86.8 0.52 1.15e-60 8.87e-61 1.54e-60
86.9 0.52 9.5e-61 7.32e-61 1.27e-60
87 0.52 7.84e-61 6.04e-61 1.05e-60
87.1 0.52 6.46e-61 4.98e-61 8.65e-61
87.2 0.52 5.33e-61 4.11e-61 7.14e-61
87.3 0.52 4.4e-61 3.39e-61 5.89e-61
87.4 0.52 3.63e-61 2.8e-61 4.86e-61
87.5 0.52 3e-61 2.31e-61 4.01e-61
87.6 0.52 2.47e-61 1.9e-61 3.31e-61
87.7 0.52 2.04e-61 1.57e-61 2.73e-61
87.8 0.52 1.68e-61 1.3e-61 2.25e-61
87.9 0.52 1.39e-61 1.07e-61 1.86e-61
88 0.52 1.15e-61 8.82e-62 1.53e-61
88.1 0.52 9.45e-62 7.28e-62 1.26e-61
88.2 0.52 7.8e-62 6e-62 1.04e-61
88.3 0.52 6.43e-62 4.95e-62 8.61e-62
88.4 0.52 5.31e-62 4.09e-62 7.1e-62
88.5 0.52 4.38e-62 3.37e-62 5.86e-62
88.6 0.52 3.61e-62 2.78e-62 4.83e-62
88.7 0.52 2.98e-62 2.3e-62 3.99e-62
88.8 0.52 2.46e-62 1.89e-62 3.29e-62
88.9 0.52 2.03e-62 1.56e-62 2.71e-62
89 0.52 1.67e-62 1.29e-62 2.24e-62
89.1 0.52 1.38e-62 1.06e-62 1.85e-62
89.2 0.52 1.14e-62 8.78e-63 1.52e-62
89.3 0.52 9.4e-63 7.24e-63 1.26e-62
89.4 0.52 7.76e-63 5.97e-63 1.04e-62
89.5 0.52 6.4e-63 4.93e-63 8.56e-63
89.6 0.52 5.28e-63 4.07e-63 7.06e-63
89.7 0.52 4.36e-63 3.36e-63 5.83e-63
89.8 0.52 3.59e-63 2.77e-63 4.81e-63
89.9 0.52 2.97e-63 2.28e-63 3.97e-63
90 0.52 2.45e-63 1.88e-63 3.27e-63
90.1 0.52 2.02e-63 1.55e-63 2.7e-63
90.2 0.52 1.67e-63 1.28e-63 2.23e-63
90.3 0.52 1.37e-63 1.06e-63 1.84e-63
90.4 0.52 1.13e-63 8.73e-64 1.52e-63
90.5 0.52 9.35e-64 7.2e-64 1.25e-63
90.6 0.52 7.72e-64 5.94e-64 1.03e-63
90.7 0.52 6.37e-64 4.9e-64 8.52e-64
90.8 0.52 5.25e-64 4.05e-64 7.03e-64
90.9 0.52 4.33e-64 3.34e-64 5.8e-64
91 0.52 3.58e-64 2.75e-64 4.78e-64
91.1 0.52 2.95e-64 2.27e-64 3.95e-64
91.2 0.52 2.43e-64 1.87e-64 3.26e-64
91.3 0.52 2.01e-64 1.55e-64 2.69e-64
91.4 0.52 1.66e-64 1.28e-64 2.22e-64
91.5 0.52 1.37e-64 1.05e-64 1.83e-64
91.6 0.52 1.13e-64 8.69e-65 1.51e-64
91.7 0.52 9.31e-65 7.17e-65 1.25e-64
91.8 0.52 7.68e-65 5.91e-65 1.03e-64
91.9 0.52 6.33e-65 4.88e-65 8.48e-65
92 0.52 5.23e-65 4.03e-65 6.99e-65
92.1 0.52 4.31e-65 3.32e-65 5.77e-65
92.2 0.52 3.56e-65 2.74e-65 4.76e-65
92.3 0.52 2.94e-65 2.26e-65 3.93e-65
92.4 0.52 2.42e-65 1.87e-65 3.24e-65
92.5 0.52 2e-65 1.54e-65 2.67e-65
92.6 0.52 1.65e-65 1.27e-65 2.21e-65
92.7 0.52 1.36e-65 1.05e-65 1.82e-65
92.8 0.52 1.12e-65 8.64e-66 1.5e-65
92.9 0.52 9.26e-66 7.13e-66 1.24e-65
93 0.52 7.64e-66 5.88e-66 1.02e-65
93.1 0.52 6.3e-66 4.85e-66 8.43e-66
93.2 0.52 5.2e-66 4e-66 6.96e-66
93.3 0.52 4.29e-66 3.3e-66 5.74e-66
93.4 0.52 3.54e-66 2.73e-66 4.74e-66
93.5 0.52 2.92e-66 2.25e-66 3.91e-66
93.6 0.52 2.41e-66 1.86e-66 3.22e-66
93.7 0.52 1.99e-66 1.53e-66 2.66e-66
93.8 0.52 1.64e-66 1.26e-66 2.19e-66
93.9 0.52 1.35e-66 1.04e-66 1.81e-66
94 0.52 1.12e-66 8.6e-67 1.49e-66
94.1 0.52 9.21e-67 7.09e-67 1.23e-66
94.2 0.52 7.6e-67 5.85e-67 1.02e-66
94.3 0.52 6.27e-67 4.83e-67 8.39e-67
94.4 0.52 5.17e-67 3.98e-67 6.92e-67
94.5 0.52 4.27e-67 3.29e-67 5.71e-67
94.6 0.52 3.52e-67 2.71e-67 4.71e-67
94.7 0.52 2.91e-67 2.24e-67 3.89e-67
94.8 0.52 2.4e-67 1.85e-67 3.21e-67
94.9 0.52 1.98e-67 1.52e-67 2.65e-67
95 0.52 1.63e-67 1.26e-67 2.18e-67
95.1 0.52 1.35e-67 1.04e-67 1.8e-67
95.2 0.52 1.11e-67 8.55e-68 1.49e-67
95.3 0.52 9.16e-68 7.06e-68 1.23e-67
95.4 0.52 7.56e-68 5.82e-68 1.01e-67
95.5 0.52 6.24e-68 4.8e-68 8.35e-68
95.6 0.52 5.15e-68 3.96e-68 6.89e-68
95.7 0.52 4.25e-68 3.27e-68 5.68e-68
95.8 0.52 3.5e-68 2.7e-68 4.69e-68
95.9 0.52 2.89e-68 2.23e-68 3.87e-68
96 0.52 2.38e-68 1.84e-68 3.19e-68
96.1 0.52 1.97e-68 1.52e-68 2.63e-68
96.2 0.52 1.62e-68 1.25e-68 2.17e-68
96.3 0.52 1.34e-68 1.03e-68 1.79e-68
96.4 0.52 1.11e-68 8.51e-69 1.48e-68
96.5 0.52 9.12e-69 7.02e-69 1.22e-68
96.6 0.52 7.52e-69 5.79e-69 1.01e-68
96.7 0.52 6.21e-69 4.78e-69 8.3e-69
96.8 0.52 5.12e-69 3.94e-69 6.85e-69
96.9 0.52 4.22e-69 3.25e-69 5.65e-69
97 0.52 3.49e-69 2.68e-69 4.66e-69
97.1 0.52 2.88e-69 2.21e-69 3.85e-69
97.2 0.52 2.37e-69 1.83e-69 3.17e-69
97.3 0.52 1.96e-69 1.51e-69 2.62e-69
97.4 0.52 1.62e-69 1.24e-69 2.16e-69
97.5 0.52 1.33e-69 1.03e-69 1.78e-69
97.6 0.52 1.1e-69 8.47e-70 1.47e-69
97.7 0.52 9.07e-70 6.99e-70 1.21e-69
97.8 0.52 7.48e-70 5.76e-70 1e-69
97.9 0.52 6.17e-70 4.76e-70 8.26e-70
98 0.52 5.09e-70 3.92e-70 6.82e-70
98.1 0.52 4.2e-70 3.24e-70 5.62e-70
98.2 0.52 3.47e-70 2.67e-70 4.64e-70
98.3 0.52 2.86e-70 2.2e-70 3.83e-70
98.4 0.52 2.36e-70 1.82e-70 3.16e-70
98.5 0.52 1.95e-70 1.5e-70 2.61e-70
98.6 0.52 1.61e-70 1.24e-70 2.15e-70
98.7 0.52 1.33e-70 1.02e-70 1.77e-70
98.8 0.52 1.09e-70 8.42e-71 1.46e-70
98.9 0.52 9.02e-71 6.95e-71 1.21e-70
99 0.52 7.45e-71 5.73e-71 9.96e-71
99.1 0.52 6.14e-71 4.73e-71 8.22e-71
99.2 0.52 5.07e-71 3.9e-71 6.78e-71
99.3 0.52 4.18e-71 3.22e-71 5.6e-71
99.4 0.52 3.45e-71 2.66e-71 4.62e-71
99.5 0.52 2.85e-71 2.19e-71 3.81e-71
99.6 0.52 2.35e-71 1.81e-71 3.14e-71
99.7 0.52 1.94e-71 1.49e-71 2.59e-71
99.8 0.52 1.6e-71 1.23e-71 2.14e-71
99.9 0.52 1.32e-71 1.02e-71 1.76e-71
