-25 7.2 0.0614 1.75e-08 6.5e-09
-24.9 7.2 0.0622 1.85e-08 6.5e-09
-24.8 7.2 0.063 1.9e-08 7e-09
-24.7 7.2 0.0638 1.95e-08 7.5e-09
-24.6 7.2 0.0646 2.05e-08 7.5e-09
-24.5 7.2 0.0655 2.17e-08 8.25e-09
-24.4 7.2 0.0663 2.2e-08 8e-09
-24.3 7.2 0.0672 2.32e-08 8.75e-09
-24.2 7.2 0.0681 2.42e-08 8.75e-09
-24.1 7.2 0.0689 2.5e-08 9e-09
-24 7.2 0.0698 2.57e-08 9.25e-09
-23.9 7.2 0.0707 2.65e-08 9.5e-09
-23.8 7.2 0.0716 2.75e-08 9.5e-09
-23.7 7.2 0.0726 2.83e-08 9.75e-09
-23.6 7.2 0.0735 2.93e-08 1.08e-08
-23.5 7.2 0.0744 3.05e-08 1.05e-08
-23.4 7.2 0.0754 3.12e-08 1.08e-08
-23.3 7.2 0.0764 3.23e-08 1.17e-08
-23.2 7.2 0.0773 3.35e-08 1.15e-08
-23.1 7.2 0.0783 3.42e-08 1.17e-08
-23 7.2 0.0793 3.5e-08 1.2e-08
-22.9 7.2 0.0803 3.65e-08 1.25e-08
-22.8 7.2 0.0814 3.72e-08 1.28e-08
-22.7 7.2 0.0824 3.8e-08 1.3e-08
-22.6 7.2 0.0834 3.9e-08 1.3e-08
-22.5 7.2 0.0845 4.07e-08 1.43e-08
-22.4 7.2 0.0856 4.1e-08 1.4e-08
-22.3 7.2 0.0867 4.2e-08 1.4e-08
-22.2 7.2 0.0878 4.35e-08 1.45e-08
-22.1 7.2 0.0889 4.43e-08 1.47e-08
-22 7.2 0.09 4.58e-08 1.53e-08
-21.9 7.2 0.0911 4.67e-08 1.62e-08
-21.8 7.2 0.0923 4.73e-08 1.57e-08
-21.7 7.2 0.0934 4.88e-08 1.62e-08
-21.6 7.2 0.0946 5.03e-08 1.68e-08
-21.5 7.2 0.0958 5.12e-08 1.78e-08
-21.4 7.2 0.097 5.2e-08 1.8e-08
-21.3 7.2 0.0982 5.32e-08 1.78e-08
-21.2 7.2 0.0994 5.5e-08 1.9e-08
-21.1 7.2 0.101 5.5e-08 2.5e-08
-21 7.2 0.102 5.25e-08 1.75e-08
-20.9 7.2 0.103 5.5e-08 2.5e-08
-20.8 7.2 0.104 6e-08 2e-08
-20.7 7.2 0.106 5.75e-08 2.25e-08
-20.6 7.2 0.107 6e-08 2e-08
-20.5 7.2 0.108 6.25e-08 2.75e-08
-20.4 7.2 0.11 6e-08 2e-08
-20.3 7.2 0.111 6.75e-08 2.25e-08
-20.2 7.2 0.112 6.25e-08 2.75e-08
-20.1 7.2 0.114 6.75e-08 2.25e-08
-20 7.2 0.115 6.75e-08 2.25e-08
-19.9 7.2 0.117 7e-08 3e-08
-19.8 7.2 0.118 7e-08 3e-08
-19.7 7.2 0.119 6.75e-08 2.25e-08
-19.6 7.2 0.121 6.75e-08 2.25e-08
-19.5 7.2 0.122 7e-08 3e-08
-19.4 7.2 0.124 7e-08 3e-08
-19.3 7.2 0.125 7.5e-08 2.5e-08
-19.2 7.2 0.127 7e-08 3e-08
-19.1 7.2 0.128 7.75e-08 3.25e-08
-19 7.2 0.13 7.75e-08 3.25e-08
-18.9 7.2 0.131 7.25e-08 2.75e-08
-18.8 7.2 0.133 7e-08 3e-08
-18.7 7.2 0.135 7.75e-08 3.25e-08
-18.6 7.2 0.136 7.75e-08 3.25e-08
-18.5 7.2 0.138 7.75e-08 3.25e-08
-18.4 7.2 0.139 8e-08 4e-08
-18.3 7.2 0.141 7.25e-08 3.75e-08
-18.2 7.2 0.143 8e-08 4e-08
-18.1 7.2 0.144 7.75e-08 3.25e-08
-18 7.2 0.146 1.47e-07 1.22e-07
-17.9 7.2 0.148 1.72e-07 1.38e-07
-17.8 7.2 0.15 2.02e-07 1.58e-07
-17.7 7.2 0.151 2.27e-07 1.72e-07
-17.6 7.2 0.153 2.6e-07 1.9e-07
-17.5 7.2 0.155 3.27e-07 1.63e-07
-17.4 7.2 0.157 3.5e-07 1.7e-07
-17.3 7.2 0.159 2.07e-07 8.25e-08
-17.2 7.2 0.16 7.25e-08 1.08e-07
-17.1 7.2 0.162 1.24e-06 2.82e-06
-17 7.2 0.164 1.82e-07 1.58e-07
-16.9 7.2 0.166 1.25e-07 7.5e-08
-16.8 7.2 0.168 1.15e-07 5.5e-08
-16.7 7.2 0.17 1.05e-07 4.5e-08
-16.6 7.2 0.172 9.75e-08 4.25e-08
-16.5 7.2 0.174 9.5e-08 4.5e-08
-16.4 7.2 0.176 1e-07 4e-08
-16.3 7.2 0.178 9.25e-08 3.75e-08
-16.2 7.2 0.18 8.75e-08 3.25e-08
-16.1 7.2 0.182 8.75e-08 3.25e-08
-16 7.2 0.184 8.75e-08 3.25e-08
-15.9 7.2 0.186 9e-08 3e-08
-15.8 7.2 0.188 8.25e-08 2.75e-08
-15.7 7.2 0.19 8.25e-08 2.75e-08
-15.6 7.2 0.192 8e-08 3e-08
-15.5 7.2 0.194 8.25e-08 2.75e-08
-15.4 7.2 0.196 7.5e-08 2.5e-08
-15.3 7.2 0.198 7.5e-08 2.5e-08
-15.2 7.2 0.201 7.5e-08 2.5e-08
-15.1 7.2 0.203 7.5e-08 2.5e-08
-15 7.2 0.205 7.5e-08 2.5e-08
-14.9 7.2 0.207 7.5e-08 2.5e-08
-14.8 7.2 0.209 6.75e-08 2.25e-08
-14.7 7.2 0.212 6.75e-08 2.25e-08
-14.6 7.2 0.214 6.75e-08 2.25e-08
-14.5 7.2 0.216 6e-08 2e-08
-14.4 7.2 0.218 6e-08 2e-08
-14.3 7.2 0.221 6e-08 2e-08
-14.2 7.2 0.223 5.5e-08 2.5e-08
-14.1 7.2 0.225 5.5e-08 2.5e-08
-14 7.2 0.228 5.25e-08 1.75e-08
-13.9 7.2 0.23 4.75e-08 2.25e-08
-13.8 7.2 0.233 4.5e-08 1.5e-08
-13.7 7.2 0.235 4.5e-08 1.5e-08
-13.6 7.2 0.237 4e-08 2e-08
-13.5 7.2 0.24 3.25e-08 1.75e-08
-13.4 7.2 0.242 3.25e-08 1.75e-08
-13.3 7.2 0.245 3e-08 1e-08
-13.2 7.2 0.247 2.75e-08 1.25e-08
-13.1 7.2 0.25 2e-08 1e-08
-13 7.2 0.252 4.25e-08 1.75e-08
-12.9 7.2 0.255 3.25e-08 1.75e-08
-12.8 7.2 0.258 1.5e-08 5e-09
-12.7 7.2 0.26 5e-09 5e-09
-12.6 7.2 0.263 0 0
-12.5 7.2 0.265 0 0
-12.4 7.2 0.268 7.5e-09 2.5e-09
-12.3 7.2 0.271 1e-08 1e-08
-12.2 7.2 0.273 1.5e-08 1.5e-08
-12.1 7.2 0.276 6.25e-08 3.75e-08
-12 7.2 0.279 2.25e-08 2.75e-08
-11.9 7.2 0.281 2e-08 3e-08
-11.8 7.2 0.284 1.75e-08 3.25e-08
-11.7 7.2 0.287 2.25e-08 3.75e-08
-11.6 7.2 0.289 2.25e-08 3.75e-08
-11.5 7.2 0.292 2.25e-08 4.75e-08
-11.4 7.2 0.295 2.25e-08 4.75e-08
-11.3 7.2 0.298 2.5e-08 5.5e-08
-11.2 7.2 0.301 2e-08 6e-08
-11.1 7.2 0.303 2.75e-08 6.25e-08
-11 7.2 0.306 2.25e-08 6.75e-08
-10.9 7.2 0.309 3e-08 7e-08
-10.8 7.2 0.312 2.75e-08 7.25e-08
-10.7 7.2 0.315 3.25e-08 7.75e-08
-10.6 7.2 0.318 3.75e-08 7.25e-08
-10.5 7.2 0.32 8e-08 1.1e-07
-10.4 7.2 0.323 4.75e-08 1.02e-07
-10.3 7.2 0.326 4.25e-08 1.08e-07
-10.2 7.2 0.329 3.5e-08 1.05e-07
-10.1 7.2 0.332 3.75e-08 1.12e-07
-10 7.2 0.335 4e-08 1.2e-07
-9.9 7.2 0.338 4e-08 1.2e-07
-9.8 7.2 0.341 4.25e-08 1.27e-07
-9.7 7.2 0.344 4.25e-08 1.27e-07
-9.6 7.2 0.347 5e-08 1.3e-07
-9.5 7.2 0.35 5.25e-08 1.38e-07
-9.4 7.2 0.353 4.75e-08 1.43e-07
-9.3 7.2 0.356 5e-08 1.5e-07
-9.2 7.2 0.359 5.75e-08 1.52e-07
-9.1 7.2 0.362 5.25e-08 1.58e-07
-9 7.2 0.365 5.5e-08 1.65e-07
-8.9 7.2 0.368 5.75e-08 1.63e-07
-8.8 7.2 0.371 6.25e-08 1.68e-07
-8.7 7.2 0.374 6.5e-08 1.75e-07
-8.6 7.2 0.377 6.5e-08 1.75e-07
-8.5 7.2 0.38 7.25e-08 1.77e-07
-8.4 7.2 0.383 7.5e-08 1.85e-07
-8.3 7.2 0.386 7e-08 1.9e-07
-8.2 7.2 0.389 7.25e-08 1.97e-07
-8.1 7.2 0.392 8e-08 2e-07
-8 7.2 0.395 8e-08 2e-07
-7.9 7.2 0.398 8e-08 2e-07
-7.8 7.2 0.401 8.25e-08 2.07e-07
-7.7 7.2 0.405 8.25e-08 2.07e-07
-7.6 7.2 0.408 8.5e-08 2.15e-07
-7.5 7.2 0.411 9e-08 2.1e-07
-7.4 7.2 0.414 9.25e-08 2.18e-07
-7.3 7.2 0.417 9.25e-08 2.18e-07
-7.2 7.2 0.42 9.25e-08 2.18e-07
-7.1 7.2 0.423 8.75e-08 2.22e-07
-7 7.2 0.426 9.75e-08 2.32e-07
-6.9 7.2 0.429 9.75e-08 2.32e-07
-6.8 7.2 0.432 1.02e-07 2.27e-07
-6.7 7.2 0.435 1.02e-07 2.27e-07
-6.6 7.2 0.439 9.75e-08 2.32e-07
-6.5 7.2 0.442 9.75e-08 2.32e-07
-6.4 7.2 0.445 1.05e-07 2.35e-07
-6.3 7.2 0.448 9.75e-08 2.32e-07
-6.2 7.2 0.451 1.05e-07 2.35e-07
-6.1 7.2 0.454 1.05e-07 2.35e-07
-6 7.2 0.457 1.05e-07 2.35e-07
-5.9 7.2 0.46 1.05e-07 2.35e-07
-5.8 7.2 0.463 1.05e-07 2.35e-07
-5.7 7.2 0.466 1.05e-07 2.35e-07
-5.6 7.2 0.469 1.05e-07 2.35e-07
-5.5 7.2 0.472 1.1e-07 2.3e-07
-5.4 7.2 0.476 1.05e-07 2.35e-07
-5.3 7.2 0.479 1.1e-07 2.3e-07
-5.2 7.2 0.482 1.02e-07 2.27e-07
-5.1 7.2 0.485 1.1e-07 2.3e-07
-5 7.2 0.488 1.1e-07 2.3e-07
-4.9 7.2 0.491 1.08e-07 2.22e-07
-4.8 7.2 0.494 1.08e-07 2.22e-07
-4.7 7.2 0.497 1.08e-07 2.22e-07
-4.6 7.2 0.5 1.05e-07 2.15e-07
-4.5 7.2 0.503 1.02e-07 2.07e-07
-4.4 7.2 0.506 1.1e-07 2.1e-07
-4.3 7.2 0.509 1.08e-07 2.02e-07
-4.2 7.2 0.512 1.05e-07 1.95e-07
-4.1 7.2 0.514 1.05e-07 1.95e-07
-4 7.2 0.517 1.08e-07 1.93e-07
-3.9 7.2 0.52 1.08e-07 1.82e-07
-3.8 7.2 0.523 1.08e-07 1.82e-07
-3.7 7.2 0.526 1.02e-07 1.68e-07
-3.6 7.2 0.529 1.08e-07 1.63e-07
-3.5 7.2 0.532 1.1e-07 1.5e-07
-3.4 7.2 0.535 2.65e-07 3.45e-07
-3.3 7.2 0.537 2.88e-07 3.93e-07
-3.2 7.2 0.54 2e-07 4.6e-07
-3.1 7.2 0.543 8.45e-07 6.55e-07
-3 7.2 0.546 1.38e-07 2.43e-07
-2.9 7.2 0.549 8.5e-08 1.95e-07
-2.8 7.2 0.551 6.75e-08 1.72e-07
-2.7 7.2 0.554 6e-08 1.6e-07
-2.6 7.2 0.557 5.25e-08 1.47e-07
-2.5 7.2 0.559 4.75e-08 1.43e-07
-2.4 7.2 0.562 4.5e-08 1.35e-07
-2.3 7.2 0.565 1.05e-07 2.35e-07
-2.2 7.2 0.567 9.25e-08 2.07e-07
-2.1 7.2 0.57 8e-08 1.8e-07
-2 7.2 0.573 7e-08 1.5e-07
-1.9 7.2 0.575 5.75e-08 1.22e-07
-1.8 7.2 0.578 6.25e-08 8.75e-08
-1.7 7.2 0.58 4.75e-08 6.25e-08
-1.6 7.2 0.583 3e-08 4e-08
-1.5 7.2 0.585 1.75e-08 2.25e-08
-1.4 7.2 0.588 2.5e-09 7.5e-09
-1.3 7.2 0.59 1.75e-08 3.25e-08
-1.2 7.2 0.593 1.5e-08 2.5e-08
-1.1 7.2 0.595 1.25e-08 1.75e-08
-1 7.2 0.597 2.5e-09 7.5e-09
-0.9 7.2 0.6 7.5e-09 2.5e-09
-0.8 7.2 0.602 1.5e-08 1.5e-08
-0.7 7.2 0.604 1.75e-08 1.25e-08
-0.6 7.2 0.607 2.25e-08 7.5e-09
-0.5 7.2 0.609 3e-08 1e-08
-0.4 7.2 0.611 4e-08 2e-08
-0.3 7.2 0.613 5.25e-08 1.75e-08
-0.2 7.2 0.615 6e-08 2e-08
-0.1 7.2 0.618 6.75e-08 2.25e-08
5.33e-15 7.2 0.62 7.75e-08 3.25e-08
0.1 7.2 0.622 9e-08 3e-08
0.2 7.2 0.624 9.25e-08 4.75e-08
0.3 7.2 0.626 1.08e-07 4.25e-08
0.4 7.2 0.628 1.15e-07 4.5e-08
0.5 7.2 0.63 1.22e-07 4.75e-08
0.6 7.2 0.632 1.38e-07 5.25e-08
0.7 7.2 0.634 1.38e-07 5.25e-08
0.8 7.2 0.635 1.47e-07 6.25e-08
0.9 7.2 0.637 1.55e-07 6.5e-08
1 7.2 0.639 1.7e-07 7e-08
1.1 7.2 0.641 1.77e-07 7.25e-08
1.2 7.2 0.643 1.93e-07 7.75e-08
1.3 7.2 0.644 2e-07 8e-08
1.4 7.2 0.646 2.07e-07 8.25e-08
1.5 7.2 0.648 2.07e-07 8.25e-08
1.6 7.2 0.649 2.22e-07 8.75e-08
1.7 7.2 0.651 2.25e-07 9.5e-08
1.8 7.2 0.652 2.4e-07 1e-07
1.9 7.2 0.654 2.45e-07 9.5e-08
2 7.2 0.655 2.55e-07 1.05e-07
2.1 7.2 0.657 2.62e-07 1.08e-07
2.2 7.2 0.658 2.65e-07 1.15e-07
2.3 7.2 0.66 2.72e-07 1.17e-07
2.4 7.2 0.661 2.8e-07 1.2e-07
2.5 7.2 0.662 2.93e-07 1.17e-07
2.6 7.2 0.664 2.95e-07 1.25e-07
2.7 7.2 0.665 3.03e-07 1.27e-07
2.8 7.2 0.666 3.1e-07 1.3e-07
2.9 7.2 0.667 3.17e-07 1.33e-07
3 7.2 0.668 3.25e-07 1.35e-07
3.1 7.2 0.669 3.27e-07 1.43e-07
3.2 7.2 0.671 3.4e-07 1.4e-07
3.3 7.2 0.672 3.48e-07 1.43e-07
3.4 7.2 0.673 3.48e-07 1.43e-07
3.5 7.2 0.674 3.55e-07 1.45e-07
3.6 7.2 0.674 3.63e-07 1.47e-07
3.7 7.2 0.675 3.65e-07 1.55e-07
3.8 7.2 0.676 3.72e-07 1.58e-07
3.9 7.2 0.677 3.72e-07 1.58e-07
4 7.2 0.678 3.8e-07 1.6e-07
4.1 7.2 0.679 3.8e-07 1.6e-07
4.2 7.2 0.679 3.87e-07 1.63e-07
4.3 7.2 0.68 3.95e-07 1.65e-07
4.4 7.2 0.681 3.95e-07 1.65e-07
4.5 7.2 0.681 4.03e-07 1.68e-07
4.6 7.2 0.682 4.05e-07 1.75e-07
4.7 7.2 0.682 4.05e-07 1.75e-07
4.8 7.2 0.683 4.05e-07 1.75e-07
4.9 7.2 0.683 4.13e-07 1.77e-07
5 7.2 0.683 4.13e-07 1.77e-07
5.1 7.2 0.684 4.2e-07 1.8e-07
5.2 7.2 0.684 4.18e-07 1.72e-07
5.3 7.2 0.684 4.25e-07 1.75e-07
5.4 7.2 0.685 4.2e-07 1.8e-07
5.5 7.2 0.685 4.2e-07 1.8e-07
5.6 7.2 0.685 4.27e-07 1.82e-07
5.7 7.2 0.685 4.27e-07 1.82e-07
5.8 7.2 0.685 4.2e-07 1.8e-07
5.9 7.2 0.685 4.27e-07 1.82e-07
6 7.2 0.685 4.27e-07 1.82e-07
6.1 7.2 0.685 4.27e-07 1.82e-07
6.2 7.2 0.685 4.2e-07 1.8e-07
6.3 7.2 0.685 4.27e-07 1.82e-07
6.4 7.2 0.685 4.27e-07 1.82e-07
6.5 7.2 0.685 4.2e-07 1.8e-07
6.6 7.2 0.685 4.2e-07 1.8e-07
6.7 7.2 0.684 4.25e-07 1.75e-07
6.8 7.2 0.684 4.18e-07 1.72e-07
6.9 7.2 0.684 4.2e-07 1.8e-07
7 7.2 0.683 4.13e-07 1.77e-07
7.1 7.2 0.683 4.13e-07 1.77e-07
7.2 7.2 0.683 4.05e-07 1.75e-07
7.3 7.2 0.682 4.05e-07 1.75e-07
7.4 7.2 0.682 4.05e-07 1.75e-07
7.5 7.2 0.681 4.03e-07 1.68e-07
7.6 7.2 0.681 3.95e-07 1.65e-07
7.7 7.2 0.68 3.95e-07 1.65e-07
7.8 7.2 0.679 3.87e-07 1.63e-07
7.9 7.2 0.679 3.8e-07 1.6e-07
8 7.2 0.678 3.8e-07 1.6e-07
8.1 7.2 0.677 3.72e-07 1.58e-07
8.2 7.2 0.676 3.72e-07 1.58e-07
8.3 7.2 0.675 3.65e-07 1.55e-07
8.4 7.2 0.674 3.63e-07 1.47e-07
8.5 7.2 0.674 3.55e-07 1.45e-07
8.6 7.2 0.673 3.48e-07 1.43e-07
8.7 7.2 0.672 3.48e-07 1.43e-07
8.8 7.2 0.671 3.4e-07 1.4e-07
8.9 7.2 0.669 3.27e-07 1.43e-07
9 7.2 0.668 3.25e-07 1.35e-07
9.1 7.2 0.667 3.17e-07 1.33e-07
9.2 7.2 0.666 3.1e-07 1.3e-07
9.3 7.2 0.665 3.03e-07 1.27e-07
9.4 7.2 0.664 2.95e-07 1.25e-07
9.5 7.2 0.662 2.93e-07 1.17e-07
9.6 7.2 0.661 2.8e-07 1.2e-07
9.7 7.2 0.66 2.72e-07 1.17e-07
9.8 7.2 0.658 2.65e-07 1.15e-07
9.9 7.2 0.657 2.62e-07 1.08e-07
10 7.2 0.655 2.55e-07 1.05e-07
10.1 7.2 0.654 2.45e-07 9.5e-08
10.2 7.2 0.652 2.4e-07 1e-07
10.3 7.2 0.651 2.25e-07 9.5e-08
10.4 7.2 0.649 2.22e-07 8.75e-08
10.5 7.2 0.648 2.07e-07 8.25e-08
10.6 7.2 0.646 2.07e-07 8.25e-08
10.7 7.2 0.644 2e-07 8e-08
10.8 7.2 0.643 1.93e-07 7.75e-08
10.9 7.2 0.641 1.77e-07 7.25e-08
11 7.2 0.639 1.7e-07 7e-08
11.1 7.2 0.637 1.55e-07 6.5e-08
11.2 7.2 0.635 1.47e-07 6.25e-08
11.3 7.2 0.634 1.38e-07 5.25e-08
11.4 7.2 0.632 1.38e-07 5.25e-08
11.5 7.2 0.63 1.22e-07 4.75e-08
11.6 7.2 0.628 1.15e-07 4.5e-08
11.7 7.2 0.626 1.08e-07 4.25e-08
11.8 7.2 0.624 9.25e-08 4.75e-08
11.9 7.2 0.622 9e-08 3e-08
12 7.2 0.62 7.75e-08 3.25e-08
12.1 7.2 0.618 6.75e-08 2.25e-08
12.2 7.2 0.615 6e-08 2e-08
12.3 7.2 0.613 5.25e-08 1.75e-08
12.4 7.2 0.611 4e-08 2e-08
12.5 7.2 0.609 3e-08 1e-08
12.6 7.2 0.607 2.25e-08 7.5e-09
12.7 7.2 0.604 1.75e-08 1.25e-08
12.8 7.2 0.602 1.5e-08 1.5e-08
12.9 7.2 0.6 7.5e-09 2.5e-09
13 7.2 0.597 2.5e-09 7.5e-09
13.1 7.2 0.595 1.25e-08 1.75e-08
13.2 7.2 0.593 1.5e-08 2.5e-08
13.3 7.2 0.59 1.75e-08 3.25e-08
13.4 7.2 0.588 2.5e-09 7.5e-09
13.5 7.2 0.585 1.75e-08 2.25e-08
13.6 7.2 0.583 3e-08 4e-08
13.7 7.2 0.58 4.75e-08 6.25e-08
13.8 7.2 0.578 6.25e-08 8.75e-08
13.9 7.2 0.575 5.75e-08 1.22e-07
14 7.2 0.573 7e-08 1.5e-07
14.1 7.2 0.57 8e-08 1.8e-07
14.2 7.2 0.567 9.25e-08 2.07e-07
14.3 7.2 0.565 1.05e-07 2.35e-07
14.4 7.2 0.562 4.5e-08 1.35e-07
14.5 7.2 0.559 4.75e-08 1.43e-07
14.6 7.2 0.557 5.25e-08 1.47e-07
14.7 7.2 0.554 6e-08 1.6e-07
14.8 7.2 0.551 6.75e-08 1.72e-07
14.9 7.2 0.549 8.5e-08 1.95e-07
15 7.2 0.546 1.38e-07 2.43e-07
15.1 7.2 0.543 8.45e-07 6.55e-07
15.2 7.2 0.54 2e-07 4.6e-07
15.3 7.2 0.537 2.88e-07 3.93e-07
15.4 7.2 0.535 2.65e-07 3.45e-07
15.5 7.2 0.532 1.1e-07 1.5e-07
15.6 7.2 0.529 1.08e-07 1.63e-07
15.7 7.2 0.526 1.02e-07 1.68e-07
15.8 7.2 0.523 1.08e-07 1.82e-07
15.9 7.2 0.52 1.08e-07 1.82e-07
16 7.2 0.517 1.08e-07 1.93e-07
16.1 7.2 0.514 1.05e-07 1.95e-07
16.2 7.2 0.512 1.05e-07 1.95e-07
16.3 7.2 0.509 1.08e-07 2.02e-07
16.4 7.2 0.506 1.1e-07 2.1e-07
16.5 7.2 0.503 1.02e-07 2.07e-07
16.6 7.2 0.5 1.05e-07 2.15e-07
16.7 7.2 0.497 1.08e-07 2.22e-07
16.8 7.2 0.494 1.08e-07 2.22e-07
16.9 7.2 0.491 1.08e-07 2.22e-07
17 7.2 0.488 1.1e-07 2.3e-07
17.1 7.2 0.485 1.1e-07 2.3e-07
17.2 7.2 0.482 1.02e-07 2.27e-07
17.3 7.2 0.479 1.1e-07 2.3e-07
17.4 7.2 0.476 1.05e-07 2.35e-07
17.5 7.2 0.472 1.1e-07 2.3e-07
17.6 7.2 0.469 1.05e-07 2.35e-07
17.7 7.2 0.466 1.05e-07 2.35e-07
17.8 7.2 0.463 1.05e-07 2.35e-07
17.9 7.2 0.46 1.05e-07 2.35e-07
18 7.2 0.457 1.05e-07 2.35e-07
18.1 7.2 0.454 1.05e-07 2.35e-07
18.2 7.2 0.451 1.05e-07 2.35e-07
18.3 7.2 0.448 9.75e-08 2.32e-07
18.4 7.2 0.445 1.05e-07 2.35e-07
18.5 7.2 0.442 9.75e-08 2.32e-07
18.6 7.2 0.439 9.75e-08 2.32e-07
18.7 7.2 0.435 1.02e-07 2.27e-07
18.8 7.2 0.432 1.02e-07 2.27e-07
18.9 7.2 0.429 9.75e-08 2.32e-07
19 7.2 0.426 9.75e-08 2.32e-07
19.1 7.2 0.423 8.75e-08 2.22e-07
19.2 7.2 0.42 9.25e-08 2.18e-07
19.3 7.2 0.417 9.25e-08 2.18e-07
19.4 7.2 0.414 9.25e-08 2.18e-07
19.5 7.2 0.411 9e-08 2.1e-07
19.6 7.2 0.408 8.5e-08 2.15e-07
19.7 7.2 0.405 8.25e-08 2.07e-07
19.8 7.2 0.401 8.25e-08 2.07e-07
19.9 7.2 0.398 8e-08 2e-07
20 7.2 0.395 8e-08 2e-07
20.1 7.2 0.392 8e-08 2e-07
20.2 7.2 0.389 7.25e-08 1.97e-07
20.3 7.2 0.386 7e-08 1.9e-07
20.4 7.2 0.383 7.5e-08 1.85e-07
20.5 7.2 0.38 7.25e-08 1.77e-07
20.6 7.2 0.377 6.5e-08 1.75e-07
20.7 7.2 0.374 6.5e-08 1.75e-07
20.8 7.2 0.371 6.25e-08 1.68e-07
20.9 7.2 0.368 5.75e-08 1.63e-07
21 7.2 0.365 5.5e-08 1.65e-07
21.1 7.2 0.362 5.25e-08 1.58e-07
21.2 7.2 0.359 5.75e-08 1.52e-07
21.3 7.2 0.356 5e-08 1.5e-07
21.4 7.2 0.353 4.75e-08 1.43e-07
21.5 7.2 0.35 5.25e-08 1.38e-07
21.6 7.2 0.347 5e-08 1.3e-07
21.7 7.2 0.344 4.25e-08 1.27e-07
21.8 7.2 0.341 4.25e-08 1.27e-07
21.9 7.2 0.338 4e-08 1.2e-07
22 7.2 0.335 4e-08 1.2e-07
22.1 7.2 0.332 3.75e-08 1.12e-07
22.2 7.2 0.329 3.5e-08 1.05e-07
22.3 7.2 0.326 4.25e-08 1.08e-07
22.4 7.2 0.323 4.75e-08 1.02e-07
22.5 7.2 0.32 8e-08 1.1e-07
22.6 7.2 0.318 3.75e-08 7.25e-08
22.7 7.2 0.315 3.25e-08 7.75e-08
22.8 7.2 0.312 2.75e-08 7.25e-08
22.9 7.2 0.309 3e-08 7e-08
23 7.2 0.306 2.25e-08 6.75e-08
23.1 7.2 0.303 2.75e-08 6.25e-08
23.2 7.2 0.301 2e-08 6e-08
23.3 7.2 0.298 2.5e-08 5.5e-08
23.4 7.2 0.295 2.25e-08 4.75e-08
23.5 7.2 0.292 2.25e-08 4.75e-08
23.6 7.2 0.289 2.25e-08 3.75e-08
23.7 7.2 0.287 2.25e-08 3.75e-08
23.8 7.2 0.284 1.75e-08 3.25e-08
23.9 7.2 0.281 2e-08 3e-08
24 7.2 0.279 2.25e-08 2.75e-08
24.1 7.2 0.276 6.25e-08 3.75e-08
24.2 7.2 0.273 1.5e-08 1.5e-08
24.3 7.2 0.271 1e-08 1e-08
24.4 7.2 0.268 7.5e-09 2.5e-09
24.5 7.2 0.265 0 0
24.6 7.2 0.263 0 0
24.7 7.2 0.26 5e-09 5e-09
24.8 7.2 0.258 1.5e-08 5e-09
24.9 7.2 0.255 3.25e-08 1.75e-08
25 7.2 0.252 4.25e-08 1.75e-08
25.1 7.2 0.25 2e-08 1e-08
25.2 7.2 0.247 2.75e-08 1.25e-08
25.3 7.2 0.245 3e-08 1e-08
25.4 7.2 0.242 3.25e-08 1.75e-08
25.5 7.2 0.24 3.25e-08 1.75e-08
25.6 7.2 0.237 4e-08 2e-08
25.7 7.2 0.235 4.5e-08 1.5e-08
25.8 7.2 0.233 4.5e-08 1.5e-08
25.9 7.2 0.23 4.75e-08 2.25e-08
26 7.2 0.228 5.25e-08 1.75e-08
26.1 7.2 0.225 5.5e-08 2.5e-08
26.2 7.2 0.223 5.5e-08 2.5e-08
26.3 7.2 0.221 6e-08 2e-08
26.4 7.2 0.218 6e-08 2e-08
26.5 7.2 0.216 6e-08 2e-08
26.6 7.2 0.214 6.75e-08 2.25e-08
26.7 7.2 0.212 6.75e-08 2.25e-08
26.8 7.2 0.209 6.75e-08 2.25e-08
26.9 7.2 0.207 7.5e-08 2.5e-08
27 7.2 0.205 7.5e-08 2.5e-08
27.1 7.2 0.203 7.5e-08 2.5e-08
27.2 7.2 0.201 7.5e-08 2.5e-08
27.3 7.2 0.198 7.5e-08 2.5e-08
27.4 7.2 0.196 7.5e-08 2.5e-08
27.5 7.2 0.194 8.25e-08 2.75e-08
27.6 7.2 0.192 8e-08 3e-08
27.7 7.2 0.19 8.25e-08 2.75e-08
27.8 7.2 0.188 8.25e-08 2.75e-08
27.9 7.2 0.186 9e-08 3e-08
28 7.2 0.184 8.75e-08 3.25e-08
28.1 7.2 0.182 8.75e-08 3.25e-08
28.2 7.2 0.18 8.75e-08 3.25e-08
28.3 7.2 0.178 9.25e-08 3.75e-08
28.4 7.2 0.176 1e-07 4e-08
28.5 7.2 0.174 9.5e-08 4.5e-08
28.6 7.2 0.172 9.75e-08 4.25e-08
28.7 7.2 0.17 1.05e-07 4.5e-08
28.8 7.2 0.168 1.15e-07 5.5e-08
28.9 7.2 0.166 1.25e-07 7.5e-08
29 7.2 0.164 1.82e-07 1.58e-07
29.1 7.2 0.162 1.24e-06 2.82e-06
29.2 7.2 0.16 7.25e-08 1.08e-07
29.3 7.2 0.159 2.07e-07 8.25e-08
29.4 7.2 0.157 3.5e-07 1.7e-07
29.5 7.2 0.155 3.27e-07 1.63e-07
29.6 7.2 0.153 2.6e-07 1.9e-07
29.7 7.2 0.151 2.27e-07 1.72e-07
29.8 7.2 0.15 2.02e-07 1.58e-07
29.9 7.2 0.148 1.72e-07 1.38e-07
30 7.2 0.146 1.47e-07 1.22e-07
30.1 7.2 0.144 7.75e-08 3.25e-08
30.2 7.2 0.143 8e-08 4e-08
30.3 7.2 0.141 7.25e-08 3.75e-08
30.4 7.2 0.139 8e-08 4e-08
30.5 7.2 0.138 7.75e-08 3.25e-08
30.6 7.2 0.136 7.75e-08 3.25e-08
30.7 7.2 0.135 7.75e-08 3.25e-08
30.8 7.2 0.133 7e-08 3e-08
30.9 7.2 0.131 7.25e-08 2.75e-08
31 7.2 0.13 7.75e-08 3.25e-08
31.1 7.2 0.128 7.75e-08 3.25e-08
31.2 7.2 0.127 7e-08 3e-08
31.3 7.2 0.125 7.5e-08 2.5e-08
31.4 7.2 0.124 7e-08 3e-08
31.5 7.2 0.122 7e-08 3e-08
31.6 7.2 0.121 6.75e-08 2.25e-08
31.7 7.2 0.119 6.75e-08 2.25e-08
31.8 7.2 0.118 7e-08 3e-08
31.9 7.2 0.117 7e-08 3e-08
32 7.2 0.115 6.75e-08 2.25e-08
32.1 7.2 0.114 6.75e-08 2.25e-08
32.2 7.2 0.112 6.25e-08 2.75e-08
32.3 7.2 0.111 6.75e-08 2.25e-08
32.4 7.2 0.11 6e-08 2e-08
32.5 7.2 0.108 6.25e-08 2.75e-08
32.6 7.2 0.107 6e-08 2e-08
32.7 7.2 0.106 5.75e-08 2.25e-08
32.8 7.2 0.104 6e-08 2e-08
32.9 7.2 0.103 5.5e-08 2.5e-08
33 7.2 0.102 5.25e-08 1.75e-08
33.1 7.2 0.101 5.5e-08 2.5e-08
33.2 7.2 0.0994 5.5e-08 1.9e-08
33.3 7.2 0.0982 5.32e-08 1.78e-08
33.4 7.2 0.097 5.2e-08 1.8e-08
33.5 7.2 0.0958 5.12e-08 1.78e-08
33.6 7.2 0.0946 5.03e-08 1.68e-08
33.7 7.2 0.0934 4.88e-08 1.62e-08
33.8 7.2 0.0923 4.73e-08 1.57e-08
33.9 7.2 0.0911 4.67e-08 1.62e-08
34 7.2 0.09 4.58e-08 1.53e-08
34.1 7.2 0.0889 4.43e-08 1.47e-08
34.2 7.2 0.0878 4.35e-08 1.45e-08
34.3 7.2 0.0867 4.2e-08 1.4e-08
34.4 7.2 0.0856 4.1e-08 1.4e-08
34.5 7.2 0.0845 4.07e-08 1.43e-08
34.6 7.2 0.0834 3.9e-08 1.3e-08
34.7 7.2 0.0824 3.8e-08 1.3e-08
34.8 7.2 0.0814 3.72e-08 1.28e-08
34.9 7.2 0.0803 3.65e-08 1.25e-08
35 7.2 0.0793 3.5e-08 1.2e-08
35.1 7.2 0.0783 3.42e-08 1.17e-08
35.2 7.2 0.0773 3.35e-08 1.15e-08
35.3 7.2 0.0764 3.23e-08 1.17e-08
35.4 7.2 0.0754 3.12e-08 1.08e-08
35.5 7.2 0.0744 3.05e-08 1.05e-08
35.6 7.2 0.0735 2.93e-08 1.08e-08
35.7 7.2 0.0726 2.83e-08 9.75e-09
35.8 7.2 0.0716 2.75e-08 9.5e-09
35.9 7.2 0.0707 2.65e-08 9.5e-09
36 7.2 0.0698 2.57e-08 9.25e-09
36.1 7.2 0.0689 2.5e-08 9e-09
36.2 7.2 0.0681 2.42e-08 8.75e-09
36.3 7.2 0.0672 2.32e-08 8.75e-09
36.4 7.2 0.0663 2.2e-08 8e-09
36.5 7.2 0.0655 2.17e-08 8.25e-09
36.6 7.2 0.0646 2.05e-08 7.5e-09
36.7 7.2 0.0638 1.95e-08 7.5e-09
36.8 7.2 0.063 1.9e-08 7e-09
36.9 7.2 0.0622 1.85e-08 6.5e-09
37 7.2 0.0614 1.75e-08 6.5e-09
37.1 7.2 0.0606 1.68e-08 6.25e-09
37.2 7.2 0.0598 1.62e-08 5.75e-09
37.3 7.2 0.059 1.53e-08 5.75e-09
37.4 7.2 0.0583 1.5e-08 6e-09
37.5 7.2 0.0575 1.4e-08 5e-09
37.6 7.2 0.0568 1.3e-08 5e-09
37.7 7.2 0.056 1.23e-08 4.75e-09
37.8 7.2 0.0553 1.15e-08 4.5e-09
37.9 7.2 0.0546 1.08e-08 4.25e-09
38 7.2 0.0539 1.03e-08 3.75e-09
38.1 7.2 0.0532 9.75e-09 4.25e-09
38.2 7.2 0.0525 8.75e-09 3.25e-09
38.3 7.2 0.0518 8.25e-09 3.75e-09
38.4 7.2 0.0511 8.25e-09 3.75e-09
38.5 7.2 0.0505 7.75e-09 3.25e-09
38.6 7.2 0.0498 6.5e-09 2.5e-09
38.7 7.2 0.0492 6.5e-09 2.5e-09
38.8 7.2 0.0485 5.5e-09 2.5e-09
38.9 7.2 0.0479 5.25e-09 2.75e-09
39 7.2 0.0473 5.25e-09 2.75e-09
39.1 7.2 0.0466 4.25e-09 2.75e-09
39.2 7.2 0.046 3.75e-09 2.25e-09
39.3 7.2 0.0454 3.25e-09 2.75e-09
39.4 7.2 0.0448 2.5e-09 2.5e-09
39.5 7.2 0.0442 3.75e-09 4.25e-09
39.6 7.2 0.0437 8.5e-09 4.5e-09
39.7 7.2 0.0431 7.5e-10 1.25e-09
39.8 7.2 0.0425 2.5e-10 7.5e-10
39.9 7.2 0.042 2.5e-10 7.5e-10
40 7.2 0.0414 1e-09 1e-09
40.1 7.2 0.0409 5e-10 5e-10
40.2 7.2 0.0403 5e-10 5e-10
40.3 7.2 0.0398 2.5e-10 7.5e-10
40.4 7.2 0.0393 7.5e-10 1.25e-09
40.5 7.2 0.0387 1.25e-09 1.75e-09
40.6 7.2 0.0382 7.5e-10 2.25e-09
40.7 7.2 0.0377 7.5e-10 2.5e-10
40.8 7.2 0.0372 2.5e-10 7.5e-10
40.9 7.2 0.0367 1.25e-09 7.5e-10
41 7.2 0.0362 1.75e-09 1.25e-09
41.1 7.2 0.0358 1.75e-09 2.25e-09
41.2 7.2 0.0353 2e-09 3e-09
41.3 7.2 0.0348 2.5e-09 3.5e-09
41.4 7.2 0.0344 3e-09 4e-09
41.5 7.2 0.0339 3.25e-09 4.75e-09
41.6 7.2 0.0335 3.5e-09 5.5e-09
41.7 7.2 0.033 3.25e-09 6.75e-09
41.8 7.2 0.0326 3.75e-09 7.25e-09
41.9 7.2 0.0321 3.75e-09 8.25e-09
42 7.2 0.0317 4.25e-09 8.75e-09
42.1 7.2 0.0313 4.75e-09 9.25e-09
42.2 7.2 0.0309 4.25e-09 9.75e-09
42.3 7.2 0.0305 4.75e-09 1.03e-08
42.4 7.2 0.0301 4.75e-09 1.03e-08
42.5 7.2 0.0297 5e-09 1.1e-08
42.6 7.2 0.0293 5.25e-09 1.17e-08
42.7 7.2 0.0289 5.5e-09 1.25e-08
42.8 7.2 0.0285 5.5e-09 1.25e-08
42.9 7.2 0.0281 5.5e-09 1.25e-08
43 7.2 0.0277 5.75e-09 1.32e-08
43.1 7.2 0.0274 2.5e-09 7.5e-09
43.2 7.2 0.027 2.5e-09 7.5e-09
43.3 7.2 0.0266 3e-09 7e-09
43.4 7.2 0.0263 3e-09 7e-09
43.5 7.2 0.0259 2.5e-09 7.5e-09
43.6 7.2 0.0256 2.5e-09 7.5e-09
43.7 7.2 0.0252 2.5e-09 7.5e-09
43.8 7.2 0.0249 3.25e-09 7.75e-09
43.9 7.2 0.0246 3e-09 8e-09
44 7.2 0.0242 3.25e-09 7.75e-09
44.1 7.2 0.0239 2.75e-09 8.25e-09
44.2 7.2 0.0236 2.75e-09 8.25e-09
44.3 7.2 0.0233 2.75e-09 8.25e-09
44.4 7.2 0.0229 2.75e-09 8.25e-09
44.5 7.2 0.0226 2.75e-09 8.25e-09
44.6 7.2 0.0223 2.75e-09 8.25e-09
44.7 7.2 0.022 2.75e-09 8.25e-09
44.8 7.2 0.0217 3.25e-09 8.75e-09
44.9 7.2 0.0214 2.75e-09 8.25e-09
45 7.2 0.0212 3.25e-09 8.75e-09
45.1 7.2 0.0209 2.75e-09 8.25e-09
45.2 7.2 0.0206 2.75e-09 8.25e-09
45.3 7.2 0.0203 2.75e-09 8.25e-09
45.4 7.2 0.02 2.75e-09 8.25e-09
45.5 7.2 0.0198 2.75e-09 8.25e-09
45.6 7.2 0.0195 2.75e-09 8.25e-09
45.7 7.2 0.0192 3.25e-09 8.75e-09
45.8 7.2 0.019 2.75e-09 8.25e-09
45.9 7.2 0.0187 2.75e-09 8.25e-09
46 7.2 0.0185 3e-09 9e-09
46.1 7.2 0.0182 2.75e-09 8.25e-09
46.2 7.2 0.018 3e-09 9e-09
46.3 7.2 0.0177 2.75e-09 8.25e-09
46.4 7.2 0.0175 3e-09 9e-09
46.5 7.2 0.0173 3e-09 9e-09
46.6 7.2 0.017 2.75e-09 8.25e-09
46.7 7.2 0.0168 2.75e-09 8.25e-09
46.8 7.2 0.0166 3.25e-09 8.75e-09
46.9 7.2 0.0163 2.75e-09 8.25e-09
47 7.2 0.0161 3e-09 9e-09
47.1 7.2 0.0159 2.75e-09 8.25e-09
47.2 7.2 0.0157 2.75e-09 8.25e-09
47.3 7.2 0.0155 2.75e-09 8.25e-09
47.4 7.2 0.0153 2.75e-09 8.25e-09
47.5 7.2 0.015 2.75e-09 8.25e-09
47.6 7.2 0.0148 2.75e-09 8.25e-09
47.7 7.2 0.0146 2.75e-09 8.25e-09
47.8 7.2 0.0144 2.75e-09 8.25e-09
47.9 7.2 0.0142 2.5e-09 7.5e-09
48 7.2 0.0141 2.5e-09 7.5e-09
48.1 7.2 0.0139 2.5e-09 7.5e-09
48.2 7.2 0.0137 2.75e-09 8.25e-09
48.3 7.2 0.0135 2.75e-09 8.25e-09
48.4 7.2 0.0133 2.75e-09 8.25e-09
48.5 7.2 0.0131 2.5e-09 7.5e-09
48.6 7.2 0.0129 2.5e-09 7.5e-09
48.7 7.2 0.0128 2.5e-09 7.5e-09
48.8 7.2 0.0126 3e-09 8e-09
48.9 7.2 0.0124 2.5e-09 7.5e-09
49 7.2 0.0123 2.75e-09 8.25e-09
49.1 7.2 0.0121 2.5e-09 7.5e-09
49.2 7.2 0.0119 2.5e-09 7.5e-09
49.3 7.2 0.0118 2.25e-09 6.75e-09
49.4 7.2 0.0116 2.5e-09 7.5e-09
49.5 7.2 0.0114 2.5e-09 7.5e-09
49.6 7.2 0.0113 2.5e-09 7.5e-09
49.7 7.2 0.0111 2.5e-09 7.5e-09
49.8 7.2 0.011 2.75e-09 7.25e-09
49.9 7.2 0.0108 2.25e-09 6.75e-09
50 7.2 0.0107 2.25e-09 6.75e-09
50.1 7.2 0.0105 2.25e-09 6.75e-09
50.2 7.2 0.0104 2.25e-09 6.75e-09
50.3 7.2 0.0103 2.25e-09 6.75e-09
50.4 7.2 0.0101 2.25e-09 6.75e-09
50.5 7.2 0.00998 2.3e-09 6.8e-09
50.6 7.2 0.00984 2.28e-09 6.72e-09
50.7 7.2 0.00971 2.23e-09 6.68e-09
50.8 7.2 0.00957 2.23e-09 6.58e-09
50.9 7.2 0.00944 2.25e-09 6.55e-09
51 7.2 0.00931 2.2e-09 6.5e-09
51.1 7.2 0.00919 2.18e-09 6.42e-09
51.2 7.2 0.00906 2.15e-09 6.35e-09
51.3 7.2 0.00894 2.15e-09 6.35e-09
51.4 7.2 0.00882 2.18e-09 6.33e-09
51.5 7.2 0.0087 2.1e-09 6.2e-09
51.6 7.2 0.00858 2.1e-09 6.2e-09
51.7 7.2 0.00846 2.07e-09 6.13e-09
51.8 7.2 0.00834 2.07e-09 6.13e-09
51.9 7.2 0.00823 2.02e-09 5.97e-09
52 7.2 0.00812 2.02e-09 5.97e-09
52.1 7.2 0.00801 2.02e-09 5.87e-09
52.2 7.2 0.0079 1.97e-09 5.83e-09
52.3 7.2 0.00779 1.95e-09 5.75e-09
52.4 7.2 0.00768 1.92e-09 5.68e-09
52.5 7.2 0.00758 1.92e-09 5.68e-09
52.6 7.2 0.00747 1.9e-09 5.6e-09
52.7 7.2 0.00737 1.87e-09 5.52e-09
52.8 7.2 0.00727 1.9e-09 5.5e-09
52.9 7.2 0.00717 1.85e-09 5.45e-09
53 7.2 0.00707 1.83e-09 5.38e-09
53.1 7.2 0.00698 1.87e-09 5.32e-09
53.2 7.2 0.00688 1.77e-09 5.22e-09
53.3 7.2 0.00679 1.77e-09 5.22e-09
53.4 7.2 0.00669 1.75e-09 5.15e-09
53.5 7.2 0.0066 1.8e-09 5.1e-09
53.6 7.2 0.00651 1.8e-09 5.1e-09
53.7 7.2 0.00642 1.7e-09 5e-09
53.8 7.2 0.00633 1.67e-09 4.93e-09
53.9 7.2 0.00625 1.65e-09 4.85e-09
54 7.2 0.00616 1.65e-09 4.85e-09
54.1 7.2 0.00608 1.65e-09 4.75e-09
54.2 7.2 0.00599 1.6e-09 4.7e-09
54.3 7.2 0.00591 1.58e-09 4.63e-09
54.4 7.2 0.00583 1.58e-09 4.63e-09
54.5 7.2 0.00575 1.6e-09 4.6e-09
54.6 7.2 0.00567 1.58e-09 4.52e-09
54.7 7.2 0.00559 1.55e-09 4.45e-09
54.8 7.2 0.00552 1.53e-09 4.38e-09
54.9 7.2 0.00544 1.5e-09 4.4e-09
55 7.2 0.00537 1.47e-09 4.32e-09
55.1 7.2 0.00529 1.5e-09 4.3e-09
55.2 7.2 0.00522 1.47e-09 4.22e-09
55.3 7.2 0.00515 1.45e-09 4.15e-09
55.4 7.2 0.00508 1.47e-09 4.12e-09
55.5 7.2 0.00501 1.58e-09 3.93e-09
55.6 7.2 0.00494 2.3e-09 4.4e-09
55.7 7.2 0.00487 1.6e-09 4.1e-09
55.8 7.2 0.00481 1.5e-09 4e-09
55.9 7.2 0.00474 1.5e-09 4e-09
56 7.2 0.00468 1.35e-09 3.95e-09
56.1 7.2 0.00461 1.37e-09 3.83e-09
56.2 7.2 0.00455 1.3e-09 3.8e-09
56.3 7.2 0.00449 1.3e-09 3.8e-09
56.4 7.2 0.00442 1.33e-09 3.67e-09
56.5 7.2 0.00436 1.33e-09 3.67e-09
56.6 7.2 0.0043 1.25e-09 3.65e-09
56.7 7.2 0.00424 1.23e-09 3.58e-09
56.8 7.2 0.00419 1.2e-09 3.5e-09
56.9 7.2 0.00413 1.2e-09 3.5e-09
57 7.2 0.00407 1.2e-09 3.5e-09
57.1 7.2 0.00402 1.17e-09 3.43e-09
57.2 7.2 0.00396 1.15e-09 3.35e-09
57.3 7.2 0.00391 1.15e-09 3.35e-09
57.4 7.2 0.00385 1.12e-09 3.27e-09
57.5 7.2 0.0038 1.12e-09 3.27e-09
57.6 7.2 0.00375 1.1e-09 3.2e-09
57.7 7.2 0.0037 1.1e-09 3.2e-09
57.8 7.2 0.00365 1.05e-09 3.15e-09
57.9 7.2 0.0036 1.07e-09 3.12e-09
58 7.2 0.00355 1.05e-09 3.05e-09
58.1 7.2 0.0035 1.05e-09 3.05e-09
58.2 7.2 0.00345 1.03e-09 2.98e-09
58.3 7.2 0.0034 1.03e-09 2.98e-09
58.4 7.2 0.00335 1.03e-09 2.98e-09
58.5 7.2 0.00331 9.5e-10 2.85e-09
58.6 7.2 0.00326 1e-09 2.9e-09
58.7 7.2 0.00322 9.75e-10 2.83e-09
58.8 7.2 0.00317 9.75e-10 2.83e-09
58.9 7.2 0.00313 9.5e-10 2.75e-09
59 7.2 0.00309 9.5e-10 2.75e-09
59.1 7.2 0.00304 9.25e-10 2.67e-09
59.2 7.2 0.003 9.5e-10 2.65e-09
59.3 7.2 0.00296 9.5e-10 2.65e-09
59.4 7.2 0.00292 9e-10 2.6e-09
59.5 7.2 0.00288 8.75e-10 2.52e-09
59.6 7.2 0.00284 8.75e-10 2.52e-09
59.7 7.2 0.0028 8.25e-10 2.47e-09
59.8 7.2 0.00276 8.5e-10 2.45e-09
59.9 7.2 0.00273 8e-10 2.4e-09
60 7.2 0.00269 8.5e-10 2.45e-09
60.1 7.2 0.00265 8.25e-10 2.38e-09
60.2 7.2 0.00261 7.75e-10 2.33e-09
60.3 7.2 0.00258 8e-10 2.3e-09
60.4 7.2 0.00254 7.5e-10 2.25e-09
60.5 7.2 0.00251 7.75e-10 2.23e-09
60.6 7.2 0.00247 7.75e-10 2.23e-09
60.7 7.2 0.00244 7.25e-10 2.18e-09
60.8 7.2 0.00241 7.5e-10 2.15e-09
60.9 7.2 0.00237 7.5e-10 2.15e-09
61 7.2 0.00234 7e-10 2.1e-09
61.1 7.2 0.00231 7.25e-10 2.07e-09
61.2 7.2 0.00228 7.25e-10 2.07e-09
61.3 7.2 0.00225 7e-10 2e-09
61.4 7.2 0.00221 6.75e-10 2.02e-09
61.5 7.2 0.00218 6.5e-10 1.95e-09
61.6 7.2 0.00215 6.75e-10 1.92e-09
61.7 7.2 0.00212 6.5e-10 1.95e-09
61.8 7.2 0.00209 6.75e-10 1.92e-09
61.9 7.2 0.00207 6.5e-10 1.85e-09
62 7.2 0.00204 6.5e-10 1.85e-09
62.1 7.2 0.00201 6e-10 1.8e-09
62.2 7.2 0.00198 6.25e-10 1.77e-09
62.3 7.2 0.00195 6e-10 1.8e-09
62.4 7.2 0.00193 5.75e-10 1.72e-09
62.5 7.2 0.0019 6.25e-10 1.77e-09
62.6 7.2 0.00188 6e-10 1.7e-09
62.7 7.2 0.00185 6e-10 1.7e-09
62.8 7.2 0.00182 6e-10 1.7e-09
62.9 7.2 0.0018 5.5e-10 1.65e-09
63 7.2 0.00177 5.75e-10 1.63e-09
63.1 7.2 0.00175 5.75e-10 1.63e-09
63.2 7.2 0.00173 5.25e-10 1.58e-09
63.3 7.2 0.0017 5.75e-10 1.63e-09
63.4 7.2 0.00168 5.25e-10 1.58e-09
63.5 7.2 0.00166 5.5e-10 1.55e-09
63.6 7.2 0.00163 5.5e-10 1.55e-09
63.7 7.2 0.00161 5.25e-10 1.47e-09
63.8 7.2 0.00159 5e-10 1.5e-09
63.9 7.2 0.00157 4.75e-10 1.42e-09
64 7.2 0.00154 5e-10 1.4e-09
64.1 7.2 0.00152 4.75e-10 1.42e-09
64.2 7.2 0.0015 4.75e-10 1.42e-09
64.3 7.2 0.00148 4.5e-10 1.35e-09
64.4 7.2 0.00146 4.5e-10 1.35e-09
64.5 7.2 0.00144 4.5e-10 1.35e-09
64.6 7.2 0.00142 4.75e-10 1.33e-09
64.7 7.2 0.0014 4.25e-10 1.28e-09
64.8 7.2 0.00138 4.25e-10 1.28e-09
64.9 7.2 0.00136 4.25e-10 1.28e-09
65 7.2 0.00134 4e-10 1.2e-09
65.1 7.2 0.00133 4e-10 1.2e-09
65.2 7.2 0.00131 4.5e-10 1.25e-09
65.3 7.2 0.00129 4.75e-10 1.23e-09
65.4 7.2 0.00127 4.25e-10 1.17e-09
65.5 7.2 0.00125 4.25e-10 1.17e-09
65.6 7.2 0.00124 4.25e-10 1.17e-09
65.7 7.2 0.00122 3.75e-10 1.12e-09
65.8 7.2 0.0012 4.25e-10 1.17e-09
65.9 7.2 0.00119 3.75e-10 1.12e-09
66 7.2 0.00117 3.75e-10 1.12e-09
66.1 7.2 0.00115 3.5e-10 1.05e-09
66.2 7.2 0.00114 4e-10 1.1e-09
66.3 7.2 0.00112 3.5e-10 1.05e-09
66.4 7.2 0.00111 3.5e-10 1.05e-09
66.5 7.2 0.00109 3.25e-10 9.75e-10
66.6 7.2 0.00108 3.25e-10 9.75e-10
66.7 7.2 0.00106 3.75e-10 1.03e-09
66.8 7.2 0.00105 3.75e-10 1.03e-09
66.9 7.2 0.00103 3.25e-10 9.75e-10
67 7.2 0.00102 3.25e-10 9.75e-10
67.1 7.2 0.001 3.25e-10 9.75e-10
67.2 7.2 0.000991 3.23e-10 9.37e-10
67.3 7.2 0.000977 3.17e-10 9.22e-10
67.4 7.2 0.000964 3.13e-10 9.08e-10
67.5 7.2 0.00095 3.1e-10 9e-10
67.6 7.2 0.000937 3.05e-10 8.85e-10
67.7 7.2 0.000924 3.02e-10 8.78e-10
67.8 7.2 0.000912 2.95e-10 8.65e-10
67.9 7.2 0.000899 2.95e-10 8.55e-10
68 7.2 0.000887 2.9e-10 8.4e-10
68.1 7.2 0.000874 2.87e-10 8.32e-10
68.2 7.2 0.000862 2.83e-10 8.18e-10
68.3 7.2 0.000851 2.75e-10 8.05e-10
68.4 7.2 0.000839 2.78e-10 8.02e-10
68.5 7.2 0.000827 2.72e-10 7.88e-10
68.6 7.2 0.000816 2.68e-10 7.72e-10
68.7 7.2 0.000805 2.6e-10 7.6e-10
68.8 7.2 0.000794 2.57e-10 7.53e-10
68.9 7.2 0.000783 2.53e-10 7.37e-10
69 7.2 0.000772 2.5e-10 7.3e-10
69.1 7.2 0.000761 2.48e-10 7.23e-10
69.2 7.2 0.000751 2.45e-10 7.15e-10
69.3 7.2 0.00074 2.4e-10 7e-10
69.4 7.2 0.00073 2.38e-10 6.93e-10
69.5 7.2 0.00072 2.4e-10 6.9e-10
69.6 7.2 0.00071 2.32e-10 6.77e-10
69.7 7.2 0.0007 2.27e-10 6.63e-10
69.8 7.2 0.000691 2.27e-10 6.63e-10
69.9 7.2 0.000681 2.23e-10 6.47e-10
70 7.2 0.000672 2.25e-10 6.45e-10
70.1 7.2 0.000663 2.17e-10 6.33e-10
70.2 7.2 0.000653 2.15e-10 6.25e-10
70.3 7.2 0.000644 2.12e-10 6.17e-10
70.4 7.2 0.000636 2.08e-10 6.03e-10
70.5 7.2 0.000627 2.08e-10 6.03e-10
70.6 7.2 0.000618 2.05e-10 5.95e-10
70.7 7.2 0.00061 2.02e-10 5.87e-10
70.8 7.2 0.000601 2e-10 5.8e-10
70.9 7.2 0.000593 1.95e-10 5.65e-10
71 7.2 0.000585 1.93e-10 5.57e-10
71.1 7.2 0.000577 1.9e-10 5.5e-10
71.2 7.2 0.000569 1.85e-10 5.45e-10
71.3 7.2 0.000561 1.87e-10 5.43e-10
71.4 7.2 0.000553 1.85e-10 5.35e-10
71.5 7.2 0.000546 1.8e-10 5.2e-10
71.6 7.2 0.000538 1.75e-10 5.15e-10
71.7 7.2 0.000531 1.78e-10 5.13e-10
71.8 7.2 0.000523 1.72e-10 4.97e-10
71.9 7.2 0.000516 1.67e-10 4.93e-10
72 7.2 0.000509 1.7e-10 4.9e-10
72.1 7.2 0.000502 1.63e-10 4.77e-10
72.2 7.2 0.000495 1.6e-10 4.7e-10
72.3 7.2 0.000488 1.6e-10 4.7e-10
72.4 7.2 0.000481 1.57e-10 4.63e-10
72.5 7.2 0.000475 1.55e-10 4.55e-10
72.6 7.2 0.000468 1.52e-10 4.48e-10
72.7 7.2 0.000462 1.5e-10 4.4e-10
72.8 7.2 0.000455 1.52e-10 4.37e-10
72.9 7.2 0.000449 1.48e-10 4.33e-10
73 7.2 0.000443 1.45e-10 4.25e-10
73.1 7.2 0.000437 1.48e-10 4.22e-10
73.2 7.2 0.000431 1.42e-10 4.18e-10
73.3 7.2 0.000425 1.4e-10 4.1e-10
73.4 7.2 0.000419 1.42e-10 4.07e-10
73.5 7.2 0.000413 1.4e-10 4e-10
73.6 7.2 0.000408 1.37e-10 3.92e-10
73.7 7.2 0.000402 1.33e-10 3.88e-10
73.8 7.2 0.000396 1.3e-10 3.8e-10
73.9 7.2 0.000391 1.27e-10 3.73e-10
74 7.2 0.000386 1.27e-10 3.73e-10
74.1 7.2 0.00038 1.25e-10 3.65e-10
74.2 7.2 0.000375 1.22e-10 3.58e-10
74.3 7.2 0.00037 1.2e-10 3.5e-10
74.4 7.2 0.000365 1.2e-10 3.5e-10
74.5 7.2 0.00036 1.18e-10 3.43e-10
74.6 7.2 0.000355 1.18e-10 3.43e-10
74.7 7.2 0.00035 1.18e-10 3.43e-10
74.8 7.2 0.000345 1.15e-10 3.35e-10
74.9 7.2 0.00034 1.12e-10 3.28e-10
75 7.2 0.000336 1.1e-10 3.2e-10
75.1 7.2 0.000331 1.12e-10 3.17e-10
75.2 7.2 0.000326 1.08e-10 3.13e-10
75.3 7.2 0.000322 1.08e-10 3.13e-10
75.4 7.2 0.000317 1.05e-10 3.05e-10
75.5 7.2 0.000313 1.02e-10 2.98e-10
75.6 7.2 0.000309 1e-10 3e-10
75.7 7.2 0.000305 1.02e-10 2.98e-10
75.8 7.2 0.0003 1e-10 2.9e-10
75.9 7.2 0.000296 1e-10 2.9e-10
