-25 0.56 7.56e-18 7.55e-18 1.9e-17
-24.9 0.56 9.04e-18 9.03e-18 2.28e-17
-24.8 0.56 1.08e-17 1.08e-17 2.72e-17
-24.7 0.56 1.29e-17 1.29e-17 3.25e-17
-24.6 0.56 1.54e-17 1.54e-17 3.89e-17
-24.5 0.56 1.85e-17 1.84e-17 4.65e-17
-24.4 0.56 2.21e-17 2.21e-17 5.56e-17
-24.3 0.56 2.64e-17 2.64e-17 6.65e-17
-24.2 0.56 3.16e-17 3.15e-17 7.95e-17
-24.1 0.56 3.77e-17 3.77e-17 9.5e-17
-24 0.56 4.51e-17 4.5e-17 1.14e-16
-23.9 0.56 5.39e-17 5.39e-17 1.36e-16
-23.8 0.56 6.45e-17 6.44e-17 1.62e-16
-23.7 0.56 7.71e-17 7.7e-17 1.94e-16
-23.6 0.56 9.21e-17 9.2e-17 2.32e-16
-23.5 0.56 1.1e-16 1.1e-16 2.77e-16
-23.4 0.56 1.32e-16 1.32e-16 3.32e-16
-23.3 0.56 1.57e-16 1.57e-16 3.96e-16
-23.2 0.56 1.88e-16 1.88e-16 4.74e-16
-23.1 0.56 2.25e-16 2.25e-16 5.67e-16
-23 0.56 2.69e-16 2.69e-16 6.77e-16
-22.9 0.56 3.22e-16 3.21e-16 8.1e-16
-22.8 0.56 3.84e-16 3.84e-16 9.68e-16
-22.7 0.56 4.6e-16 4.59e-16 1.16e-15
-22.6 0.56 5.49e-16 5.49e-16 1.38e-15
-22.5 0.56 6.57e-16 6.56e-16 1.65e-15
-22.4 0.56 7.85e-16 7.84e-16 1.98e-15
-22.3 0.56 9.39e-16 9.38e-16 2.36e-15
-22.2 0.56 1.12e-15 1.12e-15 2.83e-15
-22.1 0.56 1.34e-15 1.34e-15 3.38e-15
-22 0.56 1.6e-15 1.6e-15 4.04e-15
-21.9 0.56 1.92e-15 1.92e-15 4.83e-15
-21.8 0.56 2.29e-15 2.29e-15 5.77e-15
-21.7 0.56 2.74e-15 2.74e-15 6.9e-15
-21.6 0.56 3.28e-15 3.27e-15 8.25e-15
-21.5 0.56 3.92e-15 3.91e-15 9.87e-15
-21.4 0.56 4.68e-15 4.68e-15 1.18e-14
-21.3 0.56 5.6e-15 5.59e-15 1.41e-14
-21.2 0.56 6.69e-15 6.69e-15 1.69e-14
-21.1 0.56 8e-15 7.99e-15 2.02e-14
-21 0.56 9.57e-15 9.56e-15 2.41e-14
-20.9 0.56 1.14e-14 1.14e-14 2.88e-14
-20.8 0.56 1.37e-14 1.37e-14 3.44e-14
-20.7 0.56 1.63e-14 1.63e-14 4.12e-14
-20.6 0.56 1.95e-14 1.95e-14 4.92e-14
-20.5 0.56 2.34e-14 2.33e-14 5.88e-14
-20.4 0.56 2.79e-14 2.79e-14 7.03e-14
-20.3 0.56 3.34e-14 3.34e-14 8.41e-14
-20.2 0.56 3.99e-14 3.99e-14 1.01e-13
-20.1 0.56 4.77e-14 4.77e-14 1.2e-13
-20 0.56 5.7e-14 5.7e-14 1.44e-13
-19.9 0.56 6.82e-14 6.81e-14 1.72e-13
-19.8 0.56 8.15e-14 8.14e-14 2.05e-13
-19.7 0.56 9.75e-14 9.74e-14 2.46e-13
-19.6 0.56 1.17e-13 1.16e-13 2.94e-13
-19.5 0.56 1.39e-13 1.39e-13 3.51e-13
-19.4 0.56 1.67e-13 1.66e-13 4.2e-13
-19.3 0.56 1.99e-13 1.99e-13 5.02e-13
-19.2 0.56 2.38e-13 2.38e-13 6e-13
-19.1 0.56 2.85e-13 2.84e-13 7.17e-13
-19 0.56 3.4e-13 3.4e-13 8.57e-13
-18.9 0.56 4.07e-13 4.06e-13 1.02e-12
-18.8 0.56 4.86e-13 4.86e-13 1.22e-12
-18.7 0.56 5.81e-13 5.81e-13 1.46e-12
-18.6 0.56 6.95e-13 6.94e-13 1.75e-12
-18.5 0.56 8.31e-13 8.3e-13 2.09e-12
-18.4 0.56 9.93e-13 9.92e-13 2.5e-12
-18.3 0.56 1.19e-12 1.19e-12 2.99e-12
-18.2 0.56 1.42e-12 1.42e-12 3.58e-12
-18.1 0.56 1.7e-12 1.7e-12 4.28e-12
-18 0.56 2.03e-12 2.03e-12 5.11e-12
-17.9 0.56 2.43e-12 2.42e-12 6.11e-12
-17.8 0.56 2.9e-12 2.9e-12 7.3e-12
-17.7 0.56 3.47e-12 3.46e-12 8.73e-12
-15.8 0.56 1.03e-10 1.03e-10 2.6e-10
-15.7 0.56 1.23e-10 1.23e-10 3.11e-10
-15.6 0.56 1.47e-10 1.47e-10 3.71e-10
-15.5 0.56 1.76e-10 1.76e-10 4.44e-10
-15.4 0.56 2.11e-10 2.1e-10 5.31e-10
-15.3 0.56 2.52e-10 2.52e-10 6.34e-10
-15.2 0.56 3.01e-10 3.01e-10 7.59e-10
-15.1 0.56 3.6e-10 3.6e-10 9.07e-10
-15 0.56 4.3e-10 4.3e-10 1.08e-09
-14.9 0.56 5.15e-10 5.14e-10 1.3e-09
-14.8 0.56 6.15e-10 6.14e-10 1.55e-09
-14.7 0.56 7.35e-10 7.35e-10 1.85e-09
-14.6 0.56 8.79e-10 8.78e-10 2.21e-09
-14.5 0.56 1.05e-09 1.05e-09 2.65e-09
-14.4 0.56 1.26e-09 1.26e-09 3.17e-09
-14.3 0.56 1.5e-09 1.5e-09 3.78e-09
-14.2 0.56 1.8e-09 1.79e-09 4.52e-09
-14.1 0.56 2.15e-09 2.14e-09 5.41e-09
-14 0.56 2.57e-09 2.56e-09 6.47e-09
-13.9 0.56 3.07e-09 3.07e-09 7.73e-09
-13.8 0.56 3.67e-09 3.66e-09 9.24e-09
-13.7 0.56 4.39e-09 4.38e-09 1.1e-08
-13.6 0.56 5.24e-09 5.24e-09 1.32e-08
-13.5 0.56 6.27e-09 6.26e-09 1.58e-08
-13.4 0.56 7.49e-09 7.49e-09 1.89e-08
-13.3 0.56 8.96e-09 8.95e-09 2.26e-08
-13.2 0.56 1.07e-08 1.07e-08 2.7e-08
-13.1 0.56 1.28e-08 1.28e-08 3.23e-08
-13 0.56 1.53e-08 1.53e-08 3.86e-08
-12.9 0.56 1.83e-08 1.83e-08 4.61e-08
-12.8 0.56 2.19e-08 2.19e-08 5.51e-08
-12.7 0.56 2.62e-08 2.61e-08 6.59e-08
-12.6 0.56 3.13e-08 3.12e-08 7.88e-08
-12.5 0.56 3.74e-08 3.73e-08 9.42e-08
-12.4 0.56 4.47e-08 4.46e-08 1.13e-07
-12.3 0.56 5.34e-08 5.34e-08 1.35e-07
-12.2 0.56 6.39e-08 6.38e-08 1.61e-07
-12.1 0.56 7.64e-08 7.63e-08 1.92e-07
-12 0.56 9.13e-08 9.12e-08 2.3e-07
-11.9 0.56 1.09e-07 1.09e-07 2.75e-07
-11.8 0.56 1.3e-07 1.3e-07 3.29e-07
-11.7 0.56 1.56e-07 1.56e-07 3.93e-07
-11.6 0.56 1.86e-07 1.86e-07 4.7e-07
-11.5 0.56 2.23e-07 2.23e-07 5.62e-07
-11.4 0.56 2.67e-07 2.66e-07 6.71e-07
-11.3 0.56 3.19e-07 3.18e-07 8.03e-07
-11.2 0.56 3.81e-07 3.81e-07 9.6e-07
-11.1 0.56 4.55e-07 4.55e-07 1.15e-06
-11 0.56 5.44e-07 5.44e-07 1.37e-06
-10.9 0.56 6.51e-07 6.5e-07 1.64e-06
-10.8 0.56 7.78e-07 7.77e-07 1.96e-06
-10.7 0.56 9.3e-07 9.29e-07 2.34e-06
-10.6 0.56 1.11e-06 1.11e-06 2.8e-06
-10.5 0.56 1.33e-06 1.33e-06 3.35e-06
-10.4 0.56 1.59e-06 1.59e-06 4e-06
-10.3 0.56 1.9e-06 1.9e-06 4.79e-06
-10.2 0.56 2.27e-06 2.27e-06 5.72e-06
-10.1 0.56 2.72e-06 2.71e-06 6.84e-06
-10 0.56 3.25e-06 3.24e-06 8.18e-06
-9.9 0.56 3.88e-06 3.88e-06 9.78e-06
-9.8 0.56 4.64e-06 4.64e-06 1.17e-05
-9.7 0.56 5.55e-06 5.54e-06 1.4e-05
-9.6 0.56 6.63e-06 6.63e-06 1.67e-05
-9.5 0.56 7.93e-06 7.92e-06 2e-05
-9.4 0.56 9.48e-06 9.47e-06 2.39e-05
-9.3 0.56 1.13e-05 1.13e-05 2.85e-05
-9.2 0.56 1.35e-05 1.35e-05 3.41e-05
-9.1 0.56 1.62e-05 1.62e-05 4.08e-05
-9 0.56 1.94e-05 1.93e-05 4.88e-05
-8.9 0.56 2.31e-05 2.31e-05 5.83e-05
-8.8 0.56 2.77e-05 2.77e-05 6.97e-05
-8.7 0.56 3.31e-05 3.31e-05 8.33e-05
-8.6 0.56 3.95e-05 3.95e-05 9.96e-05
-8.5 0.56 4.73e-05 4.73e-05 0.000119
-8.4 0.56 5.65e-05 5.65e-05 0.000142
-8.3 0.56 6.75e-05 6.75e-05 0.00017
-8.2 0.56 8.07e-05 8.08e-05 0.000203
-8.1 0.56 9.65e-05 9.66e-05 0.000243
-8 0.56 0.000115 0.000115 0.00029
-7.9 0.56 0.000138 0.000138 0.000347
-7.8 0.56 0.000165 0.000165 0.000415
-7.7 0.56 0.000197 0.000197 0.000496
-7.6 0.56 0.000235 0.000236 0.000593
-7.5 0.56 0.000281 0.000282 0.000708
-7.4 0.56 0.000336 0.000337 0.000846
-7.3 0.56 0.000401 0.000404 0.00101
-7.2 0.56 0.000479 0.000483 0.00121
-7.1 0.56 0.000572 0.000577 0.00144
-7 0.56 0.000683 0.000691 0.00172
-6.9 0.56 0.000815 0.000826 0.00205
-6.8 0.56 0.000973 0.000989 0.00245
-6.7 0.56 0.00116 0.00118 0.00292
-6.6 0.56 0.00138 0.00142 0.00348
-6.5 0.56 0.00165 0.00169 0.00415
-6.4 0.56 0.00196 0.00203 0.00494
-6.3 0.56 0.00234 0.00243 0.00588
-6.2 0.56 0.00278 0.00291 0.00699
-6.1 0.56 0.00331 0.00348 0.0083
-6 0.56 0.00393 0.00417 0.00984
-5.9 0.56 0.00466 0.00499 0.0117
-5.8 0.56 0.00553 0.00597 0.0138
-5.7 0.56 0.00721 0.00911 0.0169
-5.6 0.56 0.00854 0.0109 0.0199
-5.5 0.56 0.0101 0.0129 0.0233
-5.4 0.56 0.0119 0.0154 0.0272
-5.3 0.56 0.0141 0.0182 0.0316
-5.2 0.56 0.0167 0.0215 0.0365
-5.1 0.56 0.0198 0.0252 0.0419
-5 0.56 0.0234 0.0295 0.0476
-4.9 0.56 0.0323 0.038 0.0581
-4.8 0.56 0.0382 0.0434 0.0647
-4.7 0.56 0.0451 0.0489 0.071
-4.6 0.56 0.0532 0.0543 0.0767
-4.5 0.56 0.0678 0.0598 0.0866
-4.4 0.56 0.0773 0.0594 0.0887
-4.3 0.56 0.0892 0.0619 0.0904
-4.2 0.56 0.102 0.0678 0.0901
-4.1 0.56 0.114 0.0735 0.0875
-4 0.56 0.126 0.0785 0.0824
-3.9 0.56 0.138 0.073 0.0765
-3.8 0.56 0.151 0.0775 0.0704
-3.7 0.56 0.161 0.0804 0.0618
-3.6 0.56 0.167 0.0806 0.0501
-3.5 0.56 0.169 0.0765 0.0344
-3.4 0.56 0.19 0.0719 0.0383
-3.3 0.56 0.192 0.067 0.0239
-3.2 0.56 0.188 0.0568 0.0457
-3.1 0.56 0.18 0.0402 0.0713
-3 0.56 0.142 0.065 0.174
-2.9 0.56 0.135 0.0813 0.17
-2.8 0.56 0.148 0.0764 0.101
-2.7 0.56 0.106 0.126 0.216
-2.6 0.56 0.14 0.101 0.244
-2.5 0.56 0.174 0.0759 0.147
-2.4 0.56 0.206 0.0598 0.153
-2.3 0.56 0.428 0.534 0.201
-2.2 0.56 0.459 0.414 0.196
-2.1 0.56 0.37 0.243 0.0966
-2 0.56 0.36 0.0904 0.0757
-1.9 0.56 0.374 0.111 0.0782
-1.8 0.56 0.391 0.403 0.251
-1.7 0.56 0.36 0.159 0.0939
-1.6 0.56 0.347 0.121 0.119
-1.5 0.56 0.276 0.112 0.199
-1.4 0.56 0.322 0.0314 0.0411
-1.3 0.56 0.266 0.194 0.391
-1.2 0.56 0.353 0.0703 0.119
-1.1 0.56 0.382 0.275 0.288
-1 0.56 0.403 0.0617 0.0545
-0.9 0.56 0.425 0.0179 0.0137
-0.8 0.56 0.44 0.0823 0.0459
-0.7 0.56 0.449 0.114 0.0768
-0.6 0.56 0.462 0.0915 0.0755
-0.5 0.56 0.464 0.0372 0.0286
-0.4 0.56 0.467 0.0338 0.0369
-0.3 0.56 0.471 0.0832 0.101
-0.2 0.56 0.476 0.0975 0.127
-0.1 0.56 0.484 0.0687 0.104
1.95e-14 0.56 0.497 0.0153 0.0388
0.1 0.56 0.517 0.0447 0.0572
0.2 0.56 0.545 0.117 0.0994
0.3 0.56 0.575 0.153 0.0997
0.4 0.56 0.603 0.139 0.0567
0.5 0.56 0.717 0.436 0.15
0.6 0.56 0.627 0.085 0.0407
0.7 0.56 0.675 0.3 0.148
0.8 0.56 0.601 0.14 0.158
0.9 0.56 0.581 0.109 0.189
1 0.56 0.559 0.284 0.431
1.1 0.56 0.563 0.0824 0.139
1.2 0.56 0.574 0.0821 0.081
1.3 0.56 0.599 0.0681 0.118
1.4 0.56 0.589 0.0909 0.26
1.5 0.56 0.518 0.168 0.392
1.6 0.56 0.559 0.16 0.424
1.7 0.56 0.687 0.137 0.161
1.8 0.56 0.732 0.158 0.104
1.9 0.56 0.769 0.0947 0.0594
2 0.56 0.786 0.141 0.0695
2.1 0.56 0.796 0.118 0.0734
2.2 0.56 0.799 0.0922 0.0698
2.3 0.56 0.796 0.0683 0.0616
2.4 0.56 0.775 0.071 0.0352
2.5 0.56 0.773 0.0638 0.0275
2.6 0.56 0.77 0.0545 0.0206
2.7 0.56 0.769 0.045 0.0153
2.8 0.56 0.768 0.0365 0.0146
2.9 0.56 0.768 0.0297 0.0126
3 0.56 0.764 0.0118 0.00541
3.1 0.56 0.766 0.011 0.00718
3.2 0.56 0.767 0.0113 0.0101
3.3 0.56 0.769 0.0121 0.0134
3.4 0.56 0.771 0.0131 0.0161
3.5 0.56 0.773 0.0139 0.0174
3.6 0.56 0.778 0.0163 0.0189
3.7 0.56 0.78 0.0154 0.0168
3.8 0.56 0.784 0.014 0.0141
3.9 0.56 0.787 0.0124 0.0116
4 0.56 0.791 0.0106 0.00966
4.1 0.56 0.794 0.00871 0.00845
4.2 0.56 0.797 0.00702 0.00779
4.3 0.56 0.8 0.00563 0.00753
4.4 0.56 0.802 0.00463 0.00758
4.5 0.56 0.803 0.00406 0.00808
4.6 0.56 0.804 0.00405 0.00957
4.7 0.56 0.803 0.00551 0.015
4.8 0.56 1.45 1.92 0.64
4.9 0.56 0.812 0.00857 0.00323
5 0.56 0.811 0.00326 0.00137
5.1 0.56 0.811 0.00164 0.000828
5.2 0.56 0.811 0.000926 0.00058
5.3 0.56 0.811 0.000561 0.000441
5.4 0.56 0.811 0.000357 0.000354
5.5 0.56 0.811 0.000237 0.000294
5.6 0.56 0.811 0.000164 0.000251
5.7 0.56 0.812 0.000119 0.000219
5.8 0.56 0.812 9.14e-05 0.000194
5.9 0.56 0.812 7.38e-05 0.000174
6 0.56 0.812 6.27e-05 0.000159
6.1 0.56 0.812 5.59e-05 0.000146
6.2 0.56 0.812 5.17e-05 0.000136
6.3 0.56 0.812 4.92e-05 0.000128
6.4 0.56 0.812 4.78e-05 0.000121
6.5 0.56 0.812 4.71e-05 0.000115
6.6 0.56 0.812 4.68e-05 0.000111
6.7 0.56 0.812 4.68e-05 0.000107
6.8 0.56 0.812 4.69e-05 0.000104
6.9 0.56 0.812 4.71e-05 0.000101
7 0.56 0.812 4.74e-05 9.87e-05
7.1 0.56 0.812 4.76e-05 9.69e-05
7.2 0.56 0.812 4.79e-05 9.53e-05
7.3 0.56 0.812 4.81e-05 9.4e-05
7.4 0.56 0.812 4.83e-05 9.3e-05
7.5 0.56 0.812 4.85e-05 9.21e-05
7.6 0.56 0.812 4.86e-05 9.13e-05
7.7 0.56 0.812 4.88e-05 9.07e-05
7.8 0.56 0.812 4.89e-05 9.02e-05
7.9 0.56 0.812 4.9e-05 8.98e-05
8 0.56 0.812 4.91e-05 8.94e-05
8.1 0.56 0.812 4.92e-05 8.91e-05
8.2 0.56 0.812 4.92e-05 8.88e-05
8.3 0.56 0.812 4.93e-05 8.86e-05
8.4 0.56 0.812 4.93e-05 8.84e-05
8.5 0.56 0.812 4.94e-05 8.83e-05
8.6 0.56 0.812 4.94e-05 8.82e-05
8.7 0.56 0.812 4.94e-05 8.81e-05
8.8 0.56 0.812 4.94e-05 8.8e-05
8.9 0.56 0.812 4.95e-05 8.79e-05
9 0.56 0.812 4.95e-05 8.79e-05
9.1 0.56 0.812 4.95e-05 8.78e-05
9.2 0.56 0.812 4.95e-05 8.78e-05
9.3 0.56 0.812 4.95e-05 8.77e-05
9.4 0.56 0.812 4.95e-05 8.77e-05
9.5 0.56 0.812 4.95e-05 8.77e-05
9.6 0.56 0.812 4.95e-05 8.77e-05
9.7 0.56 0.812 4.95e-05 8.77e-05
9.8 0.56 0.812 4.95e-05 8.76e-05
9.9 0.56 0.812 4.95e-05 8.76e-05
10 0.56 0.812 4.95e-05 8.76e-05
10.1 0.56 0.812 4.95e-05 8.76e-05
10.2 0.56 0.812 4.95e-05 8.76e-05
10.3 0.56 0.812 4.95e-05 8.77e-05
10.4 0.56 0.812 4.95e-05 8.77e-05
10.5 0.56 0.812 4.95e-05 8.77e-05
10.6 0.56 0.812 4.95e-05 8.77e-05
10.7 0.56 0.812 4.95e-05 8.77e-05
10.8 0.56 0.812 4.95e-05 8.78e-05
10.9 0.56 0.812 4.95e-05 8.78e-05
11 0.56 0.812 4.95e-05 8.79e-05
11.1 0.56 0.812 4.95e-05 8.79e-05
11.2 0.56 0.812 4.94e-05 8.8e-05
11.3 0.56 0.812 4.94e-05 8.81e-05
11.4 0.56 0.812 4.94e-05 8.82e-05
11.5 0.56 0.812 4.94e-05 8.83e-05
11.6 0.56 0.812 4.93e-05 8.84e-05
11.7 0.56 0.812 4.93e-05 8.86e-05
11.8 0.56 0.812 4.92e-05 8.88e-05
11.9 0.56 0.812 4.92e-05 8.91e-05
12 0.56 0.812 4.91e-05 8.94e-05
12.1 0.56 0.812 4.9e-05 8.98e-05
12.2 0.56 0.812 4.89e-05 9.02e-05
12.3 0.56 0.812 4.88e-05 9.07e-05
12.4 0.56 0.812 4.86e-05 9.13e-05
12.5 0.56 0.812 4.85e-05 9.21e-05
12.6 0.56 0.812 4.83e-05 9.3e-05
12.7 0.56 0.812 4.81e-05 9.4e-05
12.8 0.56 0.812 4.79e-05 9.53e-05
12.9 0.56 0.812 4.76e-05 9.69e-05
13 0.56 0.812 4.74e-05 9.87e-05
13.1 0.56 0.812 4.71e-05 0.000101
13.2 0.56 0.812 4.69e-05 0.000104
13.3 0.56 0.812 4.68e-05 0.000107
13.4 0.56 0.812 4.68e-05 0.000111
13.5 0.56 0.812 4.71e-05 0.000115
13.6 0.56 0.812 4.78e-05 0.000121
13.7 0.56 0.812 4.92e-05 0.000128
13.8 0.56 0.812 5.17e-05 0.000136
13.9 0.56 0.812 5.59e-05 0.000146
14 0.56 0.812 6.27e-05 0.000159
14.1 0.56 0.812 7.38e-05 0.000174
14.2 0.56 0.812 9.14e-05 0.000194
14.3 0.56 0.812 0.000119 0.000219
14.4 0.56 0.811 0.000164 0.000251
14.5 0.56 0.811 0.000237 0.000294
14.6 0.56 0.811 0.000357 0.000354
14.7 0.56 0.811 0.000561 0.000441
14.8 0.56 0.811 0.000926 0.00058
14.9 0.56 0.811 0.00164 0.000828
15 0.56 0.811 0.00326 0.00137
15.1 0.56 0.812 0.00857 0.00323
15.2 0.56 1.45 1.92 0.64
15.3 0.56 0.803 0.00551 0.015
15.4 0.56 0.804 0.00405 0.00957
15.5 0.56 0.803 0.00406 0.00808
15.6 0.56 0.802 0.00463 0.00758
15.7 0.56 0.8 0.00563 0.00753
15.8 0.56 0.797 0.00702 0.00779
15.9 0.56 0.794 0.00871 0.00845
16 0.56 0.791 0.0106 0.00966
16.1 0.56 0.787 0.0124 0.0116
16.2 0.56 0.784 0.014 0.0141
16.3 0.56 0.78 0.0154 0.0168
16.4 0.56 0.778 0.0163 0.0189
16.5 0.56 0.773 0.0139 0.0174
16.6 0.56 0.771 0.0131 0.0161
16.7 0.56 0.769 0.0121 0.0134
16.8 0.56 0.767 0.0113 0.0101
16.9 0.56 0.766 0.011 0.00718
17 0.56 0.764 0.0118 0.00541
17.1 0.56 0.768 0.0297 0.0126
17.2 0.56 0.768 0.0365 0.0146
17.3 0.56 0.769 0.045 0.0153
17.4 0.56 0.77 0.0545 0.0206
17.5 0.56 0.773 0.0638 0.0275
17.6 0.56 0.775 0.071 0.0352
17.7 0.56 0.796 0.0683 0.0616
17.8 0.56 0.799 0.0922 0.0698
17.9 0.56 0.796 0.118 0.0734
18 0.56 0.786 0.141 0.0695
18.1 0.56 0.769 0.0947 0.0594
18.2 0.56 0.732 0.158 0.104
18.3 0.56 0.687 0.137 0.161
18.4 0.56 0.559 0.16 0.424
18.5 0.56 0.518 0.168 0.392
18.6 0.56 0.589 0.0909 0.26
18.7 0.56 0.599 0.0681 0.118
18.8 0.56 0.574 0.0821 0.081
18.9 0.56 0.563 0.0824 0.139
19 0.56 0.559 0.284 0.431
19.1 0.56 0.581 0.109 0.189
19.2 0.56 0.601 0.14 0.158
19.3 0.56 0.675 0.3 0.148
19.4 0.56 0.627 0.085 0.0407
19.5 0.56 0.717 0.436 0.15
19.6 0.56 0.603 0.139 0.0567
19.7 0.56 0.575 0.153 0.0997
19.8 0.56 0.545 0.117 0.0994
19.9 0.56 0.517 0.0447 0.0572
20 0.56 0.497 0.0153 0.0388
20.1 0.56 0.484 0.0687 0.104
20.2 0.56 0.476 0.0975 0.127
20.3 0.56 0.471 0.0832 0.101
20.4 0.56 0.467 0.0338 0.0369
20.5 0.56 0.464 0.0372 0.0286
20.6 0.56 0.462 0.0915 0.0755
20.7 0.56 0.449 0.114 0.0768
20.8 0.56 0.44 0.0823 0.0459
20.9 0.56 0.425 0.0179 0.0137
21 0.56 0.403 0.0617 0.0545
21.1 0.56 0.382 0.275 0.288
21.2 0.56 0.353 0.0703 0.119
21.3 0.56 0.266 0.194 0.391
21.4 0.56 0.322 0.0314 0.0411
21.5 0.56 0.276 0.112 0.199
21.6 0.56 0.347 0.121 0.119
21.7 0.56 0.36 0.159 0.0939
21.8 0.56 0.391 0.403 0.251
21.9 0.56 0.374 0.111 0.0782
22 0.56 0.36 0.0904 0.0757
22.1 0.56 0.37 0.243 0.0966
22.2 0.56 0.459 0.414 0.196
22.3 0.56 0.428 0.534 0.201
22.4 0.56 0.206 0.0598 0.153
22.5 0.56 0.174 0.0759 0.147
22.6 0.56 0.14 0.101 0.244
22.7 0.56 0.106 0.126 0.216
22.8 0.56 0.148 0.0764 0.101
22.9 0.56 0.135 0.0813 0.17
23 0.56 0.142 0.065 0.174
23.1 0.56 0.18 0.0402 0.0713
23.2 0.56 0.188 0.0568 0.0457
23.3 0.56 0.192 0.067 0.0239
23.4 0.56 0.19 0.0719 0.0383
23.5 0.56 0.169 0.0765 0.0344
23.6 0.56 0.167 0.0806 0.0501
23.7 0.56 0.161 0.0804 0.0618
23.8 0.56 0.151 0.0775 0.0704
23.9 0.56 0.138 0.073 0.0765
24 0.56 0.126 0.0785 0.0824
24.1 0.56 0.114 0.0735 0.0875
24.2 0.56 0.102 0.0678 0.0901
24.3 0.56 0.0892 0.0619 0.0904
24.4 0.56 0.0773 0.0594 0.0887
24.5 0.56 0.0678 0.0598 0.0866
24.6 0.56 0.0532 0.0543 0.0767
24.7 0.56 0.0451 0.0489 0.071
24.8 0.56 0.0382 0.0434 0.0647
24.9 0.56 0.0323 0.038 0.0581
25 0.56 0.0234 0.0295 0.0476
25.1 0.56 0.0198 0.0252 0.0419
25.2 0.56 0.0167 0.0215 0.0365
25.3 0.56 0.0141 0.0182 0.0316
25.4 0.56 0.0119 0.0154 0.0272
25.5 0.56 0.0101 0.0129 0.0233
25.6 0.56 0.00854 0.0109 0.0199
25.7 0.56 0.00721 0.00911 0.0169
25.8 0.56 0.00553 0.00597 0.0138
25.9 0.56 0.00466 0.00499 0.0117
26 0.56 0.00393 0.00417 0.00984
26.1 0.56 0.00331 0.00348 0.0083
26.2 0.56 0.00278 0.00291 0.00699
26.3 0.56 0.00234 0.00243 0.00588
26.4 0.56 0.00196 0.00203 0.00494
26.5 0.56 0.00165 0.00169 0.00415
26.6 0.56 0.00138 0.00142 0.00348
26.7 0.56 0.00116 0.00118 0.00292
26.8 0.56 0.000973 0.000989 0.00245
26.9 0.56 0.000815 0.000826 0.00205
27 0.56 0.000683 0.000691 0.00172
27.1 0.56 0.000572 0.000577 0.00144
27.2 0.56 0.000479 0.000483 0.00121
27.3 0.56 0.000401 0.000404 0.00101
27.4 0.56 0.000336 0.000337 0.000846
27.5 0.56 0.000281 0.000282 0.000708
27.6 0.56 0.000235 0.000236 0.000593
27.7 0.56 0.000197 0.000197 0.000496
27.8 0.56 0.000165 0.000165 0.000415
27.9 0.56 0.000138 0.000138 0.000347
28 0.56 0.000115 0.000115 0.00029
28.1 0.56 9.65e-05 9.66e-05 0.000243
28.2 0.56 8.07e-05 8.08e-05 0.000203
28.3 0.56 6.75e-05 6.75e-05 0.00017
28.4 0.56 5.65e-05 5.65e-05 0.000142
28.5 0.56 4.73e-05 4.73e-05 0.000119
28.6 0.56 3.95e-05 3.95e-05 9.96e-05
28.7 0.56 3.31e-05 3.31e-05 8.33e-05
28.8 0.56 2.77e-05 2.77e-05 6.97e-05
28.9 0.56 2.31e-05 2.31e-05 5.83e-05
29 0.56 1.94e-05 1.93e-05 4.88e-05
29.1 0.56 1.62e-05 1.62e-05 4.08e-05
29.2 0.56 1.35e-05 1.35e-05 3.41e-05
29.3 0.56 1.13e-05 1.13e-05 2.85e-05
29.4 0.56 9.48e-06 9.47e-06 2.39e-05
29.5 0.56 7.93e-06 7.92e-06 2e-05
29.6 0.56 6.63e-06 6.63e-06 1.67e-05
29.7 0.56 5.55e-06 5.54e-06 1.4e-05
29.8 0.56 4.64e-06 4.64e-06 1.17e-05
29.9 0.56 3.88e-06 3.88e-06 9.78e-06
30 0.56 3.25e-06 3.24e-06 8.18e-06
30.1 0.56 2.72e-06 2.71e-06 6.84e-06
30.2 0.56 2.27e-06 2.27e-06 5.72e-06
30.3 0.56 1.9e-06 1.9e-06 4.79e-06
30.4 0.56 1.59e-06 1.59e-06 4e-06
30.5 0.56 1.33e-06 1.33e-06 3.35e-06
30.6 0.56 1.11e-06 1.11e-06 2.8e-06
30.7 0.56 9.3e-07 9.29e-07 2.34e-06
30.8 0.56 7.78e-07 7.77e-07 1.96e-06
30.9 0.56 6.51e-07 6.5e-07 1.64e-06
31 0.56 5.44e-07 5.44e-07 1.37e-06
31.1 0.56 4.55e-07 4.55e-07 1.15e-06
31.2 0.56 3.81e-07 3.81e-07 9.6e-07
31.3 0.56 3.19e-07 3.18e-07 8.03e-07
31.4 0.56 2.67e-07 2.66e-07 6.71e-07
31.5 0.56 2.23e-07 2.23e-07 5.62e-07
31.6 0.56 1.86e-07 1.86e-07 4.7e-07
31.7 0.56 1.56e-07 1.56e-07 3.93e-07
31.8 0.56 1.3e-07 1.3e-07 3.29e-07
31.9 0.56 1.09e-07 1.09e-07 2.75e-07
32 0.56 9.13e-08 9.12e-08 2.3e-07
32.1 0.56 7.64e-08 7.63e-08 1.92e-07
32.2 0.56 6.39e-08 6.38e-08 1.61e-07
32.3 0.56 5.34e-08 5.34e-08 1.35e-07
32.4 0.56 4.47e-08 4.46e-08 1.13e-07
32.5 0.56 3.74e-08 3.73e-08 9.42e-08
32.6 0.56 3.13e-08 3.12e-08 7.88e-08
32.7 0.56 2.62e-08 2.61e-08 6.59e-08
32.8 0.56 2.19e-08 2.19e-08 5.51e-08
32.9 0.56 1.83e-08 1.83e-08 4.61e-08
33 0.56 1.53e-08 1.53e-08 3.86e-08
33.1 0.56 1.28e-08 1.28e-08 3.23e-08
33.2 0.56 1.07e-08 1.07e-08 2.7e-08
33.3 0.56 8.96e-09 8.95e-09 2.26e-08
33.4 0.56 7.49e-09 7.49e-09 1.89e-08
33.5 0.56 6.27e-09 6.26e-09 1.58e-08
33.6 0.56 5.24e-09 5.24e-09 1.32e-08
33.7 0.56 4.39e-09 4.38e-09 1.1e-08
33.8 0.56 3.67e-09 3.66e-09 9.24e-09
33.9 0.56 3.07e-09 3.07e-09 7.73e-09
34 0.56 2.57e-09 2.56e-09 6.47e-09
34.1 0.56 2.15e-09 2.14e-09 5.41e-09
34.2 0.56 1.8e-09 1.79e-09 4.52e-09
34.3 0.56 1.5e-09 1.5e-09 3.78e-09
34.4 0.56 1.26e-09 1.26e-09 3.17e-09
34.5 0.56 1.05e-09 1.05e-09 2.65e-09
34.6 0.56 8.79e-10 8.78e-10 2.21e-09
34.7 0.56 7.35e-10 7.35e-10 1.85e-09
34.8 0.56 6.15e-10 6.14e-10 1.55e-09
34.9 0.56 5.15e-10 5.14e-10 1.3e-09
35 0.56 4.3e-10 4.3e-10 1.08e-09
35.1 0.56 3.6e-10 3.6e-10 9.07e-10
35.2 0.56 3.01e-10 3.01e-10 7.59e-10
35.3 0.56 2.52e-10 2.52e-10 6.34e-10
35.4 0.56 2.11e-10 2.1e-10 5.31e-10
35.5 0.56 1.76e-10 1.76e-10 4.44e-10
35.6 0.56 1.47e-10 1.47e-10 3.71e-10
35.7 0.56 1.23e-10 1.23e-10 3.11e-10
35.8 0.56 1.03e-10 1.03e-10 2.6e-10
37.7 0.56 3.47e-12 3.46e-12 8.73e-12
37.8 0.56 2.9e-12 2.9e-12 7.3e-12
37.9 0.56 2.43e-12 2.42e-12 6.11e-12
38 0.56 2.03e-12 2.03e-12 5.11e-12
38.1 0.56 1.7e-12 1.7e-12 4.28e-12
38.2 0.56 1.42e-12 1.42e-12 3.58e-12
38.3 0.56 1.19e-12 1.19e-12 2.99e-12
38.4 0.56 9.93e-13 9.92e-13 2.5e-12
38.5 0.56 8.31e-13 8.3e-13 2.09e-12
38.6 0.56 6.95e-13 6.94e-13 1.75e-12
38.7 0.56 5.81e-13 5.81e-13 1.46e-12
38.8 0.56 4.86e-13 4.86e-13 1.22e-12
38.9 0.56 4.07e-13 4.06e-13 1.02e-12
39 0.56 3.4e-13 3.4e-13 8.57e-13
39.1 0.56 2.85e-13 2.84e-13 7.17e-13
39.2 0.56 2.38e-13 2.38e-13 6e-13
39.3 0.56 1.99e-13 1.99e-13 5.02e-13
39.4 0.56 1.67e-13 1.66e-13 4.2e-13
39.5 0.56 1.39e-13 1.39e-13 3.51e-13
39.6 0.56 1.17e-13 1.16e-13 2.94e-13
39.7 0.56 9.75e-14 9.74e-14 2.46e-13
39.8 0.56 8.15e-14 8.14e-14 2.05e-13
39.9 0.56 6.82e-14 6.81e-14 1.72e-13
40 0.56 5.7e-14 5.7e-14 1.44e-13
40.1 0.56 4.77e-14 4.77e-14 1.2e-13
40.2 0.56 3.99e-14 3.99e-14 1.01e-13
40.3 0.56 3.34e-14 3.34e-14 8.41e-14
40.4 0.56 2.79e-14 2.79e-14 7.03e-14
40.5 0.56 2.34e-14 2.33e-14 5.88e-14
40.6 0.56 1.95e-14 1.95e-14 4.92e-14
40.7 0.56 1.63e-14 1.63e-14 4.12e-14
40.8 0.56 1.37e-14 1.37e-14 3.44e-14
40.9 0.56 1.14e-14 1.14e-14 2.88e-14
41 0.56 9.57e-15 9.56e-15 2.41e-14
41.1 0.56 8e-15 7.99e-15 2.02e-14
41.2 0.56 6.69e-15 6.69e-15 1.69e-14
41.3 0.56 5.6e-15 5.59e-15 1.41e-14
41.4 0.56 4.68e-15 4.68e-15 1.18e-14
41.5 0.56 3.92e-15 3.91e-15 9.87e-15
41.6 0.56 3.28e-15 3.27e-15 8.25e-15
41.7 0.56 2.74e-15 2.74e-15 6.9e-15
41.8 0.56 2.29e-15 2.29e-15 5.77e-15
41.9 0.56 1.92e-15 1.92e-15 4.83e-15
42 0.56 1.6e-15 1.6e-15 4.04e-15
42.1 0.56 1.34e-15 1.34e-15 3.38e-15
42.2 0.56 1.12e-15 1.12e-15 2.83e-15
42.3 0.56 9.39e-16 9.38e-16 2.36e-15
42.4 0.56 7.85e-16 7.84e-16 1.98e-15
42.5 0.56 6.57e-16 6.56e-16 1.65e-15
42.6 0.56 5.49e-16 5.49e-16 1.38e-15
42.7 0.56 4.6e-16 4.59e-16 1.16e-15
42.8 0.56 3.84e-16 3.84e-16 9.68e-16
42.9 0.56 3.22e-16 3.21e-16 8.1e-16
43 0.56 2.69e-16 2.69e-16 6.77e-16
43.1 0.56 2.25e-16 2.25e-16 5.67e-16
43.2 0.56 1.88e-16 1.88e-16 4.74e-16
43.3 0.56 1.57e-16 1.57e-16 3.96e-16
43.4 0.56 1.32e-16 1.32e-16 3.32e-16
43.5 0.56 1.1e-16 1.1e-16 2.77e-16
43.6 0.56 9.21e-17 9.2e-17 2.32e-16
43.7 0.56 7.71e-17 7.7e-17 1.94e-16
43.8 0.56 6.45e-17 6.44e-17 1.62e-16
43.9 0.56 5.39e-17 5.39e-17 1.36e-16
44 0.56 4.51e-17 4.5e-17 1.14e-16
44.1 0.56 3.77e-17 3.77e-17 9.5e-17
44.2 0.56 3.16e-17 3.15e-17 7.95e-17
44.3 0.56 2.64e-17 2.64e-17 6.65e-17
44.4 0.56 2.21e-17 2.21e-17 5.56e-17
44.5 0.56 1.85e-17 1.84e-17 4.65e-17
44.6 0.56 1.54e-17 1.54e-17 3.89e-17
44.7 0.56 1.29e-17 1.29e-17 3.25e-17
44.8 0.56 1.08e-17 1.08e-17 2.72e-17
44.9 0.56 9.04e-18 9.03e-18 2.28e-17
45 0.56 7.56e-18 7.55e-18 1.9e-17
45.1 0.56 6.33e-18 6.32e-18 1.59e-17
45.2 0.56 5.29e-18 5.28e-18 1.33e-17
45.3 0.56 4.43e-18 4.42e-18 1.11e-17
45.4 0.56 3.7e-18 3.7e-18 9.32e-18
45.5 0.56 3.1e-18 3.09e-18 7.8e-18
45.6 0.56 2.59e-18 2.59e-18 6.52e-18
45.7 0.56 2.17e-18 2.16e-18 5.46e-18
45.8 0.56 1.81e-18 1.81e-18 4.56e-18
45.9 0.56 1.52e-18 1.51e-18 3.82e-18
46 0.56 1.27e-18 1.27e-18 3.19e-18
46.1 0.56 1.06e-18 1.06e-18 2.67e-18
46.2 0.56 8.87e-19 8.86e-19 2.23e-18
46.3 0.56 7.42e-19 7.41e-19 1.87e-18
46.4 0.56 6.21e-19 6.2e-19 1.56e-18
46.5 0.56 5.19e-19 5.19e-19 1.31e-18
46.6 0.56 4.34e-19 4.34e-19 1.09e-18
46.7 0.56 3.63e-19 3.63e-19 9.15e-19
46.8 0.56 3.04e-19 3.04e-19 7.65e-19
46.9 0.56 2.54e-19 2.54e-19 6.4e-19
47 0.56 2.13e-19 2.12e-19 5.36e-19
47.1 0.56 1.78e-19 1.78e-19 4.48e-19
47.2 0.56 1.49e-19 1.49e-19 3.75e-19
47.3 0.56 1.24e-19 1.24e-19 3.13e-19
47.4 0.56 1.04e-19 1.04e-19 2.62e-19
47.5 0.56 8.71e-20 8.7e-20 2.19e-19
47.6 0.56 7.28e-20 7.27e-20 1.83e-19
47.7 0.56 6.09e-20 6.08e-20 1.53e-19
47.8 0.56 5.1e-20 5.09e-20 1.28e-19
47.9 0.56 4.26e-20 4.26e-20 1.07e-19
48 0.56 3.56e-20 3.56e-20 8.98e-20
48.1 0.56 2.98e-20 2.98e-20 7.51e-20
48.2 0.56 2.49e-20 2.49e-20 6.28e-20
48.3 0.56 2.09e-20 2.08e-20 5.26e-20
48.4 0.56 1.75e-20 1.74e-20 4.4e-20
48.5 0.56 1.46e-20 1.46e-20 3.68e-20
48.6 0.56 1.22e-20 1.22e-20 3.08e-20
48.7 0.56 1.02e-20 1.02e-20 2.57e-20
48.8 0.56 8.54e-21 8.53e-21 2.15e-20
48.9 0.56 7.15e-21 7.14e-21 1.8e-20
49 0.56 5.98e-21 5.97e-21 1.51e-20
49.1 0.56 5e-21 4.99e-21 1.26e-20
49.2 0.56 4.18e-21 4.18e-21 1.05e-20
49.3 0.56 3.5e-21 3.49e-21 8.81e-21
49.4 0.56 2.93e-21 2.92e-21 7.37e-21
49.5 0.56 2.45e-21 2.45e-21 6.17e-21
49.6 0.56 2.05e-21 2.05e-21 5.16e-21
49.7 0.56 1.71e-21 1.71e-21 4.31e-21
49.8 0.56 1.43e-21 1.43e-21 3.61e-21
49.9 0.56 1.2e-21 1.2e-21 3.02e-21
50 0.56 1e-21 1e-21 2.52e-21
50.1 0.56 8.38e-22 8.37e-22 2.11e-21
50.2 0.56 7.01e-22 7.01e-22 1.77e-21
50.3 0.56 5.87e-22 5.86e-22 1.48e-21
50.4 0.56 4.91e-22 4.9e-22 1.24e-21
50.5 0.56 4.1e-22 4.1e-22 1.03e-21
50.6 0.56 3.43e-22 3.43e-22 8.65e-22
50.7 0.56 2.87e-22 2.87e-22 7.23e-22
50.8 0.56 2.4e-22 2.4e-22 6.05e-22
50.9 0.56 2.01e-22 2.01e-22 5.06e-22
51 0.56 1.68e-22 1.68e-22 4.23e-22
51.1 0.56 1.41e-22 1.4e-22 3.54e-22
51.2 0.56 1.18e-22 1.17e-22 2.96e-22
51.3 0.56 9.84e-23 9.83e-23 2.48e-22
51.4 0.56 8.23e-23 8.22e-23 2.07e-22
51.5 0.56 6.88e-23 6.87e-23 1.73e-22
51.6 0.56 5.76e-23 5.75e-23 1.45e-22
51.7 0.56 4.82e-23 4.81e-23 1.21e-22
51.8 0.56 4.03e-23 4.02e-23 1.01e-22
51.9 0.56 3.37e-23 3.37e-23 8.49e-23
52 0.56 2.82e-23 2.81e-23 7.1e-23
52.1 0.56 2.36e-23 2.35e-23 5.94e-23
52.2 0.56 1.97e-23 1.97e-23 4.97e-23
52.3 0.56 1.65e-23 1.65e-23 4.15e-23
52.4 0.56 1.38e-23 1.38e-23 3.47e-23
52.5 0.56 1.15e-23 1.15e-23 2.91e-23
52.6 0.56 9.65e-24 9.64e-24 2.43e-23
52.7 0.56 8.07e-24 8.06e-24 2.03e-23
52.8 0.56 6.75e-24 6.75e-24 1.7e-23
52.9 0.56 5.65e-24 5.64e-24 1.42e-23
53 0.56 4.73e-24 4.72e-24 1.19e-23
53.1 0.56 3.95e-24 3.95e-24 9.96e-24
53.2 0.56 3.31e-24 3.3e-24 8.33e-24
53.3 0.56 2.77e-24 2.76e-24 6.97e-24
53.4 0.56 2.31e-24 2.31e-24 5.83e-24
53.5 0.56 1.93e-24 1.93e-24 4.87e-24
53.6 0.56 1.62e-24 1.62e-24 4.08e-24
53.7 0.56 1.35e-24 1.35e-24 3.41e-24
53.8 0.56 1.13e-24 1.13e-24 2.85e-24
53.9 0.56 9.47e-25 9.46e-25 2.39e-24
54 0.56 7.92e-25 7.91e-25 2e-24
54.1 0.56 6.63e-25 6.62e-25 1.67e-24
54.2 0.56 5.54e-25 5.54e-25 1.4e-24
54.3 0.56 4.64e-25 4.63e-25 1.17e-24
54.4 0.56 3.88e-25 3.87e-25 9.77e-25
54.5 0.56 3.24e-25 3.24e-25 8.17e-25
54.6 0.56 2.71e-25 2.71e-25 6.84e-25
54.7 0.56 2.27e-25 2.27e-25 5.72e-25
54.8 0.56 1.9e-25 1.9e-25 4.78e-25
54.9 0.56 1.59e-25 1.59e-25 4e-25
55 0.56 1.33e-25 1.33e-25 3.35e-25
55.1 0.56 1.11e-25 1.11e-25 2.8e-25
55.2 0.56 9.3e-26 9.29e-26 2.34e-25
55.3 0.56 7.78e-26 7.77e-26 1.96e-25
55.4 0.56 6.5e-26 6.5e-26 1.64e-25
55.5 0.56 5.44e-26 5.43e-26 1.37e-25
55.6 0.56 4.55e-26 4.55e-26 1.15e-25
55.7 0.56 3.81e-26 3.8e-26 9.59e-26
55.8 0.56 3.18e-26 3.18e-26 8.02e-26
55.9 0.56 2.66e-26 2.66e-26 6.71e-26
56 0.56 2.23e-26 2.23e-26 5.61e-26
56.1 0.56 1.86e-26 1.86e-26 4.69e-26
56.2 0.56 1.56e-26 1.56e-26 3.93e-26
56.3 0.56 1.3e-26 1.3e-26 3.28e-26
56.4 0.56 1.09e-26 1.09e-26 2.75e-26
56.5 0.56 9.12e-27 9.11e-27 2.3e-26
56.6 0.56 7.63e-27 7.62e-27 1.92e-26
56.7 0.56 6.38e-27 6.38e-27 1.61e-26
56.8 0.56 5.34e-27 5.33e-27 1.34e-26
56.9 0.56 4.47e-27 4.46e-27 1.12e-26
57 0.56 3.74e-27 3.73e-27 9.41e-27
57.1 0.56 3.12e-27 3.12e-27 7.87e-27
57.2 0.56 2.61e-27 2.61e-27 6.58e-27
57.3 0.56 2.19e-27 2.18e-27 5.51e-27
57.4 0.56 1.83e-27 1.83e-27 4.61e-27
57.5 0.56 1.53e-27 1.53e-27 3.85e-27
57.6 0.56 1.28e-27 1.28e-27 3.22e-27
57.7 0.56 1.07e-27 1.07e-27 2.7e-27
57.8 0.56 8.95e-28 8.94e-28 2.25e-27
57.9 0.56 7.49e-28 7.48e-28 1.89e-27
58 0.56 6.26e-28 6.26e-28 1.58e-27
58.1 0.56 5.24e-28 5.23e-28 1.32e-27
58.2 0.56 4.38e-28 4.38e-28 1.1e-27
58.3 0.56 3.67e-28 3.66e-28 9.23e-28
58.4 0.56 3.07e-28 3.06e-28 7.72e-28
58.5 0.56 2.56e-28 2.56e-28 6.46e-28
58.6 0.56 2.15e-28 2.14e-28 5.4e-28
58.7 0.56 1.79e-28 1.79e-28 4.52e-28
58.8 0.56 1.5e-28 1.5e-28 3.78e-28
58.9 0.56 1.26e-28 1.25e-28 3.16e-28
59 0.56 1.05e-28 1.05e-28 2.65e-28
59.1 0.56 8.78e-29 8.77e-29 2.21e-28
59.2 0.56 7.35e-29 7.34e-29 1.85e-28
59.3 0.56 6.15e-29 6.14e-29 1.55e-28
59.4 0.56 5.14e-29 5.14e-29 1.29e-28
59.5 0.56 4.3e-29 4.3e-29 1.08e-28
59.6 0.56 3.6e-29 3.59e-29 9.06e-29
59.7 0.56 3.01e-29 3.01e-29 7.58e-29
59.8 0.56 2.52e-29 2.51e-29 6.34e-29
59.9 0.56 2.11e-29 2.1e-29 5.3e-29
60 0.56 1.76e-29 1.76e-29 4.44e-29
60.1 0.56 1.47e-29 1.47e-29 3.71e-29
60.2 0.56 1.23e-29 1.23e-29 3.1e-29
60.3 0.56 1.03e-29 1.03e-29 2.6e-29
60.4 0.56 8.62e-30 8.61e-30 2.17e-29
60.5 0.56 7.21e-30 7.2e-30 1.82e-29
60.6 0.56 6.03e-30 6.02e-30 1.52e-29
60.7 0.56 5.05e-30 5.04e-30 1.27e-29
60.8 0.56 4.22e-30 4.22e-30 1.06e-29
60.9 0.56 3.53e-30 3.53e-30 8.89e-30
61 0.56 2.95e-30 2.95e-30 7.44e-30
61.1 0.56 2.47e-30 2.47e-30 6.22e-30
61.2 0.56 2.07e-30 2.06e-30 5.2e-30
61.3 0.56 1.73e-30 1.73e-30 4.35e-30
61.4 0.56 1.45e-30 1.44e-30 3.64e-30
61.5 0.56 1.21e-30 1.21e-30 3.05e-30
61.6 0.56 1.01e-30 1.01e-30 2.55e-30
61.7 0.56 8.46e-31 8.45e-31 2.13e-30
61.8 0.56 7.08e-31 7.07e-31 1.78e-30
61.9 0.56 5.92e-31 5.91e-31 1.49e-30
62 0.56 4.95e-31 4.95e-31 1.25e-30
62.1 0.56 4.14e-31 4.14e-31 1.04e-30
62.2 0.56 3.46e-31 3.46e-31 8.73e-31
62.3 0.56 2.9e-31 2.89e-31 7.3e-31
62.4 0.56 2.42e-31 2.42e-31 6.1e-31
62.5 0.56 2.03e-31 2.03e-31 5.11e-31
62.6 0.56 1.7e-31 1.69e-31 4.27e-31
62.7 0.56 1.42e-31 1.42e-31 3.57e-31
62.8 0.56 1.19e-31 1.19e-31 2.99e-31
62.9 0.56 9.92e-32 9.91e-32 2.5e-31
63 0.56 8.3e-32 8.29e-32 2.09e-31
63.1 0.56 6.94e-32 6.94e-32 1.75e-31
63.2 0.56 5.81e-32 5.8e-32 1.46e-31
63.3 0.56 4.86e-32 4.85e-32 1.22e-31
63.4 0.56 4.06e-32 4.06e-32 1.02e-31
63.5 0.56 3.4e-32 3.4e-32 8.56e-32
63.6 0.56 2.84e-32 2.84e-32 7.16e-32
63.7 0.56 2.38e-32 2.38e-32 5.99e-32
63.8 0.56 1.99e-32 1.99e-32 5.01e-32
63.9 0.56 1.66e-32 1.66e-32 4.19e-32
64 0.56 1.39e-32 1.39e-32 3.51e-32
64.1 0.56 1.16e-32 1.16e-32 2.93e-32
64.2 0.56 9.74e-33 9.73e-33 2.45e-32
64.3 0.56 8.15e-33 8.14e-33 2.05e-32
64.4 0.56 6.81e-33 6.81e-33 1.72e-32
64.5 0.56 5.7e-33 5.69e-33 1.44e-32
64.6 0.56 4.77e-33 4.76e-33 1.2e-32
64.7 0.56 3.99e-33 3.98e-33 1e-32
64.8 0.56 3.34e-33 3.33e-33 8.4e-33
64.9 0.56 2.79e-33 2.79e-33 7.03e-33
65 0.56 2.33e-33 2.33e-33 5.88e-33
65.1 0.56 1.95e-33 1.95e-33 4.92e-33
65.2 0.56 1.63e-33 1.63e-33 4.11e-33
65.3 0.56 1.37e-33 1.36e-33 3.44e-33
65.4 0.56 1.14e-33 1.14e-33 2.88e-33
65.5 0.56 9.56e-34 9.55e-34 2.41e-33
65.6 0.56 7.99e-34 7.99e-34 2.01e-33
65.7 0.56 6.69e-34 6.68e-34 1.68e-33
65.8 0.56 5.59e-34 5.59e-34 1.41e-33
65.9 0.56 4.68e-34 4.67e-34 1.18e-33
66 0.56 3.91e-34 3.91e-34 9.86e-34
66.1 0.56 3.27e-34 3.27e-34 8.25e-34
66.2 0.56 2.74e-34 2.74e-34 6.9e-34
66.3 0.56 2.29e-34 2.29e-34 5.77e-34
66.4 0.56 1.92e-34 1.91e-34 4.83e-34
66.5 0.56 1.6e-34 1.6e-34 4.04e-34
66.6 0.56 1.34e-34 1.34e-34 3.38e-34
66.7 0.56 1.12e-34 1.12e-34 2.82e-34
66.8 0.56 9.38e-35 9.37e-35 2.36e-34
66.9 0.56 7.85e-35 7.84e-35 1.98e-34
67 0.56 6.56e-35 6.56e-35 1.65e-34
67.1 0.56 5.49e-35 5.48e-35 1.38e-34
67.2 0.56 4.59e-35 4.59e-35 1.16e-34
67.3 0.56 3.84e-35 3.84e-35 9.67e-35
67.4 0.56 3.21e-35 3.21e-35 8.09e-35
67.5 0.56 2.69e-35 2.68e-35 6.77e-35
67.6 0.56 2.25e-35 2.25e-35 5.66e-35
67.7 0.56 1.88e-35 1.88e-35 4.74e-35
67.8 0.56 1.57e-35 1.57e-35 3.96e-35
67.9 0.56 1.32e-35 1.31e-35 3.31e-35
68 0.56 1.1e-35 1.1e-35 2.77e-35
68.1 0.56 9.2e-36 9.19e-36 2.32e-35
68.2 0.56 7.7e-36 7.69e-36 1.94e-35
68.3 0.56 6.44e-36 6.43e-36 1.62e-35
68.4 0.56 5.39e-36 5.38e-36 1.36e-35
68.5 0.56 4.51e-36 4.5e-36 1.13e-35
68.6 0.56 3.77e-36 3.76e-36 9.49e-36
68.7 0.56 3.15e-36 3.15e-36 7.94e-36
68.8 0.56 2.64e-36 2.63e-36 6.64e-36
68.9 0.56 2.21e-36 2.2e-36 5.56e-36
69 0.56 1.85e-36 1.84e-36 4.65e-36
69.1 0.56 1.54e-36 1.54e-36 3.89e-36
69.2 0.56 1.29e-36 1.29e-36 3.25e-36
69.3 0.56 1.08e-36 1.08e-36 2.72e-36
69.4 0.56 9.03e-37 9.02e-37 2.28e-36
69.5 0.56 7.56e-37 7.55e-37 1.9e-36
69.6 0.56 6.32e-37 6.31e-37 1.59e-36
69.7 0.56 5.29e-37 5.28e-37 1.33e-36
69.8 0.56 4.42e-37 4.42e-37 1.11e-36
69.9 0.56 3.7e-37 3.69e-37 9.32e-37
70 0.56 3.09e-37 3.09e-37 7.79e-37
70.1 0.56 2.59e-37 2.58e-37 6.52e-37
70.2 0.56 2.16e-37 2.16e-37 5.45e-37
70.3 0.56 1.81e-37 1.81e-37 4.56e-37
70.4 0.56 1.51e-37 1.51e-37 3.81e-37
70.5 0.56 1.27e-37 1.27e-37 3.19e-37
70.6 0.56 1.06e-37 1.06e-37 2.67e-37
70.7 0.56 8.86e-38 8.85e-38 2.23e-37
70.8 0.56 7.41e-38 7.41e-38 1.87e-37
70.9 0.56 6.2e-38 6.19e-38 1.56e-37
71 0.56 5.19e-38 5.18e-38 1.31e-37
71.1 0.56 4.34e-38 4.33e-38 1.09e-37
71.2 0.56 3.63e-38 3.63e-38 9.14e-38
71.3 0.56 3.04e-38 3.03e-38 7.65e-38
71.4 0.56 2.54e-38 2.54e-38 6.4e-38
71.5 0.56 2.12e-38 2.12e-38 5.35e-38
71.6 0.56 1.78e-38 1.77e-38 4.48e-38
71.7 0.56 1.49e-38 1.48e-38 3.74e-38
71.8 0.56 1.24e-38 1.24e-38 3.13e-38
71.9 0.56 1.04e-38 1.04e-38 2.62e-38
72 0.56 8.7e-39 8.69e-39 2.19e-38
72.1 0.56 7.28e-39 7.27e-39 1.83e-38
72.2 0.56 6.09e-39 6.08e-39 1.53e-38
72.3 0.56 5.09e-39 5.08e-39 1.28e-38
72.4 0.56 4.26e-39 4.25e-39 1.07e-38
72.5 0.56 3.56e-39 3.56e-39 8.97e-39
72.6 0.56 2.98e-39 2.98e-39 7.5e-39
72.7 0.56 2.49e-39 2.49e-39 6.28e-39
72.8 0.56 2.08e-39 2.08e-39 5.25e-39
72.9 0.56 1.74e-39 1.74e-39 4.39e-39
73 0.56 1.46e-39 1.46e-39 3.67e-39
73.1 0.56 1.22e-39 1.22e-39 3.07e-39
73.2 0.56 1.02e-39 1.02e-39 2.57e-39
73.3 0.56 8.54e-40 8.53e-40 2.15e-39
73.4 0.56 7.14e-40 7.13e-40 1.8e-39
73.5 0.56 5.97e-40 5.97e-40 1.5e-39
73.6 0.56 5e-40 4.99e-40 1.26e-39
73.7 0.56 4.18e-40 4.17e-40 1.05e-39
73.8 0.56 3.5e-40 3.49e-40 8.8e-40
73.9 0.56 2.92e-40 2.92e-40 7.36e-40
74 0.56 2.45e-40 2.44e-40 6.16e-40
74.1 0.56 2.05e-40 2.04e-40 5.15e-40
74.2 0.56 1.71e-40 1.71e-40 4.31e-40
74.3 0.56 1.43e-40 1.43e-40 3.61e-40
74.4 0.56 1.2e-40 1.2e-40 3.02e-40
74.5 0.56 1e-40 1e-40 2.52e-40
74.6 0.56 8.38e-41 8.37e-41 2.11e-40
74.7 0.56 7.01e-41 7e-41 1.76e-40
74.8 0.56 5.86e-41 5.85e-41 1.48e-40
74.9 0.56 4.9e-41 4.9e-41 1.23e-40
75 0.56 4.1e-41 4.1e-41 1.03e-40
75.1 0.56 3.43e-41 3.43e-41 8.64e-41
75.2 0.56 2.87e-41 2.87e-41 7.23e-41
75.3 0.56 2.4e-41 2.4e-41 6.04e-41
75.4 0.56 2.01e-41 2.01e-41 5.06e-41
75.5 0.56 1.68e-41 1.68e-41 4.23e-41
75.6 0.56 1.4e-41 1.4e-41 3.54e-41
75.7 0.56 1.17e-41 1.17e-41 2.96e-41
75.8 0.56 9.83e-42 9.82e-42 2.48e-41
75.9 0.56 8.22e-42 8.21e-42 2.07e-41
76 0.56 6.88e-42 6.87e-42 1.73e-41
76.1 0.56 5.75e-42 5.75e-42 1.45e-41
76.2 0.56 4.81e-42 4.81e-42 1.21e-41
76.3 0.56 4.02e-42 4.02e-42 1.01e-41
76.4 0.56 3.37e-42 3.36e-42 8.48e-42
76.5 0.56 2.82e-42 2.81e-42 7.09e-42
76.6 0.56 2.36e-42 2.35e-42 5.93e-42
76.7 0.56 1.97e-42 1.97e-42 4.96e-42
76.8 0.56 1.65e-42 1.65e-42 4.15e-42
76.9 0.56 1.38e-42 1.38e-42 3.47e-42
77 0.56 1.15e-42 1.15e-42 2.9e-42
77.1 0.56 9.64e-43 9.63e-43 2.43e-42
77.2 0.56 8.07e-43 8.06e-43 2.03e-42
77.3 0.56 6.75e-43 6.74e-43 1.7e-42
77.4 0.56 5.64e-43 5.64e-43 1.42e-42
77.5 0.56 4.72e-43 4.72e-43 1.19e-42
77.6 0.56 3.95e-43 3.94e-43 9.95e-43
77.7 0.56 3.3e-43 3.3e-43 8.32e-43
77.8 0.56 2.76e-43 2.76e-43 6.96e-43
77.9 0.56 2.31e-43 2.31e-43 5.82e-43
78 0.56 1.93e-43 1.93e-43 4.87e-43
78.1 0.56 1.62e-43 1.62e-43 4.07e-43
78.2 0.56 1.35e-43 1.35e-43 3.41e-43
78.3 0.56 1.13e-43 1.13e-43 2.85e-43
78.4 0.56 9.46e-44 9.45e-44 2.38e-43
78.5 0.56 7.92e-44 7.91e-44 1.99e-43
78.6 0.56 6.62e-44 6.61e-44 1.67e-43
78.7 0.56 5.54e-44 5.53e-44 1.4e-43
78.8 0.56 4.63e-44 4.63e-44 1.17e-43
78.9 0.56 3.88e-44 3.87e-44 9.76e-44
79 0.56 3.24e-44 3.24e-44 8.16e-44
79.1 0.56 2.71e-44 2.71e-44 6.83e-44
79.2 0.56 2.27e-44 2.27e-44 5.71e-44
79.3 0.56 1.9e-44 1.89e-44 4.78e-44
79.4 0.56 1.59e-44 1.59e-44 4e-44
79.5 0.56 1.33e-44 1.33e-44 3.34e-44
79.6 0.56 1.11e-44 1.11e-44 2.8e-44
79.7 0.56 9.29e-45 9.28e-45 2.34e-44
79.8 0.56 7.77e-45 7.76e-45 1.96e-44
79.9 0.56 6.5e-45 6.49e-45 1.64e-44
80 0.56 5.44e-45 5.43e-45 1.37e-44
80.1 0.56 4.55e-45 4.54e-45 1.15e-44
80.2 0.56 3.8e-45 3.8e-45 9.58e-45
80.3 0.56 3.18e-45 3.18e-45 8.01e-45
80.4 0.56 2.66e-45 2.66e-45 6.7e-45
80.5 0.56 2.23e-45 2.22e-45 5.61e-45
80.6 0.56 1.86e-45 1.86e-45 4.69e-45
80.7 0.56 1.56e-45 1.56e-45 3.92e-45
80.8 0.56 1.3e-45 1.3e-45 3.28e-45
80.9 0.56 1.09e-45 1.09e-45 2.74e-45
81 0.56 9.11e-46 9.1e-46 2.3e-45
81.1 0.56 7.62e-46 7.61e-46 1.92e-45
81.2 0.56 6.38e-46 6.37e-46 1.61e-45
81.3 0.56 5.33e-46 5.33e-46 1.34e-45
81.4 0.56 4.46e-46 4.46e-46 1.12e-45
81.5 0.56 3.73e-46 3.73e-46 9.4e-46
81.6 0.56 3.12e-46 3.12e-46 7.86e-46
81.7 0.56 2.61e-46 2.61e-46 6.58e-46
81.8 0.56 2.18e-46 2.18e-46 5.5e-46
81.9 0.56 1.83e-46 1.82e-46 4.6e-46
82 0.56 1.53e-46 1.53e-46 3.85e-46
82.1 0.56 1.28e-46 1.28e-46 3.22e-46
82.2 0.56 1.07e-46 1.07e-46 2.69e-46
82.3 0.56 8.94e-47 8.93e-47 2.25e-46
82.4 0.56 7.48e-47 7.47e-47 1.88e-46
82.5 0.56 6.26e-47 6.25e-47 1.58e-46
82.6 0.56 5.23e-47 5.23e-47 1.32e-46
82.7 0.56 4.38e-47 4.37e-47 1.1e-46
82.8 0.56 3.66e-47 3.66e-47 9.22e-47
82.9 0.56 3.06e-47 3.06e-47 7.72e-47
83 0.56 2.56e-47 2.56e-47 6.45e-47
83.1 0.56 2.14e-47 2.14e-47 5.4e-47
83.2 0.56 1.79e-47 1.79e-47 4.52e-47
83.3 0.56 1.5e-47 1.5e-47 3.78e-47
83.4 0.56 1.25e-47 1.25e-47 3.16e-47
83.5 0.56 1.05e-47 1.05e-47 2.64e-47
83.6 0.56 8.78e-48 8.77e-48 2.21e-47
83.7 0.56 7.34e-48 7.33e-48 1.85e-47
83.8 0.56 6.14e-48 6.13e-48 1.55e-47
83.9 0.56 5.14e-48 5.13e-48 1.29e-47
84 0.56 4.3e-48 4.29e-48 1.08e-47
84.1 0.56 3.59e-48 3.59e-48 9.05e-48
84.2 0.56 3.01e-48 3e-48 7.57e-48
84.3 0.56 2.51e-48 2.51e-48 6.33e-48
84.4 0.56 2.1e-48 2.1e-48 5.3e-48
84.5 0.56 1.76e-48 1.76e-48 4.43e-48
84.6 0.56 1.47e-48 1.47e-48 3.71e-48
84.7 0.56 1.23e-48 1.23e-48 3.1e-48
84.8 0.56 1.03e-48 1.03e-48 2.59e-48
84.9 0.56 8.61e-49 8.6e-49 2.17e-48
85 0.56 7.2e-49 7.2e-49 1.81e-48
85.1 0.56 6.03e-49 6.02e-49 1.52e-48
85.2 0.56 5.04e-49 5.04e-49 1.27e-48
85.3 0.56 4.22e-49 4.21e-49 1.06e-48
85.4 0.56 3.53e-49 3.52e-49 8.88e-49
85.5 0.56 2.95e-49 2.95e-49 7.43e-49
85.6 0.56 2.47e-49 2.46e-49 6.22e-49
85.7 0.56 2.06e-49 2.06e-49 5.2e-49
85.8 0.56 1.73e-49 1.72e-49 4.35e-49
85.9 0.56 1.44e-49 1.44e-49 3.64e-49
86 0.56 1.21e-49 1.21e-49 3.04e-49
86.1 0.56 1.01e-49 1.01e-49 2.55e-49
86.2 0.56 8.45e-50 8.44e-50 2.13e-49
86.3 0.56 7.07e-50 7.06e-50 1.78e-49
86.4 0.56 5.91e-50 5.91e-50 1.49e-49
86.5 0.56 4.95e-50 4.94e-50 1.25e-49
86.6 0.56 4.14e-50 4.13e-50 1.04e-49
86.7 0.56 3.46e-50 3.46e-50 8.72e-50
86.8 0.56 2.89e-50 2.89e-50 7.29e-50
86.9 0.56 2.42e-50 2.42e-50 6.1e-50
87 0.56 2.03e-50 2.02e-50 5.1e-50
87.1 0.56 1.69e-50 1.69e-50 4.27e-50
87.2 0.56 1.42e-50 1.42e-50 3.57e-50
87.3 0.56 1.19e-50 1.18e-50 2.99e-50
87.4 0.56 9.92e-51 9.9e-51 2.5e-50
87.5 0.56 8.29e-51 8.29e-51 2.09e-50
87.6 0.56 6.94e-51 6.93e-51 1.75e-50
87.7 0.56 5.8e-51 5.8e-51 1.46e-50
87.8 0.56 4.85e-51 4.85e-51 1.22e-50
87.9 0.56 4.06e-51 4.06e-51 1.02e-50
88 0.56 3.4e-51 3.39e-51 8.55e-51
88.1 0.56 2.84e-51 2.84e-51 7.16e-51
88.2 0.56 2.38e-51 2.37e-51 5.99e-51
88.3 0.56 1.99e-51 1.99e-51 5.01e-51
88.4 0.56 1.66e-51 1.66e-51 4.19e-51
88.5 0.56 1.39e-51 1.39e-51 3.5e-51
88.6 0.56 1.16e-51 1.16e-51 2.93e-51
88.7 0.56 9.73e-52 9.72e-52 2.45e-51
88.8 0.56 8.14e-52 8.13e-52 2.05e-51
88.9 0.56 6.81e-52 6.8e-52 1.71e-51
89 0.56 5.69e-52 5.69e-52 1.43e-51
89.1 0.56 4.76e-52 4.76e-52 1.2e-51
89.2 0.56 3.98e-52 3.98e-52 1e-51
89.3 0.56 3.33e-52 3.33e-52 8.4e-52
89.4 0.56 2.79e-52 2.78e-52 7.02e-52
89.5 0.56 2.33e-52 2.33e-52 5.87e-52
89.6 0.56 1.95e-52 1.95e-52 4.91e-52
89.7 0.56 1.63e-52 1.63e-52 4.11e-52
89.8 0.56 1.36e-52 1.36e-52 3.44e-52
89.9 0.56 1.14e-52 1.14e-52 2.88e-52
90 0.56 9.55e-53 9.54e-53 2.41e-52
90.1 0.56 7.99e-53 7.98e-53 2.01e-52
90.2 0.56 6.68e-53 6.67e-53 1.68e-52
90.3 0.56 5.59e-53 5.58e-53 1.41e-52
90.4 0.56 4.67e-53 4.67e-53 1.18e-52
90.5 0.56 3.91e-53 3.91e-53 9.85e-53
90.6 0.56 3.27e-53 3.27e-53 8.24e-53
90.7 0.56 2.74e-53 2.73e-53 6.89e-53
90.8 0.56 2.29e-53 2.29e-53 5.76e-53
90.9 0.56 1.91e-53 1.91e-53 4.82e-53
91 0.56 1.6e-53 1.6e-53 4.03e-53
91.1 0.56 1.34e-53 1.34e-53 3.37e-53
91.2 0.56 1.12e-53 1.12e-53 2.82e-53
91.3 0.56 9.37e-54 9.36e-54 2.36e-53
91.4 0.56 7.84e-54 7.83e-54 1.97e-53
91.5 0.56 6.56e-54 6.55e-54 1.65e-53
91.6 0.56 5.48e-54 5.48e-54 1.38e-53
91.7 0.56 4.59e-54 4.58e-54 1.16e-53
91.8 0.56 3.84e-54 3.83e-54 9.67e-54
91.9 0.56 3.21e-54 3.21e-54 8.08e-54
92 0.56 2.68e-54 2.68e-54 6.76e-54
92.1 0.56 2.25e-54 2.24e-54 5.66e-54
92.2 0.56 1.88e-54 1.88e-54 4.73e-54
92.3 0.56 1.57e-54 1.57e-54 3.96e-54
92.4 0.56 1.31e-54 1.31e-54 3.31e-54
92.5 0.56 1.1e-54 1.1e-54 2.77e-54
92.6 0.56 9.2e-55 9.19e-55 2.32e-54
92.7 0.56 7.69e-55 7.68e-55 1.94e-54
92.8 0.56 6.43e-55 6.43e-55 1.62e-54
92.9 0.56 5.38e-55 5.38e-55 1.36e-54
93 0.56 4.5e-55 4.5e-55 1.13e-54
93.1 0.56 3.77e-55 3.76e-55 9.48e-55
93.2 0.56 3.15e-55 3.15e-55 7.93e-55
93.3 0.56 2.63e-55 2.63e-55 6.64e-55
93.4 0.56 2.2e-55 2.2e-55 5.55e-55
93.5 0.56 1.84e-55 1.84e-55 4.64e-55
93.6 0.56 1.54e-55 1.54e-55 3.88e-55
93.7 0.56 1.29e-55 1.29e-55 3.25e-55
93.8 0.56 1.08e-55 1.08e-55 2.72e-55
93.9 0.56 9.02e-56 9.01e-56 2.27e-55
94 0.56 7.55e-56 7.54e-56 1.9e-55
94.1 0.56 6.31e-56 6.31e-56 1.59e-55
94.2 0.56 5.28e-56 5.28e-56 1.33e-55
94.3 0.56 4.42e-56 4.41e-56 1.11e-55
94.4 0.56 3.7e-56 3.69e-56 9.31e-56
94.5 0.56 3.09e-56 3.09e-56 7.79e-56
94.6 0.56 2.59e-56 2.58e-56 6.51e-56
94.7 0.56 2.16e-56 2.16e-56 5.45e-56
94.8 0.56 1.81e-56 1.81e-56 4.56e-56
94.9 0.56 1.51e-56 1.51e-56 3.81e-56
95 0.56 1.27e-56 1.26e-56 3.19e-56
95.1 0.56 1.06e-56 1.06e-56 2.67e-56
95.2 0.56 8.86e-57 8.85e-57 2.23e-56
95.3 0.56 7.41e-57 7.4e-57 1.87e-56
95.4 0.56 6.2e-57 6.19e-57 1.56e-56
95.5 0.56 5.18e-57 5.18e-57 1.31e-56
95.6 0.56 4.34e-57 4.33e-57 1.09e-56
95.7 0.56 3.63e-57 3.62e-57 9.13e-57
95.8 0.56 3.03e-57 3.03e-57 7.64e-57
95.9 0.56 2.54e-57 2.53e-57 6.39e-57
96 0.56 2.12e-57 2.12e-57 5.35e-57
96.1 0.56 1.78e-57 1.77e-57 4.47e-57
96.2 0.56 1.48e-57 1.48e-57 3.74e-57
96.3 0.56 1.24e-57 1.24e-57 3.13e-57
96.4 0.56 1.04e-57 1.04e-57 2.62e-57
96.5 0.56 8.69e-58 8.68e-58 2.19e-57
96.6 0.56 7.27e-58 7.26e-58 1.83e-57
96.7 0.56 6.08e-58 6.07e-58 1.53e-57
96.8 0.56 5.09e-58 5.08e-58 1.28e-57
96.9 0.56 4.25e-58 4.25e-58 1.07e-57
97 0.56 3.56e-58 3.55e-58 8.96e-58
97.1 0.56 2.98e-58 2.97e-58 7.5e-58
97.2 0.56 2.49e-58 2.49e-58 6.27e-58
97.3 0.56 2.08e-58 2.08e-58 5.25e-58
97.4 0.56 1.74e-58 1.74e-58 4.39e-58
97.5 0.56 1.46e-58 1.46e-58 3.67e-58
97.6 0.56 1.22e-58 1.22e-58 3.07e-58
97.7 0.56 1.02e-58 1.02e-58 2.57e-58
97.8 0.56 8.53e-59 8.52e-59 2.15e-58
97.9 0.56 7.13e-59 7.13e-59 1.8e-58
98 0.56 5.97e-59 5.96e-59 1.5e-58
98.1 0.56 4.99e-59 4.99e-59 1.26e-58
98.2 0.56 4.17e-59 4.17e-59 1.05e-58
98.3 0.56 3.49e-59 3.49e-59 8.8e-59
98.4 0.56 2.92e-59 2.92e-59 7.36e-59
98.5 0.56 2.44e-59 2.44e-59 6.15e-59
98.6 0.56 2.04e-59 2.04e-59 5.15e-59
98.7 0.56 1.71e-59 1.71e-59 4.31e-59
98.8 0.56 1.43e-59 1.43e-59 3.6e-59
98.9 0.56 1.2e-59 1.19e-59 3.01e-59
99 0.56 1e-59 9.99e-60 2.52e-59
99.1 0.56 8.37e-60 8.36e-60 2.11e-59
99.2 0.56 7e-60 6.99e-60 1.76e-59
99.3 0.56 5.86e-60 5.85e-60 1.47e-59
99.4 0.56 4.9e-60 4.89e-60 1.23e-59
99.5 0.56 4.1e-60 4.09e-60 1.03e-59
99.6 0.56 3.43e-60 3.42e-60 8.63e-60
99.7 0.56 2.87e-60 2.86e-60 7.22e-60
99.8 0.56 2.4e-60 2.4e-60 6.04e-60
99.9 0.56 2.01e-60 2e-60 5.05e-60
