-22.6 0.96 1.64e-09 1.01e-10 1.24e-10
-22.5 0.96 1.83e-09 1.12e-10 1.37e-10
-22.4 0.96 2.03e-09 1.24e-10 1.52e-10
-22.3 0.96 2.25e-09 1.37e-10 1.69e-10
-22.2 0.96 2.49e-09 1.53e-10 1.88e-10
-22.1 0.96 2.77e-09 1.69e-10 2.08e-10
-22 0.96 3.07e-09 1.88e-10 2.31e-10
-21.9 0.96 3.41e-09 2.09e-10 2.56e-10
-21.8 0.96 3.78e-09 2.31e-10 2.85e-10
-21.7 0.96 4.2e-09 2.57e-10 3.16e-10
-21.6 0.96 4.66e-09 2.85e-10 3.51e-10
-21.5 0.96 5.17e-09 3.16e-10 3.89e-10
-21.4 0.96 5.74e-09 3.51e-10 4.32e-10
-21.3 0.96 6.37e-09 3.9e-10 4.79e-10
-21.2 0.96 7.07e-09 4.32e-10 5.32e-10
-21.1 0.96 7.85e-09 4.8e-10 5.9e-10
-21 0.96 8.71e-09 5.33e-10 6.55e-10
-20.9 0.96 9.66e-09 5.91e-10 7.27e-10
-20.8 0.96 1.07e-08 6.56e-10 8.07e-10
-20.7 0.96 1.19e-08 7.28e-10 8.95e-10
-20.6 0.96 1.32e-08 8.08e-10 9.94e-10
-20.5 0.96 1.47e-08 8.97e-10 1.1e-09
-20.4 0.96 1.63e-08 9.95e-10 1.22e-09
-20.3 0.96 1.81e-08 1.1e-09 1.36e-09
-20.2 0.96 2e-08 1.23e-09 1.51e-09
-20.1 0.96 2.22e-08 1.36e-09 1.67e-09
-20 0.96 2.47e-08 1.51e-09 1.86e-09
-19.9 0.96 2.74e-08 1.68e-09 2.06e-09
-19.8 0.96 3.04e-08 1.86e-09 2.29e-09
-19.7 0.96 3.37e-08 2.06e-09 2.54e-09
-19.6 0.96 3.74e-08 2.29e-09 2.82e-09
-19.5 0.96 4.15e-08 2.54e-09 3.12e-09
-19.4 0.96 4.61e-08 2.82e-09 3.47e-09
-19.3 0.96 5.12e-08 3.13e-09 3.85e-09
-19.2 0.96 5.68e-08 3.47e-09 4.27e-09
-19.1 0.96 6.3e-08 3.85e-09 4.74e-09
-19 0.96 6.99e-08 4.28e-09 5.26e-09
-18.9 0.96 7.76e-08 4.75e-09 5.84e-09
-18.8 0.96 8.61e-08 5.27e-09 6.48e-09
-18.7 0.96 9.56e-08 5.85e-09 7.19e-09
-18.6 0.96 1.06e-07 6.49e-09 7.98e-09
-18.5 0.96 1.18e-07 7.2e-09 8.86e-09
-18.4 0.96 1.31e-07 7.99e-09 9.83e-09
-18.3 0.96 1.45e-07 8.87e-09 1.09e-08
-18.2 0.96 1.61e-07 9.84e-09 1.21e-08
-18.1 0.96 1.79e-07 1.09e-08 1.34e-08
-18 0.96 1.98e-07 1.21e-08 1.49e-08
-17.9 0.96 2.2e-07 1.35e-08 1.65e-08
-17.8 0.96 2.44e-07 1.49e-08 1.84e-08
-17.7 0.96 2.71e-07 1.66e-08 2.04e-08
-17.6 0.96 3.01e-07 1.84e-08 2.26e-08
-17.5 0.96 3.34e-07 2.04e-08 2.51e-08
-17.4 0.96 3.7e-07 2.26e-08 2.78e-08
-17.3 0.96 4.11e-07 2.51e-08 3.09e-08
-17.2 0.96 4.56e-07 2.79e-08 3.43e-08
-17.1 0.96 5.06e-07 3.1e-08 3.81e-08
-17 0.96 5.62e-07 3.44e-08 4.22e-08
-16.9 0.96 6.23e-07 3.81e-08 4.69e-08
-16.8 0.96 6.92e-07 4.23e-08 5.2e-08
-16.7 0.96 7.68e-07 4.7e-08 5.77e-08
-16.6 0.96 8.52e-07 5.21e-08 6.41e-08
-16.5 0.96 9.46e-07 5.78e-08 7.11e-08
-16.4 0.96 1.05e-06 6.42e-08 7.89e-08
-16.3 0.96 1.16e-06 7.12e-08 8.76e-08
-16.2 0.96 1.29e-06 7.9e-08 9.72e-08
-16.1 0.96 1.43e-06 8.77e-08 1.08e-07
-16 0.96 1.59e-06 9.73e-08 1.2e-07
-15.9 0.96 1.77e-06 1.08e-07 1.33e-07
-15.8 0.96 1.96e-06 1.2e-07 1.47e-07
-15.7 0.96 2.18e-06 1.33e-07 1.64e-07
-15.6 0.96 2.41e-06 1.48e-07 1.82e-07
-15.5 0.96 2.68e-06 1.64e-07 2.02e-07
-15.4 0.96 2.97e-06 1.82e-07 2.24e-07
-15.3 0.96 3.3e-06 2.02e-07 2.48e-07
-15.2 0.96 3.66e-06 2.24e-07 2.75e-07
-15.1 0.96 4.06e-06 2.49e-07 3.06e-07
-15 0.96 4.51e-06 2.76e-07 3.39e-07
-14.9 0.96 5.01e-06 3.06e-07 3.76e-07
-14.8 0.96 5.56e-06 3.4e-07 4.18e-07
-14.7 0.96 6.17e-06 3.77e-07 4.64e-07
-14.6 0.96 6.84e-06 4.18e-07 5.15e-07
-14.5 0.96 7.59e-06 4.64e-07 5.71e-07
-14.4 0.96 8.43e-06 5.15e-07 6.34e-07
-14.3 0.96 9.35e-06 5.72e-07 7.03e-07
-14.2 0.96 1.04e-05 6.35e-07 7.8e-07
-14.1 0.96 1.15e-05 7.04e-07 8.66e-07
-14 0.96 1.28e-05 7.82e-07 9.61e-07
-13.9 0.96 1.42e-05 8.67e-07 1.07e-06
-13.8 0.96 1.57e-05 9.63e-07 1.18e-06
-13.7 0.96 1.75e-05 1.07e-06 1.31e-06
-13.6 0.96 1.94e-05 1.19e-06 1.46e-06
-13.5 0.96 2.15e-05 1.32e-06 1.62e-06
-13.4 0.96 2.39e-05 1.46e-06 1.79e-06
-13.3 0.96 2.65e-05 1.62e-06 1.99e-06
-13.2 0.96 2.94e-05 1.8e-06 2.21e-06
-13.1 0.96 3.26e-05 1.99e-06 2.45e-06
-13 0.96 3.62e-05 2.21e-06 2.72e-06
-12.9 0.96 4.02e-05 2.46e-06 3.02e-06
-12.8 0.96 4.46e-05 2.73e-06 3.35e-06
-12.7 0.96 4.95e-05 3.02e-06 3.72e-06
-12.6 0.96 5.49e-05 3.36e-06 4.13e-06
-12.5 0.96 6.1e-05 3.72e-06 4.58e-06
-12.4 0.96 6.77e-05 4.13e-06 5.08e-06
-12.3 0.96 7.51e-05 4.58e-06 5.63e-06
-12.2 0.96 8.33e-05 5.09e-06 6.25e-06
-12.1 0.96 9.25e-05 5.64e-06 6.94e-06
-12 0.96 0.000103 6.26e-06 7.69e-06
-11.9 0.96 0.000114 6.95e-06 8.54e-06
-11.8 0.96 0.000126 7.71e-06 9.47e-06
-11.7 0.96 0.00014 8.55e-06 1.05e-05
-11.6 0.96 0.000156 9.48e-06 1.16e-05
-11.5 0.96 0.000173 1.05e-05 1.29e-05
-11.4 0.96 0.000192 1.17e-05 1.43e-05
-11.3 0.96 0.000213 1.29e-05 1.59e-05
-11.2 0.96 0.000236 1.44e-05 1.76e-05
-11.1 0.96 0.000262 1.59e-05 1.95e-05
-11 0.96 0.00029 1.76e-05 2.17e-05
-10.9 0.96 0.000322 1.96e-05 2.4e-05
-10.8 0.96 0.000358 2.17e-05 2.66e-05
-10.7 0.96 0.000397 2.41e-05 2.95e-05
-10.6 0.96 0.00044 2.67e-05 3.27e-05
-10.5 0.96 0.000488 2.95e-05 3.62e-05
-10.4 0.96 0.000542 3.27e-05 4.01e-05
-10.3 0.96 0.000601 3.63e-05 4.44e-05
-10.2 0.96 0.000667 4.02e-05 4.92e-05
-10.1 0.96 0.00074 4.45e-05 5.44e-05
-10 0.96 0.000821 4.93e-05 6.02e-05
-9.9 0.96 0.00091 5.45e-05 6.66e-05
-9.8 0.96 0.00101 6.04e-05 7.37e-05
-9.7 0.96 0.00112 6.68e-05 8.15e-05
-9.6 0.96 0.00124 7.38e-05 9e-05
-9.5 0.96 0.00138 8.16e-05 9.94e-05
-9.4 0.96 0.00153 9.02e-05 0.00011
-9.3 0.96 0.00169 9.96e-05 0.000121
-9.2 0.96 0.00188 0.00011 0.000133
-9.1 0.96 0.00208 0.000121 0.000147
-9 0.96 0.00231 0.000134 0.000162
-8.9 0.96 0.00256 0.000147 0.000178
-8.8 0.96 0.00283 0.000162 0.000195
-8.7 0.96 0.00314 0.000179 0.000214
-8.6 0.96 0.00348 0.000196 0.000235
-8.5 0.96 0.00385 0.000216 0.000257
-8.4 0.96 0.00426 0.000236 0.000281
-8.3 0.96 0.00472 0.000259 0.000306
-8.2 0.96 0.00522 0.000283 0.000333
-8.1 0.96 0.00578 0.000309 0.000362
-8 0.96 0.00639 0.000337 0.000392
-7.9 0.96 0.00706 0.000367 0.000423
-7.8 0.96 0.0078 0.000399 0.000455
-7.7 0.96 0.00862 0.000432 0.000488
-7.6 0.96 0.00952 0.000467 0.000522
-7.5 0.96 0.0105 0.000504 0.000554
-7.4 0.96 0.0116 0.000542 0.000586
-7.3 0.96 0.0128 0.000582 0.000615
-7.2 0.96 0.0141 0.000622 0.000642
-7.1 0.96 0.0155 0.000663 0.000663
-7 0.96 0.017 0.000705 0.000679
-6.9 0.96 0.0187 0.000746 0.000686
-6.8 0.96 0.0205 0.000788 0.000683
-6.7 0.96 0.0225 0.00083 0.000668
-6.6 0.96 0.0247 0.000872 0.000638
-6.5 0.96 0.027 0.000916 0.000591
-6.4 0.96 0.0296 0.000962 0.000579
-6.3 0.96 0.0323 0.00101 0.00076
-6.2 0.96 0.0352 0.00107 0.000971
-6.1 0.96 0.0383 0.0012 0.00116
-6 0.96 0.0416 0.00128 0.00146
-5.9 0.96 0.0452 0.0014 0.0018
-5.8 0.96 0.0491 0.00156 0.00219
-5.7 0.96 0.0532 0.00181 0.00264
-5.6 0.96 0.0575 0.00218 0.00314
-5.5 0.96 0.0622 0.00278 0.00372
-5.4 0.96 0.0671 0.00376 0.00442
-5.3 0.96 0.0726 0.00539 0.00543
-5.2 0.96 0.079 0.00867 0.00706
-5.1 0.96 0.0875 0.0179 0.0107
-5 0.96 0.13 0.127 0.0475
-4.9 0.96 0.0816 0.0152 0.0341
-4.8 0.96 0.0932 0.00999 0.0172
-4.7 0.96 0.101 0.00849 0.0128
-4.6 0.96 0.109 0.00836 0.0107
-4.5 0.96 0.116 0.00847 0.00955
-4.4 0.96 0.123 0.00862 0.0087
-4.3 0.96 0.13 0.00871 0.00798
-4.2 0.96 0.136 0.0101 0.00588
-4.1 0.96 0.143 0.00999 0.00495
-4 0.96 0.15 0.00968 0.00397
-3.9 0.96 0.157 0.00907 0.00484
-3.8 0.96 0.161 0.00309 0.00602
-3.7 0.96 0.169 0.0033 0.00383
-3.6 0.96 0.176 0.00433 0.00411
-3.5 0.96 0.184 0.0052 0.00517
-3.4 0.96 0.192 0.00582 0.00683
-3.3 0.96 0.201 0.00614 0.00818
-3.2 0.96 0.21 0.00612 0.0091
-3.1 0.96 0.22 0.00573 0.00949
-3 0.96 0.233 0.00721 0.0116
-2.9 0.96 0.243 0.00857 0.0109
-2.8 0.96 0.25 0.00446 0.00685
-2.7 0.96 0.261 0.00408 0.00699
-2.6 0.96 0.273 0.00499 0.00845
-2.5 0.96 0.284 0.00552 0.0079
-2.4 0.96 0.295 0.00552 0.00705
-2.3 0.96 0.309 0.00316 0.00291
-2.2 0.96 0.32 0.00451 0.00329
-2.1 0.96 0.331 0.00529 0.0034
-2 0.96 0.342 0.0055 0.00328
-1.9 0.96 0.351 0.00654 0.00407
-1.8 0.96 0.362 0.00579 0.0039
-1.7 0.96 0.369 0.00331 0.00573
-1.6 0.96 0.383 0.00065 0.000722
-1.5 0.96 0.394 0.000915 0.00153
-1.4 0.96 0.407 0.00281 0.0021
-1.3 0.96 0.417 0.000692 0.00118
-1.2 0.96 0.429 0.000827 0.0012
-1.1 0.96 0.441 0.000791 0.000851
-1 0.96 0.452 0.000896 0.000767
-0.9 0.96 0.464 0.00072 0.000925
-0.8 0.96 0.475 0.000633 0.00091
-0.7 0.96 0.487 0.000685 0.000947
-0.6 0.96 0.498 0.000656 0.000972
-0.5 0.96 0.51 0.000659 0.00108
-0.4 0.96 0.521 0.000805 0.00114
-0.3 0.96 0.531 0.0015 0.00212
-0.2 0.96 0.543 0.00173 0.00228
-0.1 0.96 0.554 0.00202 0.00252
1.95e-14 0.96 0.565 0.00234 0.00285
0.1 0.96 0.576 0.00263 0.00323
0.2 0.96 0.586 0.00131 0.00281
0.3 0.96 0.596 0.00147 0.00306
0.4 0.96 0.607 0.00314 0.00603
0.5 0.96 0.62 0.0116 0.0108
0.6 0.96 0.63 0.0123 0.0129
0.7 0.96 0.639 0.00169 0.00204
0.8 0.96 0.645 0.00515 0.0114
0.9 0.96 0.655 0.00565 0.0111
1 0.96 0.665 0.00581 0.0101
1.1 0.96 0.674 0.00561 0.00842
1.2 0.96 0.689 0.00612 0.00789
1.3 0.96 0.698 0.00762 0.00833
1.4 0.96 0.708 0.00878 0.00824
1.5 0.96 0.718 0.00952 0.00766
1.6 0.96 0.729 0.00777 0.00371
1.7 0.96 0.738 0.00783 0.00412
1.8 0.96 0.746 0.00758 0.00436
1.9 0.96 0.75 0.0104 0.00971
2 0.96 0.758 0.0108 0.00837
2.1 0.96 0.766 0.0107 0.00682
2.2 0.96 0.776 0.00821 0.00441
2.3 0.96 0.783 0.00769 0.00447
2.4 0.96 0.789 0.00699 0.00436
2.5 0.96 0.795 0.00618 0.00412
2.6 0.96 0.801 0.00532 0.00377
2.7 0.96 0.806 0.00445 0.00337
2.8 0.96 0.811 0.00363 0.00293
2.9 0.96 0.816 0.00287 0.00249
3 0.96 0.821 0.00219 0.00206
3.1 0.96 0.826 0.00335 0.0023
3.2 0.96 0.83 0.00283 0.00203
3.3 0.96 0.834 0.00235 0.00176
3.4 0.96 0.838 0.00193 0.00151
3.5 0.96 0.841 0.00156 0.00128
3.6 0.96 0.845 0.00126 0.00108
3.7 0.96 0.848 0.001 0.000914
3.8 0.96 0.851 0.000794 0.000783
3.9 0.96 0.854 0.000637 0.000692
4 0.96 0.856 0.000569 0.000656
4.1 0.96 0.859 0.000558 0.000721
4.2 0.96 0.861 0.000676 0.00115
4.3 0.96 0.868 0.0136 0.00498
4.4 0.96 0.865 0.000809 0.000743
4.5 0.96 0.867 0.00047 0.0007
4.6 0.96 0.868 0.000489 0.00104
4.7 0.96 0.876 0.0168 0.00577
4.8 0.96 0.872 0.000592 0.000355
4.9 0.96 0.873 0.000256 0.000229
5 0.96 0.874 0.000151 0.000182
5.1 0.96 0.875 0.000102 0.000154
5.2 0.96 0.876 7.59e-05 0.000134
5.3 0.96 0.877 5.94e-05 0.000118
5.4 0.96 0.878 4.83e-05 0.000105
5.5 0.96 0.879 4.04e-05 9.24e-05
5.6 0.96 0.88 3.43e-05 8.16e-05
5.7 0.96 0.88 2.96e-05 7.17e-05
5.8 0.96 0.881 2.57e-05 6.28e-05
5.9 0.96 0.881 2.25e-05 5.48e-05
6 0.96 0.882 1.98e-05 4.74e-05
6.1 0.96 0.882 1.76e-05 4.08e-05
6.2 0.96 0.883 1.57e-05 3.48e-05
6.3 0.96 0.883 1.42e-05 2.95e-05
6.4 0.96 0.883 1.32e-05 2.47e-05
6.5 0.96 0.884 1.3e-05 2.07e-05
6.6 0.96 0.884 1.92e-05 2.32e-05
6.7 0.96 0.884 3.77e-05 2.04e-05
6.8 0.96 0.884 1.05e-05 1e-05
6.9 0.96 0.885 5.61e-06 2.75e-06
7 0.96 0.885 3.31e-06 1.27e-06
7.1 0.96 0.885 1.6e-06 1.02e-06
7.2 0.96 0.885 2.01e-06 1.52e-06
7.3 0.96 0.885 4.49e-06 3.29e-06
7.4 0.96 0.885 6.12e-06 3.8e-06
7.5 0.96 0.885 7.61e-06 4.25e-06
7.6 0.96 0.886 8.94e-06 4.65e-06
7.7 0.96 0.886 1.01e-05 5.01e-06
7.8 0.96 0.886 1.12e-05 5.34e-06
7.9 0.96 0.886 1.22e-05 5.63e-06
8 0.96 0.886 1.31e-05 5.89e-06
8.1 0.96 0.886 1.38e-05 6.13e-06
8.2 0.96 0.886 1.45e-05 6.34e-06
8.3 0.96 0.886 1.52e-05 6.54e-06
8.4 0.96 0.886 1.57e-05 6.72e-06
8.5 0.96 0.886 1.62e-05 6.87e-06
8.6 0.96 0.886 1.66e-05 7.01e-06
8.7 0.96 0.886 1.7e-05 7.14e-06
8.8 0.96 0.886 1.74e-05 7.26e-06
8.9 0.96 0.886 1.77e-05 7.36e-06
9 0.96 0.886 1.79e-05 7.45e-06
9.1 0.96 0.886 1.82e-05 7.53e-06
9.2 0.96 0.886 1.84e-05 7.61e-06
9.3 0.96 0.886 1.85e-05 7.66e-06
9.4 0.96 0.886 1.87e-05 7.71e-06
9.5 0.96 0.886 1.88e-05 7.76e-06
9.6 0.96 0.886 1.89e-05 7.79e-06
9.7 0.96 0.886 1.9e-05 7.82e-06
9.8 0.96 0.886 1.9e-05 7.83e-06
9.9 0.96 0.886 1.91e-05 7.85e-06
10 0.96 0.886 1.91e-05 7.85e-06
10.1 0.96 0.886 1.91e-05 7.85e-06
10.2 0.96 0.886 1.9e-05 7.83e-06
10.3 0.96 0.886 1.9e-05 7.82e-06
10.4 0.96 0.886 1.89e-05 7.79e-06
10.5 0.96 0.886 1.88e-05 7.76e-06
10.6 0.96 0.886 1.87e-05 7.71e-06
10.7 0.96 0.886 1.85e-05 7.66e-06
10.8 0.96 0.886 1.84e-05 7.61e-06
10.9 0.96 0.886 1.82e-05 7.53e-06
11 0.96 0.886 1.79e-05 7.45e-06
11.1 0.96 0.886 1.77e-05 7.36e-06
11.2 0.96 0.886 1.74e-05 7.26e-06
11.3 0.96 0.886 1.7e-05 7.14e-06
11.4 0.96 0.886 1.66e-05 7.01e-06
11.5 0.96 0.886 1.62e-05 6.87e-06
11.6 0.96 0.886 1.57e-05 6.72e-06
11.7 0.96 0.886 1.52e-05 6.54e-06
11.8 0.96 0.886 1.45e-05 6.34e-06
11.9 0.96 0.886 1.38e-05 6.13e-06
12 0.96 0.886 1.31e-05 5.89e-06
12.1 0.96 0.886 1.22e-05 5.63e-06
12.2 0.96 0.886 1.12e-05 5.34e-06
12.3 0.96 0.886 1.01e-05 5.01e-06
12.4 0.96 0.886 8.94e-06 4.65e-06
12.5 0.96 0.885 7.61e-06 4.25e-06
12.6 0.96 0.885 6.12e-06 3.8e-06
12.7 0.96 0.885 4.49e-06 3.29e-06
12.8 0.96 0.885 2.01e-06 1.52e-06
12.9 0.96 0.885 1.6e-06 1.02e-06
13 0.96 0.885 3.31e-06 1.27e-06
13.1 0.96 0.885 5.61e-06 2.75e-06
13.2 0.96 0.884 1.05e-05 1e-05
13.3 0.96 0.884 3.77e-05 2.04e-05
13.4 0.96 0.884 1.92e-05 2.32e-05
13.5 0.96 0.884 1.3e-05 2.07e-05
13.6 0.96 0.883 1.32e-05 2.47e-05
13.7 0.96 0.883 1.42e-05 2.95e-05
13.8 0.96 0.883 1.57e-05 3.48e-05
13.9 0.96 0.882 1.76e-05 4.08e-05
14 0.96 0.882 1.98e-05 4.74e-05
14.1 0.96 0.881 2.25e-05 5.48e-05
14.2 0.96 0.881 2.57e-05 6.28e-05
14.3 0.96 0.88 2.96e-05 7.17e-05
14.4 0.96 0.88 3.43e-05 8.16e-05
14.5 0.96 0.879 4.04e-05 9.24e-05
14.6 0.96 0.878 4.83e-05 0.000105
14.7 0.96 0.877 5.94e-05 0.000118
14.8 0.96 0.876 7.59e-05 0.000134
14.9 0.96 0.875 0.000102 0.000154
15 0.96 0.874 0.000151 0.000182
15.1 0.96 0.873 0.000256 0.000229
15.2 0.96 0.872 0.000592 0.000355
15.3 0.96 0.876 0.0168 0.00577
15.4 0.96 0.868 0.000489 0.00104
15.5 0.96 0.867 0.00047 0.0007
15.6 0.96 0.865 0.000809 0.000743
15.7 0.96 0.868 0.0136 0.00498
15.8 0.96 0.861 0.000676 0.00115
15.9 0.96 0.859 0.000558 0.000721
16 0.96 0.856 0.000569 0.000656
16.1 0.96 0.854 0.000637 0.000692
16.2 0.96 0.851 0.000794 0.000783
16.3 0.96 0.848 0.001 0.000914
16.4 0.96 0.845 0.00126 0.00108
16.5 0.96 0.841 0.00156 0.00128
16.6 0.96 0.838 0.00193 0.00151
16.7 0.96 0.834 0.00235 0.00176
16.8 0.96 0.83 0.00283 0.00203
16.9 0.96 0.826 0.00335 0.0023
17 0.96 0.821 0.00219 0.00206
17.1 0.96 0.816 0.00287 0.00249
17.2 0.96 0.811 0.00363 0.00293
17.3 0.96 0.806 0.00445 0.00337
17.4 0.96 0.801 0.00532 0.00377
17.5 0.96 0.795 0.00618 0.00412
17.6 0.96 0.789 0.00699 0.00436
17.7 0.96 0.783 0.00769 0.00447
17.8 0.96 0.776 0.00821 0.00441
17.9 0.96 0.766 0.0107 0.00682
18 0.96 0.758 0.0108 0.00837
18.1 0.96 0.75 0.0104 0.00971
18.2 0.96 0.746 0.00758 0.00436
18.3 0.96 0.738 0.00783 0.00412
18.4 0.96 0.729 0.00777 0.00371
18.5 0.96 0.718 0.00952 0.00766
18.6 0.96 0.708 0.00878 0.00824
18.7 0.96 0.698 0.00762 0.00833
18.8 0.96 0.689 0.00612 0.00789
18.9 0.96 0.674 0.00561 0.00842
19 0.96 0.665 0.00581 0.0101
19.1 0.96 0.655 0.00565 0.0111
19.2 0.96 0.645 0.00515 0.0114
19.3 0.96 0.639 0.00169 0.00204
19.4 0.96 0.63 0.0123 0.0129
19.5 0.96 0.62 0.0116 0.0108
19.6 0.96 0.607 0.00314 0.00603
19.7 0.96 0.596 0.00147 0.00306
19.8 0.96 0.586 0.00131 0.00281
19.9 0.96 0.576 0.00263 0.00323
20 0.96 0.565 0.00234 0.00285
20.1 0.96 0.554 0.00202 0.00252
20.2 0.96 0.543 0.00173 0.00228
20.3 0.96 0.531 0.0015 0.00212
20.4 0.96 0.521 0.000805 0.00114
20.5 0.96 0.51 0.000659 0.00108
20.6 0.96 0.498 0.000656 0.000972
20.7 0.96 0.487 0.000685 0.000947
20.8 0.96 0.475 0.000633 0.00091
20.9 0.96 0.464 0.00072 0.000925
21 0.96 0.452 0.000896 0.000767
21.1 0.96 0.441 0.000791 0.000851
21.2 0.96 0.429 0.000827 0.0012
21.3 0.96 0.417 0.000692 0.00118
21.4 0.96 0.407 0.00281 0.0021
21.5 0.96 0.394 0.000915 0.00153
21.6 0.96 0.383 0.00065 0.000722
21.7 0.96 0.369 0.00331 0.00573
21.8 0.96 0.362 0.00579 0.0039
21.9 0.96 0.351 0.00654 0.00407
22 0.96 0.342 0.0055 0.00328
22.1 0.96 0.331 0.00529 0.0034
22.2 0.96 0.32 0.00451 0.00329
22.3 0.96 0.309 0.00316 0.00291
22.4 0.96 0.295 0.00552 0.00705
22.5 0.96 0.284 0.00552 0.0079
22.6 0.96 0.273 0.00499 0.00845
22.7 0.96 0.261 0.00408 0.00699
22.8 0.96 0.25 0.00446 0.00685
22.9 0.96 0.243 0.00857 0.0109
23 0.96 0.233 0.00721 0.0116
23.1 0.96 0.22 0.00573 0.00949
23.2 0.96 0.21 0.00612 0.0091
23.3 0.96 0.201 0.00614 0.00818
23.4 0.96 0.192 0.00582 0.00683
23.5 0.96 0.184 0.0052 0.00517
23.6 0.96 0.176 0.00433 0.00411
23.7 0.96 0.169 0.0033 0.00383
23.8 0.96 0.161 0.00309 0.00602
23.9 0.96 0.157 0.00907 0.00484
24 0.96 0.15 0.00968 0.00397
24.1 0.96 0.143 0.00999 0.00495
24.2 0.96 0.136 0.0101 0.00588
24.3 0.96 0.13 0.00871 0.00798
24.4 0.96 0.123 0.00862 0.0087
24.5 0.96 0.116 0.00847 0.00955
24.6 0.96 0.109 0.00836 0.0107
24.7 0.96 0.101 0.00849 0.0128
24.8 0.96 0.0932 0.00999 0.0172
24.9 0.96 0.0816 0.0152 0.0341
25 0.96 0.13 0.127 0.0475
25.1 0.96 0.0875 0.0179 0.0107
25.2 0.96 0.079 0.00867 0.00706
25.3 0.96 0.0726 0.00539 0.00543
25.4 0.96 0.0671 0.00376 0.00442
25.5 0.96 0.0622 0.00278 0.00372
25.6 0.96 0.0575 0.00218 0.00314
25.7 0.96 0.0532 0.00181 0.00264
25.8 0.96 0.0491 0.00156 0.00219
25.9 0.96 0.0452 0.0014 0.0018
26 0.96 0.0416 0.00128 0.00146
26.1 0.96 0.0383 0.0012 0.00116
26.2 0.96 0.0352 0.00107 0.000971
26.3 0.96 0.0323 0.00101 0.00076
26.4 0.96 0.0296 0.000962 0.000579
26.5 0.96 0.027 0.000916 0.000591
26.6 0.96 0.0247 0.000872 0.000638
26.7 0.96 0.0225 0.00083 0.000668
26.8 0.96 0.0205 0.000788 0.000683
26.9 0.96 0.0187 0.000746 0.000686
27 0.96 0.017 0.000705 0.000679
27.1 0.96 0.0155 0.000663 0.000663
27.2 0.96 0.0141 0.000622 0.000642
27.3 0.96 0.0128 0.000582 0.000615
27.4 0.96 0.0116 0.000542 0.000586
27.5 0.96 0.0105 0.000504 0.000554
27.6 0.96 0.00952 0.000467 0.000522
27.7 0.96 0.00862 0.000432 0.000488
27.8 0.96 0.0078 0.000399 0.000455
27.9 0.96 0.00706 0.000367 0.000423
28 0.96 0.00639 0.000337 0.000392
28.1 0.96 0.00578 0.000309 0.000362
28.2 0.96 0.00522 0.000283 0.000333
28.3 0.96 0.00472 0.000259 0.000306
28.4 0.96 0.00426 0.000236 0.000281
28.5 0.96 0.00385 0.000216 0.000257
28.6 0.96 0.00348 0.000196 0.000235
28.7 0.96 0.00314 0.000179 0.000214
28.8 0.96 0.00283 0.000162 0.000195
28.9 0.96 0.00256 0.000147 0.000178
29 0.96 0.00231 0.000134 0.000162
29.1 0.96 0.00208 0.000121 0.000147
29.2 0.96 0.00188 0.00011 0.000133
29.3 0.96 0.00169 9.96e-05 0.000121
29.4 0.96 0.00153 9.02e-05 0.00011
29.5 0.96 0.00138 8.16e-05 9.94e-05
29.6 0.96 0.00124 7.38e-05 9e-05
29.7 0.96 0.00112 6.68e-05 8.15e-05
29.8 0.96 0.00101 6.04e-05 7.37e-05
29.9 0.96 0.00091 5.45e-05 6.66e-05
30 0.96 0.000821 4.93e-05 6.02e-05
30.1 0.96 0.00074 4.45e-05 5.44e-05
30.2 0.96 0.000667 4.02e-05 4.92e-05
30.3 0.96 0.000601 3.63e-05 4.44e-05
30.4 0.96 0.000542 3.27e-05 4.01e-05
30.5 0.96 0.000488 2.95e-05 3.62e-05
30.6 0.96 0.00044 2.67e-05 3.27e-05
30.7 0.96 0.000397 2.41e-05 2.95e-05
30.8 0.96 0.000358 2.17e-05 2.66e-05
30.9 0.96 0.000322 1.96e-05 2.4e-05
31 0.96 0.00029 1.76e-05 2.17e-05
31.1 0.96 0.000262 1.59e-05 1.95e-05
31.2 0.96 0.000236 1.44e-05 1.76e-05
31.3 0.96 0.000213 1.29e-05 1.59e-05
31.4 0.96 0.000192 1.17e-05 1.43e-05
31.5 0.96 0.000173 1.05e-05 1.29e-05
31.6 0.96 0.000156 9.48e-06 1.16e-05
31.7 0.96 0.00014 8.55e-06 1.05e-05
31.8 0.96 0.000126 7.71e-06 9.47e-06
31.9 0.96 0.000114 6.95e-06 8.54e-06
32 0.96 0.000103 6.26e-06 7.69e-06
32.1 0.96 9.25e-05 5.64e-06 6.94e-06
32.2 0.96 8.33e-05 5.09e-06 6.25e-06
32.3 0.96 7.51e-05 4.58e-06 5.63e-06
32.4 0.96 6.77e-05 4.13e-06 5.08e-06
32.5 0.96 6.1e-05 3.72e-06 4.58e-06
32.6 0.96 5.49e-05 3.36e-06 4.13e-06
32.7 0.96 4.95e-05 3.02e-06 3.72e-06
32.8 0.96 4.46e-05 2.73e-06 3.35e-06
32.9 0.96 4.02e-05 2.46e-06 3.02e-06
33 0.96 3.62e-05 2.21e-06 2.72e-06
33.1 0.96 3.26e-05 1.99e-06 2.45e-06
33.2 0.96 2.94e-05 1.8e-06 2.21e-06
33.3 0.96 2.65e-05 1.62e-06 1.99e-06
33.4 0.96 2.39e-05 1.46e-06 1.79e-06
33.5 0.96 2.15e-05 1.32e-06 1.62e-06
33.6 0.96 1.94e-05 1.19e-06 1.46e-06
33.7 0.96 1.75e-05 1.07e-06 1.31e-06
33.8 0.96 1.57e-05 9.63e-07 1.18e-06
33.9 0.96 1.42e-05 8.67e-07 1.07e-06
34 0.96 1.28e-05 7.82e-07 9.61e-07
34.1 0.96 1.15e-05 7.04e-07 8.66e-07
34.2 0.96 1.04e-05 6.35e-07 7.8e-07
34.3 0.96 9.35e-06 5.72e-07 7.03e-07
34.4 0.96 8.43e-06 5.15e-07 6.34e-07
34.5 0.96 7.59e-06 4.64e-07 5.71e-07
34.6 0.96 6.84e-06 4.18e-07 5.15e-07
34.7 0.96 6.17e-06 3.77e-07 4.64e-07
34.8 0.96 5.56e-06 3.4e-07 4.18e-07
34.9 0.96 5.01e-06 3.06e-07 3.76e-07
35 0.96 4.51e-06 2.76e-07 3.39e-07
35.1 0.96 4.06e-06 2.49e-07 3.06e-07
35.2 0.96 3.66e-06 2.24e-07 2.75e-07
35.3 0.96 3.3e-06 2.02e-07 2.48e-07
35.4 0.96 2.97e-06 1.82e-07 2.24e-07
35.5 0.96 2.68e-06 1.64e-07 2.02e-07
35.6 0.96 2.41e-06 1.48e-07 1.82e-07
35.7 0.96 2.18e-06 1.33e-07 1.64e-07
35.8 0.96 1.96e-06 1.2e-07 1.47e-07
35.9 0.96 1.77e-06 1.08e-07 1.33e-07
36 0.96 1.59e-06 9.73e-08 1.2e-07
36.1 0.96 1.43e-06 8.77e-08 1.08e-07
36.2 0.96 1.29e-06 7.9e-08 9.72e-08
36.3 0.96 1.16e-06 7.12e-08 8.76e-08
36.4 0.96 1.05e-06 6.42e-08 7.89e-08
36.5 0.96 9.46e-07 5.78e-08 7.11e-08
36.6 0.96 8.52e-07 5.21e-08 6.41e-08
36.7 0.96 7.68e-07 4.7e-08 5.77e-08
36.8 0.96 6.92e-07 4.23e-08 5.2e-08
36.9 0.96 6.23e-07 3.81e-08 4.69e-08
37 0.96 5.62e-07 3.44e-08 4.22e-08
37.1 0.96 5.06e-07 3.1e-08 3.81e-08
37.2 0.96 4.56e-07 2.79e-08 3.43e-08
37.3 0.96 4.11e-07 2.51e-08 3.09e-08
37.4 0.96 3.7e-07 2.26e-08 2.78e-08
37.5 0.96 3.34e-07 2.04e-08 2.51e-08
37.6 0.96 3.01e-07 1.84e-08 2.26e-08
37.7 0.96 2.71e-07 1.66e-08 2.04e-08
37.8 0.96 2.44e-07 1.49e-08 1.84e-08
37.9 0.96 2.2e-07 1.35e-08 1.65e-08
38 0.96 1.98e-07 1.21e-08 1.49e-08
38.1 0.96 1.79e-07 1.09e-08 1.34e-08
38.2 0.96 1.61e-07 9.84e-09 1.21e-08
38.3 0.96 1.45e-07 8.87e-09 1.09e-08
38.4 0.96 1.31e-07 7.99e-09 9.83e-09
38.5 0.96 1.18e-07 7.2e-09 8.86e-09
38.6 0.96 1.06e-07 6.49e-09 7.98e-09
38.7 0.96 9.56e-08 5.85e-09 7.19e-09
38.8 0.96 8.61e-08 5.27e-09 6.48e-09
38.9 0.96 7.76e-08 4.75e-09 5.84e-09
39 0.96 6.99e-08 4.28e-09 5.26e-09
39.1 0.96 6.3e-08 3.85e-09 4.74e-09
39.2 0.96 5.68e-08 3.47e-09 4.27e-09
39.3 0.96 5.12e-08 3.13e-09 3.85e-09
39.4 0.96 4.61e-08 2.82e-09 3.47e-09
39.5 0.96 4.15e-08 2.54e-09 3.12e-09
39.6 0.96 3.74e-08 2.29e-09 2.82e-09
39.7 0.96 3.37e-08 2.06e-09 2.54e-09
39.8 0.96 3.04e-08 1.86e-09 2.29e-09
39.9 0.96 2.74e-08 1.68e-09 2.06e-09
40 0.96 2.47e-08 1.51e-09 1.86e-09
40.1 0.96 2.22e-08 1.36e-09 1.67e-09
40.2 0.96 2e-08 1.23e-09 1.51e-09
40.3 0.96 1.81e-08 1.1e-09 1.36e-09
40.4 0.96 1.63e-08 9.95e-10 1.22e-09
40.5 0.96 1.47e-08 8.97e-10 1.1e-09
40.6 0.96 1.32e-08 8.08e-10 9.94e-10
40.7 0.96 1.19e-08 7.28e-10 8.95e-10
40.8 0.96 1.07e-08 6.56e-10 8.07e-10
40.9 0.96 9.66e-09 5.91e-10 7.27e-10
41 0.96 8.71e-09 5.33e-10 6.55e-10
41.1 0.96 7.85e-09 4.8e-10 5.9e-10
41.2 0.96 7.07e-09 4.32e-10 5.32e-10
41.3 0.96 6.37e-09 3.9e-10 4.79e-10
41.4 0.96 5.74e-09 3.51e-10 4.32e-10
41.5 0.96 5.17e-09 3.16e-10 3.89e-10
41.6 0.96 4.66e-09 2.85e-10 3.51e-10
41.7 0.96 4.2e-09 2.57e-10 3.16e-10
41.8 0.96 3.78e-09 2.31e-10 2.85e-10
41.9 0.96 3.41e-09 2.09e-10 2.56e-10
42 0.96 3.07e-09 1.88e-10 2.31e-10
42.1 0.96 2.77e-09 1.69e-10 2.08e-10
42.2 0.96 2.49e-09 1.53e-10 1.88e-10
42.3 0.96 2.25e-09 1.37e-10 1.69e-10
42.4 0.96 2.03e-09 1.24e-10 1.52e-10
42.5 0.96 1.83e-09 1.12e-10 1.37e-10
42.6 0.96 1.64e-09 1.01e-10 1.24e-10
45.1 0.96 1.22e-10 7.44e-12 9.15e-12
45.2 0.96 1.1e-10 6.7e-12 8.24e-12
47.5 0.96 9.99e-12 6.11e-13 7.51e-13
47.6 0.96 9e-12 5.5e-13 6.77e-13
47.7 0.96 8.11e-12 4.96e-13 6.1e-13
47.8 0.96 7.31e-12 4.47e-13 5.5e-13
47.9 0.96 6.58e-12 4.03e-13 4.95e-13
48 0.96 5.93e-12 3.63e-13 4.46e-13
48.1 0.96 5.35e-12 3.27e-13 4.02e-13
48.2 0.96 4.82e-12 2.95e-13 3.62e-13
48.3 0.96 4.34e-12 2.65e-13 3.26e-13
48.4 0.96 3.91e-12 2.39e-13 2.94e-13
48.5 0.96 3.52e-12 2.16e-13 2.65e-13
48.6 0.96 3.18e-12 1.94e-13 2.39e-13
48.7 0.96 2.86e-12 1.75e-13 2.15e-13
48.8 0.96 2.58e-12 1.58e-13 1.94e-13
48.9 0.96 2.32e-12 1.42e-13 1.75e-13
49 0.96 2.09e-12 1.28e-13 1.57e-13
49.1 0.96 1.89e-12 1.15e-13 1.42e-13
49.2 0.96 1.7e-12 1.04e-13 1.28e-13
49.3 0.96 1.53e-12 9.37e-14 1.15e-13
49.4 0.96 1.38e-12 8.44e-14 1.04e-13
49.5 0.96 1.24e-12 7.6e-14 9.35e-14
49.6 0.96 1.12e-12 6.85e-14 8.43e-14
49.7 0.96 1.01e-12 6.17e-14 7.59e-14
49.8 0.96 9.1e-13 5.56e-14 6.84e-14
49.9 0.96 8.2e-13 5.01e-14 6.17e-14
50 0.96 7.39e-13 4.52e-14 5.56e-14
50.1 0.96 6.66e-13 4.07e-14 5.01e-14
50.2 0.96 6e-13 3.67e-14 4.51e-14
50.3 0.96 5.4e-13 3.3e-14 4.06e-14
50.4 0.96 4.87e-13 2.98e-14 3.66e-14
50.5 0.96 4.39e-13 2.68e-14 3.3e-14
50.6 0.96 3.95e-13 2.42e-14 2.97e-14
50.7 0.96 3.56e-13 2.18e-14 2.68e-14
50.8 0.96 3.21e-13 1.96e-14 2.41e-14
50.9 0.96 2.89e-13 1.77e-14 2.18e-14
51 0.96 2.61e-13 1.59e-14 1.96e-14
51.1 0.96 2.35e-13 1.44e-14 1.77e-14
51.2 0.96 2.12e-13 1.29e-14 1.59e-14
51.3 0.96 1.91e-13 1.17e-14 1.43e-14
51.4 0.96 1.72e-13 1.05e-14 1.29e-14
51.5 0.96 1.55e-13 9.47e-15 1.16e-14
51.6 0.96 1.4e-13 8.53e-15 1.05e-14
51.7 0.96 1.26e-13 7.69e-15 9.45e-15
51.8 0.96 1.13e-13 6.93e-15 8.52e-15
51.9 0.96 1.02e-13 6.24e-15 7.68e-15
52 0.96 9.2e-14 5.62e-15 6.92e-15
52.1 0.96 8.29e-14 5.07e-15 6.23e-15
52.2 0.96 7.47e-14 4.57e-15 5.62e-15
52.3 0.96 6.73e-14 4.12e-15 5.06e-15
52.4 0.96 6.06e-14 3.71e-15 4.56e-15
52.5 0.96 5.46e-14 3.34e-15 4.11e-15
52.6 0.96 4.92e-14 3.01e-15 3.7e-15
52.7 0.96 4.44e-14 2.71e-15 3.34e-15
52.8 0.96 4e-14 2.44e-15 3.01e-15
52.9 0.96 3.6e-14 2.2e-15 2.71e-15
53 0.96 3.25e-14 1.98e-15 2.44e-15
53.1 0.96 2.92e-14 1.79e-15 2.2e-15
53.2 0.96 2.63e-14 1.61e-15 1.98e-15
53.3 0.96 2.37e-14 1.45e-15 1.79e-15
53.4 0.96 2.14e-14 1.31e-15 1.61e-15
53.5 0.96 1.93e-14 1.18e-15 1.45e-15
53.6 0.96 1.74e-14 1.06e-15 1.31e-15
53.7 0.96 1.57e-14 9.57e-16 1.18e-15
53.8 0.96 1.41e-14 8.63e-16 1.06e-15
53.9 0.96 1.27e-14 7.77e-16 9.56e-16
54 0.96 1.15e-14 7e-16 8.61e-16
54.1 0.96 1.03e-14 6.31e-16 7.76e-16
54.2 0.96 9.3e-15 5.69e-16 6.99e-16
54.3 0.96 8.38e-15 5.12e-16 6.3e-16
54.4 0.96 7.55e-15 4.62e-16 5.68e-16
54.5 0.96 6.8e-15 4.16e-16 5.12e-16
54.6 0.96 6.13e-15 3.75e-16 4.61e-16
54.7 0.96 5.52e-15 3.38e-16 4.15e-16
54.8 0.96 4.98e-15 3.04e-16 3.74e-16
54.9 0.96 4.48e-15 2.74e-16 3.37e-16
55 0.96 4.04e-15 2.47e-16 3.04e-16
55.1 0.96 3.64e-15 2.23e-16 2.74e-16
55.2 0.96 3.28e-15 2.01e-16 2.47e-16
55.3 0.96 2.96e-15 1.81e-16 2.22e-16
55.4 0.96 2.66e-15 1.63e-16 2e-16
55.5 0.96 2.4e-15 1.47e-16 1.81e-16
55.6 0.96 2.16e-15 1.32e-16 1.63e-16
55.7 0.96 1.95e-15 1.19e-16 1.47e-16
55.8 0.96 1.76e-15 1.07e-16 1.32e-16
55.9 0.96 1.58e-15 9.68e-17 1.19e-16
56 0.96 1.43e-15 8.72e-17 1.07e-16
56.1 0.96 1.28e-15 7.86e-17 9.66e-17
56.2 0.96 1.16e-15 7.08e-17 8.71e-17
56.3 0.96 1.04e-15 6.38e-17 7.85e-17
56.4 0.96 9.4e-16 5.75e-17 7.07e-17
56.5 0.96 8.47e-16 5.18e-17 6.37e-17
56.6 0.96 7.63e-16 4.67e-17 5.74e-17
56.7 0.96 6.88e-16 4.21e-17 5.17e-17
56.8 0.96 6.2e-16 3.79e-17 4.66e-17
56.9 0.96 5.58e-16 3.42e-17 4.2e-17
57 0.96 5.03e-16 3.08e-17 3.78e-17
57.1 0.96 4.53e-16 2.77e-17 3.41e-17
57.2 0.96 4.09e-16 2.5e-17 3.07e-17
57.3 0.96 3.68e-16 2.25e-17 2.77e-17
57.4 0.96 3.32e-16 2.03e-17 2.49e-17
57.5 0.96 2.99e-16 1.83e-17 2.25e-17
57.6 0.96 2.69e-16 1.65e-17 2.03e-17
57.7 0.96 2.43e-16 1.48e-17 1.83e-17
57.8 0.96 2.19e-16 1.34e-17 1.64e-17
57.9 0.96 1.97e-16 1.21e-17 1.48e-17
58 0.96 1.78e-16 1.09e-17 1.34e-17
58.1 0.96 1.6e-16 9.78e-18 1.2e-17
58.2 0.96 1.44e-16 8.82e-18 1.08e-17
58.3 0.96 1.3e-16 7.94e-18 9.77e-18
58.4 0.96 1.17e-16 7.16e-18 8.8e-18
58.5 0.96 1.05e-16 6.45e-18 7.93e-18
58.6 0.96 9.5e-17 5.81e-18 7.15e-18
58.7 0.96 8.56e-17 5.24e-18 6.44e-18
58.8 0.96 7.72e-17 4.72e-18 5.8e-18
58.9 0.96 6.95e-17 4.25e-18 5.23e-18
59 0.96 6.26e-17 3.83e-18 4.71e-18
59.1 0.96 5.64e-17 3.45e-18 4.25e-18
59.2 0.96 5.09e-17 3.11e-18 3.83e-18
59.3 0.96 4.58e-17 2.8e-18 3.45e-18
59.4 0.96 4.13e-17 2.53e-18 3.11e-18
59.5 0.96 3.72e-17 2.28e-18 2.8e-18
59.6 0.96 3.35e-17 2.05e-18 2.52e-18
59.7 0.96 3.02e-17 1.85e-18 2.27e-18
59.8 0.96 2.72e-17 1.67e-18 2.05e-18
59.9 0.96 2.45e-17 1.5e-18 1.85e-18
60 0.96 2.21e-17 1.35e-18 1.66e-18
60.1 0.96 1.99e-17 1.22e-18 1.5e-18
60.2 0.96 1.79e-17 1.1e-18 1.35e-18
60.3 0.96 1.62e-17 9.89e-19 1.22e-18
60.4 0.96 1.46e-17 8.91e-19 1.1e-18
60.5 0.96 1.31e-17 8.03e-19 9.88e-19
60.6 0.96 1.18e-17 7.24e-19 8.9e-19
60.7 0.96 1.07e-17 6.52e-19 8.02e-19
60.8 0.96 9.61e-18 5.88e-19 7.23e-19
60.9 0.96 8.66e-18 5.29e-19 6.51e-19
61 0.96 7.8e-18 4.77e-19 5.87e-19
61.1 0.96 7.03e-18 4.3e-19 5.29e-19
61.2 0.96 6.33e-18 3.87e-19 4.76e-19
61.3 0.96 5.71e-18 3.49e-19 4.29e-19
61.4 0.96 5.14e-18 3.15e-19 3.87e-19
61.5 0.96 4.63e-18 2.83e-19 3.49e-19
61.6 0.96 4.18e-18 2.55e-19 3.14e-19
61.7 0.96 3.76e-18 2.3e-19 2.83e-19
61.8 0.96 3.39e-18 2.07e-19 2.55e-19
61.9 0.96 3.05e-18 1.87e-19 2.3e-19
62 0.96 2.75e-18 1.68e-19 2.07e-19
62.1 0.96 2.48e-18 1.52e-19 1.87e-19
62.2 0.96 2.23e-18 1.37e-19 1.68e-19
62.3 0.96 2.01e-18 1.23e-19 1.51e-19
62.4 0.96 1.81e-18 1.11e-19 1.36e-19
62.5 0.96 1.64e-18 1e-19 1.23e-19
62.6 0.96 1.47e-18 9.01e-20 1.11e-19
62.7 0.96 1.33e-18 8.12e-20 9.99e-20
62.8 0.96 1.2e-18 7.32e-20 9e-20
62.9 0.96 1.08e-18 6.59e-20 8.11e-20
63 0.96 9.71e-19 5.94e-20 7.31e-20
63.1 0.96 8.75e-19 5.35e-20 6.58e-20
63.2 0.96 7.89e-19 4.82e-20 5.93e-20
63.3 0.96 7.11e-19 4.35e-20 5.34e-20
63.4 0.96 6.4e-19 3.92e-20 4.82e-20
63.5 0.96 5.77e-19 3.53e-20 4.34e-20
63.6 0.96 5.2e-19 3.18e-20 3.91e-20
63.7 0.96 4.68e-19 2.87e-20 3.52e-20
63.8 0.96 4.22e-19 2.58e-20 3.17e-20
63.9 0.96 3.8e-19 2.33e-20 2.86e-20
64 0.96 3.43e-19 2.1e-20 2.58e-20
64.1 0.96 3.09e-19 1.89e-20 2.32e-20
64.2 0.96 2.78e-19 1.7e-20 2.09e-20
64.3 0.96 2.51e-19 1.53e-20 1.89e-20
64.4 0.96 2.26e-19 1.38e-20 1.7e-20
64.5 0.96 2.04e-19 1.25e-20 1.53e-20
64.6 0.96 1.83e-19 1.12e-20 1.38e-20
64.7 0.96 1.65e-19 1.01e-20 1.24e-20
64.8 0.96 1.49e-19 9.11e-21 1.12e-20
64.9 0.96 1.34e-19 8.21e-21 1.01e-20
65 0.96 1.21e-19 7.4e-21 9.1e-21
65.1 0.96 1.09e-19 6.66e-21 8.2e-21
65.2 0.96 9.82e-20 6.01e-21 7.39e-21
65.3 0.96 8.85e-20 5.41e-21 6.65e-21
65.4 0.96 7.97e-20 4.88e-21 6e-21
65.5 0.96 7.18e-20 4.39e-21 5.4e-21
65.6 0.96 6.47e-20 3.96e-21 4.87e-21
65.7 0.96 5.83e-20 3.57e-21 4.39e-21
65.8 0.96 5.26e-20 3.21e-21 3.95e-21
65.9 0.96 4.74e-20 2.9e-21 3.56e-21
66 0.96 4.27e-20 2.61e-21 3.21e-21
66.1 0.96 3.85e-20 2.35e-21 2.89e-21
66.2 0.96 3.46e-20 2.12e-21 2.61e-21
66.3 0.96 3.12e-20 1.91e-21 2.35e-21
66.4 0.96 2.81e-20 1.72e-21 2.12e-21
66.5 0.96 2.53e-20 1.55e-21 1.91e-21
66.6 0.96 2.28e-20 1.4e-21 1.72e-21
66.7 0.96 2.06e-20 1.26e-21 1.55e-21
66.8 0.96 1.85e-20 1.13e-21 1.39e-21
66.9 0.96 1.67e-20 1.02e-21 1.26e-21
67 0.96 1.51e-20 9.21e-22 1.13e-21
67.1 0.96 1.36e-20 8.3e-22 1.02e-21
67.2 0.96 1.22e-20 7.48e-22 9.2e-22
67.3 0.96 1.1e-20 6.74e-22 8.29e-22
67.4 0.96 9.93e-21 6.07e-22 7.47e-22
67.5 0.96 8.95e-21 5.47e-22 6.73e-22
67.6 0.96 8.06e-21 4.93e-22 6.06e-22
67.7 0.96 7.26e-21 4.44e-22 5.46e-22
67.8 0.96 6.54e-21 4e-22 4.92e-22
67.9 0.96 5.9e-21 3.61e-22 4.44e-22
68 0.96 5.31e-21 3.25e-22 4e-22
68.1 0.96 4.79e-21 2.93e-22 3.6e-22
68.2 0.96 4.31e-21 2.64e-22 3.24e-22
68.3 0.96 3.89e-21 2.38e-22 2.92e-22
68.4 0.96 3.5e-21 2.14e-22 2.63e-22
68.5 0.96 3.16e-21 1.93e-22 2.37e-22
68.6 0.96 2.84e-21 1.74e-22 2.14e-22
68.7 0.96 2.56e-21 1.57e-22 1.93e-22
68.8 0.96 2.31e-21 1.41e-22 1.74e-22
68.9 0.96 2.08e-21 1.27e-22 1.57e-22
69 0.96 1.87e-21 1.15e-22 1.41e-22
69.1 0.96 1.69e-21 1.03e-22 1.27e-22
69.2 0.96 1.52e-21 9.31e-23 1.15e-22
69.3 0.96 1.37e-21 8.39e-23 1.03e-22
69.4 0.96 1.24e-21 7.56e-23 9.3e-23
69.5 0.96 1.11e-21 6.81e-23 8.38e-23
69.6 0.96 1e-21 6.14e-23 7.55e-23
69.7 0.96 9.04e-22 5.53e-23 6.8e-23
69.8 0.96 8.15e-22 4.98e-23 6.13e-23
69.9 0.96 7.34e-22 4.49e-23 5.52e-23
70 0.96 6.62e-22 4.05e-23 4.98e-23
70.1 0.96 5.96e-22 3.65e-23 4.48e-23
70.2 0.96 5.37e-22 3.29e-23 4.04e-23
70.3 0.96 4.84e-22 2.96e-23 3.64e-23
70.4 0.96 4.36e-22 2.67e-23 3.28e-23
70.5 0.96 3.93e-22 2.4e-23 2.96e-23
70.6 0.96 3.54e-22 2.17e-23 2.66e-23
70.7 0.96 3.19e-22 1.95e-23 2.4e-23
70.8 0.96 2.88e-22 1.76e-23 2.16e-23
70.9 0.96 2.59e-22 1.58e-23 1.95e-23
71 0.96 2.33e-22 1.43e-23 1.76e-23
71.1 0.96 2.1e-22 1.29e-23 1.58e-23
71.2 0.96 1.9e-22 1.16e-23 1.43e-23
71.3 0.96 1.71e-22 1.04e-23 1.28e-23
71.4 0.96 1.54e-22 9.41e-24 1.16e-23
71.5 0.96 1.39e-22 8.48e-24 1.04e-23
71.6 0.96 1.25e-22 7.64e-24 9.4e-24
71.7 0.96 1.13e-22 6.89e-24 8.47e-24
71.8 0.96 1.01e-22 6.21e-24 7.63e-24
71.9 0.96 9.14e-23 5.59e-24 6.88e-24
72 0.96 8.24e-23 5.04e-24 6.2e-24
72.1 0.96 7.42e-23 4.54e-24 5.58e-24
72.2 0.96 6.69e-23 4.09e-24 5.03e-24
72.3 0.96 6.03e-23 3.69e-24 4.53e-24
72.4 0.96 5.43e-23 3.32e-24 4.08e-24
72.5 0.96 4.89e-23 2.99e-24 3.68e-24
72.6 0.96 4.41e-23 2.7e-24 3.32e-24
72.7 0.96 3.97e-23 2.43e-24 2.99e-24
72.8 0.96 3.58e-23 2.19e-24 2.69e-24
72.9 0.96 3.23e-23 1.97e-24 2.43e-24
73 0.96 2.91e-23 1.78e-24 2.19e-24
73.1 0.96 2.62e-23 1.6e-24 1.97e-24
73.2 0.96 2.36e-23 1.44e-24 1.78e-24
73.3 0.96 2.13e-23 1.3e-24 1.6e-24
73.4 0.96 1.92e-23 1.17e-24 1.44e-24
73.5 0.96 1.73e-23 1.06e-24 1.3e-24
73.6 0.96 1.56e-23 9.52e-25 1.17e-24
73.7 0.96 1.4e-23 8.58e-25 1.05e-24
73.8 0.96 1.26e-23 7.73e-25 9.5e-25
73.9 0.96 1.14e-23 6.96e-25 8.56e-25
74 0.96 1.03e-23 6.27e-25 7.72e-25
74.1 0.96 9.24e-24 5.65e-25 6.95e-25
74.2 0.96 8.33e-24 5.09e-25 6.26e-25
74.3 0.96 7.5e-24 4.59e-25 5.64e-25
74.4 0.96 6.76e-24 4.14e-25 5.09e-25
74.5 0.96 6.09e-24 3.73e-25 4.58e-25
74.6 0.96 5.49e-24 3.36e-25 4.13e-25
74.7 0.96 4.95e-24 3.03e-25 3.72e-25
74.8 0.96 4.46e-24 2.73e-25 3.35e-25
74.9 0.96 4.02e-24 2.46e-25 3.02e-25
75 0.96 3.62e-24 2.21e-25 2.72e-25
75.1 0.96 3.26e-24 1.99e-25 2.45e-25
75.2 0.96 2.94e-24 1.8e-25 2.21e-25
75.3 0.96 2.65e-24 1.62e-25 1.99e-25
75.4 0.96 2.39e-24 1.46e-25 1.79e-25
75.5 0.96 2.15e-24 1.32e-25 1.62e-25
75.6 0.96 1.94e-24 1.18e-25 1.46e-25
75.7 0.96 1.75e-24 1.07e-25 1.31e-25
75.8 0.96 1.57e-24 9.62e-26 1.18e-25
75.9 0.96 1.42e-24 8.67e-26 1.07e-25
76 0.96 1.28e-24 7.81e-26 9.61e-26
76.1 0.96 1.15e-24 7.04e-26 8.66e-26
76.2 0.96 1.04e-24 6.34e-26 7.8e-26
76.3 0.96 9.34e-25 5.72e-26 7.03e-26
76.4 0.96 8.42e-25 5.15e-26 6.33e-26
76.5 0.96 7.59e-25 4.64e-26 5.71e-26
76.6 0.96 6.84e-25 4.18e-26 5.14e-26
76.7 0.96 6.16e-25 3.77e-26 4.63e-26
76.8 0.96 5.55e-25 3.39e-26 4.17e-26
76.9 0.96 5e-25 3.06e-26 3.76e-26
77 0.96 4.51e-25 2.76e-26 3.39e-26
77.1 0.96 4.06e-25 2.48e-26 3.05e-26
77.2 0.96 3.66e-25 2.24e-26 2.75e-26
77.3 0.96 3.3e-25 2.02e-26 2.48e-26
77.4 0.96 2.97e-25 1.82e-26 2.23e-26
77.5 0.96 2.68e-25 1.64e-26 2.01e-26
77.6 0.96 2.41e-25 1.48e-26 1.81e-26
77.7 0.96 2.17e-25 1.33e-26 1.63e-26
77.8 0.96 1.96e-25 1.2e-26 1.47e-26
77.9 0.96 1.76e-25 1.08e-26 1.33e-26
78 0.96 1.59e-25 9.73e-27 1.2e-26
78.1 0.96 1.43e-25 8.76e-27 1.08e-26
78.2 0.96 1.29e-25 7.9e-27 9.71e-27
78.3 0.96 1.16e-25 7.12e-27 8.75e-27
78.4 0.96 1.05e-25 6.41e-27 7.89e-27
78.5 0.96 9.45e-26 5.78e-27 7.11e-27
78.6 0.96 8.51e-26 5.21e-27 6.4e-27
78.7 0.96 7.67e-26 4.69e-27 5.77e-27
78.8 0.96 6.91e-26 4.23e-27 5.2e-27
78.9 0.96 6.23e-26 3.81e-27 4.68e-27
79 0.96 5.61e-26 3.43e-27 4.22e-27
79.1 0.96 5.06e-26 3.09e-27 3.8e-27
79.2 0.96 4.56e-26 2.79e-27 3.43e-27
79.3 0.96 4.11e-26 2.51e-27 3.09e-27
79.4 0.96 3.7e-26 2.26e-27 2.78e-27
79.5 0.96 3.33e-26 2.04e-27 2.51e-27
79.6 0.96 3e-26 1.84e-27 2.26e-27
79.7 0.96 2.71e-26 1.66e-27 2.04e-27
79.8 0.96 2.44e-26 1.49e-27 1.83e-27
79.9 0.96 2.2e-26 1.34e-27 1.65e-27
80 0.96 1.98e-26 1.21e-27 1.49e-27
80.1 0.96 1.78e-26 1.09e-27 1.34e-27
80.2 0.96 1.61e-26 9.83e-28 1.21e-27
80.3 0.96 1.45e-26 8.86e-28 1.09e-27
80.4 0.96 1.31e-26 7.98e-28 9.82e-28
80.5 0.96 1.18e-26 7.19e-28 8.85e-28
80.6 0.96 1.06e-26 6.48e-28 7.97e-28
80.7 0.96 9.55e-27 5.84e-28 7.18e-28
80.8 0.96 8.61e-27 5.26e-28 6.47e-28
80.9 0.96 7.75e-27 4.74e-28 5.83e-28
81 0.96 6.99e-27 4.27e-28 5.26e-28
81.1 0.96 6.3e-27 3.85e-28 4.74e-28
81.2 0.96 5.67e-27 3.47e-28 4.27e-28
81.3 0.96 5.11e-27 3.13e-28 3.85e-28
81.4 0.96 4.61e-27 2.82e-28 3.46e-28
81.5 0.96 4.15e-27 2.54e-28 3.12e-28
81.6 0.96 3.74e-27 2.29e-28 2.81e-28
81.7 0.96 3.37e-27 2.06e-28 2.53e-28
81.8 0.96 3.04e-27 1.86e-28 2.28e-28
81.9 0.96 2.74e-27 1.67e-28 2.06e-28
82 0.96 2.47e-27 1.51e-28 1.85e-28
82.1 0.96 2.22e-27 1.36e-28 1.67e-28
82.2 0.96 2e-27 1.22e-28 1.51e-28
82.3 0.96 1.8e-27 1.1e-28 1.36e-28
82.4 0.96 1.63e-27 9.94e-29 1.22e-28
82.5 0.96 1.46e-27 8.96e-29 1.1e-28
82.6 0.96 1.32e-27 8.07e-29 9.93e-29
82.7 0.96 1.19e-27 7.27e-29 8.94e-29
82.8 0.96 1.07e-27 6.55e-29 8.06e-29
82.9 0.96 9.66e-28 5.91e-29 7.26e-29
83 0.96 8.7e-28 5.32e-29 6.54e-29
83.1 0.96 7.84e-28 4.79e-29 5.9e-29
83.2 0.96 7.06e-28 4.32e-29 5.31e-29
83.3 0.96 6.37e-28 3.89e-29 4.79e-29
83.4 0.96 5.74e-28 3.51e-29 4.31e-29
83.5 0.96 5.17e-28 3.16e-29 3.89e-29
83.6 0.96 4.66e-28 2.85e-29 3.5e-29
83.7 0.96 4.2e-28 2.57e-29 3.16e-29
83.8 0.96 3.78e-28 2.31e-29 2.84e-29
83.9 0.96 3.41e-28 2.08e-29 2.56e-29
84 0.96 3.07e-28 1.88e-29 2.31e-29
84.1 0.96 2.77e-28 1.69e-29 2.08e-29
84.2 0.96 2.49e-28 1.52e-29 1.87e-29
84.3 0.96 2.25e-28 1.37e-29 1.69e-29
84.4 0.96 2.02e-28 1.24e-29 1.52e-29
84.5 0.96 1.82e-28 1.12e-29 1.37e-29
84.6 0.96 1.64e-28 1.01e-29 1.24e-29
84.7 0.96 1.48e-28 9.06e-30 1.11e-29
84.8 0.96 1.33e-28 8.16e-30 1e-29
84.9 0.96 1.2e-28 7.35e-30 9.04e-30
85 0.96 1.08e-28 6.63e-30 8.15e-30
85.1 0.96 9.76e-29 5.97e-30 7.34e-30
85.2 0.96 8.8e-29 5.38e-30 6.62e-30
85.3 0.96 7.93e-29 4.85e-30 5.96e-30
85.4 0.96 7.14e-29 4.37e-30 5.37e-30
85.5 0.96 6.44e-29 3.94e-30 4.84e-30
85.6 0.96 5.8e-29 3.55e-30 4.36e-30
85.7 0.96 5.22e-29 3.2e-30 3.93e-30
85.8 0.96 4.71e-29 2.88e-30 3.54e-30
85.9 0.96 4.24e-29 2.59e-30 3.19e-30
86 0.96 3.82e-29 2.34e-30 2.88e-30
86.1 0.96 3.44e-29 2.11e-30 2.59e-30
86.2 0.96 3.1e-29 1.9e-30 2.33e-30
86.3 0.96 2.8e-29 1.71e-30 2.1e-30
86.4 0.96 2.52e-29 1.54e-30 1.9e-30
86.5 0.96 2.27e-29 1.39e-30 1.71e-30
86.6 0.96 2.05e-29 1.25e-30 1.54e-30
86.7 0.96 1.84e-29 1.13e-30 1.39e-30
86.8 0.96 1.66e-29 1.02e-30 1.25e-30
86.9 0.96 1.5e-29 9.16e-31 1.13e-30
87 0.96 1.35e-29 8.25e-31 1.01e-30
87.1 0.96 1.22e-29 7.43e-31 9.14e-31
87.2 0.96 1.1e-29 6.7e-31 8.24e-31
87.3 0.96 9.87e-30 6.04e-31 7.42e-31
87.4 0.96 8.89e-30 5.44e-31 6.69e-31
87.5 0.96 8.01e-30 4.9e-31 6.03e-31
87.6 0.96 7.22e-30 4.42e-31 5.43e-31
87.7 0.96 6.51e-30 3.98e-31 4.89e-31
87.8 0.96 5.86e-30 3.59e-31 4.41e-31
87.9 0.96 5.28e-30 3.23e-31 3.97e-31
88 0.96 4.76e-30 2.91e-31 3.58e-31
88.1 0.96 4.29e-30 2.62e-31 3.23e-31
88.2 0.96 3.86e-30 2.36e-31 2.91e-31
88.3 0.96 3.48e-30 2.13e-31 2.62e-31
88.4 0.96 3.14e-30 1.92e-31 2.36e-31
88.5 0.96 2.83e-30 1.73e-31 2.13e-31
88.6 0.96 2.55e-30 1.56e-31 1.92e-31
88.7 0.96 2.3e-30 1.4e-31 1.73e-31
88.8 0.96 2.07e-30 1.27e-31 1.56e-31
88.9 0.96 1.86e-30 1.14e-31 1.4e-31
89 0.96 1.68e-30 1.03e-31 1.26e-31
89.1 0.96 1.51e-30 9.26e-32 1.14e-31
89.2 0.96 1.36e-30 8.34e-32 1.03e-31
89.3 0.96 1.23e-30 7.52e-32 9.24e-32
89.4 0.96 1.11e-30 6.77e-32 8.33e-32
89.5 0.96 9.98e-31 6.1e-32 7.5e-32
89.6 0.96 8.99e-31 5.5e-32 6.76e-32
89.7 0.96 8.1e-31 4.95e-32 6.09e-32
89.8 0.96 7.3e-31 4.46e-32 5.49e-32
89.9 0.96 6.58e-31 4.02e-32 4.95e-32
90 0.96 5.93e-31 3.62e-32 4.46e-32
90.1 0.96 5.34e-31 3.27e-32 4.02e-32
90.2 0.96 4.81e-31 2.94e-32 3.62e-32
90.3 0.96 4.34e-31 2.65e-32 3.26e-32
90.4 0.96 3.91e-31 2.39e-32 2.94e-32
90.5 0.96 3.52e-31 2.15e-32 2.65e-32
90.6 0.96 3.17e-31 1.94e-32 2.39e-32
90.7 0.96 2.86e-31 1.75e-32 2.15e-32
90.8 0.96 2.58e-31 1.58e-32 1.94e-32
90.9 0.96 2.32e-31 1.42e-32 1.75e-32
91 0.96 2.09e-31 1.28e-32 1.57e-32
91.1 0.96 1.88e-31 1.15e-32 1.42e-32
91.2 0.96 1.7e-31 1.04e-32 1.28e-32
91.3 0.96 1.53e-31 9.36e-33 1.15e-32
91.4 0.96 1.38e-31 8.43e-33 1.04e-32
91.5 0.96 1.24e-31 7.6e-33 9.34e-33
91.6 0.96 1.12e-31 6.85e-33 8.42e-33
91.7 0.96 1.01e-31 6.17e-33 7.59e-33
91.8 0.96 9.09e-32 5.56e-33 6.84e-33
91.9 0.96 8.19e-32 5.01e-33 6.16e-33
92 0.96 7.38e-32 4.51e-33 5.55e-33
92.1 0.96 6.65e-32 4.07e-33 5e-33
92.2 0.96 5.99e-32 3.66e-33 4.51e-33
92.3 0.96 5.4e-32 3.3e-33 4.06e-33
92.4 0.96 4.86e-32 2.98e-33 3.66e-33
92.5 0.96 4.38e-32 2.68e-33 3.3e-33
92.6 0.96 3.95e-32 2.42e-33 2.97e-33
92.7 0.96 3.56e-32 2.18e-33 2.68e-33
92.8 0.96 3.21e-32 1.96e-33 2.41e-33
92.9 0.96 2.89e-32 1.77e-33 2.17e-33
93 0.96 2.6e-32 1.59e-33 1.96e-33
93.1 0.96 2.35e-32 1.44e-33 1.76e-33
93.2 0.96 2.11e-32 1.29e-33 1.59e-33
93.3 0.96 1.91e-32 1.17e-33 1.43e-33
93.4 0.96 1.72e-32 1.05e-33 1.29e-33
93.5 0.96 1.55e-32 9.46e-34 1.16e-33
93.6 0.96 1.39e-32 8.52e-34 1.05e-33
93.7 0.96 1.26e-32 7.68e-34 9.45e-34
93.8 0.96 1.13e-32 6.92e-34 8.51e-34
93.9 0.96 1.02e-32 6.24e-34 7.67e-34
94 0.96 9.19e-33 5.62e-34 6.91e-34
94.1 0.96 8.28e-33 5.06e-34 6.23e-34
94.2 0.96 7.46e-33 4.56e-34 5.61e-34
94.3 0.96 6.72e-33 4.11e-34 5.06e-34
94.4 0.96 6.06e-33 3.7e-34 4.56e-34
94.5 0.96 5.46e-33 3.34e-34 4.11e-34
94.6 0.96 4.92e-33 3.01e-34 3.7e-34
94.7 0.96 4.43e-33 2.71e-34 3.33e-34
94.8 0.96 3.99e-33 2.44e-34 3e-34
94.9 0.96 3.6e-33 2.2e-34 2.71e-34
95 0.96 3.24e-33 1.98e-34 2.44e-34
95.1 0.96 2.92e-33 1.79e-34 2.2e-34
95.2 0.96 2.63e-33 1.61e-34 1.98e-34
95.3 0.96 2.37e-33 1.45e-34 1.78e-34
95.4 0.96 2.14e-33 1.31e-34 1.61e-34
95.5 0.96 1.93e-33 1.18e-34 1.45e-34
95.6 0.96 1.74e-33 1.06e-34 1.31e-34
95.7 0.96 1.56e-33 9.56e-35 1.18e-34
95.8 0.96 1.41e-33 8.62e-35 1.06e-34
95.9 0.96 1.27e-33 7.77e-35 9.55e-35
96 0.96 1.14e-33 7e-35 8.61e-35
96.1 0.96 1.03e-33 6.31e-35 7.75e-35
96.2 0.96 9.29e-34 5.68e-35 6.99e-35
96.3 0.96 8.37e-34 5.12e-35 6.3e-35
96.4 0.96 7.54e-34 4.61e-35 5.67e-35
96.5 0.96 6.8e-34 4.16e-35 5.11e-35
96.6 0.96 6.12e-34 3.75e-35 4.61e-35
96.7 0.96 5.52e-34 3.37e-35 4.15e-35
96.8 0.96 4.97e-34 3.04e-35 3.74e-35
96.9 0.96 4.48e-34 2.74e-35 3.37e-35
97 0.96 4.04e-34 2.47e-35 3.04e-35
97.1 0.96 3.64e-34 2.22e-35 2.74e-35
97.2 0.96 3.28e-34 2e-35 2.47e-35
97.3 0.96 2.95e-34 1.81e-35 2.22e-35
97.4 0.96 2.66e-34 1.63e-35 2e-35
97.5 0.96 2.4e-34 1.47e-35 1.8e-35
97.6 0.96 2.16e-34 1.32e-35 1.63e-35
97.7 0.96 1.95e-34 1.19e-35 1.46e-35
97.8 0.96 1.75e-34 1.07e-35 1.32e-35
97.9 0.96 1.58e-34 9.67e-36 1.19e-35
98 0.96 1.42e-34 8.71e-36 1.07e-35
98.1 0.96 1.28e-34 7.85e-36 9.65e-36
98.2 0.96 1.16e-34 7.07e-36 8.7e-36
98.3 0.96 1.04e-34 6.37e-36 7.84e-36
98.4 0.96 9.39e-35 5.74e-36 7.06e-36
98.5 0.96 8.46e-35 5.18e-36 6.36e-36
98.6 0.96 7.63e-35 4.66e-36 5.74e-36
98.7 0.96 6.87e-35 4.2e-36 5.17e-36
98.8 0.96 6.19e-35 3.79e-36 4.66e-36
98.9 0.96 5.58e-35 3.41e-36 4.2e-36
99 0.96 5.03e-35 3.07e-36 3.78e-36
99.1 0.96 4.53e-35 2.77e-36 3.41e-36
99.2 0.96 4.08e-35 2.5e-36 3.07e-36
99.3 0.96 3.68e-35 2.25e-36 2.77e-36
99.4 0.96 3.31e-35 2.03e-36 2.49e-36
99.5 0.96 2.99e-35 1.83e-36 2.25e-36
99.6 0.96 2.69e-35 1.65e-36 2.02e-36
99.7 0.96 2.42e-35 1.48e-36 1.82e-36
99.8 0.96 2.18e-35 1.34e-36 1.64e-36
99.9 0.96 1.97e-35 1.2e-36 1.48e-36
