-24.4 0.92 1.01e-10 8.02e-12 9.17e-12
-22 0.92 1.37e-09 1.09e-10 1.25e-10
-21.9 0.92 1.53e-09 1.21e-10 1.39e-10
-21.8 0.92 1.71e-09 1.35e-10 1.55e-10
-21.7 0.92 1.9e-09 1.51e-10 1.73e-10
-21.6 0.92 2.12e-09 1.68e-10 1.92e-10
-21.5 0.92 2.36e-09 1.88e-10 2.14e-10
-21.4 0.92 2.64e-09 2.09e-10 2.39e-10
-21.3 0.92 2.94e-09 2.33e-10 2.66e-10
-21.2 0.92 3.28e-09 2.6e-10 2.97e-10
-21.1 0.92 3.65e-09 2.9e-10 3.31e-10
-21 0.92 4.07e-09 3.23e-10 3.69e-10
-20.9 0.92 4.54e-09 3.6e-10 4.12e-10
-20.8 0.92 5.06e-09 4.01e-10 4.59e-10
-20.7 0.92 5.64e-09 4.48e-10 5.12e-10
-20.6 0.92 6.29e-09 4.99e-10 5.7e-10
-20.5 0.92 7.01e-09 5.56e-10 6.36e-10
-20.4 0.92 7.82e-09 6.2e-10 7.09e-10
-20.3 0.92 8.71e-09 6.91e-10 7.9e-10
-20.2 0.92 9.72e-09 7.71e-10 8.81e-10
-20.1 0.92 1.08e-08 8.59e-10 9.82e-10
-20 0.92 1.21e-08 9.58e-10 1.09e-09
-19.9 0.92 1.35e-08 1.07e-09 1.22e-09
-19.8 0.92 1.5e-08 1.19e-09 1.36e-09
-19.7 0.92 1.67e-08 1.33e-09 1.52e-09
-19.6 0.92 1.87e-08 1.48e-09 1.69e-09
-19.5 0.92 2.08e-08 1.65e-09 1.89e-09
-19.4 0.92 2.32e-08 1.84e-09 2.1e-09
-19.3 0.92 2.58e-08 2.05e-09 2.34e-09
-19.2 0.92 2.88e-08 2.29e-09 2.61e-09
-19.1 0.92 3.21e-08 2.55e-09 2.91e-09
-19 0.92 3.58e-08 2.84e-09 3.25e-09
-18.9 0.92 3.99e-08 3.17e-09 3.62e-09
-18.8 0.92 4.45e-08 3.53e-09 4.03e-09
-18.7 0.92 4.96e-08 3.94e-09 4.5e-09
-18.6 0.92 5.53e-08 4.39e-09 5.01e-09
-18.5 0.92 6.17e-08 4.89e-09 5.59e-09
-18.4 0.92 6.87e-08 5.45e-09 6.23e-09
-18.3 0.92 7.66e-08 6.08e-09 6.95e-09
-18.2 0.92 8.54e-08 6.78e-09 7.74e-09
-18.1 0.92 9.52e-08 7.55e-09 8.63e-09
-18 0.92 1.06e-07 8.42e-09 9.63e-09
-17.9 0.92 1.18e-07 9.39e-09 1.07e-08
-17.8 0.92 1.32e-07 1.05e-08 1.2e-08
-17.7 0.92 1.47e-07 1.17e-08 1.33e-08
-17.6 0.92 1.64e-07 1.3e-08 1.49e-08
-17.5 0.92 1.83e-07 1.45e-08 1.66e-08
-17.4 0.92 2.04e-07 1.62e-08 1.85e-08
-17.3 0.92 2.27e-07 1.8e-08 2.06e-08
-17.2 0.92 2.53e-07 2.01e-08 2.3e-08
-17.1 0.92 2.82e-07 2.24e-08 2.56e-08
-17 0.92 3.15e-07 2.5e-08 2.85e-08
-16.9 0.92 3.51e-07 2.78e-08 3.18e-08
-16.8 0.92 3.91e-07 3.1e-08 3.55e-08
-16.7 0.92 4.36e-07 3.46e-08 3.95e-08
-16.6 0.92 4.86e-07 3.86e-08 4.41e-08
-16.5 0.92 5.42e-07 4.3e-08 4.91e-08
-16.4 0.92 6.04e-07 4.79e-08 5.48e-08
-16.3 0.92 6.74e-07 5.34e-08 6.11e-08
-16.2 0.92 7.51e-07 5.96e-08 6.81e-08
-16.1 0.92 8.37e-07 6.64e-08 7.59e-08
-16 0.92 9.33e-07 7.4e-08 8.46e-08
-15.9 0.92 1.04e-06 8.25e-08 9.43e-08
-15.8 0.92 1.16e-06 9.2e-08 1.05e-07
-15.7 0.92 1.29e-06 1.03e-07 1.17e-07
-15.6 0.92 1.44e-06 1.14e-07 1.31e-07
-15.5 0.92 1.61e-06 1.28e-07 1.46e-07
-15.4 0.92 1.79e-06 1.42e-07 1.62e-07
-15.3 0.92 2e-06 1.58e-07 1.81e-07
-15.2 0.92 2.23e-06 1.77e-07 2.02e-07
-15.1 0.92 2.48e-06 1.97e-07 2.25e-07
-15 0.92 2.77e-06 2.2e-07 2.51e-07
-14.9 0.92 3.09e-06 2.45e-07 2.8e-07
-14.8 0.92 3.44e-06 2.73e-07 3.12e-07
-14.7 0.92 3.84e-06 3.04e-07 3.48e-07
-14.6 0.92 4.28e-06 3.39e-07 3.88e-07
-14.5 0.92 4.77e-06 3.78e-07 4.32e-07
-14.4 0.92 5.31e-06 4.21e-07 4.82e-07
-14.3 0.92 5.92e-06 4.7e-07 5.37e-07
-14.2 0.92 6.6e-06 5.24e-07 5.99e-07
-14.1 0.92 7.36e-06 5.84e-07 6.67e-07
-14 0.92 8.21e-06 6.51e-07 7.44e-07
-13.9 0.92 9.15e-06 7.26e-07 8.29e-07
-13.8 0.92 1.02e-05 8.09e-07 9.25e-07
-13.7 0.92 1.14e-05 9.02e-07 1.03e-06
-13.6 0.92 1.27e-05 1.01e-06 1.15e-06
-13.5 0.92 1.41e-05 1.12e-06 1.28e-06
-13.4 0.92 1.58e-05 1.25e-06 1.43e-06
-13.3 0.92 1.76e-05 1.39e-06 1.59e-06
-13.2 0.92 1.96e-05 1.55e-06 1.77e-06
-13.1 0.92 2.18e-05 1.73e-06 1.98e-06
-13 0.92 2.43e-05 1.93e-06 2.2e-06
-12.9 0.92 2.71e-05 2.15e-06 2.46e-06
-12.8 0.92 3.02e-05 2.4e-06 2.74e-06
-12.7 0.92 3.37e-05 2.67e-06 3.05e-06
-12.6 0.92 3.76e-05 2.98e-06 3.4e-06
-12.5 0.92 4.19e-05 3.32e-06 3.79e-06
-12.4 0.92 4.67e-05 3.7e-06 4.23e-06
-12.3 0.92 5.21e-05 4.13e-06 4.71e-06
-12.2 0.92 5.8e-05 4.6e-06 5.25e-06
-12.1 0.92 6.47e-05 5.13e-06 5.86e-06
-12 0.92 7.21e-05 5.71e-06 6.53e-06
-11.9 0.92 8.04e-05 6.37e-06 7.27e-06
-11.8 0.92 8.96e-05 7.1e-06 8.11e-06
-11.7 0.92 9.99e-05 7.91e-06 9.04e-06
-11.6 0.92 0.000111 8.82e-06 1.01e-05
-11.5 0.92 0.000124 9.83e-06 1.12e-05
-11.4 0.92 0.000138 1.1e-05 1.25e-05
-11.3 0.92 0.000154 1.22e-05 1.39e-05
-11.2 0.92 0.000172 1.36e-05 1.55e-05
-11.1 0.92 0.000192 1.52e-05 1.73e-05
-11 0.92 0.000214 1.69e-05 1.93e-05
-10.9 0.92 0.000238 1.88e-05 2.15e-05
-10.8 0.92 0.000266 2.1e-05 2.39e-05
-10.7 0.92 0.000296 2.33e-05 2.66e-05
-10.6 0.92 0.00033 2.6e-05 2.96e-05
-10.5 0.92 0.000368 2.9e-05 3.3e-05
-10.4 0.92 0.00041 3.22e-05 3.67e-05
-10.3 0.92 0.000457 3.59e-05 4.09e-05
-10.2 0.92 0.000509 4e-05 4.55e-05
-10.1 0.92 0.000567 4.45e-05 5.06e-05
-10 0.92 0.000632 4.95e-05 5.63e-05
-9.9 0.92 0.000704 5.51e-05 6.26e-05
-9.8 0.92 0.000785 6.13e-05 6.96e-05
-9.7 0.92 0.000875 6.82e-05 7.74e-05
-9.6 0.92 0.000975 7.58e-05 8.6e-05
-9.5 0.92 0.00109 8.43e-05 9.55e-05
-9.4 0.92 0.00121 9.36e-05 0.000106
-9.3 0.92 0.00135 0.000104 0.000118
-9.2 0.92 0.0015 0.000116 0.00013
-9.1 0.92 0.00167 0.000128 0.000145
-9 0.92 0.00186 0.000142 0.00016
-8.9 0.92 0.00207 0.000158 0.000177
-8.8 0.92 0.00231 0.000175 0.000196
-8.7 0.92 0.00257 0.000193 0.000216
-8.6 0.92 0.00286 0.000214 0.000239
-8.5 0.92 0.00318 0.000237 0.000263
-8.4 0.92 0.00354 0.000261 0.00029
-8.3 0.92 0.00394 0.000288 0.000319
-8.2 0.92 0.00438 0.000318 0.000349
-8.1 0.92 0.00486 0.00035 0.000383
-8 0.92 0.00541 0.000384 0.000418
-7.9 0.92 0.006 0.000422 0.000456
-7.8 0.92 0.00667 0.000462 0.000496
-7.7 0.92 0.0074 0.000505 0.000537
-7.6 0.92 0.00821 0.000551 0.00058
-7.5 0.92 0.00911 0.000601 0.000624
-7.4 0.92 0.0101 0.000652 0.000669
-7.3 0.92 0.0112 0.000707 0.000712
-7.2 0.92 0.0124 0.000764 0.000755
-7.1 0.92 0.0137 0.000823 0.000794
-7 0.92 0.0151 0.000884 0.000828
-6.9 0.92 0.0167 0.000947 0.000857
-6.8 0.92 0.0184 0.00101 0.000876
-6.7 0.92 0.0203 0.00107 0.000883
-6.6 0.92 0.0224 0.00114 0.000876
-6.5 0.92 0.0246 0.00121 0.000852
-6.4 0.92 0.027 0.00128 0.000806
-6.3 0.92 0.0296 0.00135 0.000745
-6.2 0.92 0.0325 0.00143 0.000976
-6.1 0.92 0.0355 0.00152 0.00125
-6 0.92 0.0388 0.00162 0.00156
-5.9 0.92 0.0423 0.00182 0.00187
-5.8 0.92 0.0461 0.00198 0.00231
-5.7 0.92 0.0501 0.0022 0.00282
-5.6 0.92 0.0544 0.00252 0.0034
-5.5 0.92 0.059 0.00301 0.00406
-5.4 0.92 0.0639 0.00378 0.00482
-5.3 0.92 0.0692 0.00504 0.00573
-5.2 0.92 0.0751 0.00723 0.00696
-5.1 0.92 0.082 0.0115 0.00907
-5 0.92 0.0918 0.0237 0.0138
-4.9 0.92 0.153 0.189 0.0693
-4.8 0.92 0.0819 0.0187 0.0417
-4.7 0.92 0.0948 0.0124 0.0212
-4.6 0.92 0.103 0.0108 0.0151
-4.5 0.92 0.111 0.0103 0.0131
-4.4 0.92 0.119 0.0103 0.0116
-4.3 0.92 0.126 0.0105 0.0104
-4.2 0.92 0.133 0.0105 0.00945
-4.1 0.92 0.141 0.0104 0.00847
-4 0.92 0.146 0.0119 0.00548
-3.9 0.92 0.153 0.0114 0.00525
-3.8 0.92 0.16 0.0105 0.00677
-3.7 0.92 0.163 0.00455 0.00788
-3.6 0.92 0.171 0.00494 0.00533
-3.5 0.92 0.178 0.00621 0.0055
-3.4 0.92 0.186 0.0072 0.00783
-3.3 0.92 0.195 0.0078 0.00985
-3.2 0.92 0.204 0.00795 0.0114
-3.1 0.92 0.214 0.0076 0.0122
-3 0.92 0.224 0.00676 0.0123
-2.9 0.92 0.238 0.0114 0.0147
-2.8 0.92 0.25 0.0127 0.013
-2.7 0.92 0.255 0.00521 0.00879
-2.6 0.92 0.266 0.00448 0.00848
-2.5 0.92 0.279 0.00754 0.00989
-2.4 0.92 0.29 0.00761 0.0086
-2.3 0.92 0.301 0.00704 0.00698
-2.2 0.92 0.316 0.00646 0.00437
-2.1 0.92 0.327 0.00758 0.00447
-2 0.92 0.338 0.00781 0.0042
-1.9 0.92 0.346 0.00922 0.00648
-1.8 0.92 0.357 0.00786 0.00608
-1.7 0.92 0.369 0.00471 0.00243
-1.6 0.92 0.379 0.000375 0.000733
-1.5 0.92 0.39 0.000449 0.000799
-1.4 0.92 0.401 0.000616 0.00126
-1.3 0.92 0.414 0.00227 0.00252
-1.2 0.92 0.424 0.000644 0.0012
-1.1 0.92 0.436 0.000736 0.000673
-1 0.92 0.448 0.000777 0.00092
-0.9 0.92 0.46 0.000815 0.000998
-0.8 0.92 0.471 0.000732 0.00101
-0.7 0.92 0.483 0.000651 0.00117
-0.6 0.92 0.494 0.000567 0.00113
-0.5 0.92 0.505 0.00127 0.00191
-0.4 0.92 0.517 0.00102 0.00131
-0.3 0.92 0.529 0.00154 0.00146
-0.2 0.92 0.539 0.0018 0.00216
-0.1 0.92 0.55 0.0022 0.00243
1.95e-14 0.92 0.561 0.00271 0.00287
0.1 0.92 0.572 0.0033 0.00349
0.2 0.92 0.583 0.00384 0.00421
0.3 0.92 0.593 0.00156 0.00377
0.4 0.92 0.604 0.0043 0.00583
0.5 0.92 0.617 0.0149 0.0123
0.6 0.92 0.627 0.0167 0.0157
0.7 0.92 0.635 0.00243 0.00361
0.8 0.92 0.641 0.00623 0.015
0.9 0.92 0.65 0.00714 0.015
1 0.92 0.66 0.0076 0.014
1.1 0.92 0.67 0.00753 0.0119
1.2 0.92 0.685 0.00666 0.00994
1.3 0.92 0.695 0.0088 0.0108
1.4 0.92 0.705 0.0105 0.0109
1.5 0.92 0.715 0.0116 0.0102
1.6 0.92 0.727 0.0095 0.00433
1.7 0.92 0.736 0.00965 0.00493
1.8 0.92 0.745 0.00938 0.0053
1.9 0.92 0.748 0.0133 0.0127
2 0.92 0.756 0.0136 0.0108
2.1 0.92 0.765 0.0134 0.00859
2.2 0.92 0.775 0.0102 0.00552
2.3 0.92 0.782 0.00947 0.00558
2.4 0.92 0.788 0.0085 0.00541
2.5 0.92 0.794 0.00741 0.00506
2.6 0.92 0.8 0.00627 0.00459
2.7 0.92 0.805 0.00515 0.00405
2.8 0.92 0.81 0.00411 0.00347
2.9 0.92 0.815 0.00317 0.0029
3 0.92 0.82 0.00465 0.00315
3.1 0.92 0.824 0.00391 0.00279
3.2 0.92 0.828 0.00324 0.00243
3.3 0.92 0.832 0.00264 0.00208
3.4 0.92 0.836 0.00213 0.00176
3.5 0.92 0.839 0.00169 0.00148
3.6 0.92 0.843 0.00134 0.00125
3.7 0.92 0.846 0.00105 0.00107
3.8 0.92 0.848 0.000871 0.000949
3.9 0.92 0.851 0.000806 0.000915
4 0.92 0.853 0.000809 0.00105
4.1 0.92 0.855 0.00107 0.00193
4.2 0.92 0.86 0.00588 0.00267
4.3 0.92 0.861 0.0011 0.00113
4.4 0.92 0.862 0.000779 0.0013
4.5 0.92 0.863 0.00162 0.00417
4.6 0.92 0.866 0.00144 0.000739
4.7 0.92 0.867 0.000493 0.000399
4.8 0.92 0.869 0.00027 0.000302
4.9 0.92 0.87 0.000178 0.000251
5 0.92 0.871 0.000129 0.000217
5.1 0.92 0.872 0.0001 0.00019
5.2 0.92 0.873 8.11e-05 0.000167
5.3 0.92 0.874 6.76e-05 0.000148
5.4 0.92 0.875 5.75e-05 0.00013
5.5 0.92 0.875 4.96e-05 0.000115
5.6 0.92 0.876 4.33e-05 0.000101
5.7 0.92 0.876 3.81e-05 8.83e-05
5.8 0.92 0.877 3.38e-05 7.7e-05
5.9 0.92 0.877 3.02e-05 6.69e-05
6 0.92 0.878 2.72e-05 5.78e-05
6.1 0.92 0.878 2.48e-05 4.97e-05
6.2 0.92 0.879 3.63e-05 6.03e-05
6.3 0.92 0.879 3.13e-05 4.58e-05
6.4 0.92 0.879 3.1e-05 3.06e-05
6.5 0.92 0.88 3.1e-05 2.26e-05
6.6 0.92 0.88 7.42e-05 3.95e-05
6.7 0.92 0.88 1.83e-05 1.96e-05
6.8 0.92 0.88 1.01e-05 5.1e-06
6.9 0.92 0.88 6.61e-06 3.7e-06
7 0.92 0.88 4.14e-06 1.79e-06
7.1 0.92 0.881 2.2e-06 1.45e-06
7.2 0.92 0.881 1.93e-06 1.41e-06
7.3 0.92 0.881 3.58e-06 2.05e-06
7.4 0.92 0.881 6.46e-06 4.55e-06
7.5 0.92 0.881 8.07e-06 5.02e-06
7.6 0.92 0.881 9.52e-06 5.45e-06
7.7 0.92 0.881 1.08e-05 5.83e-06
7.8 0.92 0.881 1.2e-05 6.16e-06
7.9 0.92 0.881 1.3e-05 6.47e-06
8 0.92 0.881 1.39e-05 6.74e-06
8.1 0.92 0.881 1.47e-05 6.99e-06
8.2 0.92 0.881 1.55e-05 7.21e-06
8.3 0.92 0.881 1.61e-05 7.42e-06
8.4 0.92 0.881 1.67e-05 7.6e-06
8.5 0.92 0.882 1.72e-05 7.76e-06
8.6 0.92 0.882 1.77e-05 7.91e-06
8.7 0.92 0.882 1.81e-05 8.04e-06
8.8 0.92 0.882 1.84e-05 8.15e-06
8.9 0.92 0.882 1.87e-05 8.26e-06
9 0.92 0.882 1.9e-05 8.35e-06
9.1 0.92 0.882 1.92e-05 8.43e-06
9.2 0.92 0.882 1.94e-05 8.5e-06
9.3 0.92 0.882 1.96e-05 8.56e-06
9.4 0.92 0.882 1.97e-05 8.61e-06
9.5 0.92 0.882 1.99e-05 8.65e-06
9.6 0.92 0.882 2e-05 8.69e-06
9.7 0.92 0.882 2e-05 8.71e-06
9.8 0.92 0.882 2.01e-05 8.74e-06
9.9 0.92 0.882 2.01e-05 8.74e-06
10 0.92 0.882 2.01e-05 8.75e-06
10.1 0.92 0.882 2.01e-05 8.74e-06
10.2 0.92 0.882 2.01e-05 8.74e-06
10.3 0.92 0.882 2e-05 8.71e-06
10.4 0.92 0.882 2e-05 8.69e-06
10.5 0.92 0.882 1.99e-05 8.65e-06
10.6 0.92 0.882 1.97e-05 8.61e-06
10.7 0.92 0.882 1.96e-05 8.56e-06
10.8 0.92 0.882 1.94e-05 8.5e-06
10.9 0.92 0.882 1.92e-05 8.43e-06
11 0.92 0.882 1.9e-05 8.35e-06
11.1 0.92 0.882 1.87e-05 8.26e-06
11.2 0.92 0.882 1.84e-05 8.15e-06
11.3 0.92 0.882 1.81e-05 8.04e-06
11.4 0.92 0.882 1.77e-05 7.91e-06
11.5 0.92 0.882 1.72e-05 7.76e-06
11.6 0.92 0.881 1.67e-05 7.6e-06
11.7 0.92 0.881 1.61e-05 7.42e-06
11.8 0.92 0.881 1.55e-05 7.21e-06
11.9 0.92 0.881 1.47e-05 6.99e-06
12 0.92 0.881 1.39e-05 6.74e-06
12.1 0.92 0.881 1.3e-05 6.47e-06
12.2 0.92 0.881 1.2e-05 6.16e-06
12.3 0.92 0.881 1.08e-05 5.83e-06
12.4 0.92 0.881 9.52e-06 5.45e-06
12.5 0.92 0.881 8.07e-06 5.02e-06
12.6 0.92 0.881 6.46e-06 4.55e-06
12.7 0.92 0.881 3.58e-06 2.05e-06
12.8 0.92 0.881 1.93e-06 1.41e-06
12.9 0.92 0.881 2.2e-06 1.45e-06
13 0.92 0.88 4.14e-06 1.79e-06
13.1 0.92 0.88 6.61e-06 3.7e-06
13.2 0.92 0.88 1.01e-05 5.1e-06
13.3 0.92 0.88 1.83e-05 1.96e-05
13.4 0.92 0.88 7.42e-05 3.95e-05
13.5 0.92 0.88 3.1e-05 2.26e-05
13.6 0.92 0.879 3.1e-05 3.06e-05
13.7 0.92 0.879 3.13e-05 4.58e-05
13.8 0.92 0.879 3.63e-05 6.03e-05
13.9 0.92 0.878 2.48e-05 4.97e-05
14 0.92 0.878 2.72e-05 5.78e-05
14.1 0.92 0.877 3.02e-05 6.69e-05
14.2 0.92 0.877 3.38e-05 7.7e-05
14.3 0.92 0.876 3.81e-05 8.83e-05
14.4 0.92 0.876 4.33e-05 0.000101
14.5 0.92 0.875 4.96e-05 0.000115
14.6 0.92 0.875 5.75e-05 0.00013
14.7 0.92 0.874 6.76e-05 0.000148
14.8 0.92 0.873 8.11e-05 0.000167
14.9 0.92 0.872 0.0001 0.00019
15 0.92 0.871 0.000129 0.000217
15.1 0.92 0.87 0.000178 0.000251
15.2 0.92 0.869 0.00027 0.000302
15.3 0.92 0.867 0.000493 0.000399
15.4 0.92 0.866 0.00144 0.000739
15.5 0.92 0.863 0.00162 0.00417
15.6 0.92 0.862 0.000779 0.0013
15.7 0.92 0.861 0.0011 0.00113
15.8 0.92 0.86 0.00588 0.00267
15.9 0.92 0.855 0.00107 0.00193
16 0.92 0.853 0.000809 0.00105
16.1 0.92 0.851 0.000806 0.000915
16.2 0.92 0.848 0.000871 0.000949
16.3 0.92 0.846 0.00105 0.00107
16.4 0.92 0.843 0.00134 0.00125
16.5 0.92 0.839 0.00169 0.00148
16.6 0.92 0.836 0.00213 0.00176
16.7 0.92 0.832 0.00264 0.00208
16.8 0.92 0.828 0.00324 0.00243
16.9 0.92 0.824 0.00391 0.00279
17 0.92 0.82 0.00465 0.00315
17.1 0.92 0.815 0.00317 0.0029
17.2 0.92 0.81 0.00411 0.00347
17.3 0.92 0.805 0.00515 0.00405
17.4 0.92 0.8 0.00627 0.00459
17.5 0.92 0.794 0.00741 0.00506
17.6 0.92 0.788 0.0085 0.00541
17.7 0.92 0.782 0.00947 0.00558
17.8 0.92 0.775 0.0102 0.00552
17.9 0.92 0.765 0.0134 0.00859
18 0.92 0.756 0.0136 0.0108
18.1 0.92 0.748 0.0133 0.0127
18.2 0.92 0.745 0.00938 0.0053
18.3 0.92 0.736 0.00965 0.00493
18.4 0.92 0.727 0.0095 0.00433
18.5 0.92 0.715 0.0116 0.0102
18.6 0.92 0.705 0.0105 0.0109
18.7 0.92 0.695 0.0088 0.0108
18.8 0.92 0.685 0.00666 0.00994
18.9 0.92 0.67 0.00753 0.0119
19 0.92 0.66 0.0076 0.014
19.1 0.92 0.65 0.00714 0.015
19.2 0.92 0.641 0.00623 0.015
19.3 0.92 0.635 0.00243 0.00361
19.4 0.92 0.627 0.0167 0.0157
19.5 0.92 0.617 0.0149 0.0123
19.6 0.92 0.604 0.0043 0.00583
19.7 0.92 0.593 0.00156 0.00377
19.8 0.92 0.583 0.00384 0.00421
19.9 0.92 0.572 0.0033 0.00349
20 0.92 0.561 0.00271 0.00287
20.1 0.92 0.55 0.0022 0.00243
20.2 0.92 0.539 0.0018 0.00216
20.3 0.92 0.529 0.00154 0.00146
20.4 0.92 0.517 0.00102 0.00131
20.5 0.92 0.505 0.00127 0.00191
20.6 0.92 0.494 0.000567 0.00113
20.7 0.92 0.483 0.000651 0.00117
20.8 0.92 0.471 0.000732 0.00101
20.9 0.92 0.46 0.000815 0.000998
21 0.92 0.448 0.000777 0.00092
21.1 0.92 0.436 0.000736 0.000673
21.2 0.92 0.424 0.000644 0.0012
21.3 0.92 0.414 0.00227 0.00252
21.4 0.92 0.401 0.000616 0.00126
21.5 0.92 0.39 0.000449 0.000799
21.6 0.92 0.379 0.000375 0.000733
21.7 0.92 0.369 0.00471 0.00243
21.8 0.92 0.357 0.00786 0.00608
21.9 0.92 0.346 0.00922 0.00648
22 0.92 0.338 0.00781 0.0042
22.1 0.92 0.327 0.00758 0.00447
22.2 0.92 0.316 0.00646 0.00437
22.3 0.92 0.301 0.00704 0.00698
22.4 0.92 0.29 0.00761 0.0086
22.5 0.92 0.279 0.00754 0.00989
22.6 0.92 0.266 0.00448 0.00848
22.7 0.92 0.255 0.00521 0.00879
22.8 0.92 0.25 0.0127 0.013
22.9 0.92 0.238 0.0114 0.0147
23 0.92 0.224 0.00676 0.0123
23.1 0.92 0.214 0.0076 0.0122
23.2 0.92 0.204 0.00795 0.0114
23.3 0.92 0.195 0.0078 0.00985
23.4 0.92 0.186 0.0072 0.00783
23.5 0.92 0.178 0.00621 0.0055
23.6 0.92 0.171 0.00494 0.00533
23.7 0.92 0.163 0.00455 0.00788
23.8 0.92 0.16 0.0105 0.00677
23.9 0.92 0.153 0.0114 0.00525
24 0.92 0.146 0.0119 0.00548
24.1 0.92 0.141 0.0104 0.00847
24.2 0.92 0.133 0.0105 0.00945
24.3 0.92 0.126 0.0105 0.0104
24.4 0.92 0.119 0.0103 0.0116
24.5 0.92 0.111 0.0103 0.0131
24.6 0.92 0.103 0.0108 0.0151
24.7 0.92 0.0948 0.0124 0.0212
24.8 0.92 0.0819 0.0187 0.0417
24.9 0.92 0.153 0.189 0.0693
25 0.92 0.0918 0.0237 0.0138
25.1 0.92 0.082 0.0115 0.00907
25.2 0.92 0.0751 0.00723 0.00696
25.3 0.92 0.0692 0.00504 0.00573
25.4 0.92 0.0639 0.00378 0.00482
25.5 0.92 0.059 0.00301 0.00406
25.6 0.92 0.0544 0.00252 0.0034
25.7 0.92 0.0501 0.0022 0.00282
25.8 0.92 0.0461 0.00198 0.00231
25.9 0.92 0.0423 0.00182 0.00187
26 0.92 0.0388 0.00162 0.00156
26.1 0.92 0.0355 0.00152 0.00125
26.2 0.92 0.0325 0.00143 0.000976
26.3 0.92 0.0296 0.00135 0.000745
26.4 0.92 0.027 0.00128 0.000806
26.5 0.92 0.0246 0.00121 0.000852
26.6 0.92 0.0224 0.00114 0.000876
26.7 0.92 0.0203 0.00107 0.000883
26.8 0.92 0.0184 0.00101 0.000876
26.9 0.92 0.0167 0.000947 0.000857
27 0.92 0.0151 0.000884 0.000828
27.1 0.92 0.0137 0.000823 0.000794
27.2 0.92 0.0124 0.000764 0.000755
27.3 0.92 0.0112 0.000707 0.000712
27.4 0.92 0.0101 0.000652 0.000669
27.5 0.92 0.00911 0.000601 0.000624
27.6 0.92 0.00821 0.000551 0.00058
27.7 0.92 0.0074 0.000505 0.000537
27.8 0.92 0.00667 0.000462 0.000496
27.9 0.92 0.006 0.000422 0.000456
28 0.92 0.00541 0.000384 0.000418
28.1 0.92 0.00486 0.00035 0.000383
28.2 0.92 0.00438 0.000318 0.000349
28.3 0.92 0.00394 0.000288 0.000319
28.4 0.92 0.00354 0.000261 0.00029
28.5 0.92 0.00318 0.000237 0.000263
28.6 0.92 0.00286 0.000214 0.000239
28.7 0.92 0.00257 0.000193 0.000216
28.8 0.92 0.00231 0.000175 0.000196
28.9 0.92 0.00207 0.000158 0.000177
29 0.92 0.00186 0.000142 0.00016
29.1 0.92 0.00167 0.000128 0.000145
29.2 0.92 0.0015 0.000116 0.00013
29.3 0.92 0.00135 0.000104 0.000118
29.4 0.92 0.00121 9.36e-05 0.000106
29.5 0.92 0.00109 8.43e-05 9.55e-05
29.6 0.92 0.000975 7.58e-05 8.6e-05
29.7 0.92 0.000875 6.82e-05 7.74e-05
29.8 0.92 0.000785 6.13e-05 6.96e-05
29.9 0.92 0.000704 5.51e-05 6.26e-05
30 0.92 0.000632 4.95e-05 5.63e-05
30.1 0.92 0.000567 4.45e-05 5.06e-05
30.2 0.92 0.000509 4e-05 4.55e-05
30.3 0.92 0.000457 3.59e-05 4.09e-05
30.4 0.92 0.00041 3.22e-05 3.67e-05
30.5 0.92 0.000368 2.9e-05 3.3e-05
30.6 0.92 0.00033 2.6e-05 2.96e-05
30.7 0.92 0.000296 2.33e-05 2.66e-05
30.8 0.92 0.000266 2.1e-05 2.39e-05
30.9 0.92 0.000238 1.88e-05 2.15e-05
31 0.92 0.000214 1.69e-05 1.93e-05
31.1 0.92 0.000192 1.52e-05 1.73e-05
31.2 0.92 0.000172 1.36e-05 1.55e-05
31.3 0.92 0.000154 1.22e-05 1.39e-05
31.4 0.92 0.000138 1.1e-05 1.25e-05
31.5 0.92 0.000124 9.83e-06 1.12e-05
31.6 0.92 0.000111 8.82e-06 1.01e-05
31.7 0.92 9.99e-05 7.91e-06 9.04e-06
31.8 0.92 8.96e-05 7.1e-06 8.11e-06
31.9 0.92 8.04e-05 6.37e-06 7.27e-06
32 0.92 7.21e-05 5.71e-06 6.53e-06
32.1 0.92 6.47e-05 5.13e-06 5.86e-06
32.2 0.92 5.8e-05 4.6e-06 5.25e-06
32.3 0.92 5.21e-05 4.13e-06 4.71e-06
32.4 0.92 4.67e-05 3.7e-06 4.23e-06
32.5 0.92 4.19e-05 3.32e-06 3.79e-06
32.6 0.92 3.76e-05 2.98e-06 3.4e-06
32.7 0.92 3.37e-05 2.67e-06 3.05e-06
32.8 0.92 3.02e-05 2.4e-06 2.74e-06
32.9 0.92 2.71e-05 2.15e-06 2.46e-06
33 0.92 2.43e-05 1.93e-06 2.2e-06
33.1 0.92 2.18e-05 1.73e-06 1.98e-06
33.2 0.92 1.96e-05 1.55e-06 1.77e-06
33.3 0.92 1.76e-05 1.39e-06 1.59e-06
33.4 0.92 1.58e-05 1.25e-06 1.43e-06
33.5 0.92 1.41e-05 1.12e-06 1.28e-06
33.6 0.92 1.27e-05 1.01e-06 1.15e-06
33.7 0.92 1.14e-05 9.02e-07 1.03e-06
33.8 0.92 1.02e-05 8.09e-07 9.25e-07
33.9 0.92 9.15e-06 7.26e-07 8.29e-07
34 0.92 8.21e-06 6.51e-07 7.44e-07
34.1 0.92 7.36e-06 5.84e-07 6.67e-07
34.2 0.92 6.6e-06 5.24e-07 5.99e-07
34.3 0.92 5.92e-06 4.7e-07 5.37e-07
34.4 0.92 5.31e-06 4.21e-07 4.82e-07
34.5 0.92 4.77e-06 3.78e-07 4.32e-07
34.6 0.92 4.28e-06 3.39e-07 3.88e-07
34.7 0.92 3.84e-06 3.04e-07 3.48e-07
34.8 0.92 3.44e-06 2.73e-07 3.12e-07
34.9 0.92 3.09e-06 2.45e-07 2.8e-07
35 0.92 2.77e-06 2.2e-07 2.51e-07
35.1 0.92 2.48e-06 1.97e-07 2.25e-07
35.2 0.92 2.23e-06 1.77e-07 2.02e-07
35.3 0.92 2e-06 1.58e-07 1.81e-07
35.4 0.92 1.79e-06 1.42e-07 1.62e-07
35.5 0.92 1.61e-06 1.28e-07 1.46e-07
35.6 0.92 1.44e-06 1.14e-07 1.31e-07
35.7 0.92 1.29e-06 1.03e-07 1.17e-07
35.8 0.92 1.16e-06 9.2e-08 1.05e-07
35.9 0.92 1.04e-06 8.25e-08 9.43e-08
36 0.92 9.33e-07 7.4e-08 8.46e-08
36.1 0.92 8.37e-07 6.64e-08 7.59e-08
36.2 0.92 7.51e-07 5.96e-08 6.81e-08
36.3 0.92 6.74e-07 5.34e-08 6.11e-08
36.4 0.92 6.04e-07 4.79e-08 5.48e-08
36.5 0.92 5.42e-07 4.3e-08 4.91e-08
36.6 0.92 4.86e-07 3.86e-08 4.41e-08
36.7 0.92 4.36e-07 3.46e-08 3.95e-08
36.8 0.92 3.91e-07 3.1e-08 3.55e-08
36.9 0.92 3.51e-07 2.78e-08 3.18e-08
37 0.92 3.15e-07 2.5e-08 2.85e-08
37.1 0.92 2.82e-07 2.24e-08 2.56e-08
37.2 0.92 2.53e-07 2.01e-08 2.3e-08
37.3 0.92 2.27e-07 1.8e-08 2.06e-08
37.4 0.92 2.04e-07 1.62e-08 1.85e-08
37.5 0.92 1.83e-07 1.45e-08 1.66e-08
37.6 0.92 1.64e-07 1.3e-08 1.49e-08
37.7 0.92 1.47e-07 1.17e-08 1.33e-08
37.8 0.92 1.32e-07 1.05e-08 1.2e-08
37.9 0.92 1.18e-07 9.39e-09 1.07e-08
38 0.92 1.06e-07 8.42e-09 9.63e-09
38.1 0.92 9.52e-08 7.55e-09 8.63e-09
38.2 0.92 8.54e-08 6.78e-09 7.74e-09
38.3 0.92 7.66e-08 6.08e-09 6.95e-09
38.4 0.92 6.87e-08 5.45e-09 6.23e-09
38.5 0.92 6.17e-08 4.89e-09 5.59e-09
38.6 0.92 5.53e-08 4.39e-09 5.01e-09
38.7 0.92 4.96e-08 3.94e-09 4.5e-09
38.8 0.92 4.45e-08 3.53e-09 4.03e-09
38.9 0.92 3.99e-08 3.17e-09 3.62e-09
39 0.92 3.58e-08 2.84e-09 3.25e-09
39.1 0.92 3.21e-08 2.55e-09 2.91e-09
39.2 0.92 2.88e-08 2.29e-09 2.61e-09
39.3 0.92 2.58e-08 2.05e-09 2.34e-09
39.4 0.92 2.32e-08 1.84e-09 2.1e-09
39.5 0.92 2.08e-08 1.65e-09 1.89e-09
39.6 0.92 1.87e-08 1.48e-09 1.69e-09
39.7 0.92 1.67e-08 1.33e-09 1.52e-09
39.8 0.92 1.5e-08 1.19e-09 1.36e-09
39.9 0.92 1.35e-08 1.07e-09 1.22e-09
40 0.92 1.21e-08 9.58e-10 1.09e-09
40.1 0.92 1.08e-08 8.59e-10 9.82e-10
40.2 0.92 9.72e-09 7.71e-10 8.81e-10
40.3 0.92 8.71e-09 6.91e-10 7.9e-10
40.4 0.92 7.82e-09 6.2e-10 7.09e-10
40.5 0.92 7.01e-09 5.56e-10 6.36e-10
40.6 0.92 6.29e-09 4.99e-10 5.7e-10
40.7 0.92 5.64e-09 4.48e-10 5.12e-10
40.8 0.92 5.06e-09 4.01e-10 4.59e-10
40.9 0.92 4.54e-09 3.6e-10 4.12e-10
41 0.92 4.07e-09 3.23e-10 3.69e-10
41.1 0.92 3.65e-09 2.9e-10 3.31e-10
41.2 0.92 3.28e-09 2.6e-10 2.97e-10
41.3 0.92 2.94e-09 2.33e-10 2.66e-10
41.4 0.92 2.64e-09 2.09e-10 2.39e-10
41.5 0.92 2.36e-09 1.88e-10 2.14e-10
41.6 0.92 2.12e-09 1.68e-10 1.92e-10
41.7 0.92 1.9e-09 1.51e-10 1.73e-10
41.8 0.92 1.71e-09 1.35e-10 1.55e-10
41.9 0.92 1.53e-09 1.21e-10 1.39e-10
42 0.92 1.37e-09 1.09e-10 1.25e-10
44.4 0.92 1.01e-10 8.02e-12 9.17e-12
46.6 0.92 9.25e-12 7.34e-13 8.39e-13
46.7 0.92 8.3e-12 6.58e-13 7.52e-13
46.8 0.92 7.44e-12 5.91e-13 6.75e-13
46.9 0.92 6.68e-12 5.3e-13 6.05e-13
47 0.92 5.99e-12 4.75e-13 5.43e-13
47.1 0.92 5.37e-12 4.26e-13 4.87e-13
47.2 0.92 4.82e-12 3.82e-13 4.37e-13
47.3 0.92 4.32e-12 3.43e-13 3.92e-13
47.4 0.92 3.88e-12 3.08e-13 3.52e-13
47.5 0.92 3.48e-12 2.76e-13 3.15e-13
47.6 0.92 3.12e-12 2.48e-13 2.83e-13
47.7 0.92 2.8e-12 2.22e-13 2.54e-13
47.8 0.92 2.51e-12 1.99e-13 2.28e-13
47.9 0.92 2.25e-12 1.79e-13 2.04e-13
48 0.92 2.02e-12 1.6e-13 1.83e-13
48.1 0.92 1.81e-12 1.44e-13 1.64e-13
48.2 0.92 1.63e-12 1.29e-13 1.47e-13
48.3 0.92 1.46e-12 1.16e-13 1.32e-13
48.4 0.92 1.31e-12 1.04e-13 1.19e-13
48.5 0.92 1.17e-12 9.31e-14 1.06e-13
48.6 0.92 1.05e-12 8.35e-14 9.54e-14
48.7 0.92 9.44e-13 7.49e-14 8.56e-14
48.8 0.92 8.47e-13 6.72e-14 7.68e-14
48.9 0.92 7.6e-13 6.02e-14 6.89e-14
49 0.92 6.81e-13 5.4e-14 6.18e-14
49.1 0.92 6.11e-13 4.85e-14 5.54e-14
49.2 0.92 5.48e-13 4.35e-14 4.97e-14
49.3 0.92 4.92e-13 3.9e-14 4.46e-14
49.4 0.92 4.41e-13 3.5e-14 4e-14
49.5 0.92 3.96e-13 3.14e-14 3.59e-14
49.6 0.92 3.55e-13 2.82e-14 3.22e-14
49.7 0.92 3.18e-13 2.53e-14 2.89e-14
49.8 0.92 2.86e-13 2.27e-14 2.59e-14
49.9 0.92 2.56e-13 2.03e-14 2.32e-14
50 0.92 2.3e-13 1.82e-14 2.08e-14
50.1 0.92 2.06e-13 1.63e-14 1.87e-14
50.2 0.92 1.85e-13 1.47e-14 1.68e-14
50.3 0.92 1.66e-13 1.32e-14 1.5e-14
50.4 0.92 1.49e-13 1.18e-14 1.35e-14
50.5 0.92 1.33e-13 1.06e-14 1.21e-14
50.6 0.92 1.2e-13 9.49e-15 1.09e-14
50.7 0.92 1.07e-13 8.52e-15 9.73e-15
50.8 0.92 9.63e-14 7.64e-15 8.73e-15
50.9 0.92 8.64e-14 6.85e-15 7.83e-15
51 0.92 7.75e-14 6.15e-15 7.02e-15
51.1 0.92 6.95e-14 5.51e-15 6.3e-15
51.2 0.92 6.23e-14 4.95e-15 5.65e-15
51.3 0.92 5.59e-14 4.44e-15 5.07e-15
51.4 0.92 5.02e-14 3.98e-15 4.55e-15
51.5 0.92 4.5e-14 3.57e-15 4.08e-15
51.6 0.92 4.04e-14 3.2e-15 3.66e-15
51.7 0.92 3.62e-14 2.87e-15 3.28e-15
51.8 0.92 3.25e-14 2.58e-15 2.94e-15
51.9 0.92 2.91e-14 2.31e-15 2.64e-15
52 0.92 2.61e-14 2.07e-15 2.37e-15
52.1 0.92 2.34e-14 1.86e-15 2.13e-15
52.2 0.92 2.1e-14 1.67e-15 1.91e-15
52.3 0.92 1.89e-14 1.5e-15 1.71e-15
52.4 0.92 1.69e-14 1.34e-15 1.53e-15
52.5 0.92 1.52e-14 1.2e-15 1.38e-15
52.6 0.92 1.36e-14 1.08e-15 1.23e-15
52.7 0.92 1.22e-14 9.69e-16 1.11e-15
52.8 0.92 1.1e-14 8.69e-16 9.93e-16
52.9 0.92 9.82e-15 7.79e-16 8.91e-16
53 0.92 8.81e-15 6.99e-16 7.99e-16
53.1 0.92 7.9e-15 6.27e-16 7.17e-16
53.2 0.92 7.09e-15 5.62e-16 6.43e-16
53.3 0.92 6.36e-15 5.05e-16 5.77e-16
53.4 0.92 5.71e-15 4.53e-16 5.17e-16
53.5 0.92 5.12e-15 4.06e-16 4.64e-16
53.6 0.92 4.59e-15 3.64e-16 4.16e-16
53.7 0.92 4.12e-15 3.27e-16 3.73e-16
53.8 0.92 3.69e-15 2.93e-16 3.35e-16
53.9 0.92 3.31e-15 2.63e-16 3e-16
54 0.92 2.97e-15 2.36e-16 2.69e-16
54.1 0.92 2.67e-15 2.11e-16 2.42e-16
54.2 0.92 2.39e-15 1.9e-16 2.17e-16
54.3 0.92 2.14e-15 1.7e-16 1.94e-16
54.4 0.92 1.92e-15 1.53e-16 1.74e-16
54.5 0.92 1.73e-15 1.37e-16 1.56e-16
54.6 0.92 1.55e-15 1.23e-16 1.4e-16
54.7 0.92 1.39e-15 1.1e-16 1.26e-16
54.8 0.92 1.25e-15 9.88e-17 1.13e-16
54.9 0.92 1.12e-15 8.86e-17 1.01e-16
55 0.92 1e-15 7.95e-17 9.09e-17
55.1 0.92 8.99e-16 7.13e-17 8.15e-17
55.2 0.92 8.06e-16 6.4e-17 7.31e-17
55.3 0.92 7.23e-16 5.74e-17 6.56e-17
55.4 0.92 6.49e-16 5.15e-17 5.88e-17
55.5 0.92 5.82e-16 4.62e-17 5.28e-17
55.6 0.92 5.22e-16 4.14e-17 4.73e-17
55.7 0.92 4.68e-16 3.71e-17 4.25e-17
55.8 0.92 4.2e-16 3.33e-17 3.81e-17
55.9 0.92 3.77e-16 2.99e-17 3.42e-17
56 0.92 3.38e-16 2.68e-17 3.06e-17
56.1 0.92 3.03e-16 2.41e-17 2.75e-17
56.2 0.92 2.72e-16 2.16e-17 2.47e-17
56.3 0.92 2.44e-16 1.94e-17 2.21e-17
56.4 0.92 2.19e-16 1.74e-17 1.98e-17
56.5 0.92 1.96e-16 1.56e-17 1.78e-17
56.6 0.92 1.76e-16 1.4e-17 1.6e-17
56.7 0.92 1.58e-16 1.25e-17 1.43e-17
56.8 0.92 1.42e-16 1.12e-17 1.28e-17
56.9 0.92 1.27e-16 1.01e-17 1.15e-17
57 0.92 1.14e-16 9.04e-18 1.03e-17
57.1 0.92 1.02e-16 8.11e-18 9.27e-18
57.2 0.92 9.17e-17 7.28e-18 8.32e-18
57.3 0.92 8.23e-17 6.53e-18 7.46e-18
57.4 0.92 7.38e-17 5.85e-18 6.69e-18
57.5 0.92 6.62e-17 5.25e-18 6e-18
57.6 0.92 5.94e-17 4.71e-18 5.38e-18
57.7 0.92 5.33e-17 4.23e-18 4.83e-18
57.8 0.92 4.78e-17 3.79e-18 4.33e-18
57.9 0.92 4.29e-17 3.4e-18 3.89e-18
58 0.92 3.84e-17 3.05e-18 3.49e-18
58.1 0.92 3.45e-17 2.74e-18 3.13e-18
58.2 0.92 3.09e-17 2.45e-18 2.8e-18
58.3 0.92 2.77e-17 2.2e-18 2.52e-18
58.4 0.92 2.49e-17 1.97e-18 2.26e-18
58.5 0.92 2.23e-17 1.77e-18 2.02e-18
58.6 0.92 2e-17 1.59e-18 1.82e-18
58.7 0.92 1.8e-17 1.42e-18 1.63e-18
58.8 0.92 1.61e-17 1.28e-18 1.46e-18
58.9 0.92 1.45e-17 1.15e-18 1.31e-18
59 0.92 1.3e-17 1.03e-18 1.18e-18
59.1 0.92 1.16e-17 9.22e-19 1.05e-18
59.2 0.92 1.04e-17 8.27e-19 9.46e-19
59.3 0.92 9.36e-18 7.42e-19 8.48e-19
59.4 0.92 8.39e-18 6.66e-19 7.61e-19
59.5 0.92 7.53e-18 5.97e-19 6.83e-19
59.6 0.92 6.75e-18 5.36e-19 6.12e-19
59.7 0.92 6.06e-18 4.81e-19 5.49e-19
59.8 0.92 5.43e-18 4.31e-19 4.93e-19
59.9 0.92 4.87e-18 3.87e-19 4.42e-19
60 0.92 4.37e-18 3.47e-19 3.96e-19
60.1 0.92 3.92e-18 3.11e-19 3.56e-19
60.2 0.92 3.52e-18 2.79e-19 3.19e-19
60.3 0.92 3.16e-18 2.5e-19 2.86e-19
60.4 0.92 2.83e-18 2.25e-19 2.57e-19
60.5 0.92 2.54e-18 2.01e-19 2.3e-19
60.6 0.92 2.28e-18 1.81e-19 2.06e-19
60.7 0.92 2.04e-18 1.62e-19 1.85e-19
60.8 0.92 1.83e-18 1.45e-19 1.66e-19
60.9 0.92 1.64e-18 1.3e-19 1.49e-19
61 0.92 1.47e-18 1.17e-19 1.34e-19
61.1 0.92 1.32e-18 1.05e-19 1.2e-19
61.2 0.92 1.19e-18 9.41e-20 1.08e-19
61.3 0.92 1.06e-18 8.44e-20 9.65e-20
61.4 0.92 9.55e-19 7.57e-20 8.65e-20
61.5 0.92 8.56e-19 6.79e-20 7.76e-20
61.6 0.92 7.68e-19 6.09e-20 6.96e-20
61.7 0.92 6.89e-19 5.47e-20 6.25e-20
61.8 0.92 6.18e-19 4.9e-20 5.6e-20
61.9 0.92 5.54e-19 4.4e-20 5.03e-20
62 0.92 4.97e-19 3.94e-20 4.51e-20
62.1 0.92 4.46e-19 3.54e-20 4.04e-20
62.2 0.92 4e-19 3.17e-20 3.63e-20
62.3 0.92 3.59e-19 2.85e-20 3.25e-20
62.4 0.92 3.22e-19 2.55e-20 2.92e-20
62.5 0.92 2.89e-19 2.29e-20 2.62e-20
62.6 0.92 2.59e-19 2.05e-20 2.35e-20
62.7 0.92 2.32e-19 1.84e-20 2.11e-20
62.8 0.92 2.08e-19 1.65e-20 1.89e-20
62.9 0.92 1.87e-19 1.48e-20 1.69e-20
63 0.92 1.68e-19 1.33e-20 1.52e-20
63.1 0.92 1.5e-19 1.19e-20 1.36e-20
63.2 0.92 1.35e-19 1.07e-20 1.22e-20
63.3 0.92 1.21e-19 9.6e-21 1.1e-20
63.4 0.92 1.09e-19 8.61e-21 9.84e-21
63.5 0.92 9.74e-20 7.72e-21 8.83e-21
63.6 0.92 8.74e-20 6.93e-21 7.92e-21
63.7 0.92 7.84e-20 6.22e-21 7.1e-21
63.8 0.92 7.03e-20 5.58e-21 6.37e-21
63.9 0.92 6.3e-20 5e-21 5.72e-21
64 0.92 5.66e-20 4.49e-21 5.13e-21
64.1 0.92 5.07e-20 4.02e-21 4.6e-21
64.2 0.92 4.55e-20 3.61e-21 4.13e-21
64.3 0.92 4.08e-20 3.24e-21 3.7e-21
64.4 0.92 3.66e-20 2.9e-21 3.32e-21
64.5 0.92 3.28e-20 2.61e-21 2.98e-21
64.6 0.92 2.95e-20 2.34e-21 2.67e-21
64.7 0.92 2.64e-20 2.1e-21 2.4e-21
64.8 0.92 2.37e-20 1.88e-21 2.15e-21
64.9 0.92 2.13e-20 1.69e-21 1.93e-21
65 0.92 1.91e-20 1.51e-21 1.73e-21
65.1 0.92 1.71e-20 1.36e-21 1.55e-21
65.2 0.92 1.53e-20 1.22e-21 1.39e-21
65.3 0.92 1.38e-20 1.09e-21 1.25e-21
65.4 0.92 1.23e-20 9.79e-22 1.12e-21
65.5 0.92 1.11e-20 8.79e-22 1e-21
65.6 0.92 9.93e-21 7.88e-22 9.01e-22
65.7 0.92 8.91e-21 7.07e-22 8.08e-22
65.8 0.92 7.99e-21 6.34e-22 7.25e-22
65.9 0.92 7.17e-21 5.69e-22 6.5e-22
66 0.92 6.43e-21 5.1e-22 5.83e-22
66.1 0.92 5.77e-21 4.58e-22 5.23e-22
66.2 0.92 5.18e-21 4.11e-22 4.69e-22
66.3 0.92 4.64e-21 3.68e-22 4.21e-22
66.4 0.92 4.16e-21 3.3e-22 3.78e-22
66.5 0.92 3.74e-21 2.96e-22 3.39e-22
66.6 0.92 3.35e-21 2.66e-22 3.04e-22
66.7 0.92 3.01e-21 2.38e-22 2.72e-22
66.8 0.92 2.7e-21 2.14e-22 2.44e-22
66.9 0.92 2.42e-21 1.92e-22 2.19e-22
67 0.92 2.17e-21 1.72e-22 1.97e-22
67.1 0.92 1.95e-21 1.54e-22 1.76e-22
67.2 0.92 1.75e-21 1.38e-22 1.58e-22
67.3 0.92 1.57e-21 1.24e-22 1.42e-22
67.4 0.92 1.4e-21 1.11e-22 1.27e-22
67.5 0.92 1.26e-21 9.99e-23 1.14e-22
67.6 0.92 1.13e-21 8.96e-23 1.02e-22
67.7 0.92 1.01e-21 8.04e-23 9.19e-23
67.8 0.92 9.09e-22 7.21e-23 8.24e-23
67.9 0.92 8.15e-22 6.47e-23 7.39e-23
68 0.92 7.31e-22 5.8e-23 6.63e-23
68.1 0.92 6.56e-22 5.2e-23 5.95e-23
68.2 0.92 5.89e-22 4.67e-23 5.34e-23
68.3 0.92 5.28e-22 4.19e-23 4.79e-23
68.4 0.92 4.74e-22 3.76e-23 4.29e-23
68.5 0.92 4.25e-22 3.37e-23 3.85e-23
68.6 0.92 3.81e-22 3.02e-23 3.45e-23
68.7 0.92 3.42e-22 2.71e-23 3.1e-23
68.8 0.92 3.07e-22 2.43e-23 2.78e-23
68.9 0.92 2.75e-22 2.18e-23 2.49e-23
69 0.92 2.47e-22 1.96e-23 2.24e-23
69.1 0.92 2.21e-22 1.76e-23 2.01e-23
69.2 0.92 1.98e-22 1.57e-23 1.8e-23
69.3 0.92 1.78e-22 1.41e-23 1.61e-23
69.4 0.92 1.6e-22 1.27e-23 1.45e-23
69.5 0.92 1.43e-22 1.14e-23 1.3e-23
69.6 0.92 1.29e-22 1.02e-23 1.17e-23
69.7 0.92 1.15e-22 9.14e-24 1.05e-23
69.8 0.92 1.03e-22 8.2e-24 9.37e-24
69.9 0.92 9.27e-23 7.36e-24 8.41e-24
70 0.92 8.32e-23 6.6e-24 7.54e-24
70.1 0.92 7.46e-23 5.92e-24 6.77e-24
70.2 0.92 6.69e-23 5.31e-24 6.07e-24
70.3 0.92 6e-23 4.76e-24 5.44e-24
70.4 0.92 5.39e-23 4.27e-24 4.88e-24
70.5 0.92 4.83e-23 3.83e-24 4.38e-24
70.6 0.92 4.33e-23 3.44e-24 3.93e-24
70.7 0.92 3.89e-23 3.08e-24 3.52e-24
70.8 0.92 3.49e-23 2.77e-24 3.16e-24
70.9 0.92 3.13e-23 2.48e-24 2.84e-24
71 0.92 2.81e-23 2.23e-24 2.54e-24
71.1 0.92 2.52e-23 2e-24 2.28e-24
71.2 0.92 2.26e-23 1.79e-24 2.05e-24
71.3 0.92 2.02e-23 1.61e-24 1.84e-24
71.4 0.92 1.82e-23 1.44e-24 1.65e-24
71.5 0.92 1.63e-23 1.29e-24 1.48e-24
71.6 0.92 1.46e-23 1.16e-24 1.33e-24
71.7 0.92 1.31e-23 1.04e-24 1.19e-24
71.8 0.92 1.18e-23 9.33e-25 1.07e-24
71.9 0.92 1.05e-23 8.37e-25 9.56e-25
72 0.92 9.46e-24 7.51e-25 8.58e-25
72.1 0.92 8.49e-24 6.73e-25 7.69e-25
72.2 0.92 7.61e-24 6.04e-25 6.9e-25
72.3 0.92 6.83e-24 5.42e-25 6.19e-25
72.4 0.92 6.13e-24 4.86e-25 5.55e-25
72.5 0.92 5.49e-24 4.36e-25 4.98e-25
72.6 0.92 4.93e-24 3.91e-25 4.47e-25
72.7 0.92 4.42e-24 3.51e-25 4.01e-25
72.8 0.92 3.97e-24 3.15e-25 3.6e-25
72.9 0.92 3.56e-24 2.82e-25 3.23e-25
73 0.92 3.19e-24 2.53e-25 2.89e-25
73.1 0.92 2.86e-24 2.27e-25 2.59e-25
73.2 0.92 2.57e-24 2.04e-25 2.33e-25
73.3 0.92 2.3e-24 1.83e-25 2.09e-25
73.4 0.92 2.07e-24 1.64e-25 1.87e-25
73.5 0.92 1.85e-24 1.47e-25 1.68e-25
73.6 0.92 1.66e-24 1.32e-25 1.51e-25
73.7 0.92 1.49e-24 1.18e-25 1.35e-25
73.8 0.92 1.34e-24 1.06e-25 1.21e-25
73.9 0.92 1.2e-24 9.52e-26 1.09e-25
74 0.92 1.08e-24 8.54e-26 9.76e-26
74.1 0.92 9.65e-25 7.66e-26 8.75e-26
74.2 0.92 8.66e-25 6.87e-26 7.85e-26
74.3 0.92 7.77e-25 6.16e-26 7.04e-26
74.4 0.92 6.97e-25 5.53e-26 6.32e-26
74.5 0.92 6.25e-25 4.96e-26 5.67e-26
74.6 0.92 5.61e-25 4.45e-26 5.08e-26
74.7 0.92 5.03e-25 3.99e-26 4.56e-26
74.8 0.92 4.51e-25 3.58e-26 4.09e-26
74.9 0.92 4.05e-25 3.21e-26 3.67e-26
75 0.92 3.63e-25 2.88e-26 3.29e-26
75.1 0.92 3.26e-25 2.58e-26 2.95e-26
75.2 0.92 2.92e-25 2.32e-26 2.65e-26
75.3 0.92 2.62e-25 2.08e-26 2.37e-26
75.4 0.92 2.35e-25 1.86e-26 2.13e-26
75.5 0.92 2.11e-25 1.67e-26 1.91e-26
75.6 0.92 1.89e-25 1.5e-26 1.71e-26
75.7 0.92 1.7e-25 1.35e-26 1.54e-26
75.8 0.92 1.52e-25 1.21e-26 1.38e-26
75.9 0.92 1.36e-25 1.08e-26 1.24e-26
76 0.92 1.22e-25 9.71e-27 1.11e-26
76.1 0.92 1.1e-25 8.71e-27 9.95e-27
76.2 0.92 9.85e-26 7.81e-27 8.93e-27
76.3 0.92 8.83e-26 7.01e-27 8.01e-27
76.4 0.92 7.92e-26 6.29e-27 7.18e-27
76.5 0.92 7.11e-26 5.64e-27 6.44e-27
76.6 0.92 6.38e-26 5.06e-27 5.78e-27
76.7 0.92 5.72e-26 4.54e-27 5.18e-27
76.8 0.92 5.13e-26 4.07e-27 4.65e-27
76.9 0.92 4.6e-26 3.65e-27 4.17e-27
77 0.92 4.13e-26 3.27e-27 3.74e-27
77.1 0.92 3.7e-26 2.94e-27 3.36e-27
77.2 0.92 3.32e-26 2.63e-27 3.01e-27
77.3 0.92 2.98e-26 2.36e-27 2.7e-27
77.4 0.92 2.67e-26 2.12e-27 2.42e-27
77.5 0.92 2.4e-26 1.9e-27 2.17e-27
77.6 0.92 2.15e-26 1.71e-27 1.95e-27
77.7 0.92 1.93e-26 1.53e-27 1.75e-27
77.8 0.92 1.73e-26 1.37e-27 1.57e-27
77.9 0.92 1.55e-26 1.23e-27 1.41e-27
78 0.92 1.39e-26 1.1e-27 1.26e-27
78.1 0.92 1.25e-26 9.9e-28 1.13e-27
78.2 0.92 1.12e-26 8.88e-28 1.02e-27
78.3 0.92 1e-26 7.97e-28 9.11e-28
78.4 0.92 9.01e-27 7.15e-28 8.17e-28
78.5 0.92 8.08e-27 6.41e-28 7.33e-28
78.6 0.92 7.25e-27 5.75e-28 6.57e-28
78.7 0.92 6.5e-27 5.16e-28 5.9e-28
78.8 0.92 5.83e-27 4.63e-28 5.29e-28
78.9 0.92 5.23e-27 4.15e-28 4.74e-28
79 0.92 4.69e-27 3.72e-28 4.26e-28
79.1 0.92 4.21e-27 3.34e-28 3.82e-28
79.2 0.92 3.78e-27 3e-28 3.42e-28
79.3 0.92 3.39e-27 2.69e-28 3.07e-28
79.4 0.92 3.04e-27 2.41e-28 2.76e-28
79.5 0.92 2.73e-27 2.16e-28 2.47e-28
79.6 0.92 2.45e-27 1.94e-28 2.22e-28
79.7 0.92 2.19e-27 1.74e-28 1.99e-28
79.8 0.92 1.97e-27 1.56e-28 1.78e-28
79.9 0.92 1.76e-27 1.4e-28 1.6e-28
80 0.92 1.58e-27 1.26e-28 1.44e-28
80.1 0.92 1.42e-27 1.13e-28 1.29e-28
80.2 0.92 1.27e-27 1.01e-28 1.15e-28
80.3 0.92 1.14e-27 9.06e-29 1.04e-28
80.4 0.92 1.02e-27 8.13e-29 9.29e-29
80.5 0.92 9.19e-28 7.29e-29 8.33e-29
80.6 0.92 8.25e-28 6.54e-29 7.48e-29
80.7 0.92 7.4e-28 5.87e-29 6.71e-29
80.8 0.92 6.64e-28 5.26e-29 6.02e-29
80.9 0.92 5.95e-28 4.72e-29 5.4e-29
81 0.92 5.34e-28 4.23e-29 4.84e-29
81.1 0.92 4.79e-28 3.8e-29 4.34e-29
81.2 0.92 4.3e-28 3.41e-29 3.89e-29
81.3 0.92 3.85e-28 3.06e-29 3.49e-29
81.4 0.92 3.46e-28 2.74e-29 3.13e-29
81.5 0.92 3.1e-28 2.46e-29 2.81e-29
81.6 0.92 2.78e-28 2.21e-29 2.52e-29
81.7 0.92 2.49e-28 1.98e-29 2.26e-29
81.8 0.92 2.24e-28 1.78e-29 2.03e-29
81.9 0.92 2.01e-28 1.59e-29 1.82e-29
82 0.92 1.8e-28 1.43e-29 1.63e-29
82.1 0.92 1.62e-28 1.28e-29 1.46e-29
82.2 0.92 1.45e-28 1.15e-29 1.31e-29
82.3 0.92 1.3e-28 1.03e-29 1.18e-29
82.4 0.92 1.17e-28 9.25e-30 1.06e-29
82.5 0.92 1.05e-28 8.29e-30 9.48e-30
82.6 0.92 9.38e-29 7.44e-30 8.5e-30
82.7 0.92 8.41e-29 6.67e-30 7.63e-30
82.8 0.92 7.55e-29 5.99e-30 6.84e-30
82.9 0.92 6.77e-29 5.37e-30 6.14e-30
83 0.92 6.07e-29 4.82e-30 5.5e-30
83.1 0.92 5.45e-29 4.32e-30 4.94e-30
83.2 0.92 4.89e-29 3.88e-30 4.43e-30
83.3 0.92 4.38e-29 3.48e-30 3.97e-30
83.4 0.92 3.93e-29 3.12e-30 3.56e-30
83.5 0.92 3.53e-29 2.8e-30 3.2e-30
83.6 0.92 3.16e-29 2.51e-30 2.87e-30
83.7 0.92 2.84e-29 2.25e-30 2.57e-30
83.8 0.92 2.54e-29 2.02e-30 2.31e-30
83.9 0.92 2.28e-29 1.81e-30 2.07e-30
84 0.92 2.05e-29 1.62e-30 1.86e-30
84.1 0.92 1.84e-29 1.46e-30 1.67e-30
84.2 0.92 1.65e-29 1.31e-30 1.49e-30
84.3 0.92 1.48e-29 1.17e-30 1.34e-30
84.4 0.92 1.33e-29 1.05e-30 1.2e-30
84.5 0.92 1.19e-29 9.43e-31 1.08e-30
84.6 0.92 1.07e-29 8.46e-31 9.67e-31
84.7 0.92 9.57e-30 7.59e-31 8.67e-31
84.8 0.92 8.58e-30 6.81e-31 7.78e-31
84.9 0.92 7.7e-30 6.11e-31 6.98e-31
85 0.92 6.91e-30 5.48e-31 6.26e-31
85.1 0.92 6.19e-30 4.91e-31 5.62e-31
85.2 0.92 5.56e-30 4.41e-31 5.04e-31
85.3 0.92 4.98e-30 3.95e-31 4.52e-31
85.4 0.92 4.47e-30 3.55e-31 4.05e-31
85.5 0.92 4.01e-30 3.18e-31 3.64e-31
85.6 0.92 3.6e-30 2.85e-31 3.26e-31
85.7 0.92 3.23e-30 2.56e-31 2.93e-31
85.8 0.92 2.89e-30 2.3e-31 2.62e-31
85.9 0.92 2.6e-30 2.06e-31 2.35e-31
86 0.92 2.33e-30 1.85e-31 2.11e-31
86.1 0.92 2.09e-30 1.66e-31 1.89e-31
86.2 0.92 1.87e-30 1.49e-31 1.7e-31
86.3 0.92 1.68e-30 1.33e-31 1.52e-31
86.4 0.92 1.51e-30 1.2e-31 1.37e-31
86.5 0.92 1.35e-30 1.07e-31 1.23e-31
86.6 0.92 1.21e-30 9.62e-32 1.1e-31
86.7 0.92 1.09e-30 8.63e-32 9.87e-32
86.8 0.92 9.76e-31 7.74e-32 8.85e-32
86.9 0.92 8.76e-31 6.95e-32 7.94e-32
87 0.92 7.85e-31 6.23e-32 7.12e-32
87.1 0.92 7.04e-31 5.59e-32 6.39e-32
87.2 0.92 6.32e-31 5.01e-32 5.73e-32
87.3 0.92 5.67e-31 4.5e-32 5.14e-32
87.4 0.92 5.08e-31 4.03e-32 4.61e-32
87.5 0.92 4.56e-31 3.62e-32 4.14e-32
87.6 0.92 4.09e-31 3.25e-32 3.71e-32
87.7 0.92 3.67e-31 2.91e-32 3.33e-32
87.8 0.92 3.29e-31 2.61e-32 2.98e-32
87.9 0.92 2.95e-31 2.34e-32 2.68e-32
88 0.92 2.65e-31 2.1e-32 2.4e-32
88.1 0.92 2.38e-31 1.88e-32 2.15e-32
88.2 0.92 2.13e-31 1.69e-32 1.93e-32
88.3 0.92 1.91e-31 1.52e-32 1.73e-32
88.4 0.92 1.71e-31 1.36e-32 1.55e-32
88.5 0.92 1.54e-31 1.22e-32 1.39e-32
88.6 0.92 1.38e-31 1.09e-32 1.25e-32
88.7 0.92 1.24e-31 9.82e-33 1.12e-32
88.8 0.92 1.11e-31 8.81e-33 1.01e-32
88.9 0.92 9.96e-32 7.9e-33 9.03e-33
89 0.92 8.93e-32 7.09e-33 8.1e-33
89.1 0.92 8.01e-32 6.36e-33 7.26e-33
89.2 0.92 7.19e-32 5.7e-33 6.52e-33
89.3 0.92 6.45e-32 5.11e-33 5.84e-33
89.4 0.92 5.78e-32 4.59e-33 5.24e-33
89.5 0.92 5.19e-32 4.11e-33 4.7e-33
89.6 0.92 4.65e-32 3.69e-33 4.22e-33
89.7 0.92 4.17e-32 3.31e-33 3.78e-33
89.8 0.92 3.74e-32 2.97e-33 3.39e-33
89.9 0.92 3.36e-32 2.66e-33 3.04e-33
90 0.92 3.01e-32 2.39e-33 2.73e-33
90.1 0.92 2.7e-32 2.14e-33 2.45e-33
90.2 0.92 2.42e-32 1.92e-33 2.2e-33
90.3 0.92 2.17e-32 1.72e-33 1.97e-33
90.4 0.92 1.95e-32 1.55e-33 1.77e-33
90.5 0.92 1.75e-32 1.39e-33 1.59e-33
90.6 0.92 1.57e-32 1.24e-33 1.42e-33
90.7 0.92 1.41e-32 1.12e-33 1.28e-33
90.8 0.92 1.26e-32 1e-33 1.14e-33
90.9 0.92 1.13e-32 8.98e-34 1.03e-33
91 0.92 1.02e-32 8.06e-34 9.21e-34
91.1 0.92 9.11e-33 7.23e-34 8.26e-34
91.2 0.92 8.17e-33 6.48e-34 7.41e-34
91.3 0.92 7.33e-33 5.82e-34 6.65e-34
91.4 0.92 6.58e-33 5.22e-34 5.96e-34
91.5 0.92 5.9e-33 4.68e-34 5.35e-34
91.6 0.92 5.29e-33 4.2e-34 4.8e-34
91.7 0.92 4.75e-33 3.77e-34 4.3e-34
91.8 0.92 4.26e-33 3.38e-34 3.86e-34
91.9 0.92 3.82e-33 3.03e-34 3.46e-34
92 0.92 3.43e-33 2.72e-34 3.11e-34
92.1 0.92 3.07e-33 2.44e-34 2.79e-34
92.2 0.92 2.76e-33 2.19e-34 2.5e-34
92.3 0.92 2.47e-33 1.96e-34 2.24e-34
92.4 0.92 2.22e-33 1.76e-34 2.01e-34
92.5 0.92 1.99e-33 1.58e-34 1.8e-34
92.6 0.92 1.78e-33 1.42e-34 1.62e-34
92.7 0.92 1.6e-33 1.27e-34 1.45e-34
92.8 0.92 1.44e-33 1.14e-34 1.3e-34
92.9 0.92 1.29e-33 1.02e-34 1.17e-34
93 0.92 1.16e-33 9.17e-35 1.05e-34
93.1 0.92 1.04e-33 8.22e-35 9.4e-35
93.2 0.92 9.3e-34 7.37e-35 8.43e-35
93.3 0.92 8.34e-34 6.61e-35 7.56e-35
93.4 0.92 7.48e-34 5.93e-35 6.78e-35
93.5 0.92 6.71e-34 5.32e-35 6.08e-35
93.6 0.92 6.02e-34 4.77e-35 5.46e-35
93.7 0.92 5.4e-34 4.28e-35 4.89e-35
93.8 0.92 4.84e-34 3.84e-35 4.39e-35
93.9 0.92 4.34e-34 3.45e-35 3.94e-35
94 0.92 3.9e-34 3.09e-35 3.53e-35
94.1 0.92 3.5e-34 2.77e-35 3.17e-35
94.2 0.92 3.14e-34 2.49e-35 2.84e-35
94.3 0.92 2.81e-34 2.23e-35 2.55e-35
94.4 0.92 2.52e-34 2e-35 2.29e-35
94.5 0.92 2.26e-34 1.79e-35 2.05e-35
94.6 0.92 2.03e-34 1.61e-35 1.84e-35
94.7 0.92 1.82e-34 1.44e-35 1.65e-35
94.8 0.92 1.63e-34 1.3e-35 1.48e-35
94.9 0.92 1.46e-34 1.16e-35 1.33e-35
95 0.92 1.31e-34 1.04e-35 1.19e-35
95.1 0.92 1.18e-34 9.35e-36 1.07e-35
95.2 0.92 1.06e-34 8.39e-36 9.59e-36
95.3 0.92 9.48e-35 7.52e-36 8.6e-36
95.4 0.92 8.51e-35 6.75e-36 7.71e-36
95.5 0.92 7.63e-35 6.05e-36 6.92e-36
95.6 0.92 6.85e-35 5.43e-36 6.21e-36
95.7 0.92 6.14e-35 4.87e-36 5.57e-36
95.8 0.92 5.51e-35 4.37e-36 4.99e-36
95.9 0.92 4.94e-35 3.92e-36 4.48e-36
96 0.92 4.43e-35 3.52e-36 4.02e-36
96.1 0.92 3.98e-35 3.15e-36 3.6e-36
96.2 0.92 3.57e-35 2.83e-36 3.23e-36
96.3 0.92 3.2e-35 2.54e-36 2.9e-36
96.4 0.92 2.87e-35 2.28e-36 2.6e-36
96.5 0.92 2.57e-35 2.04e-36 2.33e-36
96.6 0.92 2.31e-35 1.83e-36 2.09e-36
96.7 0.92 2.07e-35 1.64e-36 1.88e-36
96.8 0.92 1.86e-35 1.47e-36 1.68e-36
96.9 0.92 1.67e-35 1.32e-36 1.51e-36
97 0.92 1.49e-35 1.19e-36 1.35e-36
97.1 0.92 1.34e-35 1.06e-36 1.22e-36
97.2 0.92 1.2e-35 9.54e-37 1.09e-36
97.3 0.92 1.08e-35 8.56e-37 9.78e-37
97.4 0.92 9.68e-36 7.68e-37 8.77e-37
97.5 0.92 8.68e-36 6.88e-37 7.87e-37
97.6 0.92 7.78e-36 6.18e-37 7.06e-37
97.7 0.92 6.98e-36 5.54e-37 6.33e-37
97.8 0.92 6.26e-36 4.97e-37 5.68e-37
97.9 0.92 5.62e-36 4.46e-37 5.09e-37
98 0.92 5.04e-36 4e-37 4.57e-37
98.1 0.92 4.52e-36 3.59e-37 4.1e-37
98.2 0.92 4.06e-36 3.22e-37 3.68e-37
98.3 0.92 3.64e-36 2.89e-37 3.3e-37
98.4 0.92 3.26e-36 2.59e-37 2.96e-37
98.5 0.92 2.93e-36 2.32e-37 2.65e-37
98.6 0.92 2.63e-36 2.08e-37 2.38e-37
98.7 0.92 2.35e-36 1.87e-37 2.14e-37
98.8 0.92 2.11e-36 1.68e-37 1.92e-37
98.9 0.92 1.89e-36 1.5e-37 1.72e-37
99 0.92 1.7e-36 1.35e-37 1.54e-37
99.1 0.92 1.52e-36 1.21e-37 1.38e-37
99.2 0.92 1.37e-36 1.08e-37 1.24e-37
99.3 0.92 1.23e-36 9.73e-38 1.11e-37
99.4 0.92 1.1e-36 8.73e-38 9.98e-38
99.5 0.92 9.87e-37 7.83e-38 8.95e-38
99.6 0.92 8.85e-37 7.02e-38 8.03e-38
99.7 0.92 7.94e-37 6.3e-38 7.2e-38
99.8 0.92 7.12e-37 5.65e-38 6.46e-38
99.9 0.92 6.39e-37 5.07e-38 5.79e-38
