-25 5.4 0.0211 1.55e-08 4.35e-08
-24.9 5.4 0.0215 1.53e-08 4.28e-08
-24.8 5.4 0.0219 1.57e-08 4.22e-08
-24.7 5.4 0.0222 1.57e-08 4.22e-08
-24.6 5.4 0.0227 1.6e-08 4.2e-08
-24.5 5.4 0.0231 1.55e-08 4.15e-08
-24.4 5.4 0.0235 1.53e-08 4.07e-08
-24.3 5.4 0.0239 1.57e-08 4.02e-08
-24.2 5.4 0.0243 1.55e-08 3.95e-08
-24.1 5.4 0.0248 1.5e-08 3.9e-08
-24 5.4 0.0252 1.5e-08 3.8e-08
-23.9 5.4 0.0257 1.5e-08 3.8e-08
-23.8 5.4 0.0262 1.47e-08 3.72e-08
-23.7 5.4 0.0266 3.12e-08 7.07e-08
-23.6 5.4 0.0271 3e-08 6.8e-08
-23.5 5.4 0.0276 2.87e-08 6.53e-08
-23.4 5.4 0.0281 2.78e-08 6.23e-08
-23.3 5.4 0.0286 2.65e-08 5.95e-08
-23.2 5.4 0.0291 2.57e-08 5.62e-08
-23.1 5.4 0.0297 2.42e-08 5.27e-08
-23 5.4 0.0302 2.27e-08 4.93e-08
-22.9 5.4 0.0307 2.1e-08 4.5e-08
-22.8 5.4 0.0313 1.98e-08 4.13e-08
-22.7 5.4 0.0319 1.8e-08 3.7e-08
-22.6 5.4 0.0324 1.62e-08 3.27e-08
-22.5 5.4 0.033 1.83e-08 2.47e-08
-22.4 5.4 0.0336 1.55e-08 2.05e-08
-22.3 5.4 0.0342 1.28e-08 1.62e-08
-22.2 5.4 0.0348 1e-08 1.2e-08
-22.1 5.4 0.0354 6.75e-09 7.25e-09
-22 5.4 0.0361 4.5e-09 2.5e-09
-21.9 5.4 0.0367 2.75e-09 3.25e-09
-21.8 5.4 0.0374 8e-09 7e-09
-21.7 5.4 0.038 4.5e-09 4.5e-09
-21.6 5.4 0.0387 3.25e-09 2.75e-09
-21.5 5.4 0.0394 3e-09 4e-09
-21.4 5.4 0.0401 2.75e-09 6.25e-09
-21.3 5.4 0.0408 3.25e-09 7.75e-09
-21.2 5.4 0.0416 3.75e-09 1.03e-08
-21.1 5.4 0.0423 5.5e-09 1.25e-08
-21 5.4 0.043 1.23e-08 1.68e-08
-20.9 5.4 0.0438 3.62e-08 2.68e-08
-20.8 5.4 0.0446 1.06e-07 2.81e-07
-20.7 5.4 0.0454 3.47e-08 4.63e-08
-20.6 5.4 0.0462 3.33e-08 3.18e-08
-20.5 5.4 0.047 3.45e-08 2.75e-08
-20.4 5.4 0.0478 3.7e-08 2.5e-08
-20.3 5.4 0.0487 4.02e-08 2.47e-08
-20.2 5.4 0.0495 4.33e-08 2.47e-08
-20.1 5.4 0.0504 4.75e-08 2.55e-08
-20 5.4 0.0513 5.08e-08 2.63e-08
-19.9 5.4 0.0522 5.45e-08 2.65e-08
-19.8 5.4 0.0531 5.9e-08 2.8e-08
-19.7 5.4 0.054 6.35e-08 2.95e-08
-19.6 5.4 0.055 6.7e-08 3e-08
-19.5 5.4 0.0559 7.23e-08 3.18e-08
-19.4 5.4 0.0569 7.67e-08 3.33e-08
-19.3 5.4 0.0579 8.15e-08 3.45e-08
-19.2 5.4 0.0589 8.6e-08 3.6e-08
-19.1 5.4 0.0599 9.08e-08 3.72e-08
-19 5.4 0.061 9.55e-08 3.85e-08
-18.9 5.4 0.062 1.01e-07 4e-08
-18.8 5.4 0.0631 1.06e-07 4.25e-08
-18.7 5.4 0.0642 1.11e-07 4.35e-08
-18.6 5.4 0.0653 1.17e-07 4.55e-08
-18.5 5.4 0.0664 1.23e-07 4.73e-08
-18.4 5.4 0.0676 1.28e-07 4.88e-08
-18.3 5.4 0.0687 1.33e-07 5.05e-08
-18.2 5.4 0.0699 1.39e-07 5.25e-08
-18.1 5.4 0.0711 1.46e-07 5.42e-08
-18 5.4 0.0723 1.52e-07 5.62e-08
-17.9 5.4 0.0736 1.58e-07 5.75e-08
-17.8 5.4 0.0748 1.64e-07 6e-08
-17.7 5.4 0.0761 1.7e-07 6.15e-08
-17.6 5.4 0.0774 1.76e-07 6.3e-08
-17.5 5.4 0.0787 1.82e-07 6.5e-08
-17.4 5.4 0.0801 1.88e-07 6.67e-08
-17.3 5.4 0.0814 1.95e-07 6.93e-08
-17.2 5.4 0.0828 2.01e-07 7.02e-08
-17.1 5.4 0.0842 2.07e-07 7.27e-08
-17 5.4 0.0856 2.13e-07 7.37e-08
-16.9 5.4 0.087 2.2e-07 7.58e-08
-16.8 5.4 0.0885 2.26e-07 7.75e-08
-16.7 5.4 0.09 2.33e-07 7.92e-08
-16.6 5.4 0.0915 2.39e-07 8.13e-08
-16.5 5.4 0.093 2.45e-07 8.27e-08
-16.4 5.4 0.0946 2.51e-07 8.57e-08
-16.3 5.4 0.0961 2.57e-07 8.87e-08
-16.2 5.4 0.0977 2.63e-07 9.17e-08
-16.1 5.4 0.0994 2.69e-07 9.5e-08
-16 5.4 0.101 2.72e-07 9.75e-08
-15.9 5.4 0.103 2.85e-07 1.05e-07
-15.8 5.4 0.104 2.82e-07 1.08e-07
-15.7 5.4 0.106 2.93e-07 1.08e-07
-15.6 5.4 0.108 2.95e-07 1.15e-07
-15.5 5.4 0.11 3.03e-07 1.17e-07
-15.4 5.4 0.111 3.1e-07 1.2e-07
-15.3 5.4 0.113 3.15e-07 1.25e-07
-15.2 5.4 0.115 3.15e-07 1.25e-07
-15.1 5.4 0.117 3.22e-07 1.27e-07
-15 5.4 0.119 3.27e-07 1.33e-07
-14.9 5.4 0.121 3.25e-07 1.35e-07
-14.8 5.4 0.123 3.3e-07 1.4e-07
-14.7 5.4 0.125 3.35e-07 1.45e-07
-14.6 5.4 0.127 3.37e-07 1.52e-07
-14.5 5.4 0.129 3.37e-07 1.52e-07
-14.4 5.4 0.131 3.35e-07 1.55e-07
-14.3 5.4 0.133 3.43e-07 1.68e-07
-14.2 5.4 0.135 3.35e-07 1.65e-07
-14.1 5.4 0.137 7.22e-07 6.08e-07
-14 5.4 0.139 8.18e-07 6.63e-07
-13.9 5.4 0.141 9.22e-07 7.28e-07
-13.8 5.4 0.143 1.02e-06 7.87e-07
-13.7 5.4 0.146 1.13e-06 8.52e-07
-13.6 5.4 0.148 1.23e-06 9.1e-07
-13.5 5.4 0.15 1.51e-06 7.75e-07
-13.4 5.4 0.153 1.64e-06 8.1e-07
-13.3 5.4 0.155 1.05e-06 3.67e-07
-13.2 5.4 0.157 1e-06 4.05e-07
-13.1 5.4 0.16 2.18e-07 4.03e-07
-13 5.4 0.162 7.83e-07 7.28e-07
-12.9 5.4 0.165 5.64e-06 4.07e-06
-12.8 5.4 0.167 8.32e-07 7.48e-07
-12.7 5.4 0.17 6e-07 3.8e-07
-12.6 5.4 0.172 5.15e-07 2.75e-07
-12.5 5.4 0.175 4.77e-07 2.32e-07
-12.4 5.4 0.177 4.42e-07 1.97e-07
-12.3 5.4 0.18 4.2e-07 1.8e-07
-12.2 5.4 0.183 4.08e-07 1.63e-07
-12.1 5.4 0.185 3.9e-07 1.5e-07
-12 5.4 0.188 3.77e-07 1.43e-07
-11.9 5.4 0.191 3.6e-07 1.3e-07
-11.8 5.4 0.194 3.48e-07 1.22e-07
-11.7 5.4 0.197 3.35e-07 1.15e-07
-11.6 5.4 0.199 3.22e-07 1.08e-07
-11.5 5.4 0.202 3.08e-07 1.02e-07
-11.4 5.4 0.205 2.95e-07 1.05e-07
-11.3 5.4 0.208 2.82e-07 1.08e-07
-11.2 5.4 0.211 2.6e-07 1e-07
-11.1 5.4 0.214 2.53e-07 9.75e-08
-11 5.4 0.217 2.35e-07 9.5e-08
-10.9 5.4 0.22 2.18e-07 9.25e-08
-10.8 5.4 0.223 2.02e-07 8.75e-08
-10.7 5.4 0.226 1.85e-07 8.5e-08
-10.6 5.4 0.23 1.7e-07 8e-08
-10.5 5.4 0.233 1.55e-07 7.5e-08
-10.4 5.4 0.236 1.33e-07 6.75e-08
-10.3 5.4 0.239 1.17e-07 6.25e-08
-10.2 5.4 0.242 9.5e-08 5.5e-08
-10.1 5.4 0.246 6.5e-08 3.5e-08
-10 5.4 0.249 1.52e-07 6.75e-08
-9.9 5.4 0.252 8.75e-08 4.25e-08
-9.8 5.4 0.256 2e-08 2e-08
-9.7 5.4 0.259 4e-08 4e-08
-9.6 5.4 0.263 3.75e-08 1.25e-08
-9.5 5.4 0.266 5.25e-08 2.75e-08
-9.4 5.4 0.27 7.75e-08 5.25e-08
-9.3 5.4 0.273 1.7e-07 2.8e-07
-9.2 5.4 0.277 3.77e-07 2.22e-07
-9.1 5.4 0.28 1.8e-07 1.8e-07
-9 5.4 0.284 1.45e-07 1.85e-07
-8.9 5.4 0.287 1.27e-07 2.02e-07
-8.8 5.4 0.291 1.25e-07 2.25e-07
-8.7 5.4 0.295 1.25e-07 2.45e-07
-8.6 5.4 0.298 1.3e-07 2.7e-07
-8.5 5.4 0.302 1.38e-07 2.93e-07
-8.4 5.4 0.306 1.4e-07 3.1e-07
-8.3 5.4 0.31 1.43e-07 3.27e-07
-8.2 5.4 0.313 1.58e-07 3.53e-07
-8.1 5.4 0.317 1.58e-07 3.72e-07
-8 5.4 0.321 1.7e-07 3.9e-07
-7.9 5.4 0.325 1.9e-07 4e-07
-7.8 5.4 0.329 2.85e-07 3.35e-07
-7.7 5.4 0.333 4e-07 5.6e-07
-7.6 5.4 0.337 2.48e-07 5.32e-07
-7.5 5.4 0.341 2.15e-07 5.45e-07
-7.4 5.4 0.345 2.07e-07 5.63e-07
-7.3 5.4 0.349 2.02e-07 5.77e-07
-7.2 5.4 0.353 2.2e-07 6e-07
-7.1 5.4 0.357 2.32e-07 6.18e-07
-7 5.4 0.361 2.43e-07 6.38e-07
-6.9 5.4 0.365 2.55e-07 6.55e-07
-6.8 5.4 0.369 2.7e-07 6.8e-07
-6.7 5.4 0.373 2.82e-07 6.97e-07
-6.6 5.4 0.377 2.95e-07 7.15e-07
-6.5 5.4 0.381 3e-07 7.3e-07
-6.4 5.4 0.385 3.17e-07 7.52e-07
-6.3 5.4 0.389 3.3e-07 7.7e-07
-6.2 5.4 0.394 3.4e-07 7.8e-07
-6.1 5.4 0.398 3.48e-07 8.03e-07
-6 5.4 0.402 3.58e-07 8.12e-07
-5.9 5.4 0.406 3.7e-07 8.3e-07
-5.8 5.4 0.41 3.77e-07 8.42e-07
-5.7 5.4 0.415 3.93e-07 8.58e-07
-5.6 5.4 0.419 4e-07 8.7e-07
-5.5 5.4 0.423 4.08e-07 8.83e-07
-5.4 5.4 0.427 4.18e-07 8.93e-07
-5.3 5.4 0.432 4.2e-07 9e-07
-5.2 5.4 0.436 4.27e-07 9.13e-07
-5.1 5.4 0.44 4.37e-07 9.22e-07
-5 5.4 0.444 4.35e-07 9.35e-07
-4.9 5.4 0.449 4.55e-07 9.35e-07
-4.8 5.4 0.453 4.58e-07 9.42e-07
-4.7 5.4 0.457 4.63e-07 9.48e-07
-4.6 5.4 0.462 4.7e-07 9.5e-07
-4.5 5.4 0.466 4.7e-07 9.5e-07
-4.4 5.4 0.47 4.8e-07 9.6e-07
-4.3 5.4 0.475 4.85e-07 9.55e-07
-4.2 5.4 0.479 4.87e-07 9.63e-07
-4.1 5.4 0.483 4.9e-07 9.6e-07
-4 5.4 0.487 4.85e-07 9.55e-07
-3.9 5.4 0.492 4.93e-07 9.57e-07
-3.8 5.4 0.496 4.93e-07 9.57e-07
-3.7 5.4 0.5 4.95e-07 9.55e-07
-3.6 5.4 0.505 4.95e-07 9.45e-07
-3.5 5.4 0.509 4.93e-07 9.38e-07
-3.4 5.4 0.513 4.93e-07 9.38e-07
-3.3 5.4 0.517 4.9e-07 9.3e-07
-3.2 5.4 0.522 4.87e-07 9.22e-07
-3.1 5.4 0.526 4.87e-07 9.13e-07
-3 5.4 0.53 4.87e-07 9.03e-07
-2.9 5.4 0.535 4.83e-07 8.87e-07
-2.8 5.4 0.539 4.8e-07 8.8e-07
-2.7 5.4 0.543 4.77e-07 8.63e-07
-2.6 5.4 0.547 4.72e-07 8.48e-07
-2.5 5.4 0.551 4.68e-07 8.32e-07
-2.4 5.4 0.556 4.63e-07 8.18e-07
-2.3 5.4 0.56 4.6e-07 8e-07
-2.2 5.4 0.564 4.58e-07 7.83e-07
-2.1 5.4 0.568 4.5e-07 7.6e-07
-2 5.4 0.572 4.48e-07 7.42e-07
-1.9 5.4 0.576 4.45e-07 7.15e-07
-1.8 5.4 0.58 4.4e-07 6.9e-07
-1.7 5.4 0.585 4.37e-07 6.63e-07
-1.6 5.4 0.589 4.42e-07 6.28e-07
-1.5 5.4 0.593 5.18e-07 1.29e-06
-1.4 5.4 0.597 4.77e-07 1.17e-06
-1.3 5.4 0.601 4.5e-07 1.02e-06
-1.2 5.4 0.605 5.4e-07 7.5e-07
-1.1 5.4 0.609 4.54e-06 2.19e-06
-1 5.4 0.613 1.88e-06 1.04e-06
-0.9 5.4 0.616 1.4e-06 1.33e-06
-0.8 5.4 0.62 6.83e-07 9.68e-07
-0.7 5.4 0.624 5.93e-07 7.08e-07
-0.6 5.4 0.628 4.83e-07 5.97e-07
-0.5 5.4 0.632 3.98e-07 4.93e-07
-0.4 5.4 0.636 3.27e-07 4.03e-07
-0.3 5.4 0.64 2.65e-07 3.15e-07
-0.2 5.4 0.643 2.05e-07 2.25e-07
-0.1 5.4 0.647 1.47e-07 1.43e-07
1.95e-14 5.4 0.651 9.75e-08 1.12e-07
0.1 5.4 0.654 4e-08 9e-08
0.2 5.4 0.658 1.1e-07 3.1e-07
0.3 5.4 0.662 1e-07 2.8e-07
0.4 5.4 0.665 9e-08 2.5e-07
0.5 5.4 0.669 8.5e-08 2.25e-07
0.6 5.4 0.672 8.25e-08 1.97e-07
0.7 5.4 0.676 1.02e-07 1.77e-07
0.8 5.4 0.679 5.75e-08 1.22e-07
0.9 5.4 0.683 4.75e-08 1.02e-07
1 5.4 0.686 3.5e-08 7.5e-08
1.1 5.4 0.69 3.25e-08 3.75e-08
1.2 5.4 0.693 2.25e-08 1.75e-08
1.3 5.4 0.696 7.5e-09 1.25e-08
1.4 5.4 0.699 4.25e-08 3.75e-08
1.5 5.4 0.703 7e-08 5e-08
1.6 5.4 0.706 9e-08 7e-08
1.7 5.4 0.709 1.43e-07 6.75e-08
1.8 5.4 0.712 1.58e-07 8.25e-08
1.9 5.4 0.715 1.8e-07 9e-08
2 5.4 0.718 2.07e-07 1.02e-07
2.1 5.4 0.722 2.4e-07 1.2e-07
2.2 5.4 0.725 2.62e-07 1.27e-07
2.3 5.4 0.728 2.88e-07 1.43e-07
2.4 5.4 0.73 3.1e-07 1.5e-07
2.5 5.4 0.733 3.45e-07 1.65e-07
2.6 5.4 0.736 3.65e-07 1.75e-07
2.7 5.4 0.739 3.93e-07 1.77e-07
2.8 5.4 0.742 4.18e-07 1.93e-07
2.9 5.4 0.745 4.4e-07 2e-07
3 5.4 0.747 4.63e-07 2.07e-07
3.1 5.4 0.75 4.87e-07 2.22e-07
3.2 5.4 0.753 5.15e-07 2.35e-07
3.3 5.4 0.755 5.32e-07 2.38e-07
3.4 5.4 0.758 5.57e-07 2.53e-07
3.5 5.4 0.76 5.8e-07 2.6e-07
3.6 5.4 0.763 5.95e-07 2.65e-07
3.7 5.4 0.765 6.25e-07 2.75e-07
3.8 5.4 0.768 6.4e-07 2.8e-07
3.9 5.4 0.77 6.63e-07 2.88e-07
4 5.4 0.772 6.85e-07 2.95e-07
4.1 5.4 0.775 7.03e-07 3.08e-07
4.2 5.4 0.777 7.22e-07 3.08e-07
4.3 5.4 0.779 7.38e-07 3.13e-07
4.4 5.4 0.781 7.55e-07 3.25e-07
4.5 5.4 0.784 7.75e-07 3.25e-07
4.6 5.4 0.786 7.87e-07 3.32e-07
4.7 5.4 0.788 8.07e-07 3.43e-07
4.8 5.4 0.79 8.22e-07 3.48e-07
4.9 5.4 0.792 8.38e-07 3.53e-07
5 5.4 0.794 8.52e-07 3.58e-07
5.1 5.4 0.796 8.63e-07 3.67e-07
5.2 5.4 0.798 8.83e-07 3.67e-07
5.3 5.4 0.799 8.97e-07 3.72e-07
5.4 5.4 0.801 9.1e-07 3.8e-07
5.5 5.4 0.803 9.2e-07 3.8e-07
5.6 5.4 0.805 9.35e-07 3.85e-07
5.7 5.4 0.806 9.5e-07 3.9e-07
5.8 5.4 0.808 9.57e-07 3.93e-07
5.9 5.4 0.81 9.73e-07 3.98e-07
6 5.4 0.811 9.8e-07 4e-07
6.1 5.4 0.813 9.88e-07 4.03e-07
6.2 5.4 0.814 9.97e-07 4.03e-07
6.3 5.4 0.816 1.01e-06 4.1e-07
6.4 5.4 0.817 1.02e-06 4.15e-07
6.5 5.4 0.819 1.03e-06 4.18e-07
6.6 5.4 0.82 1.04e-06 4.2e-07
6.7 5.4 0.821 1.05e-06 4.22e-07
6.8 5.4 0.822 1.06e-06 4.25e-07
6.9 5.4 0.824 1.06e-06 4.2e-07
7 5.4 0.825 1.07e-06 4.22e-07
7.1 5.4 0.826 1.08e-06 4.3e-07
7.2 5.4 0.827 1.08e-06 4.27e-07
7.3 5.4 0.828 1.09e-06 4.37e-07
7.4 5.4 0.829 1.1e-06 4.4e-07
7.5 5.4 0.83 1.11e-06 4.35e-07
7.6 5.4 0.831 1.11e-06 4.4e-07
7.7 5.4 0.832 1.11e-06 4.45e-07
7.8 5.4 0.833 1.12e-06 4.4e-07
7.9 5.4 0.834 1.13e-06 4.42e-07
8 5.4 0.834 1.13e-06 4.5e-07
8.1 5.4 0.835 1.13e-06 4.42e-07
8.2 5.4 0.836 1.13e-06 4.45e-07
8.3 5.4 0.837 1.13e-06 4.45e-07
8.4 5.4 0.837 1.14e-06 4.48e-07
8.5 5.4 0.838 1.14e-06 4.48e-07
8.6 5.4 0.838 1.15e-06 4.5e-07
8.7 5.4 0.839 1.16e-06 4.53e-07
8.8 5.4 0.839 1.15e-06 4.5e-07
8.9 5.4 0.84 1.16e-06 4.53e-07
9 5.4 0.84 1.16e-06 4.53e-07
9.1 5.4 0.841 1.17e-06 4.55e-07
9.2 5.4 0.841 1.17e-06 4.55e-07
9.3 5.4 0.841 1.17e-06 4.55e-07
9.4 5.4 0.841 1.17e-06 4.58e-07
9.5 5.4 0.842 1.17e-06 4.58e-07
9.6 5.4 0.842 1.17e-06 4.55e-07
9.7 5.4 0.842 1.17e-06 4.55e-07
9.8 5.4 0.842 1.17e-06 4.5e-07
9.9 5.4 0.842 1.17e-06 4.58e-07
10 5.4 0.842 1.17e-06 4.5e-07
10.1 5.4 0.842 1.17e-06 4.58e-07
10.2 5.4 0.842 1.17e-06 4.5e-07
10.3 5.4 0.842 1.17e-06 4.55e-07
10.4 5.4 0.842 1.17e-06 4.55e-07
10.5 5.4 0.842 1.17e-06 4.58e-07
10.6 5.4 0.841 1.17e-06 4.58e-07
10.7 5.4 0.841 1.17e-06 4.55e-07
10.8 5.4 0.841 1.17e-06 4.55e-07
10.9 5.4 0.841 1.17e-06 4.55e-07
11 5.4 0.84 1.16e-06 4.53e-07
11.1 5.4 0.84 1.16e-06 4.53e-07
11.2 5.4 0.839 1.15e-06 4.5e-07
11.3 5.4 0.839 1.16e-06 4.53e-07
11.4 5.4 0.838 1.15e-06 4.5e-07
11.5 5.4 0.838 1.14e-06 4.48e-07
11.6 5.4 0.837 1.14e-06 4.48e-07
11.7 5.4 0.837 1.13e-06 4.45e-07
11.8 5.4 0.836 1.13e-06 4.45e-07
11.9 5.4 0.835 1.13e-06 4.42e-07
12 5.4 0.834 1.13e-06 4.5e-07
12.1 5.4 0.834 1.13e-06 4.42e-07
12.2 5.4 0.833 1.12e-06 4.4e-07
12.3 5.4 0.832 1.11e-06 4.45e-07
12.4 5.4 0.831 1.11e-06 4.4e-07
12.5 5.4 0.83 1.11e-06 4.35e-07
12.6 5.4 0.829 1.1e-06 4.4e-07
12.7 5.4 0.828 1.09e-06 4.37e-07
12.8 5.4 0.827 1.08e-06 4.27e-07
12.9 5.4 0.826 1.08e-06 4.3e-07
13 5.4 0.825 1.07e-06 4.22e-07
13.1 5.4 0.824 1.06e-06 4.2e-07
13.2 5.4 0.822 1.06e-06 4.25e-07
13.3 5.4 0.821 1.05e-06 4.22e-07
13.4 5.4 0.82 1.04e-06 4.2e-07
13.5 5.4 0.819 1.03e-06 4.18e-07
13.6 5.4 0.817 1.02e-06 4.15e-07
13.7 5.4 0.816 1.01e-06 4.1e-07
13.8 5.4 0.814 9.97e-07 4.03e-07
13.9 5.4 0.813 9.88e-07 4.03e-07
14 5.4 0.811 9.8e-07 4e-07
14.1 5.4 0.81 9.73e-07 3.98e-07
14.2 5.4 0.808 9.57e-07 3.93e-07
14.3 5.4 0.806 9.5e-07 3.9e-07
14.4 5.4 0.805 9.35e-07 3.85e-07
14.5 5.4 0.803 9.2e-07 3.8e-07
14.6 5.4 0.801 9.1e-07 3.8e-07
14.7 5.4 0.799 8.97e-07 3.72e-07
14.8 5.4 0.798 8.83e-07 3.67e-07
14.9 5.4 0.796 8.63e-07 3.67e-07
15 5.4 0.794 8.52e-07 3.58e-07
15.1 5.4 0.792 8.38e-07 3.53e-07
15.2 5.4 0.79 8.22e-07 3.48e-07
15.3 5.4 0.788 8.07e-07 3.43e-07
15.4 5.4 0.786 7.87e-07 3.32e-07
15.5 5.4 0.784 7.75e-07 3.25e-07
15.6 5.4 0.781 7.55e-07 3.25e-07
15.7 5.4 0.779 7.38e-07 3.13e-07
15.8 5.4 0.777 7.22e-07 3.08e-07
15.9 5.4 0.775 7.03e-07 3.08e-07
16 5.4 0.772 6.85e-07 2.95e-07
16.1 5.4 0.77 6.63e-07 2.88e-07
16.2 5.4 0.768 6.4e-07 2.8e-07
16.3 5.4 0.765 6.25e-07 2.75e-07
16.4 5.4 0.763 5.95e-07 2.65e-07
16.5 5.4 0.76 5.8e-07 2.6e-07
16.6 5.4 0.758 5.57e-07 2.53e-07
16.7 5.4 0.755 5.32e-07 2.38e-07
16.8 5.4 0.753 5.15e-07 2.35e-07
16.9 5.4 0.75 4.87e-07 2.22e-07
17 5.4 0.747 4.63e-07 2.07e-07
17.1 5.4 0.745 4.4e-07 2e-07
17.2 5.4 0.742 4.18e-07 1.93e-07
17.3 5.4 0.739 3.93e-07 1.77e-07
17.4 5.4 0.736 3.65e-07 1.75e-07
17.5 5.4 0.733 3.45e-07 1.65e-07
17.6 5.4 0.73 3.1e-07 1.5e-07
17.7 5.4 0.728 2.88e-07 1.43e-07
17.8 5.4 0.725 2.62e-07 1.27e-07
17.9 5.4 0.722 2.4e-07 1.2e-07
18 5.4 0.718 2.07e-07 1.02e-07
18.1 5.4 0.715 1.8e-07 9e-08
18.2 5.4 0.712 1.58e-07 8.25e-08
18.3 5.4 0.709 1.43e-07 6.75e-08
18.4 5.4 0.706 9e-08 7e-08
18.5 5.4 0.703 7e-08 5e-08
18.6 5.4 0.699 4.25e-08 3.75e-08
18.7 5.4 0.696 7.5e-09 1.25e-08
18.8 5.4 0.693 2.25e-08 1.75e-08
18.9 5.4 0.69 3.25e-08 3.75e-08
19 5.4 0.686 3.5e-08 7.5e-08
19.1 5.4 0.683 4.75e-08 1.02e-07
19.2 5.4 0.679 5.75e-08 1.22e-07
19.3 5.4 0.676 1.02e-07 1.77e-07
19.4 5.4 0.672 8.25e-08 1.97e-07
19.5 5.4 0.669 8.5e-08 2.25e-07
19.6 5.4 0.665 9e-08 2.5e-07
19.7 5.4 0.662 1e-07 2.8e-07
19.8 5.4 0.658 1.1e-07 3.1e-07
19.9 5.4 0.654 4e-08 9e-08
20 5.4 0.651 9.75e-08 1.12e-07
20.1 5.4 0.647 1.47e-07 1.43e-07
20.2 5.4 0.643 2.05e-07 2.25e-07
20.3 5.4 0.64 2.65e-07 3.15e-07
20.4 5.4 0.636 3.27e-07 4.03e-07
20.5 5.4 0.632 3.98e-07 4.93e-07
20.6 5.4 0.628 4.83e-07 5.97e-07
20.7 5.4 0.624 5.93e-07 7.08e-07
20.8 5.4 0.62 6.83e-07 9.68e-07
20.9 5.4 0.616 1.4e-06 1.33e-06
21 5.4 0.613 1.88e-06 1.04e-06
21.1 5.4 0.609 4.54e-06 2.19e-06
21.2 5.4 0.605 5.4e-07 7.5e-07
21.3 5.4 0.601 4.5e-07 1.02e-06
21.4 5.4 0.597 4.77e-07 1.17e-06
21.5 5.4 0.593 5.18e-07 1.29e-06
21.6 5.4 0.589 4.42e-07 6.28e-07
21.7 5.4 0.585 4.37e-07 6.63e-07
21.8 5.4 0.58 4.4e-07 6.9e-07
21.9 5.4 0.576 4.45e-07 7.15e-07
22 5.4 0.572 4.48e-07 7.42e-07
22.1 5.4 0.568 4.5e-07 7.6e-07
22.2 5.4 0.564 4.58e-07 7.83e-07
22.3 5.4 0.56 4.6e-07 8e-07
22.4 5.4 0.556 4.63e-07 8.18e-07
22.5 5.4 0.551 4.68e-07 8.32e-07
22.6 5.4 0.547 4.72e-07 8.48e-07
22.7 5.4 0.543 4.77e-07 8.63e-07
22.8 5.4 0.539 4.8e-07 8.8e-07
22.9 5.4 0.535 4.83e-07 8.87e-07
23 5.4 0.53 4.87e-07 9.03e-07
23.1 5.4 0.526 4.87e-07 9.13e-07
23.2 5.4 0.522 4.87e-07 9.22e-07
23.3 5.4 0.517 4.9e-07 9.3e-07
23.4 5.4 0.513 4.93e-07 9.38e-07
23.5 5.4 0.509 4.93e-07 9.38e-07
23.6 5.4 0.505 4.95e-07 9.45e-07
23.7 5.4 0.5 4.95e-07 9.55e-07
23.8 5.4 0.496 4.93e-07 9.57e-07
23.9 5.4 0.492 4.93e-07 9.57e-07
24 5.4 0.487 4.85e-07 9.55e-07
24.1 5.4 0.483 4.9e-07 9.6e-07
24.2 5.4 0.479 4.87e-07 9.63e-07
24.3 5.4 0.475 4.85e-07 9.55e-07
24.4 5.4 0.47 4.8e-07 9.6e-07
24.5 5.4 0.466 4.7e-07 9.5e-07
24.6 5.4 0.462 4.7e-07 9.5e-07
24.7 5.4 0.457 4.63e-07 9.48e-07
24.8 5.4 0.453 4.58e-07 9.42e-07
24.9 5.4 0.449 4.55e-07 9.35e-07
25 5.4 0.444 4.35e-07 9.35e-07
25.1 5.4 0.44 4.37e-07 9.22e-07
25.2 5.4 0.436 4.27e-07 9.13e-07
25.3 5.4 0.432 4.2e-07 9e-07
25.4 5.4 0.427 4.18e-07 8.93e-07
25.5 5.4 0.423 4.08e-07 8.83e-07
25.6 5.4 0.419 4e-07 8.7e-07
25.7 5.4 0.415 3.93e-07 8.58e-07
25.8 5.4 0.41 3.77e-07 8.42e-07
25.9 5.4 0.406 3.7e-07 8.3e-07
26 5.4 0.402 3.58e-07 8.12e-07
26.1 5.4 0.398 3.48e-07 8.03e-07
26.2 5.4 0.394 3.4e-07 7.8e-07
26.3 5.4 0.389 3.3e-07 7.7e-07
26.4 5.4 0.385 3.17e-07 7.52e-07
26.5 5.4 0.381 3e-07 7.3e-07
26.6 5.4 0.377 2.95e-07 7.15e-07
26.7 5.4 0.373 2.82e-07 6.97e-07
26.8 5.4 0.369 2.7e-07 6.8e-07
26.9 5.4 0.365 2.55e-07 6.55e-07
27 5.4 0.361 2.43e-07 6.38e-07
27.1 5.4 0.357 2.32e-07 6.18e-07
27.2 5.4 0.353 2.2e-07 6e-07
27.3 5.4 0.349 2.02e-07 5.77e-07
27.4 5.4 0.345 2.07e-07 5.63e-07
27.5 5.4 0.341 2.15e-07 5.45e-07
27.6 5.4 0.337 2.48e-07 5.32e-07
27.7 5.4 0.333 4e-07 5.6e-07
27.8 5.4 0.329 2.85e-07 3.35e-07
27.9 5.4 0.325 1.9e-07 4e-07
28 5.4 0.321 1.7e-07 3.9e-07
28.1 5.4 0.317 1.58e-07 3.72e-07
28.2 5.4 0.313 1.58e-07 3.53e-07
28.3 5.4 0.31 1.43e-07 3.27e-07
28.4 5.4 0.306 1.4e-07 3.1e-07
28.5 5.4 0.302 1.38e-07 2.93e-07
28.6 5.4 0.298 1.3e-07 2.7e-07
28.7 5.4 0.295 1.25e-07 2.45e-07
28.8 5.4 0.291 1.25e-07 2.25e-07
28.9 5.4 0.287 1.27e-07 2.02e-07
29 5.4 0.284 1.45e-07 1.85e-07
29.1 5.4 0.28 1.8e-07 1.8e-07
29.2 5.4 0.277 3.77e-07 2.22e-07
29.3 5.4 0.273 1.7e-07 2.8e-07
29.4 5.4 0.27 7.75e-08 5.25e-08
29.5 5.4 0.266 5.25e-08 2.75e-08
29.6 5.4 0.263 3.75e-08 1.25e-08
29.7 5.4 0.259 4e-08 4e-08
29.8 5.4 0.256 2e-08 2e-08
29.9 5.4 0.252 8.75e-08 4.25e-08
30 5.4 0.249 1.52e-07 6.75e-08
30.1 5.4 0.246 6.5e-08 3.5e-08
30.2 5.4 0.242 9.5e-08 5.5e-08
30.3 5.4 0.239 1.17e-07 6.25e-08
30.4 5.4 0.236 1.33e-07 6.75e-08
30.5 5.4 0.233 1.55e-07 7.5e-08
30.6 5.4 0.23 1.7e-07 8e-08
30.7 5.4 0.226 1.85e-07 8.5e-08
30.8 5.4 0.223 2.02e-07 8.75e-08
30.9 5.4 0.22 2.18e-07 9.25e-08
31 5.4 0.217 2.35e-07 9.5e-08
31.1 5.4 0.214 2.53e-07 9.75e-08
31.2 5.4 0.211 2.6e-07 1e-07
31.3 5.4 0.208 2.82e-07 1.08e-07
31.4 5.4 0.205 2.95e-07 1.05e-07
31.5 5.4 0.202 3.08e-07 1.02e-07
31.6 5.4 0.199 3.22e-07 1.08e-07
31.7 5.4 0.197 3.35e-07 1.15e-07
31.8 5.4 0.194 3.48e-07 1.22e-07
31.9 5.4 0.191 3.6e-07 1.3e-07
32 5.4 0.188 3.77e-07 1.43e-07
32.1 5.4 0.185 3.9e-07 1.5e-07
32.2 5.4 0.183 4.08e-07 1.63e-07
32.3 5.4 0.18 4.2e-07 1.8e-07
32.4 5.4 0.177 4.42e-07 1.97e-07
32.5 5.4 0.175 4.77e-07 2.32e-07
32.6 5.4 0.172 5.15e-07 2.75e-07
32.7 5.4 0.17 6e-07 3.8e-07
32.8 5.4 0.167 8.32e-07 7.48e-07
32.9 5.4 0.165 5.64e-06 4.07e-06
33 5.4 0.162 7.83e-07 7.28e-07
33.1 5.4 0.16 2.18e-07 4.03e-07
33.2 5.4 0.157 1e-06 4.05e-07
33.3 5.4 0.155 1.05e-06 3.67e-07
33.4 5.4 0.153 1.64e-06 8.1e-07
33.5 5.4 0.15 1.51e-06 7.75e-07
33.6 5.4 0.148 1.23e-06 9.1e-07
33.7 5.4 0.146 1.13e-06 8.52e-07
33.8 5.4 0.143 1.02e-06 7.87e-07
33.9 5.4 0.141 9.22e-07 7.28e-07
34 5.4 0.139 8.18e-07 6.63e-07
34.1 5.4 0.137 7.22e-07 6.08e-07
34.2 5.4 0.135 3.35e-07 1.65e-07
34.3 5.4 0.133 3.43e-07 1.68e-07
34.4 5.4 0.131 3.35e-07 1.55e-07
34.5 5.4 0.129 3.37e-07 1.52e-07
34.6 5.4 0.127 3.37e-07 1.52e-07
34.7 5.4 0.125 3.35e-07 1.45e-07
34.8 5.4 0.123 3.3e-07 1.4e-07
34.9 5.4 0.121 3.25e-07 1.35e-07
35 5.4 0.119 3.27e-07 1.33e-07
35.1 5.4 0.117 3.22e-07 1.27e-07
35.2 5.4 0.115 3.15e-07 1.25e-07
35.3 5.4 0.113 3.15e-07 1.25e-07
35.4 5.4 0.111 3.1e-07 1.2e-07
35.5 5.4 0.11 3.03e-07 1.17e-07
35.6 5.4 0.108 2.95e-07 1.15e-07
35.7 5.4 0.106 2.93e-07 1.08e-07
35.8 5.4 0.104 2.82e-07 1.08e-07
35.9 5.4 0.103 2.85e-07 1.05e-07
36 5.4 0.101 2.72e-07 9.75e-08
36.1 5.4 0.0994 2.69e-07 9.5e-08
36.2 5.4 0.0977 2.63e-07 9.17e-08
36.3 5.4 0.0961 2.57e-07 8.87e-08
36.4 5.4 0.0946 2.51e-07 8.57e-08
36.5 5.4 0.093 2.45e-07 8.27e-08
36.6 5.4 0.0915 2.39e-07 8.13e-08
36.7 5.4 0.09 2.33e-07 7.92e-08
36.8 5.4 0.0885 2.26e-07 7.75e-08
36.9 5.4 0.087 2.2e-07 7.58e-08
37 5.4 0.0856 2.13e-07 7.37e-08
37.1 5.4 0.0842 2.07e-07 7.27e-08
37.2 5.4 0.0828 2.01e-07 7.02e-08
37.3 5.4 0.0814 1.95e-07 6.93e-08
37.4 5.4 0.0801 1.88e-07 6.67e-08
37.5 5.4 0.0787 1.82e-07 6.5e-08
37.6 5.4 0.0774 1.76e-07 6.3e-08
37.7 5.4 0.0761 1.7e-07 6.15e-08
37.8 5.4 0.0748 1.64e-07 6e-08
37.9 5.4 0.0736 1.58e-07 5.75e-08
38 5.4 0.0723 1.52e-07 5.62e-08
38.1 5.4 0.0711 1.46e-07 5.42e-08
38.2 5.4 0.0699 1.39e-07 5.25e-08
38.3 5.4 0.0687 1.33e-07 5.05e-08
38.4 5.4 0.0676 1.28e-07 4.88e-08
38.5 5.4 0.0664 1.23e-07 4.73e-08
38.6 5.4 0.0653 1.17e-07 4.55e-08
38.7 5.4 0.0642 1.11e-07 4.35e-08
38.8 5.4 0.0631 1.06e-07 4.25e-08
38.9 5.4 0.062 1.01e-07 4e-08
39 5.4 0.061 9.55e-08 3.85e-08
39.1 5.4 0.0599 9.08e-08 3.72e-08
39.2 5.4 0.0589 8.6e-08 3.6e-08
39.3 5.4 0.0579 8.15e-08 3.45e-08
39.4 5.4 0.0569 7.67e-08 3.33e-08
39.5 5.4 0.0559 7.23e-08 3.18e-08
39.6 5.4 0.055 6.7e-08 3e-08
39.7 5.4 0.054 6.35e-08 2.95e-08
39.8 5.4 0.0531 5.9e-08 2.8e-08
39.9 5.4 0.0522 5.45e-08 2.65e-08
40 5.4 0.0513 5.08e-08 2.63e-08
40.1 5.4 0.0504 4.75e-08 2.55e-08
40.2 5.4 0.0495 4.33e-08 2.47e-08
40.3 5.4 0.0487 4.02e-08 2.47e-08
40.4 5.4 0.0478 3.7e-08 2.5e-08
40.5 5.4 0.047 3.45e-08 2.75e-08
40.6 5.4 0.0462 3.33e-08 3.18e-08
40.7 5.4 0.0454 3.47e-08 4.63e-08
40.8 5.4 0.0446 1.06e-07 2.81e-07
40.9 5.4 0.0438 3.62e-08 2.68e-08
41 5.4 0.043 1.23e-08 1.68e-08
41.1 5.4 0.0423 5.5e-09 1.25e-08
41.2 5.4 0.0416 3.75e-09 1.03e-08
41.3 5.4 0.0408 3.25e-09 7.75e-09
41.4 5.4 0.0401 2.75e-09 6.25e-09
41.5 5.4 0.0394 3e-09 4e-09
41.6 5.4 0.0387 3.25e-09 2.75e-09
41.7 5.4 0.038 4.5e-09 4.5e-09
41.8 5.4 0.0374 8e-09 7e-09
41.9 5.4 0.0367 2.75e-09 3.25e-09
42 5.4 0.0361 4.5e-09 2.5e-09
42.1 5.4 0.0354 6.75e-09 7.25e-09
42.2 5.4 0.0348 1e-08 1.2e-08
42.3 5.4 0.0342 1.28e-08 1.62e-08
42.4 5.4 0.0336 1.55e-08 2.05e-08
42.5 5.4 0.033 1.83e-08 2.47e-08
42.6 5.4 0.0324 1.62e-08 3.27e-08
42.7 5.4 0.0319 1.8e-08 3.7e-08
42.8 5.4 0.0313 1.98e-08 4.13e-08
42.9 5.4 0.0307 2.1e-08 4.5e-08
43 5.4 0.0302 2.27e-08 4.93e-08
43.1 5.4 0.0297 2.42e-08 5.27e-08
43.2 5.4 0.0291 2.57e-08 5.62e-08
43.3 5.4 0.0286 2.65e-08 5.95e-08
43.4 5.4 0.0281 2.78e-08 6.23e-08
43.5 5.4 0.0276 2.87e-08 6.53e-08
43.6 5.4 0.0271 3e-08 6.8e-08
43.7 5.4 0.0266 3.12e-08 7.07e-08
43.8 5.4 0.0262 1.47e-08 3.72e-08
43.9 5.4 0.0257 1.5e-08 3.8e-08
44 5.4 0.0252 1.5e-08 3.8e-08
44.1 5.4 0.0248 1.5e-08 3.9e-08
44.2 5.4 0.0243 1.55e-08 3.95e-08
44.3 5.4 0.0239 1.57e-08 4.02e-08
44.4 5.4 0.0235 1.53e-08 4.07e-08
44.5 5.4 0.0231 1.55e-08 4.15e-08
44.6 5.4 0.0227 1.6e-08 4.2e-08
44.7 5.4 0.0222 1.57e-08 4.22e-08
44.8 5.4 0.0219 1.57e-08 4.22e-08
44.9 5.4 0.0215 1.53e-08 4.28e-08
45 5.4 0.0211 1.55e-08 4.35e-08
45.1 5.4 0.0207 1.62e-08 4.37e-08
45.2 5.4 0.0203 1.55e-08 4.35e-08
45.3 5.4 0.02 1.57e-08 4.43e-08
45.4 5.4 0.0196 1.57e-08 4.43e-08
45.5 5.4 0.0193 1.53e-08 4.37e-08
45.6 5.4 0.0189 1.57e-08 4.43e-08
45.7 5.4 0.0186 1.57e-08 4.43e-08
45.8 5.4 0.0182 1.53e-08 4.48e-08
45.9 5.4 0.0179 1.53e-08 4.48e-08
46 5.4 0.0176 1.55e-08 4.45e-08
46.1 5.4 0.0173 1.57e-08 4.43e-08
46.2 5.4 0.017 1.5e-08 4.4e-08
46.3 5.4 0.0167 1.5e-08 4.4e-08
46.4 5.4 0.0164 1.5e-08 4.4e-08
46.5 5.4 0.0161 1.5e-08 4.4e-08
46.6 5.4 0.0158 1.45e-08 4.35e-08
46.7 5.4 0.0155 1.53e-08 4.37e-08
46.8 5.4 0.0152 1.45e-08 4.35e-08
46.9 5.4 0.0149 1.45e-08 4.35e-08
47 5.4 0.0147 1.47e-08 4.33e-08
47.1 5.4 0.0144 1.5e-08 4.3e-08
47.2 5.4 0.0141 1.43e-08 4.28e-08
47.3 5.4 0.0139 1.43e-08 4.28e-08
47.4 5.4 0.0136 1.45e-08 4.25e-08
47.5 5.4 0.0134 1.47e-08 4.22e-08
47.6 5.4 0.0131 1.45e-08 4.15e-08
47.7 5.4 0.0129 1.38e-08 4.13e-08
47.8 5.4 0.0127 1.45e-08 4.15e-08
47.9 5.4 0.0124 1.38e-08 4.13e-08
48 5.4 0.0122 1.35e-08 4.05e-08
48.1 5.4 0.012 1.4e-08 4e-08
48.2 5.4 0.0118 1.4e-08 4e-08
48.3 5.4 0.0116 1.32e-08 3.98e-08
48.4 5.4 0.0114 1.35e-08 3.95e-08
48.5 5.4 0.0112 1.3e-08 3.9e-08
48.6 5.4 0.011 1.32e-08 3.87e-08
48.7 5.4 0.0108 1.28e-08 3.83e-08
48.8 5.4 0.0106 1.25e-08 3.75e-08
48.9 5.4 0.0104 1.25e-08 3.75e-08
49 5.4 0.0102 1.28e-08 3.72e-08
49.1 5.4 0.01 1.27e-08 3.68e-08
49.2 5.4 0.00981 1.25e-08 3.64e-08
49.3 5.4 0.00964 1.24e-08 3.59e-08
49.4 5.4 0.00946 1.23e-08 3.55e-08
49.5 5.4 0.00929 1.21e-08 3.52e-08
49.6 5.4 0.00912 1.2e-08 3.48e-08
49.7 5.4 0.00896 1.19e-08 3.44e-08
49.8 5.4 0.00879 1.18e-08 3.4e-08
49.9 5.4 0.00863 1.16e-08 3.36e-08
50 5.4 0.00848 1.15e-08 3.32e-08
50.1 5.4 0.00832 1.14e-08 3.28e-08
50.2 5.4 0.00817 1.12e-08 3.24e-08
50.3 5.4 0.00802 1.11e-08 3.2e-08
50.4 5.4 0.00788 1.1e-08 3.16e-08
50.5 5.4 0.00773 1.08e-08 3.12e-08
50.6 5.4 0.00759 1.07e-08 3.08e-08
50.7 5.4 0.00746 1.06e-08 3.04e-08
50.8 5.4 0.00732 1.04e-08 3.01e-08
50.9 5.4 0.00719 1.03e-08 2.97e-08
51 5.4 0.00706 1.02e-08 2.93e-08
51.1 5.4 0.00693 1.01e-08 2.9e-08
51.2 5.4 0.0068 9.92e-09 2.86e-08
51.3 5.4 0.00668 9.77e-09 2.81e-08
51.4 5.4 0.00656 9.65e-09 2.78e-08
51.5 5.4 0.00644 9.6e-09 2.74e-08
51.6 5.4 0.00632 9.43e-09 2.71e-08
51.7 5.4 0.0062 9.28e-09 2.66e-08
51.8 5.4 0.00609 9.2e-09 2.63e-08
51.9 5.4 0.00598 9.05e-09 2.6e-08
52 5.4 0.00587 8.95e-09 2.56e-08
52.1 5.4 0.00576 8.85e-09 2.53e-08
52.2 5.4 0.00566 8.73e-09 2.49e-08
52.3 5.4 0.00556 8.55e-09 2.45e-08
52.4 5.4 0.00545 8.42e-09 2.42e-08
52.5 5.4 0.00536 8.35e-09 2.38e-08
52.6 5.4 0.00526 8.18e-09 2.34e-08
52.7 5.4 0.00516 8.15e-09 2.31e-08
52.8 5.4 0.00507 8.03e-09 2.28e-08
52.9 5.4 0.00498 7.87e-09 2.24e-08
53 5.4 0.00488 7.78e-09 2.21e-08
53.1 5.4 0.0048 7.65e-09 2.17e-08
53.2 5.4 0.00471 7.6e-09 2.14e-08
53.3 5.4 0.00462 7.5e-09 2.11e-08
53.4 5.4 0.00454 7.35e-09 2.08e-08
53.5 5.4 0.00445 7.27e-09 2.04e-08
53.6 5.4 0.00437 7.17e-09 2.01e-08
53.7 5.4 0.00429 7.05e-09 1.98e-08
53.8 5.4 0.00422 6.97e-09 1.94e-08
53.9 5.4 0.00414 6.92e-09 1.91e-08
54 5.4 0.00406 6.9e-09 1.87e-08
54.1 5.4 0.00399 7.15e-09 1.82e-08
54.2 5.4 0.00392 9.75e-09 1.52e-08
54.3 5.4 0.00384 8.88e-09 1.9e-08
54.4 5.4 0.00377 7.35e-09 1.83e-08
54.5 5.4 0.0037 6.8e-09 1.78e-08
54.6 5.4 0.00364 6.5e-09 1.75e-08
54.7 5.4 0.00357 6.3e-09 1.71e-08
54.8 5.4 0.00351 6.15e-09 1.68e-08
54.9 5.4 0.00344 6e-09 1.66e-08
55 5.4 0.00338 5.9e-09 1.63e-08
55.1 5.4 0.00332 5.72e-09 1.6e-08
55.2 5.4 0.00326 5.65e-09 1.57e-08
55.3 5.4 0.0032 5.52e-09 1.55e-08
55.4 5.4 0.00314 5.42e-09 1.53e-08
55.5 5.4 0.00308 5.32e-09 1.5e-08
55.6 5.4 0.00302 5.3e-09 1.48e-08
55.7 5.4 0.00297 5.15e-09 1.45e-08
55.8 5.4 0.00291 5.05e-09 1.43e-08
55.9 5.4 0.00286 5e-09 1.41e-08
56 5.4 0.00281 4.93e-09 1.39e-08
56.1 5.4 0.00276 4.8e-09 1.36e-08
56.2 5.4 0.00271 4.67e-09 1.33e-08
56.3 5.4 0.00266 4.67e-09 1.31e-08
56.4 5.4 0.00261 4.57e-09 1.29e-08
56.5 5.4 0.00256 4.45e-09 1.27e-08
56.6 5.4 0.00251 4.4e-09 1.25e-08
56.7 5.4 0.00247 4.35e-09 1.23e-08
56.8 5.4 0.00242 4.28e-09 1.2e-08
56.9 5.4 0.00238 4.22e-09 1.19e-08
57 5.4 0.00234 4.1e-09 1.17e-08
57.1 5.4 0.00229 4.1e-09 1.15e-08
57.2 5.4 0.00225 3.95e-09 1.12e-08
57.3 5.4 0.00221 3.9e-09 1.11e-08
57.4 5.4 0.00217 3.83e-09 1.09e-08
57.5 5.4 0.00213 3.77e-09 1.07e-08
57.6 5.4 0.00209 3.7e-09 1.05e-08
57.7 5.4 0.00205 3.7e-09 1.04e-08
57.8 5.4 0.00201 3.63e-09 1.02e-08
57.9 5.4 0.00198 3.5e-09 1e-08
58 5.4 0.00194 3.53e-09 9.88e-09
58.1 5.4 0.00191 3.38e-09 9.63e-09
58.2 5.4 0.00187 3.4e-09 9.5e-09
58.3 5.4 0.00184 3.3e-09 9.4e-09
58.4 5.4 0.0018 3.22e-09 9.17e-09
58.5 5.4 0.00177 3.17e-09 9.02e-09
58.6 5.4 0.00174 3.12e-09 8.88e-09
58.7 5.4 0.00171 3.07e-09 8.73e-09
58.8 5.4 0.00167 3.05e-09 8.55e-09
58.9 5.4 0.00164 2.95e-09 8.45e-09
59 5.4 0.00161 2.9e-09 8.3e-09
59.1 5.4 0.00158 2.88e-09 8.12e-09
59.2 5.4 0.00156 2.8e-09 8e-09
59.3 5.4 0.00153 2.75e-09 7.85e-09
59.4 5.4 0.0015 2.78e-09 7.72e-09
59.5 5.4 0.00147 2.67e-09 7.63e-09
59.6 5.4 0.00144 2.62e-09 7.48e-09
59.7 5.4 0.00142 2.57e-09 7.33e-09
59.8 5.4 0.00139 2.52e-09 7.17e-09
59.9 5.4 0.00137 2.47e-09 7.03e-09
60 5.4 0.00134 2.45e-09 6.95e-09
60.1 5.4 0.00132 2.38e-09 6.82e-09
60.2 5.4 0.00129 2.4e-09 6.7e-09
60.3 5.4 0.00127 2.35e-09 6.65e-09
60.4 5.4 0.00125 2.25e-09 6.45e-09
60.5 5.4 0.00122 2.25e-09 6.35e-09
60.6 5.4 0.0012 2.23e-09 6.27e-09
60.7 5.4 0.00118 2.18e-09 6.13e-09
60.8 5.4 0.00116 2.13e-09 6.07e-09
60.9 5.4 0.00114 2.07e-09 5.93e-09
61 5.4 0.00112 2.07e-09 5.83e-09
61.1 5.4 0.00109 2e-09 5.7e-09
61.2 5.4 0.00107 1.97e-09 5.62e-09
61.3 5.4 0.00105 1.92e-09 5.48e-09
61.4 5.4 0.00104 1.9e-09 5.4e-09
61.5 5.4 0.00102 1.87e-09 5.32e-09
61.6 5.4 0.000998 1.85e-09 5.23e-09
61.7 5.4 0.00098 1.81e-09 5.14e-09
61.8 5.4 0.000962 1.78e-09 5.05e-09
61.9 5.4 0.000944 1.75e-09 4.96e-09
62 5.4 0.000927 1.72e-09 4.87e-09
62.1 5.4 0.00091 1.69e-09 4.79e-09
62.2 5.4 0.000893 1.65e-09 4.7e-09
62.3 5.4 0.000877 1.63e-09 4.62e-09
62.4 5.4 0.000861 1.59e-09 4.53e-09
62.5 5.4 0.000845 1.57e-09 4.46e-09
62.6 5.4 0.000829 1.54e-09 4.38e-09
62.7 5.4 0.000814 1.51e-09 4.3e-09
62.8 5.4 0.000799 1.49e-09 4.22e-09
62.9 5.4 0.000785 1.46e-09 4.14e-09
63 5.4 0.00077 1.44e-09 4.07e-09
63.1 5.4 0.000756 1.41e-09 4e-09
63.2 5.4 0.000742 1.38e-09 3.93e-09
63.3 5.4 0.000729 1.36e-09 3.86e-09
63.4 5.4 0.000715 1.34e-09 3.79e-09
63.5 5.4 0.000702 1.31e-09 3.72e-09
63.6 5.4 0.000689 1.29e-09 3.65e-09
63.7 5.4 0.000677 1.26e-09 3.59e-09
63.8 5.4 0.000664 1.24e-09 3.53e-09
63.9 5.4 0.000652 1.22e-09 3.46e-09
64 5.4 0.00064 1.2e-09 3.4e-09
64.1 5.4 0.000628 1.18e-09 3.34e-09
64.2 5.4 0.000617 1.16e-09 3.27e-09
64.3 5.4 0.000606 1.14e-09 3.22e-09
64.4 5.4 0.000595 1.12e-09 3.16e-09
64.5 5.4 0.000584 1.1e-09 3.1e-09
64.6 5.4 0.000573 1.08e-09 3.05e-09
64.7 5.4 0.000562 1.06e-09 2.99e-09
64.8 5.4 0.000552 1.04e-09 2.94e-09
64.9 5.4 0.000542 1.02e-09 2.89e-09
65 5.4 0.000532 1e-09 2.84e-09
65.1 5.4 0.000522 9.8e-10 2.78e-09
65.2 5.4 0.000513 9.65e-10 2.74e-09
65.3 5.4 0.000503 9.48e-10 2.68e-09
65.4 5.4 0.000494 9.27e-10 2.63e-09
65.5 5.4 0.000485 9.13e-10 2.59e-09
65.6 5.4 0.000476 9e-10 2.54e-09
65.7 5.4 0.000467 8.8e-10 2.5e-09
65.8 5.4 0.000459 8.62e-10 2.45e-09
65.9 5.4 0.00045 8.5e-10 2.41e-09
66 5.4 0.000442 8.35e-10 2.37e-09
66.1 5.4 0.000434 8.18e-10 2.32e-09
66.2 5.4 0.000426 8.02e-10 2.28e-09
66.3 5.4 0.000418 7.9e-10 2.24e-09
66.4 5.4 0.000411 7.75e-10 2.19e-09
66.5 5.4 0.000403 7.6e-10 2.16e-09
66.6 5.4 0.000396 7.45e-10 2.11e-09
66.7 5.4 0.000388 7.35e-10 2.09e-09
66.8 5.4 0.000381 7.2e-10 2.04e-09
66.9 5.4 0.000374 7.07e-10 2e-09
67 5.4 0.000367 6.93e-10 1.97e-09
67.1 5.4 0.000361 6.82e-10 1.94e-09
67.2 5.4 0.000354 6.7e-10 1.9e-09
67.3 5.4 0.000348 6.6e-10 1.87e-09
67.4 5.4 0.000341 6.43e-10 1.83e-09
67.5 5.4 0.000335 6.4e-10 1.8e-09
67.6 5.4 0.000329 6.22e-10 1.77e-09
67.7 5.4 0.000323 6.15e-10 1.73e-09
67.8 5.4 0.000317 6e-10 1.7e-09
67.9 5.4 0.000311 5.87e-10 1.67e-09
68 5.4 0.000305 5.78e-10 1.64e-09
68.1 5.4 0.0003 5.65e-10 1.6e-09
68.2 5.4 0.000294 5.57e-10 1.58e-09
68.3 5.4 0.000289 5.48e-10 1.55e-09
68.4 5.4 0.000284 5.37e-10 1.52e-09
68.5 5.4 0.000278 5.3e-10 1.5e-09
68.6 5.4 0.000273 5.18e-10 1.47e-09
68.7 5.4 0.000268 5.13e-10 1.45e-09
68.8 5.4 0.000263 4.97e-10 1.41e-09
68.9 5.4 0.000258 4.97e-10 1.39e-09
69 5.4 0.000254 4.83e-10 1.37e-09
69.1 5.4 0.000249 4.7e-10 1.34e-09
69.2 5.4 0.000245 4.63e-10 1.32e-09
69.3 5.4 0.00024 4.58e-10 1.29e-09
69.4 5.4 0.000236 4.5e-10 1.27e-09
69.5 5.4 0.000231 4.45e-10 1.24e-09
69.6 5.4 0.000227 4.3e-10 1.22e-09
69.7 5.4 0.000223 4.25e-10 1.21e-09
69.8 5.4 0.000219 4.13e-10 1.18e-09
69.9 5.4 0.000215 4.1e-10 1.16e-09
70 5.4 0.000211 3.98e-10 1.13e-09
70.1 5.4 0.000207 3.92e-10 1.12e-09
70.2 5.4 0.000203 3.9e-10 1.1e-09
70.3 5.4 0.000199 3.77e-10 1.07e-09
70.4 5.4 0.000196 3.73e-10 1.06e-09
70.5 5.4 0.000192 3.68e-10 1.04e-09
70.6 5.4 0.000189 3.58e-10 1.01e-09
70.7 5.4 0.000185 3.58e-10 1e-09
70.8 5.4 0.000182 3.47e-10 9.83e-10
70.9 5.4 0.000178 3.45e-10 9.65e-10
71 5.4 0.000175 3.35e-10 9.45e-10
71.1 5.4 0.000172 3.28e-10 9.33e-10
71.2 5.4 0.000169 3.25e-10 9.15e-10
71.3 5.4 0.000166 3.15e-10 8.95e-10
71.4 5.4 0.000163 3.1e-10 8.8e-10
71.5 5.4 0.00016 3.05e-10 8.65e-10
71.6 5.4 0.000157 3e-10 8.5e-10
71.7 5.4 0.000154 2.95e-10 8.35e-10
71.8 5.4 0.000151 2.9e-10 8.2e-10
71.9 5.4 0.000148 2.83e-10 7.97e-10
72 5.4 0.000146 2.8e-10 7.9e-10
72.1 5.4 0.000143 2.75e-10 7.75e-10
72.2 5.4 0.00014 2.65e-10 7.55e-10
72.3 5.4 0.000138 2.6e-10 7.4e-10
72.4 5.4 0.000135 2.55e-10 7.25e-10
72.5 5.4 0.000133 2.53e-10 7.17e-10
72.6 5.4 0.00013 2.53e-10 7.07e-10
72.7 5.4 0.000128 2.42e-10 6.87e-10
72.8 5.4 0.000126 2.4e-10 6.8e-10
72.9 5.4 0.000123 2.35e-10 6.65e-10
73 5.4 0.000121 2.32e-10 6.57e-10
73.1 5.4 0.000119 2.23e-10 6.38e-10
73.2 5.4 0.000117 2.2e-10 6.3e-10
73.3 5.4 0.000114 2.2e-10 6.2e-10
73.4 5.4 0.000112 2.12e-10 6.08e-10
73.5 5.4 0.00011 2.1e-10 6e-10
73.6 5.4 0.000108 2.05e-10 5.85e-10
73.7 5.4 0.000106 2e-10 5.7e-10
73.8 5.4 0.000104 1.97e-10 5.62e-10
73.9 5.4 0.000102 1.95e-10 5.55e-10
74 5.4 0.000101 1.95e-10 5.45e-10
74.1 5.4 9.87e-05 1.89e-10 5.34e-10
74.2 5.4 9.69e-05 1.86e-10 5.24e-10
74.3 5.4 9.51e-05 1.81e-10 5.15e-10
74.4 5.4 9.34e-05 1.78e-10 5.05e-10
74.5 5.4 9.16e-05 1.75e-10 4.96e-10
74.6 5.4 9e-05 1.72e-10 4.87e-10
74.7 5.4 8.83e-05 1.69e-10 4.78e-10
74.8 5.4 8.67e-05 1.66e-10 4.7e-10
74.9 5.4 8.51e-05 1.63e-10 4.61e-10
75 5.4 8.35e-05 1.59e-10 4.52e-10
75.1 5.4 8.2e-05 1.57e-10 4.44e-10
75.2 5.4 8.05e-05 1.54e-10 4.36e-10
75.3 5.4 7.9e-05 1.51e-10 4.28e-10
75.4 5.4 7.76e-05 1.49e-10 4.2e-10
75.5 5.4 7.62e-05 1.45e-10 4.13e-10
75.6 5.4 7.48e-05 1.43e-10 4.05e-10
75.7 5.4 7.34e-05 1.4e-10 3.97e-10
75.8 5.4 7.2e-05 1.38e-10 3.9e-10
75.9 5.4 7.07e-05 1.35e-10 3.83e-10
76 5.4 6.94e-05 1.33e-10 3.76e-10
76.1 5.4 6.81e-05 1.31e-10 3.69e-10
76.2 5.4 6.69e-05 1.28e-10 3.62e-10
76.3 5.4 6.57e-05 1.26e-10 3.56e-10
76.4 5.4 6.45e-05 1.23e-10 3.49e-10
76.5 5.4 6.33e-05 1.21e-10 3.43e-10
76.6 5.4 6.21e-05 1.19e-10 3.37e-10
76.7 5.4 6.1e-05 1.17e-10 3.3e-10
76.8 5.4 5.99e-05 1.15e-10 3.24e-10
76.9 5.4 5.88e-05 1.12e-10 3.18e-10
77 5.4 5.77e-05 1.1e-10 3.13e-10
77.1 5.4 5.66e-05 1.09e-10 3.07e-10
77.2 5.4 5.56e-05 1.06e-10 3.01e-10
77.3 5.4 5.46e-05 1.04e-10 2.96e-10
77.4 5.4 5.36e-05 1.03e-10 2.9e-10
77.5 5.4 5.26e-05 1.01e-10 2.85e-10
95.7 5.4 1.81e-06 3.43e-12 9.77e-12
95.8 5.4 1.77e-06 3.38e-12 9.63e-12
95.9 5.4 1.74e-06 3.33e-12 9.47e-12
96 5.4 1.71e-06 3.25e-12 9.25e-12
96.1 5.4 1.68e-06 3.25e-12 9.15e-12
96.2 5.4 1.65e-06 3.18e-12 8.92e-12
96.3 5.4 1.62e-06 3.1e-12 8.8e-12
96.4 5.4 1.59e-06 3.05e-12 8.65e-12
96.5 5.4 1.56e-06 3e-12 8.5e-12
96.6 5.4 1.53e-06 2.95e-12 8.35e-12
96.7 5.4 1.5e-06 2.9e-12 8.2e-12
96.8 5.4 1.47e-06 2.85e-12 8.05e-12
96.9 5.4 1.45e-06 2.75e-12 7.85e-12
97 5.4 1.42e-06 2.7e-12 7.7e-12
97.1 5.4 1.39e-06 2.65e-12 7.55e-12
97.2 5.4 1.37e-06 2.62e-12 7.48e-12
97.3 5.4 1.34e-06 2.6e-12 7.3e-12
97.4 5.4 1.32e-06 2.52e-12 7.17e-12
97.5 5.4 1.3e-06 2.47e-12 7.02e-12
97.6 5.4 1.27e-06 2.5e-12 6.9e-12
97.7 5.4 1.25e-06 2.37e-12 6.72e-12
97.8 5.4 1.23e-06 2.35e-12 6.65e-12
97.9 5.4 1.2e-06 2.3e-12 6.5e-12
98 5.4 1.18e-06 2.3e-12 6.4e-12
98.1 5.4 1.16e-06 2.27e-12 6.32e-12
98.2 5.4 1.14e-06 2.2e-12 6.2e-12
98.3 5.4 1.12e-06 2.17e-12 6.12e-12
98.4 5.4 1.1e-06 2.1e-12 6e-12
98.5 5.4 1.08e-06 2.05e-12 5.85e-12
98.6 5.4 1.06e-06 2e-12 5.7e-12
98.7 5.4 1.04e-06 2.02e-12 5.67e-12
98.8 5.4 1.02e-06 1.95e-12 5.55e-12
98.9 5.4 1e-06 1.91e-12 5.43e-12
99 5.4 9.81e-07 1.88e-12 5.33e-12
99.1 5.4 9.63e-07 1.85e-12 5.23e-12
99.2 5.4 9.46e-07 1.82e-12 5.13e-12
99.3 5.4 9.28e-07 1.78e-12 5.04e-12
99.4 5.4 9.11e-07 1.75e-12 4.95e-12
99.5 5.4 8.94e-07 1.72e-12 4.85e-12
99.6 5.4 8.78e-07 1.68e-12 4.77e-12
99.7 5.4 8.62e-07 1.66e-12 4.68e-12
99.8 5.4 8.46e-07 1.62e-12 4.6e-12
99.9 5.4 8.31e-07 1.59e-12 4.51e-12
