-25 9.4 0.126 1.5e-08 5e-09
-24.9 9.4 0.127 1.5e-08 5e-09
-24.8 9.4 0.128 1.75e-08 1.25e-08
-24.7 9.4 0.129 1.5e-08 5e-09
-24.6 9.4 0.13 1.5e-08 5e-09
-24.5 9.4 0.132 1.5e-08 5e-09
-24.4 9.4 0.133 1.5e-08 5e-09
-24.3 9.4 0.134 1.5e-08 5e-09
-24.2 9.4 0.135 1.5e-08 5e-09
-24.1 9.4 0.136 1.5e-08 5e-09
-24 9.4 0.138 1.5e-08 5e-09
-23.9 9.4 0.139 2.25e-08 7.5e-09
-23.8 9.4 0.14 1.5e-08 5e-09
-23.7 9.4 0.141 1.5e-08 5e-09
-23.6 9.4 0.143 2.25e-08 7.5e-09
-23.5 9.4 0.144 1.5e-08 5e-09
-23.4 9.4 0.145 1.75e-08 1.25e-08
-23.3 9.4 0.147 1.5e-08 5e-09
-23.2 9.4 0.148 1.5e-08 5e-09
-23.1 9.4 0.149 3.25e-08 2.75e-08
-23 9.4 0.151 4e-08 3e-08
-22.9 9.4 0.152 4.5e-08 3.5e-08
-22.8 9.4 0.153 5.25e-08 3.75e-08
-22.7 9.4 0.155 6.75e-08 3.25e-08
-22.6 9.4 0.156 4.5e-08 1.5e-08
-22.5 9.4 0.158 1.75e-08 2.25e-08
-22.4 9.4 0.159 8.25e-08 1.47e-07
-22.3 9.4 0.16 2.5e-08 1.5e-08
-22.2 9.4 0.162 2e-08 1e-08
-22.1 9.4 0.163 2.75e-08 1.25e-08
-22 9.4 0.165 2.25e-08 7.5e-09
-21.9 9.4 0.166 2.25e-08 7.5e-09
-21.8 9.4 0.168 2.25e-08 7.5e-09
-21.7 9.4 0.169 1.5e-08 5e-09
-21.6 9.4 0.171 2e-08 1e-08
-21.5 9.4 0.172 1.5e-08 5e-09
-21.4 9.4 0.174 1.5e-08 5e-09
-21.3 9.4 0.175 1.5e-08 5e-09
-21.2 9.4 0.177 2.25e-08 7.5e-09
-21.1 9.4 0.178 1.5e-08 5e-09
-21 9.4 0.18 2.25e-08 7.5e-09
-20.9 9.4 0.181 2.25e-08 7.5e-09
-20.8 9.4 0.183 2.25e-08 7.5e-09
-20.7 9.4 0.184 1.5e-08 5e-09
-20.6 9.4 0.186 1.5e-08 5e-09
-20.5 9.4 0.187 1.5e-08 5e-09
-20.4 9.4 0.189 1.5e-08 5e-09
-20.3 9.4 0.191 2.25e-08 7.5e-09
-20.2 9.4 0.192 1.5e-08 5e-09
-20.1 9.4 0.194 1.5e-08 5e-09
-20 9.4 0.196 1.5e-08 5e-09
-19.9 9.4 0.197 1.5e-08 5e-09
-19.8 9.4 0.199 1.5e-08 5e-09
-19.7 9.4 0.201 1.5e-08 5e-09
-19.6 9.4 0.202 1.5e-08 5e-09
-19.5 9.4 0.204 1.5e-08 5e-09
-19.4 9.4 0.206 1.5e-08 5e-09
-19.3 9.4 0.207 1.5e-08 5e-09
-19.2 9.4 0.209 1.5e-08 5e-09
-19.1 9.4 0.211 1.5e-08 5e-09
-19 9.4 0.213 1.5e-08 5e-09
-18.9 9.4 0.214 1.5e-08 5e-09
-18.8 9.4 0.216 1.5e-08 5e-09
-18.7 9.4 0.218 1e-08 1e-08
-18.6 9.4 0.22 1.5e-08 5e-09
-18.5 9.4 0.222 7.5e-09 2.5e-09
-18.4 9.4 0.223 7.5e-09 2.5e-09
-18.3 9.4 0.225 1.5e-08 5e-09
-18.2 9.4 0.227 7.5e-09 2.5e-09
-18.1 9.4 0.229 1.5e-08 5e-09
-18 9.4 0.231 7.5e-09 2.5e-09
-17.9 9.4 0.233 7.5e-09 2.5e-09
-17.8 9.4 0.234 1e-08 1e-08
-17.7 9.4 0.236 7.5e-09 2.5e-09
-17.6 9.4 0.238 7.5e-09 2.5e-09
-17.5 9.4 0.24 7.5e-09 2.5e-09
-17.4 9.4 0.242 7.5e-09 2.5e-09
-17.3 9.4 0.244 2.5e-09 7.5e-09
-17.2 9.4 0.246 7.5e-09 2.5e-09
-17.1 9.4 0.248 1.25e-08 7.5e-09
-17 9.4 0.25 7.5e-09 2.5e-09
-16.9 9.4 0.252 7.5e-09 2.5e-09
-16.8 9.4 0.254 2.5e-09 7.5e-09
-16.7 9.4 0.256 5e-09 5e-09
-16.6 9.4 0.258 5e-09 5e-09
-16.5 9.4 0.26 0 0
-16.4 9.4 0.262 0 0
-16.3 9.4 0.264 0 0
-16.2 9.4 0.266 0 0
-16.1 9.4 0.268 0 0
-16 9.4 0.27 0 0
-15.9 9.4 0.272 0 0
-15.8 9.4 0.274 7.5e-09 2.5e-09
-15.7 9.4 0.276 7.5e-09 2.5e-09
-15.6 9.4 0.278 2.5e-09 7.5e-09
-15.5 9.4 0.28 2.5e-09 7.5e-09
-15.4 9.4 0.282 2.5e-09 7.5e-09
-15.3 9.4 0.284 0 0
-15.2 9.4 0.287 0 0
-15.1 9.4 0.289 2.5e-09 7.5e-09
-15 9.4 0.291 2.5e-09 7.5e-09
-14.9 9.4 0.293 7.5e-09 1.25e-08
-14.8 9.4 0.295 2.5e-09 7.5e-09
-14.7 9.4 0.297 2.5e-09 7.5e-09
-14.6 9.4 0.299 2.5e-09 7.5e-09
-14.5 9.4 0.302 5e-09 1.5e-08
-14.4 9.4 0.304 2.5e-09 7.5e-09
-14.3 9.4 0.306 5e-09 1.5e-08
-14.2 9.4 0.308 5e-09 1.5e-08
-14.1 9.4 0.31 2.5e-09 7.5e-09
-14 9.4 0.313 5e-09 1.5e-08
-13.9 9.4 0.315 5e-09 1.5e-08
-13.8 9.4 0.317 5e-09 1.5e-08
-13.7 9.4 0.319 5e-09 1.5e-08
-13.6 9.4 0.322 7.5e-09 2.25e-08
-13.5 9.4 0.324 5e-09 1.5e-08
-13.4 9.4 0.326 5e-09 1.5e-08
-13.3 9.4 0.328 7.5e-09 2.25e-08
-13.2 9.4 0.331 7.5e-09 2.25e-08
-13.1 9.4 0.333 7.5e-09 2.25e-08
-13 9.4 0.335 7.5e-09 2.25e-08
-12.9 9.4 0.338 7.5e-09 2.25e-08
-12.8 9.4 0.34 7.5e-09 2.25e-08
-12.7 9.4 0.342 7.5e-09 2.25e-08
-12.6 9.4 0.344 7.5e-09 2.25e-08
-12.5 9.4 0.347 1e-08 3e-08
-12.4 9.4 0.349 1e-08 3e-08
-12.3 9.4 0.351 7.5e-09 2.25e-08
-12.2 9.4 0.354 1e-08 3e-08
-12.1 9.4 0.356 1e-08 3e-08
-12 9.4 0.359 1e-08 3e-08
-11.9 9.4 0.361 1.25e-08 3.75e-08
-11.8 9.4 0.363 1e-08 3e-08
-11.7 9.4 0.366 1e-08 3e-08
-11.6 9.4 0.368 1.25e-08 3.75e-08
-11.5 9.4 0.37 1.75e-08 3.25e-08
-11.4 9.4 0.373 1.25e-08 3.75e-08
-11.3 9.4 0.375 1.25e-08 3.75e-08
-11.2 9.4 0.378 1.25e-08 3.75e-08
-11.1 9.4 0.38 2e-08 4e-08
-11 9.4 0.382 1.25e-08 3.75e-08
-10.9 9.4 0.385 1.25e-08 3.75e-08
-10.8 9.4 0.387 1.25e-08 3.75e-08
-10.7 9.4 0.39 1.25e-08 3.75e-08
-10.6 9.4 0.392 1.25e-08 3.75e-08
-10.5 9.4 0.394 2e-08 4e-08
-10.4 9.4 0.397 1.5e-08 4.5e-08
-10.3 9.4 0.399 2e-08 4e-08
-10.2 9.4 0.402 2e-08 4e-08
-10.1 9.4 0.404 2e-08 4e-08
-10 9.4 0.407 1.5e-08 4.5e-08
-9.9 9.4 0.409 1.5e-08 4.5e-08
-9.8 9.4 0.412 1.5e-08 4.5e-08
-9.7 9.4 0.414 1.5e-08 4.5e-08
-9.6 9.4 0.416 1.5e-08 4.5e-08
-9.5 9.4 0.419 2.25e-08 4.75e-08
-9.4 9.4 0.421 1.5e-08 4.5e-08
-9.3 9.4 0.424 1.75e-08 5.25e-08
-9.2 9.4 0.426 1.75e-08 5.25e-08
-9.1 9.4 0.429 2.25e-08 4.75e-08
-9 9.4 0.431 1.5e-08 4.5e-08
-8.9 9.4 0.434 2.25e-08 4.75e-08
-8.8 9.4 0.436 2.25e-08 4.75e-08
-8.7 9.4 0.439 1.75e-08 5.25e-08
-8.6 9.4 0.441 1.75e-08 5.25e-08
-8.5 9.4 0.444 2.5e-08 5.5e-08
-8.4 9.4 0.446 2.25e-08 4.75e-08
-8.3 9.4 0.449 1.75e-08 5.25e-08
-8.2 9.4 0.451 1.75e-08 5.25e-08
-8.1 9.4 0.453 1.75e-08 5.25e-08
-8 9.4 0.456 2.5e-08 5.5e-08
-7.9 9.4 0.458 1.75e-08 5.25e-08
-7.8 9.4 0.461 1.75e-08 5.25e-08
-7.7 9.4 0.463 1.75e-08 5.25e-08
-7.6 9.4 0.466 2.5e-08 5.5e-08
-7.5 9.4 0.468 1.75e-08 5.25e-08
-7.4 9.4 0.471 2.5e-08 5.5e-08
-7.3 9.4 0.473 2.25e-08 4.75e-08
-7.2 9.4 0.476 1.75e-08 5.25e-08
-7.1 9.4 0.478 2.5e-08 5.5e-08
-7 9.4 0.481 2.5e-08 5.5e-08
-6.9 9.4 0.483 2.5e-08 5.5e-08
-6.8 9.4 0.486 1.75e-08 5.25e-08
-6.7 9.4 0.488 2.25e-08 4.75e-08
-6.6 9.4 0.49 2.25e-08 4.75e-08
-6.5 9.4 0.493 1.75e-08 5.25e-08
-6.4 9.4 0.495 1.75e-08 5.25e-08
-6.3 9.4 0.498 1.75e-08 5.25e-08
-6.2 9.4 0.5 1.75e-08 5.25e-08
-6.1 9.4 0.503 1.75e-08 5.25e-08
-6 9.4 0.505 2.25e-08 4.75e-08
-5.9 9.4 0.507 1.75e-08 5.25e-08
-5.8 9.4 0.51 2.25e-08 4.75e-08
-5.7 9.4 0.512 2.25e-08 4.75e-08
-5.6 9.4 0.515 1.75e-08 5.25e-08
-5.5 9.4 0.517 1.5e-08 4.5e-08
-5.4 9.4 0.52 2.25e-08 4.75e-08
-5.3 9.4 0.522 1.5e-08 4.5e-08
-5.2 9.4 0.524 2.25e-08 4.75e-08
-5.1 9.4 0.527 2.25e-08 4.75e-08
-5 9.4 0.529 1.5e-08 4.5e-08
-4.9 9.4 0.531 1.5e-08 4.5e-08
-4.8 9.4 0.534 1.5e-08 4.5e-08
-4.7 9.4 0.536 1.5e-08 4.5e-08
-4.6 9.4 0.539 2e-08 4e-08
-4.5 9.4 0.541 2e-08 4e-08
-4.4 9.4 0.543 1.5e-08 4.5e-08
-4.3 9.4 0.546 2e-08 4e-08
-4.2 9.4 0.548 2e-08 4e-08
-4.1 9.4 0.55 2e-08 4e-08
-4 9.4 0.552 2e-08 4e-08
-3.9 9.4 0.555 2.5e-08 3.5e-08
-3.8 9.4 0.557 1.75e-08 3.25e-08
-3.7 9.4 0.559 2.5e-08 3.5e-08
-3.6 9.4 0.562 4.25e-08 5.75e-08
-3.5 9.4 0.564 4e-08 7e-08
-3.4 9.4 0.566 6e-08 7e-08
-3.3 9.4 0.568 2.5e-08 4.5e-08
-3.2 9.4 0.571 1.75e-08 4.25e-08
-3.1 9.4 0.573 1.25e-08 3.75e-08
-3 9.4 0.575 1.25e-08 3.75e-08
-2.9 9.4 0.577 1.25e-08 3.75e-08
-2.8 9.4 0.58 1e-08 3e-08
-2.7 9.4 0.582 2.5e-08 5.5e-08
-2.6 9.4 0.584 2.25e-08 4.75e-08
-2.5 9.4 0.586 2.25e-08 4.75e-08
-2.4 9.4 0.588 2.5e-08 4.5e-08
-2.3 9.4 0.59 2e-08 4e-08
-2.2 9.4 0.593 2e-08 4e-08
-2.1 9.4 0.595 2e-08 4e-08
-2 9.4 0.597 1.25e-08 2.75e-08
-1.9 9.4 0.599 1.75e-08 2.25e-08
-1.8 9.4 0.601 1.5e-08 2.5e-08
-1.7 9.4 0.603 1.25e-08 1.75e-08
-1.6 9.4 0.605 1e-08 1e-08
-1.5 9.4 0.607 1e-08 1e-08
-1.4 9.4 0.609 1e-08 1e-08
-1.3 9.4 0.611 5e-09 5e-09
-1.2 9.4 0.613 0 0
-1.1 9.4 0.616 0 0
-1 9.4 0.618 5e-09 1.5e-08
-0.9 9.4 0.62 2.5e-09 7.5e-09
-0.8 9.4 0.622 2.5e-09 7.5e-09
-0.7 9.4 0.623 2.5e-09 7.5e-09
-0.6 9.4 0.625 0 0
-0.5 9.4 0.627 0 0
-0.4 9.4 0.629 0 0
-0.3 9.4 0.631 0 0
-0.2 9.4 0.633 2.5e-09 7.5e-09
-0.1 9.4 0.635 0 0
1.95e-14 9.4 0.637 7.5e-09 2.5e-09
0.1 9.4 0.639 0 0
0.2 9.4 0.641 0 0
0.3 9.4 0.642 7.5e-09 2.5e-09
0.4 9.4 0.644 7.5e-09 2.5e-09
0.5 9.4 0.646 7.5e-09 2.5e-09
0.6 9.4 0.648 7.5e-09 2.5e-09
0.7 9.4 0.65 1e-08 1e-08
0.8 9.4 0.651 1.5e-08 5e-09
0.9 9.4 0.653 1.5e-08 5e-09
1 9.4 0.655 2.25e-08 7.5e-09
1.1 9.4 0.657 1.75e-08 1.25e-08
1.2 9.4 0.658 2.25e-08 7.5e-09
1.3 9.4 0.66 1.5e-08 5e-09
1.4 9.4 0.662 2.25e-08 7.5e-09
1.5 9.4 0.663 2.25e-08 7.5e-09
1.6 9.4 0.665 3e-08 1e-08
1.7 9.4 0.666 3e-08 1e-08
1.8 9.4 0.668 3e-08 1e-08
1.9 9.4 0.67 3e-08 1e-08
2 9.4 0.671 3e-08 1e-08
2.1 9.4 0.673 3e-08 1e-08
2.2 9.4 0.674 3.75e-08 1.25e-08
2.3 9.4 0.676 3.75e-08 1.25e-08
2.4 9.4 0.677 3.25e-08 1.75e-08
2.5 9.4 0.679 3.75e-08 1.25e-08
2.6 9.4 0.68 3.75e-08 1.25e-08
2.7 9.4 0.682 3.75e-08 1.25e-08
2.8 9.4 0.683 3.75e-08 1.25e-08
2.9 9.4 0.685 3.75e-08 1.25e-08
3 9.4 0.686 4.5e-08 1.5e-08
3.1 9.4 0.687 4e-08 2e-08
3.2 9.4 0.689 4e-08 2e-08
3.3 9.4 0.69 4.5e-08 1.5e-08
3.4 9.4 0.691 4.5e-08 1.5e-08
3.5 9.4 0.693 4.75e-08 2.25e-08
3.6 9.4 0.694 4.75e-08 2.25e-08
3.7 9.4 0.695 5.25e-08 1.75e-08
3.8 9.4 0.697 5.25e-08 1.75e-08
3.9 9.4 0.698 5.5e-08 2.5e-08
4 9.4 0.699 5.25e-08 1.75e-08
4.1 9.4 0.7 5.25e-08 1.75e-08
4.2 9.4 0.701 5.25e-08 1.75e-08
4.3 9.4 0.703 5.5e-08 2.5e-08
4.4 9.4 0.704 6e-08 2e-08
4.5 9.4 0.705 6e-08 2e-08
4.6 9.4 0.706 6.25e-08 2.75e-08
4.7 9.4 0.707 6e-08 2e-08
4.8 9.4 0.708 6.75e-08 2.25e-08
4.9 9.4 0.709 6.25e-08 2.75e-08
5 9.4 0.71 6.75e-08 2.25e-08
5.1 9.4 0.711 6.25e-08 2.75e-08
5.2 9.4 0.712 6.75e-08 2.25e-08
5.3 9.4 0.713 6.75e-08 2.25e-08
5.4 9.4 0.714 6.75e-08 2.25e-08
5.5 9.4 0.715 7e-08 3e-08
5.6 9.4 0.716 7e-08 3e-08
5.7 9.4 0.717 7.5e-08 2.5e-08
5.8 9.4 0.718 7.5e-08 2.5e-08
5.9 9.4 0.718 7.5e-08 2.5e-08
6 9.4 0.719 7.5e-08 2.5e-08
6.1 9.4 0.72 7.5e-08 2.5e-08
6.2 9.4 0.721 7.5e-08 2.5e-08
6.3 9.4 0.722 7.5e-08 2.5e-08
6.4 9.4 0.722 7.5e-08 2.5e-08
6.5 9.4 0.723 7.75e-08 3.25e-08
6.6 9.4 0.724 8.25e-08 2.75e-08
6.7 9.4 0.725 8.25e-08 2.75e-08
6.8 9.4 0.725 7.75e-08 3.25e-08
6.9 9.4 0.726 7.75e-08 3.25e-08
7 9.4 0.727 7.75e-08 3.25e-08
7.1 9.4 0.727 7.75e-08 3.25e-08
7.2 9.4 0.728 8.25e-08 2.75e-08
7.3 9.4 0.728 7.75e-08 3.25e-08
7.4 9.4 0.729 7.75e-08 3.25e-08
7.5 9.4 0.729 8.25e-08 2.75e-08
7.6 9.4 0.73 7.75e-08 3.25e-08
7.7 9.4 0.73 8.5e-08 3.5e-08
7.8 9.4 0.731 8.25e-08 2.75e-08
7.9 9.4 0.731 9e-08 3e-08
8 9.4 0.732 8.5e-08 3.5e-08
8.1 9.4 0.732 8.5e-08 3.5e-08
8.2 9.4 0.733 8.25e-08 2.75e-08
8.3 9.4 0.733 8.5e-08 3.5e-08
8.4 9.4 0.733 9e-08 3e-08
8.5 9.4 0.734 9e-08 3e-08
8.6 9.4 0.734 9e-08 3e-08
8.7 9.4 0.734 8.5e-08 3.5e-08
8.8 9.4 0.734 9e-08 3e-08
8.9 9.4 0.735 8.5e-08 3.5e-08
9 9.4 0.735 9e-08 3e-08
9.1 9.4 0.735 8.5e-08 3.5e-08
9.2 9.4 0.735 8.5e-08 3.5e-08
9.3 9.4 0.735 8.5e-08 3.5e-08
9.4 9.4 0.736 8.5e-08 3.5e-08
9.5 9.4 0.736 9e-08 3e-08
9.6 9.4 0.736 9e-08 3e-08
9.7 9.4 0.736 9e-08 3e-08
9.8 9.4 0.736 9.25e-08 3.75e-08
9.9 9.4 0.736 9.25e-08 3.75e-08
10 9.4 0.736 9.25e-08 3.75e-08
10.1 9.4 0.736 9.25e-08 3.75e-08
10.2 9.4 0.736 9.25e-08 3.75e-08
10.3 9.4 0.736 9e-08 3e-08
10.4 9.4 0.736 9e-08 3e-08
10.5 9.4 0.736 9e-08 3e-08
10.6 9.4 0.736 8.5e-08 3.5e-08
10.7 9.4 0.735 8.5e-08 3.5e-08
10.8 9.4 0.735 8.5e-08 3.5e-08
10.9 9.4 0.735 8.5e-08 3.5e-08
11 9.4 0.735 9e-08 3e-08
11.1 9.4 0.735 8.5e-08 3.5e-08
11.2 9.4 0.734 9e-08 3e-08
11.3 9.4 0.734 8.5e-08 3.5e-08
11.4 9.4 0.734 9e-08 3e-08
11.5 9.4 0.734 9e-08 3e-08
11.6 9.4 0.733 9e-08 3e-08
11.7 9.4 0.733 8.5e-08 3.5e-08
11.8 9.4 0.733 8.25e-08 2.75e-08
11.9 9.4 0.732 8.5e-08 3.5e-08
12 9.4 0.732 8.5e-08 3.5e-08
12.1 9.4 0.731 9e-08 3e-08
12.2 9.4 0.731 8.25e-08 2.75e-08
12.3 9.4 0.73 8.5e-08 3.5e-08
12.4 9.4 0.73 7.75e-08 3.25e-08
12.5 9.4 0.729 8.25e-08 2.75e-08
12.6 9.4 0.729 7.75e-08 3.25e-08
12.7 9.4 0.728 7.75e-08 3.25e-08
12.8 9.4 0.728 8.25e-08 2.75e-08
12.9 9.4 0.727 7.75e-08 3.25e-08
13 9.4 0.727 7.75e-08 3.25e-08
13.1 9.4 0.726 7.75e-08 3.25e-08
13.2 9.4 0.725 7.75e-08 3.25e-08
13.3 9.4 0.725 8.25e-08 2.75e-08
13.4 9.4 0.724 8.25e-08 2.75e-08
13.5 9.4 0.723 7.75e-08 3.25e-08
13.6 9.4 0.722 7.5e-08 2.5e-08
13.7 9.4 0.722 7.5e-08 2.5e-08
13.8 9.4 0.721 7.5e-08 2.5e-08
13.9 9.4 0.72 7.5e-08 2.5e-08
14 9.4 0.719 7.5e-08 2.5e-08
14.1 9.4 0.718 7.5e-08 2.5e-08
14.2 9.4 0.718 7.5e-08 2.5e-08
14.3 9.4 0.717 7.5e-08 2.5e-08
14.4 9.4 0.716 7e-08 3e-08
14.5 9.4 0.715 7e-08 3e-08
14.6 9.4 0.714 6.75e-08 2.25e-08
14.7 9.4 0.713 6.75e-08 2.25e-08
14.8 9.4 0.712 6.75e-08 2.25e-08
14.9 9.4 0.711 6.25e-08 2.75e-08
15 9.4 0.71 6.75e-08 2.25e-08
15.1 9.4 0.709 6.25e-08 2.75e-08
15.2 9.4 0.708 6.75e-08 2.25e-08
15.3 9.4 0.707 6e-08 2e-08
15.4 9.4 0.706 6.25e-08 2.75e-08
15.5 9.4 0.705 6e-08 2e-08
15.6 9.4 0.704 6e-08 2e-08
15.7 9.4 0.703 5.5e-08 2.5e-08
15.8 9.4 0.701 5.25e-08 1.75e-08
15.9 9.4 0.7 5.25e-08 1.75e-08
16 9.4 0.699 5.25e-08 1.75e-08
16.1 9.4 0.698 5.5e-08 2.5e-08
16.2 9.4 0.697 5.25e-08 1.75e-08
16.3 9.4 0.695 5.25e-08 1.75e-08
16.4 9.4 0.694 4.75e-08 2.25e-08
16.5 9.4 0.693 4.75e-08 2.25e-08
16.6 9.4 0.691 4.5e-08 1.5e-08
16.7 9.4 0.69 4.5e-08 1.5e-08
16.8 9.4 0.689 4e-08 2e-08
16.9 9.4 0.687 4e-08 2e-08
17 9.4 0.686 4.5e-08 1.5e-08
17.1 9.4 0.685 3.75e-08 1.25e-08
17.2 9.4 0.683 3.75e-08 1.25e-08
17.3 9.4 0.682 3.75e-08 1.25e-08
17.4 9.4 0.68 3.75e-08 1.25e-08
17.5 9.4 0.679 3.75e-08 1.25e-08
17.6 9.4 0.677 3.25e-08 1.75e-08
17.7 9.4 0.676 3.75e-08 1.25e-08
17.8 9.4 0.674 3.75e-08 1.25e-08
17.9 9.4 0.673 3e-08 1e-08
18 9.4 0.671 3e-08 1e-08
18.1 9.4 0.67 3e-08 1e-08
18.2 9.4 0.668 3e-08 1e-08
18.3 9.4 0.666 3e-08 1e-08
18.4 9.4 0.665 3e-08 1e-08
18.5 9.4 0.663 2.25e-08 7.5e-09
18.6 9.4 0.662 2.25e-08 7.5e-09
18.7 9.4 0.66 1.5e-08 5e-09
18.8 9.4 0.658 2.25e-08 7.5e-09
18.9 9.4 0.657 1.75e-08 1.25e-08
19 9.4 0.655 2.25e-08 7.5e-09
19.1 9.4 0.653 1.5e-08 5e-09
19.2 9.4 0.651 1.5e-08 5e-09
19.3 9.4 0.65 1e-08 1e-08
19.4 9.4 0.648 7.5e-09 2.5e-09
19.5 9.4 0.646 7.5e-09 2.5e-09
19.6 9.4 0.644 7.5e-09 2.5e-09
19.7 9.4 0.642 7.5e-09 2.5e-09
19.8 9.4 0.641 0 0
19.9 9.4 0.639 0 0
20 9.4 0.637 7.5e-09 2.5e-09
20.1 9.4 0.635 0 0
20.2 9.4 0.633 2.5e-09 7.5e-09
20.3 9.4 0.631 0 0
20.4 9.4 0.629 0 0
20.5 9.4 0.627 0 0
20.6 9.4 0.625 0 0
20.7 9.4 0.623 2.5e-09 7.5e-09
20.8 9.4 0.622 2.5e-09 7.5e-09
20.9 9.4 0.62 2.5e-09 7.5e-09
21 9.4 0.618 5e-09 1.5e-08
21.1 9.4 0.616 0 0
21.2 9.4 0.613 0 0
21.3 9.4 0.611 5e-09 5e-09
21.4 9.4 0.609 1e-08 1e-08
21.5 9.4 0.607 1e-08 1e-08
21.6 9.4 0.605 1e-08 1e-08
21.7 9.4 0.603 1.25e-08 1.75e-08
21.8 9.4 0.601 1.5e-08 2.5e-08
21.9 9.4 0.599 1.75e-08 2.25e-08
22 9.4 0.597 1.25e-08 2.75e-08
22.1 9.4 0.595 2e-08 4e-08
22.2 9.4 0.593 2e-08 4e-08
22.3 9.4 0.59 2e-08 4e-08
22.4 9.4 0.588 2.5e-08 4.5e-08
22.5 9.4 0.586 2.25e-08 4.75e-08
22.6 9.4 0.584 2.25e-08 4.75e-08
22.7 9.4 0.582 2.5e-08 5.5e-08
22.8 9.4 0.58 1e-08 3e-08
22.9 9.4 0.577 1.25e-08 3.75e-08
23 9.4 0.575 1.25e-08 3.75e-08
23.1 9.4 0.573 1.25e-08 3.75e-08
23.2 9.4 0.571 1.75e-08 4.25e-08
23.3 9.4 0.568 2.5e-08 4.5e-08
23.4 9.4 0.566 6e-08 7e-08
23.5 9.4 0.564 4e-08 7e-08
23.6 9.4 0.562 4.25e-08 5.75e-08
23.7 9.4 0.559 2.5e-08 3.5e-08
23.8 9.4 0.557 1.75e-08 3.25e-08
23.9 9.4 0.555 2.5e-08 3.5e-08
24 9.4 0.552 2e-08 4e-08
24.1 9.4 0.55 2e-08 4e-08
24.2 9.4 0.548 2e-08 4e-08
24.3 9.4 0.546 2e-08 4e-08
24.4 9.4 0.543 1.5e-08 4.5e-08
24.5 9.4 0.541 2e-08 4e-08
24.6 9.4 0.539 2e-08 4e-08
24.7 9.4 0.536 1.5e-08 4.5e-08
24.8 9.4 0.534 1.5e-08 4.5e-08
24.9 9.4 0.531 1.5e-08 4.5e-08
25 9.4 0.529 1.5e-08 4.5e-08
25.1 9.4 0.527 2.25e-08 4.75e-08
25.2 9.4 0.524 2.25e-08 4.75e-08
25.3 9.4 0.522 1.5e-08 4.5e-08
25.4 9.4 0.52 2.25e-08 4.75e-08
25.5 9.4 0.517 1.5e-08 4.5e-08
25.6 9.4 0.515 1.75e-08 5.25e-08
25.7 9.4 0.512 2.25e-08 4.75e-08
25.8 9.4 0.51 2.25e-08 4.75e-08
25.9 9.4 0.507 1.75e-08 5.25e-08
26 9.4 0.505 2.25e-08 4.75e-08
26.1 9.4 0.503 1.75e-08 5.25e-08
26.2 9.4 0.5 1.75e-08 5.25e-08
26.3 9.4 0.498 1.75e-08 5.25e-08
26.4 9.4 0.495 1.75e-08 5.25e-08
26.5 9.4 0.493 1.75e-08 5.25e-08
26.6 9.4 0.49 2.25e-08 4.75e-08
26.7 9.4 0.488 2.25e-08 4.75e-08
26.8 9.4 0.486 1.75e-08 5.25e-08
26.9 9.4 0.483 2.5e-08 5.5e-08
27 9.4 0.481 2.5e-08 5.5e-08
27.1 9.4 0.478 2.5e-08 5.5e-08
27.2 9.4 0.476 1.75e-08 5.25e-08
27.3 9.4 0.473 2.25e-08 4.75e-08
27.4 9.4 0.471 2.5e-08 5.5e-08
27.5 9.4 0.468 1.75e-08 5.25e-08
27.6 9.4 0.466 2.5e-08 5.5e-08
27.7 9.4 0.463 1.75e-08 5.25e-08
27.8 9.4 0.461 1.75e-08 5.25e-08
27.9 9.4 0.458 1.75e-08 5.25e-08
28 9.4 0.456 2.5e-08 5.5e-08
28.1 9.4 0.453 1.75e-08 5.25e-08
28.2 9.4 0.451 1.75e-08 5.25e-08
28.3 9.4 0.449 1.75e-08 5.25e-08
28.4 9.4 0.446 2.25e-08 4.75e-08
28.5 9.4 0.444 2.5e-08 5.5e-08
28.6 9.4 0.441 1.75e-08 5.25e-08
28.7 9.4 0.439 1.75e-08 5.25e-08
28.8 9.4 0.436 2.25e-08 4.75e-08
28.9 9.4 0.434 2.25e-08 4.75e-08
29 9.4 0.431 1.5e-08 4.5e-08
29.1 9.4 0.429 2.25e-08 4.75e-08
29.2 9.4 0.426 1.75e-08 5.25e-08
29.3 9.4 0.424 1.75e-08 5.25e-08
29.4 9.4 0.421 1.5e-08 4.5e-08
29.5 9.4 0.419 2.25e-08 4.75e-08
29.6 9.4 0.416 1.5e-08 4.5e-08
29.7 9.4 0.414 1.5e-08 4.5e-08
29.8 9.4 0.412 1.5e-08 4.5e-08
29.9 9.4 0.409 1.5e-08 4.5e-08
30 9.4 0.407 1.5e-08 4.5e-08
30.1 9.4 0.404 2e-08 4e-08
30.2 9.4 0.402 2e-08 4e-08
30.3 9.4 0.399 2e-08 4e-08
30.4 9.4 0.397 1.5e-08 4.5e-08
30.5 9.4 0.394 2e-08 4e-08
30.6 9.4 0.392 1.25e-08 3.75e-08
30.7 9.4 0.39 1.25e-08 3.75e-08
30.8 9.4 0.387 1.25e-08 3.75e-08
30.9 9.4 0.385 1.25e-08 3.75e-08
31 9.4 0.382 1.25e-08 3.75e-08
31.1 9.4 0.38 2e-08 4e-08
31.2 9.4 0.378 1.25e-08 3.75e-08
31.3 9.4 0.375 1.25e-08 3.75e-08
31.4 9.4 0.373 1.25e-08 3.75e-08
31.5 9.4 0.37 1.75e-08 3.25e-08
31.6 9.4 0.368 1.25e-08 3.75e-08
31.7 9.4 0.366 1e-08 3e-08
31.8 9.4 0.363 1e-08 3e-08
31.9 9.4 0.361 1.25e-08 3.75e-08
32 9.4 0.359 1e-08 3e-08
32.1 9.4 0.356 1e-08 3e-08
32.2 9.4 0.354 1e-08 3e-08
32.3 9.4 0.351 7.5e-09 2.25e-08
32.4 9.4 0.349 1e-08 3e-08
32.5 9.4 0.347 1e-08 3e-08
32.6 9.4 0.344 7.5e-09 2.25e-08
32.7 9.4 0.342 7.5e-09 2.25e-08
32.8 9.4 0.34 7.5e-09 2.25e-08
32.9 9.4 0.338 7.5e-09 2.25e-08
33 9.4 0.335 7.5e-09 2.25e-08
33.1 9.4 0.333 7.5e-09 2.25e-08
33.2 9.4 0.331 7.5e-09 2.25e-08
33.3 9.4 0.328 7.5e-09 2.25e-08
33.4 9.4 0.326 5e-09 1.5e-08
33.5 9.4 0.324 5e-09 1.5e-08
33.6 9.4 0.322 7.5e-09 2.25e-08
33.7 9.4 0.319 5e-09 1.5e-08
33.8 9.4 0.317 5e-09 1.5e-08
33.9 9.4 0.315 5e-09 1.5e-08
34 9.4 0.313 5e-09 1.5e-08
34.1 9.4 0.31 2.5e-09 7.5e-09
34.2 9.4 0.308 5e-09 1.5e-08
34.3 9.4 0.306 5e-09 1.5e-08
34.4 9.4 0.304 2.5e-09 7.5e-09
34.5 9.4 0.302 5e-09 1.5e-08
34.6 9.4 0.299 2.5e-09 7.5e-09
34.7 9.4 0.297 2.5e-09 7.5e-09
34.8 9.4 0.295 2.5e-09 7.5e-09
34.9 9.4 0.293 7.5e-09 1.25e-08
35 9.4 0.291 2.5e-09 7.5e-09
35.1 9.4 0.289 2.5e-09 7.5e-09
35.2 9.4 0.287 0 0
35.3 9.4 0.284 0 0
35.4 9.4 0.282 2.5e-09 7.5e-09
35.5 9.4 0.28 2.5e-09 7.5e-09
35.6 9.4 0.278 2.5e-09 7.5e-09
35.7 9.4 0.276 7.5e-09 2.5e-09
35.8 9.4 0.274 7.5e-09 2.5e-09
35.9 9.4 0.272 0 0
36 9.4 0.27 0 0
36.1 9.4 0.268 0 0
36.2 9.4 0.266 0 0
36.3 9.4 0.264 0 0
36.4 9.4 0.262 0 0
36.5 9.4 0.26 0 0
36.6 9.4 0.258 5e-09 5e-09
36.7 9.4 0.256 5e-09 5e-09
36.8 9.4 0.254 2.5e-09 7.5e-09
36.9 9.4 0.252 7.5e-09 2.5e-09
37 9.4 0.25 7.5e-09 2.5e-09
37.1 9.4 0.248 1.25e-08 7.5e-09
37.2 9.4 0.246 7.5e-09 2.5e-09
37.3 9.4 0.244 2.5e-09 7.5e-09
37.4 9.4 0.242 7.5e-09 2.5e-09
37.5 9.4 0.24 7.5e-09 2.5e-09
37.6 9.4 0.238 7.5e-09 2.5e-09
37.7 9.4 0.236 7.5e-09 2.5e-09
37.8 9.4 0.234 1e-08 1e-08
37.9 9.4 0.233 7.5e-09 2.5e-09
38 9.4 0.231 7.5e-09 2.5e-09
38.1 9.4 0.229 1.5e-08 5e-09
38.2 9.4 0.227 7.5e-09 2.5e-09
38.3 9.4 0.225 1.5e-08 5e-09
38.4 9.4 0.223 7.5e-09 2.5e-09
38.5 9.4 0.222 7.5e-09 2.5e-09
38.6 9.4 0.22 1.5e-08 5e-09
38.7 9.4 0.218 1e-08 1e-08
38.8 9.4 0.216 1.5e-08 5e-09
38.9 9.4 0.214 1.5e-08 5e-09
39 9.4 0.213 1.5e-08 5e-09
39.1 9.4 0.211 1.5e-08 5e-09
39.2 9.4 0.209 1.5e-08 5e-09
39.3 9.4 0.207 1.5e-08 5e-09
39.4 9.4 0.206 1.5e-08 5e-09
39.5 9.4 0.204 1.5e-08 5e-09
39.6 9.4 0.202 1.5e-08 5e-09
39.7 9.4 0.201 1.5e-08 5e-09
39.8 9.4 0.199 1.5e-08 5e-09
39.9 9.4 0.197 1.5e-08 5e-09
40 9.4 0.196 1.5e-08 5e-09
40.1 9.4 0.194 1.5e-08 5e-09
40.2 9.4 0.192 1.5e-08 5e-09
40.3 9.4 0.191 2.25e-08 7.5e-09
40.4 9.4 0.189 1.5e-08 5e-09
40.5 9.4 0.187 1.5e-08 5e-09
40.6 9.4 0.186 1.5e-08 5e-09
40.7 9.4 0.184 1.5e-08 5e-09
40.8 9.4 0.183 2.25e-08 7.5e-09
40.9 9.4 0.181 2.25e-08 7.5e-09
41 9.4 0.18 2.25e-08 7.5e-09
41.1 9.4 0.178 1.5e-08 5e-09
41.2 9.4 0.177 2.25e-08 7.5e-09
41.3 9.4 0.175 1.5e-08 5e-09
41.4 9.4 0.174 1.5e-08 5e-09
41.5 9.4 0.172 1.5e-08 5e-09
41.6 9.4 0.171 2e-08 1e-08
41.7 9.4 0.169 1.5e-08 5e-09
41.8 9.4 0.168 2.25e-08 7.5e-09
41.9 9.4 0.166 2.25e-08 7.5e-09
42 9.4 0.165 2.25e-08 7.5e-09
42.1 9.4 0.163 2.75e-08 1.25e-08
42.2 9.4 0.162 2e-08 1e-08
42.3 9.4 0.16 2.5e-08 1.5e-08
42.4 9.4 0.159 8.25e-08 1.47e-07
42.5 9.4 0.158 1.75e-08 2.25e-08
42.6 9.4 0.156 4.5e-08 1.5e-08
42.7 9.4 0.155 6.75e-08 3.25e-08
42.8 9.4 0.153 5.25e-08 3.75e-08
42.9 9.4 0.152 4.5e-08 3.5e-08
43 9.4 0.151 4e-08 3e-08
43.1 9.4 0.149 3.25e-08 2.75e-08
43.2 9.4 0.148 1.5e-08 5e-09
43.3 9.4 0.147 1.5e-08 5e-09
43.4 9.4 0.145 1.75e-08 1.25e-08
43.5 9.4 0.144 1.5e-08 5e-09
43.6 9.4 0.143 2.25e-08 7.5e-09
43.7 9.4 0.141 1.5e-08 5e-09
43.8 9.4 0.14 1.5e-08 5e-09
43.9 9.4 0.139 2.25e-08 7.5e-09
44 9.4 0.138 1.5e-08 5e-09
44.1 9.4 0.136 1.5e-08 5e-09
44.2 9.4 0.135 1.5e-08 5e-09
44.3 9.4 0.134 1.5e-08 5e-09
44.4 9.4 0.133 1.5e-08 5e-09
44.5 9.4 0.132 1.5e-08 5e-09
44.6 9.4 0.13 1.5e-08 5e-09
44.7 9.4 0.129 1.5e-08 5e-09
44.8 9.4 0.128 1.75e-08 1.25e-08
44.9 9.4 0.127 1.5e-08 5e-09
45 9.4 0.126 1.5e-08 5e-09
45.1 9.4 0.124 1.5e-08 5e-09
45.2 9.4 0.123 1.75e-08 1.25e-08
45.3 9.4 0.122 1.5e-08 5e-09
45.4 9.4 0.121 1.5e-08 5e-09
45.5 9.4 0.12 1.5e-08 5e-09
45.6 9.4 0.119 1.5e-08 5e-09
45.7 9.4 0.118 1.5e-08 5e-09
45.8 9.4 0.117 1e-08 1e-08
45.9 9.4 0.116 1.5e-08 5e-09
46 9.4 0.114 1.5e-08 5e-09
46.1 9.4 0.113 1.5e-08 5e-09
46.2 9.4 0.112 1.5e-08 5e-09
46.3 9.4 0.111 7.5e-09 2.5e-09
46.4 9.4 0.11 1.5e-08 5e-09
46.5 9.4 0.109 7.5e-09 2.5e-09
46.6 9.4 0.108 1.5e-08 5e-09
46.7 9.4 0.107 7.5e-09 2.5e-09
46.8 9.4 0.106 7.5e-09 2.5e-09
46.9 9.4 0.105 1.5e-08 5e-09
47 9.4 0.104 1.5e-08 5e-09
47.1 9.4 0.103 1.5e-08 5e-09
47.2 9.4 0.102 1.5e-08 5e-09
47.3 9.4 0.101 1.5e-08 5e-09
47.4 9.4 0.1 1.5e-08 5e-09
47.5 9.4 0.0993 1.12e-08 3.75e-09
47.6 9.4 0.0984 1.05e-08 3.5e-09
47.7 9.4 0.0975 1.05e-08 3.5e-09
47.8 9.4 0.0965 1.1e-08 4e-09
47.9 9.4 0.0956 1.05e-08 3.5e-09
48 9.4 0.0947 1.05e-08 3.5e-09
48.1 9.4 0.0938 9.75e-09 3.25e-09
48.2 9.4 0.0929 9.75e-09 3.25e-09
48.3 9.4 0.092 9.75e-09 3.25e-09
48.4 9.4 0.0911 9.75e-09 3.25e-09
48.5 9.4 0.0903 9e-09 3e-09
48.6 9.4 0.0894 9.75e-09 3.25e-09
48.7 9.4 0.0885 9e-09 3e-09
48.8 9.4 0.0877 9e-09 3e-09
48.9 9.4 0.0869 8.25e-09 2.75e-09
49 9.4 0.086 8.25e-09 2.75e-09
49.1 9.4 0.0852 8.25e-09 2.75e-09
49.2 9.4 0.0844 7.5e-09 2.5e-09
49.3 9.4 0.0836 7.5e-09 2.5e-09
49.4 9.4 0.0827 7.5e-09 2.5e-09
49.5 9.4 0.0819 7.5e-09 2.5e-09
49.6 9.4 0.0812 7.5e-09 2.5e-09
49.7 9.4 0.0804 7.5e-09 2.5e-09
49.8 9.4 0.0796 6.75e-09 2.25e-09
49.9 9.4 0.0788 6.75e-09 2.25e-09
50 9.4 0.0781 6.75e-09 2.25e-09
50.1 9.4 0.0773 6e-09 2e-09
50.2 9.4 0.0765 6.75e-09 2.25e-09
50.3 9.4 0.0758 6e-09 2e-09
50.4 9.4 0.0751 6e-09 2e-09
50.5 9.4 0.0743 6e-09 2e-09
50.6 9.4 0.0736 5.25e-09 1.75e-09
50.7 9.4 0.0729 5.75e-09 2.25e-09
50.8 9.4 0.0722 6e-09 2e-09
50.9 9.4 0.0715 5.75e-09 2.25e-09
51 9.4 0.0708 5.25e-09 1.75e-09
51.1 9.4 0.0701 5.25e-09 1.75e-09
51.2 9.4 0.0694 5.25e-09 1.75e-09
51.3 9.4 0.0687 5.25e-09 1.75e-09
51.4 9.4 0.068 5.25e-09 1.75e-09
51.5 9.4 0.0674 4.5e-09 1.5e-09
51.6 9.4 0.0667 4.5e-09 1.5e-09
51.7 9.4 0.066 4.5e-09 1.5e-09
51.8 9.4 0.0654 4.5e-09 1.5e-09
51.9 9.4 0.0647 4e-09 2e-09
52 9.4 0.0641 4.5e-09 1.5e-09
52.1 9.4 0.0635 3.75e-09 1.25e-09
52.2 9.4 0.0628 3.75e-09 1.25e-09
52.3 9.4 0.0622 3.75e-09 1.25e-09
52.4 9.4 0.0616 3.75e-09 1.25e-09
52.5 9.4 0.061 3.75e-09 1.25e-09
52.6 9.4 0.0604 3e-09 1e-09
52.7 9.4 0.0598 3e-09 1e-09
52.8 9.4 0.0592 3e-09 1e-09
52.9 9.4 0.0586 2.25e-09 7.5e-10
53 9.4 0.058 2.25e-09 7.5e-10
53.1 9.4 0.0575 2.25e-09 7.5e-10
53.2 9.4 0.0569 2.25e-09 7.5e-10
53.3 9.4 0.0563 2.25e-09 7.5e-10
53.4 9.4 0.0558 2.25e-09 7.5e-10
53.5 9.4 0.0552 2.25e-09 7.5e-10
53.6 9.4 0.0546 2.25e-09 7.5e-10
53.7 9.4 0.0541 2.25e-09 7.5e-10
53.8 9.4 0.0536 2.25e-09 7.5e-10
53.9 9.4 0.053 2.25e-09 7.5e-10
54 9.4 0.0525 1.5e-09 5e-10
54.1 9.4 0.052 2e-09 1e-09
54.2 9.4 0.0515 1.5e-09 5e-10
54.3 9.4 0.0509 1.5e-09 5e-10
54.4 9.4 0.0504 7.5e-10 2.5e-10
54.5 9.4 0.0499 7.5e-10 2.5e-10
54.6 9.4 0.0494 1.5e-09 5e-10
54.7 9.4 0.0489 1.5e-09 5e-10
54.8 9.4 0.0484 7.5e-10 2.5e-10
54.9 9.4 0.0479 1.25e-09 7.5e-10
55 9.4 0.0475 1.5e-09 5e-10
55.1 9.4 0.047 1.25e-09 7.5e-10
55.2 9.4 0.0465 7.5e-10 2.5e-10
55.3 9.4 0.046 7.5e-10 2.5e-10
55.4 9.4 0.0456 7.5e-10 2.5e-10
55.5 9.4 0.0451 2.5e-10 7.5e-10
55.6 9.4 0.0447 7.5e-10 2.5e-10
55.7 9.4 0.0442 0 0
55.8 9.4 0.0438 7.5e-10 2.5e-10
55.9 9.4 0.0433 7.5e-10 2.5e-10
56 9.4 0.0429 0 0
56.1 9.4 0.0425 0 0
56.2 9.4 0.042 0 0
56.3 9.4 0.0416 0 0
56.4 9.4 0.0412 0 0
56.5 9.4 0.0408 2.5e-10 7.5e-10
56.6 9.4 0.0404 0 0
56.7 9.4 0.0399 0 0
56.8 9.4 0.0395 2.5e-10 7.5e-10
56.9 9.4 0.0391 2.5e-10 7.5e-10
57 9.4 0.0387 2.5e-10 7.5e-10
57.1 9.4 0.0383 0 0
57.2 9.4 0.038 2.5e-10 7.5e-10
57.3 9.4 0.0376 0 0
57.4 9.4 0.0372 2.5e-10 7.5e-10
57.5 9.4 0.0368 0 0
57.6 9.4 0.0364 0 0
57.7 9.4 0.0361 0 0
57.8 9.4 0.0357 5e-10 5e-10
57.9 9.4 0.0353 5e-10 5e-10
58 9.4 0.035 5e-10 5e-10
58.1 9.4 0.0346 7.5e-10 1.25e-09
58.2 9.4 0.0343 5e-10 5e-10
58.3 9.4 0.0339 7.5e-10 1.25e-09
58.4 9.4 0.0336 5e-10 5e-10
58.5 9.4 0.0332 5e-10 5e-10
58.6 9.4 0.0329 1e-09 1e-09
58.7 9.4 0.0326 7.5e-10 1.25e-09
58.8 9.4 0.0322 5e-10 1.5e-09
58.9 9.4 0.0319 1e-09 2e-09
59 9.4 0.0316 5e-10 1.5e-09
59.1 9.4 0.0312 7.5e-10 1.25e-09
59.2 9.4 0.0309 1e-09 2e-09
59.3 9.4 0.0306 1e-09 2e-09
59.4 9.4 0.0303 1e-09 2e-09
59.5 9.4 0.03 1e-09 2e-09
59.6 9.4 0.0297 1.25e-09 2.75e-09
59.7 9.4 0.0294 1e-09 2e-09
59.8 9.4 0.0291 1.25e-09 2.75e-09
59.9 9.4 0.0288 1.25e-09 2.75e-09
60 9.4 0.0285 1.25e-09 2.75e-09
60.1 9.4 0.0282 1.25e-09 2.75e-09
60.2 9.4 0.0279 1.25e-09 2.75e-09
60.3 9.4 0.0276 1.25e-09 2.75e-09
60.4 9.4 0.0273 1.25e-09 2.75e-09
60.5 9.4 0.027 1.25e-09 2.75e-09
60.6 9.4 0.0268 1.5e-09 3.5e-09
60.7 9.4 0.0265 1.25e-09 2.75e-09
60.8 9.4 0.0262 1.25e-09 1.75e-09
60.9 9.4 0.0259 5e-10 1.5e-09
61 9.4 0.0257 7.5e-10 2.25e-09
61.1 9.4 0.0254 5e-10 1.5e-09
61.2 9.4 0.0252 7.5e-10 2.25e-09
61.3 9.4 0.0249 5e-10 1.5e-09
61.4 9.4 0.0246 7.5e-10 2.25e-09
61.5 9.4 0.0244 7.5e-10 2.25e-09
61.6 9.4 0.0241 5e-10 1.5e-09
61.7 9.4 0.0239 5e-10 1.5e-09
61.8 9.4 0.0236 5e-10 1.5e-09
61.9 9.4 0.0234 5e-10 1.5e-09
62 9.4 0.0231 7.5e-10 2.25e-09
62.1 9.4 0.0229 5e-10 1.5e-09
62.2 9.4 0.0227 5e-10 1.5e-09
62.3 9.4 0.0224 1.25e-09 1.75e-09
62.4 9.4 0.0222 5e-10 1.5e-09
62.5 9.4 0.022 5e-10 1.5e-09
62.6 9.4 0.0218 5e-10 1.5e-09
62.7 9.4 0.0215 5e-10 1.5e-09
62.8 9.4 0.0213 7.5e-10 2.25e-09
62.9 9.4 0.0211 5e-10 1.5e-09
63 9.4 0.0209 1.25e-09 1.75e-09
63.1 9.4 0.0206 5e-10 1.5e-09
63.2 9.4 0.0204 7.5e-10 2.25e-09
63.3 9.4 0.0202 7.5e-10 2.25e-09
63.4 9.4 0.02 7.5e-10 2.25e-09
63.5 9.4 0.0198 7.5e-10 2.25e-09
63.6 9.4 0.0196 5e-10 1.5e-09
63.7 9.4 0.0194 5e-10 1.5e-09
63.8 9.4 0.0192 7.5e-10 2.25e-09
63.9 9.4 0.019 5e-10 1.5e-09
64 9.4 0.0188 7.5e-10 2.25e-09
64.1 9.4 0.0186 5e-10 1.5e-09
64.2 9.4 0.0184 5e-10 1.5e-09
64.3 9.4 0.0182 5e-10 1.5e-09
64.4 9.4 0.018 5e-10 1.5e-09
64.5 9.4 0.0178 7.5e-10 2.25e-09
64.6 9.4 0.0177 5e-10 1.5e-09
64.7 9.4 0.0175 7.5e-10 2.25e-09
64.8 9.4 0.0173 5e-10 1.5e-09
64.9 9.4 0.0171 5e-10 1.5e-09
65 9.4 0.0169 5e-10 1.5e-09
65.1 9.4 0.0168 7.5e-10 2.25e-09
65.2 9.4 0.0166 7.5e-10 2.25e-09
65.3 9.4 0.0164 7.5e-10 2.25e-09
65.4 9.4 0.0162 7.5e-10 2.25e-09
65.5 9.4 0.0161 7.5e-10 2.25e-09
65.6 9.4 0.0159 5e-10 1.5e-09
65.7 9.4 0.0157 7.5e-10 2.25e-09
65.8 9.4 0.0156 5e-10 1.5e-09
65.9 9.4 0.0154 5e-10 1.5e-09
66 9.4 0.0153 7.5e-10 2.25e-09
66.1 9.4 0.0151 5e-10 1.5e-09
66.2 9.4 0.0149 5e-10 1.5e-09
66.3 9.4 0.0148 5e-10 1.5e-09
66.4 9.4 0.0146 7.5e-10 2.25e-09
66.5 9.4 0.0145 5e-10 1.5e-09
66.6 9.4 0.0143 5e-10 1.5e-09
66.7 9.4 0.0142 5e-10 1.5e-09
66.8 9.4 0.014 5e-10 1.5e-09
66.9 9.4 0.0139 5e-10 1.5e-09
67 9.4 0.0137 5e-10 1.5e-09
67.1 9.4 0.0136 5e-10 1.5e-09
67.2 9.4 0.0135 5e-10 1.5e-09
67.3 9.4 0.0133 5e-10 1.5e-09
67.4 9.4 0.0132 5e-10 1.5e-09
67.5 9.4 0.013 5e-10 1.5e-09
67.6 9.4 0.0129 5e-10 1.5e-09
67.7 9.4 0.0128 5e-10 1.5e-09
67.8 9.4 0.0126 5e-10 1.5e-09
67.9 9.4 0.0125 5e-10 1.5e-09
68 9.4 0.0124 5e-10 1.5e-09
68.1 9.4 0.0122 5e-10 1.5e-09
68.2 9.4 0.0121 5e-10 1.5e-09
68.3 9.4 0.012 5e-10 1.5e-09
68.4 9.4 0.0119 5e-10 1.5e-09
68.5 9.4 0.0117 5e-10 1.5e-09
68.6 9.4 0.0116 5e-10 1.5e-09
68.7 9.4 0.0115 5e-10 1.5e-09
68.8 9.4 0.0114 5e-10 1.5e-09
68.9 9.4 0.0113 7.5e-10 2.25e-09
69 9.4 0.0111 5e-10 1.5e-09
69.1 9.4 0.011 5e-10 1.5e-09
69.2 9.4 0.0109 2.5e-10 7.5e-10
69.3 9.4 0.0108 5e-10 1.5e-09
69.4 9.4 0.0107 5e-10 1.5e-09
69.5 9.4 0.0106 2.5e-10 7.5e-10
69.6 9.4 0.0105 5e-10 1.5e-09
69.7 9.4 0.0103 5e-10 1.5e-09
69.8 9.4 0.0102 5e-10 1.5e-09
69.9 9.4 0.0101 5e-10 1.5e-09
70 9.4 0.01 7.5e-10 1.25e-09
70.1 9.4 0.00992 4.75e-10 1.42e-09
70.2 9.4 0.00982 4.75e-10 1.42e-09
70.3 9.4 0.00971 4.5e-10 1.35e-09
70.4 9.4 0.00961 4.5e-10 1.35e-09
70.5 9.4 0.00951 4.5e-10 1.35e-09
70.6 9.4 0.00941 4.5e-10 1.35e-09
70.7 9.4 0.00931 4.75e-10 1.33e-09
70.8 9.4 0.00921 4.75e-10 1.33e-09
70.9 9.4 0.00912 4.25e-10 1.28e-09
71 9.4 0.00902 4.25e-10 1.28e-09
71.1 9.4 0.00893 4.75e-10 1.33e-09
71.2 9.4 0.00883 4.25e-10 1.28e-09
71.3 9.4 0.00874 4.25e-10 1.28e-09
71.4 9.4 0.00865 4.25e-10 1.28e-09
71.5 9.4 0.00856 4.25e-10 1.28e-09
71.6 9.4 0.00847 4e-10 1.2e-09
71.7 9.4 0.00838 4.25e-10 1.28e-09
71.8 9.4 0.00829 4e-10 1.2e-09
71.9 9.4 0.00821 4e-10 1.2e-09
72 9.4 0.00812 4e-10 1.2e-09
72.1 9.4 0.00803 4e-10 1.2e-09
72.2 9.4 0.00795 4e-10 1.2e-09
72.3 9.4 0.00787 4e-10 1.2e-09
72.4 9.4 0.00778 4e-10 1.2e-09
72.5 9.4 0.0077 3.75e-10 1.12e-09
72.6 9.4 0.00762 3.75e-10 1.12e-09
72.7 9.4 0.00754 3.75e-10 1.12e-09
72.8 9.4 0.00746 3.75e-10 1.12e-09
72.9 9.4 0.00738 3.75e-10 1.12e-09
73 9.4 0.00731 3.75e-10 1.12e-09
73.1 9.4 0.00723 3.75e-10 1.12e-09
73.2 9.4 0.00715 4.25e-10 1.17e-09
73.3 9.4 0.00708 3.75e-10 1.12e-09
73.4 9.4 0.007 3.75e-10 1.12e-09
73.5 9.4 0.00693 3.75e-10 1.12e-09
73.6 9.4 0.00686 3.5e-10 1.05e-09
73.7 9.4 0.00679 3.5e-10 1.05e-09
73.8 9.4 0.00671 3.5e-10 1.05e-09
73.9 9.4 0.00664 3.5e-10 1.05e-09
74 9.4 0.00657 3.5e-10 1.05e-09
74.1 9.4 0.0065 3.75e-10 1.03e-09
74.2 9.4 0.00644 5e-10 8e-10
74.3 9.4 0.00637 8e-10 1.1e-09
74.4 9.4 0.0063 6.25e-10 1.07e-09
74.5 9.4 0.00624 5.5e-10 1.05e-09
74.6 9.4 0.00617 1.55e-09 1.35e-09
74.7 9.4 0.00611 4.75e-10 1.03e-09
74.8 9.4 0.00604 1.23e-09 1.28e-09
74.9 9.4 0.00598 6e-10 6e-10
75 9.4 0.00591 3.5e-10 8.5e-10
75.1 9.4 0.00585 3.5e-10 9.5e-10
75.2 9.4 0.00579 6e-10 1e-09
75.3 9.4 0.00573 3.75e-10 9.25e-10
75.4 9.4 0.00567 6e-10 6e-10
75.5 9.4 0.00561 4e-10 9e-10
75.6 9.4 0.00555 3.75e-10 9.25e-10
75.7 9.4 0.00549 3.75e-10 9.25e-10
75.8 9.4 0.00543 3e-10 9e-10
75.9 9.4 0.00538 3.25e-10 8.75e-10
76 9.4 0.00532 3.75e-10 9.25e-10
76.1 9.4 0.00527 3e-10 9e-10
76.2 9.4 0.00521 3.25e-10 8.75e-10
76.3 9.4 0.00515 2.75e-10 8.25e-10
76.4 9.4 0.0051 2.75e-10 8.25e-10
76.5 9.4 0.00505 2.75e-10 8.25e-10
76.6 9.4 0.00499 2.75e-10 8.25e-10
76.7 9.4 0.00494 3e-10 8e-10
76.8 9.4 0.00489 2.75e-10 8.25e-10
76.9 9.4 0.00484 2.75e-10 8.25e-10
77 9.4 0.00479 2.75e-10 8.25e-10
77.1 9.4 0.00474 2.5e-10 7.5e-10
77.2 9.4 0.00469 2.75e-10 8.25e-10
77.3 9.4 0.00464 2.5e-10 7.5e-10
77.4 9.4 0.00459 2.75e-10 8.25e-10
77.5 9.4 0.00454 2.5e-10 7.5e-10
77.6 9.4 0.00449 2.5e-10 7.5e-10
77.7 9.4 0.00444 2.75e-10 8.25e-10
77.8 9.4 0.0044 2.5e-10 7.5e-10
77.9 9.4 0.00435 3.25e-10 7.75e-10
78 9.4 0.00431 2.5e-10 7.5e-10
78.1 9.4 0.00426 2.75e-10 7.25e-10
78.2 9.4 0.00422 2.5e-10 7.5e-10
78.3 9.4 0.00417 2.25e-10 6.75e-10
78.4 9.4 0.00413 2.5e-10 7.5e-10
78.5 9.4 0.00408 2.25e-10 6.75e-10
78.6 9.4 0.00404 2.25e-10 6.75e-10
78.7 9.4 0.004 2.25e-10 6.75e-10
78.8 9.4 0.00396 2.25e-10 6.75e-10
78.9 9.4 0.00391 2.25e-10 6.75e-10
79 9.4 0.00387 2.25e-10 6.75e-10
79.1 9.4 0.00383 2.25e-10 6.75e-10
79.2 9.4 0.00379 2.25e-10 6.75e-10
79.3 9.4 0.00375 2e-10 6e-10
79.4 9.4 0.00371 2.25e-10 6.75e-10
79.5 9.4 0.00367 2e-10 6e-10
79.6 9.4 0.00363 2.25e-10 6.75e-10
79.7 9.4 0.0036 2.25e-10 6.75e-10
79.8 9.4 0.00356 2e-10 6e-10
79.9 9.4 0.00352 2.25e-10 6.75e-10
80 9.4 0.00348 2.25e-10 6.75e-10
80.1 9.4 0.00345 2e-10 6e-10
80.2 9.4 0.00341 2.5e-10 6.5e-10
80.3 9.4 0.00337 2e-10 6e-10
80.4 9.4 0.00334 1.75e-10 5.25e-10
80.5 9.4 0.0033 2e-10 6e-10
80.6 9.4 0.00327 2e-10 6e-10
80.7 9.4 0.00323 2e-10 6e-10
80.8 9.4 0.0032 2.25e-10 5.75e-10
80.9 9.4 0.00317 2e-10 6e-10
81 9.4 0.00313 1.75e-10 5.25e-10
81.1 9.4 0.0031 1.75e-10 5.25e-10
81.2 9.4 0.00307 1.75e-10 5.25e-10
81.3 9.4 0.00304 2e-10 6e-10
81.4 9.4 0.003 1.75e-10 5.25e-10
81.5 9.4 0.00297 1.75e-10 5.25e-10
81.6 9.4 0.00294 2.25e-10 5.75e-10
81.7 9.4 0.00291 1.75e-10 5.25e-10
81.8 9.4 0.00288 1.75e-10 5.25e-10
81.9 9.4 0.00285 1.75e-10 5.25e-10
82 9.4 0.00282 2e-10 5e-10
82.1 9.4 0.00279 1.75e-10 5.25e-10
82.2 9.4 0.00276 1.75e-10 5.25e-10
82.3 9.4 0.00273 1.5e-10 4.5e-10
82.4 9.4 0.0027 1.75e-10 5.25e-10
82.5 9.4 0.00267 1.75e-10 5.25e-10
82.6 9.4 0.00264 1.75e-10 5.25e-10
82.7 9.4 0.00262 1.5e-10 4.5e-10
82.8 9.4 0.00259 1.75e-10 5.25e-10
82.9 9.4 0.00256 1.5e-10 4.5e-10
83 9.4 0.00253 1.5e-10 4.5e-10
83.1 9.4 0.00251 1.5e-10 4.5e-10
83.2 9.4 0.00248 1.5e-10 4.5e-10
83.3 9.4 0.00245 1.5e-10 4.5e-10
83.4 9.4 0.00243 1.5e-10 4.5e-10
83.5 9.4 0.0024 1.5e-10 4.5e-10
83.6 9.4 0.00238 1.5e-10 4.5e-10
83.7 9.4 0.00235 1.75e-10 4.25e-10
83.8 9.4 0.00233 1.25e-10 3.75e-10
83.9 9.4 0.0023 1.5e-10 4.5e-10
84 9.4 0.00228 1.25e-10 3.75e-10
84.1 9.4 0.00226 1.75e-10 4.25e-10
84.2 9.4 0.00223 1.5e-10 4.5e-10
84.3 9.4 0.00221 1.5e-10 4.5e-10
84.4 9.4 0.00218 1.25e-10 3.75e-10
84.5 9.4 0.00216 1.75e-10 4.25e-10
84.6 9.4 0.00214 1.25e-10 3.75e-10
84.7 9.4 0.00212 1.25e-10 3.75e-10
84.8 9.4 0.00209 1.25e-10 3.75e-10
84.9 9.4 0.00207 1.75e-10 4.25e-10
85 9.4 0.00205 1.25e-10 3.75e-10
85.1 9.4 0.00203 1.25e-10 3.75e-10
85.2 9.4 0.00201 1e-10 3e-10
85.3 9.4 0.00199 1.25e-10 3.75e-10
85.4 9.4 0.00196 1e-10 3e-10
85.5 9.4 0.00194 1e-10 3e-10
85.6 9.4 0.00192 1.25e-10 3.75e-10
85.7 9.4 0.0019 1e-10 3e-10
85.8 9.4 0.00188 1.25e-10 3.75e-10
85.9 9.4 0.00186 1e-10 3e-10
86 9.4 0.00184 1.25e-10 3.75e-10
86.1 9.4 0.00182 1e-10 3e-10
86.2 9.4 0.0018 1.25e-10 3.75e-10
86.3 9.4 0.00179 1.25e-10 3.75e-10
86.4 9.4 0.00177 1e-10 3e-10
86.5 9.4 0.00175 1e-10 3e-10
86.6 9.4 0.00173 1e-10 3e-10
86.7 9.4 0.00171 1.5e-10 3.5e-10
86.8 9.4 0.00169 1e-10 3e-10
86.9 9.4 0.00168 1e-10 3e-10
87 9.4 0.00166 1.25e-10 3.75e-10
87.1 9.4 0.00164 1e-10 3e-10
87.2 9.4 0.00162 1.5e-10 3.5e-10
87.3 9.4 0.00161 1e-10 3e-10
87.4 9.4 0.00159 1e-10 3e-10
87.5 9.4 0.00157 1e-10 3e-10
87.6 9.4 0.00156 1e-10 3e-10
87.7 9.4 0.00154 1e-10 3e-10
87.8 9.4 0.00152 1e-10 3e-10
87.9 9.4 0.00151 1e-10 3e-10
88.1 9.4 0.00147 1e-10 3e-10
88.3 9.4 0.00144 1e-10 3e-10
88.4 9.4 0.00143 1e-10 3e-10
88.7 9.4 0.00138 1e-10 3e-10
88.8 9.4 0.00137 1e-10 3e-10
89 9.4 0.00134 1e-10 3e-10
89.2 9.4 0.00131 1e-10 3e-10
89.3 9.4 0.0013 1e-10 3e-10
89.5 9.4 0.00127 1.25e-10 2.75e-10
89.6 9.4 0.00126 1.25e-10 2.75e-10
