-25 9.6 0.132 1.5e-08 5e-09
-24.9 9.6 0.133 1.5e-08 5e-09
-24.8 9.6 0.134 7.5e-09 2.5e-09
-24.7 9.6 0.135 1.5e-08 5e-09
-24.6 9.6 0.136 1.5e-08 5e-09
-24.5 9.6 0.138 1.5e-08 5e-09
-24.4 9.6 0.139 1.5e-08 5e-09
-24.3 9.6 0.14 1.5e-08 5e-09
-24.2 9.6 0.141 1.5e-08 5e-09
-24.1 9.6 0.143 1.5e-08 5e-09
-24 9.6 0.144 1.5e-08 5e-09
-23.9 9.6 0.145 1.5e-08 5e-09
-23.8 9.6 0.146 1.5e-08 5e-09
-23.7 9.6 0.148 1.5e-08 5e-09
-23.6 9.6 0.149 1.5e-08 5e-09
-23.5 9.6 0.15 3.5e-08 2.5e-08
-23.4 9.6 0.152 4e-08 3e-08
-23.3 9.6 0.153 4e-08 3e-08
-23.2 9.6 0.154 6e-08 3e-08
-23.1 9.6 0.156 4e-08 2e-08
-23 9.6 0.157 5e-09 1.5e-08
-22.9 9.6 0.158 1.45e-07 1.55e-07
-22.8 9.6 0.16 2.5e-08 1.5e-08
-22.7 9.6 0.161 2e-08 1e-08
-22.6 9.6 0.163 2e-08 1e-08
-22.5 9.6 0.164 2.25e-08 7.5e-09
-22.4 9.6 0.165 1.5e-08 5e-09
-22.3 9.6 0.167 1.5e-08 5e-09
-22.2 9.6 0.168 1.5e-08 5e-09
-22.1 9.6 0.17 2.25e-08 7.5e-09
-22 9.6 0.171 1.5e-08 5e-09
-21.9 9.6 0.173 1.5e-08 5e-09
-21.8 9.6 0.174 1.5e-08 5e-09
-21.7 9.6 0.176 1.5e-08 5e-09
-21.6 9.6 0.177 1.5e-08 5e-09
-21.5 9.6 0.179 1.5e-08 5e-09
-21.4 9.6 0.18 1.5e-08 5e-09
-21.3 9.6 0.182 1.5e-08 5e-09
-21.2 9.6 0.183 2.25e-08 7.5e-09
-21.1 9.6 0.185 1.5e-08 5e-09
-21 9.6 0.186 1.5e-08 5e-09
-20.9 9.6 0.188 1.5e-08 5e-09
-20.8 9.6 0.189 1.5e-08 5e-09
-20.7 9.6 0.191 1.5e-08 5e-09
-20.6 9.6 0.193 1.5e-08 5e-09
-20.5 9.6 0.194 1.5e-08 5e-09
-20.4 9.6 0.196 1.5e-08 5e-09
-20.3 9.6 0.198 1.5e-08 5e-09
-20.2 9.6 0.199 1.5e-08 5e-09
-20.1 9.6 0.201 1.5e-08 5e-09
-20 9.6 0.202 7.5e-09 2.5e-09
-19.9 9.6 0.204 1.5e-08 5e-09
-19.8 9.6 0.206 7.5e-09 2.5e-09
-19.7 9.6 0.207 1.5e-08 5e-09
-19.6 9.6 0.209 1.5e-08 5e-09
-19.5 9.6 0.211 7.5e-09 2.5e-09
-19.4 9.6 0.213 7.5e-09 2.5e-09
-19.3 9.6 0.214 1e-08 1e-08
-19.2 9.6 0.216 1.5e-08 5e-09
-19.1 9.6 0.218 1.5e-08 5e-09
-19 9.6 0.22 1.5e-08 5e-09
-18.9 9.6 0.221 1.5e-08 5e-09
-18.8 9.6 0.223 7.5e-09 2.5e-09
-18.7 9.6 0.225 7.5e-09 2.5e-09
-18.6 9.6 0.227 1.5e-08 5e-09
-18.5 9.6 0.228 7.5e-09 2.5e-09
-18.4 9.6 0.23 7.5e-09 2.5e-09
-18.3 9.6 0.232 1e-08 1e-08
-18.2 9.6 0.234 1.5e-08 5e-09
-18.1 9.6 0.236 7.5e-09 2.5e-09
-18 9.6 0.238 7.5e-09 2.5e-09
-17.9 9.6 0.239 7.5e-09 2.5e-09
-17.8 9.6 0.241 7.5e-09 2.5e-09
-17.7 9.6 0.243 7.5e-09 2.5e-09
-17.6 9.6 0.245 5e-09 5e-09
-17.5 9.6 0.247 7.5e-09 2.5e-09
-17.4 9.6 0.249 1.25e-08 7.5e-09
-17.3 9.6 0.251 7.5e-09 2.5e-09
-17.2 9.6 0.253 7.5e-09 2.5e-09
-17.1 9.6 0.255 7.5e-09 2.5e-09
-17 9.6 0.257 0 0
-16.9 9.6 0.259 0 0
-16.8 9.6 0.261 0 0
-16.7 9.6 0.262 0 0
-16.6 9.6 0.264 0 0
-16.5 9.6 0.266 0 0
-16.4 9.6 0.268 0 0
-16.3 9.6 0.27 0 0
-16.2 9.6 0.272 0 0
-16.1 9.6 0.275 7.5e-09 2.5e-09
-16 9.6 0.277 7.5e-09 2.5e-09
-15.9 9.6 0.279 0 0
-15.8 9.6 0.281 2.5e-09 7.5e-09
-15.7 9.6 0.283 0 0
-15.6 9.6 0.285 2.5e-09 7.5e-09
-15.5 9.6 0.287 2.5e-09 7.5e-09
-15.4 9.6 0.289 2.5e-09 7.5e-09
-15.3 9.6 0.291 2.5e-09 7.5e-09
-15.2 9.6 0.293 2.5e-09 7.5e-09
-15.1 9.6 0.295 1e-08 1e-08
-15 9.6 0.297 1e-08 1e-08
-14.9 9.6 0.299 5e-09 1.5e-08
-14.8 9.6 0.302 2.5e-09 7.5e-09
-14.7 9.6 0.304 5e-09 1.5e-08
-14.6 9.6 0.306 2.5e-09 7.5e-09
-14.5 9.6 0.308 2.5e-09 7.5e-09
-14.4 9.6 0.31 2.5e-09 7.5e-09
-14.3 9.6 0.312 5e-09 1.5e-08
-14.2 9.6 0.315 5e-09 1.5e-08
-14.1 9.6 0.317 5e-09 1.5e-08
-14 9.6 0.319 5e-09 1.5e-08
-13.9 9.6 0.321 5e-09 1.5e-08
-13.8 9.6 0.323 1e-08 2e-08
-13.7 9.6 0.326 1.5e-08 2.5e-08
-13.6 9.6 0.328 7.5e-09 2.25e-08
-13.5 9.6 0.33 1.25e-08 1.75e-08
-13.4 9.6 0.332 7.5e-09 2.25e-08
-13.3 9.6 0.335 7.5e-09 2.25e-08
-13.2 9.6 0.337 7.5e-09 2.25e-08
-13.1 9.6 0.339 1e-08 2e-08
-13 9.6 0.341 7.5e-09 2.25e-08
-12.9 9.6 0.344 7.5e-09 2.25e-08
-12.8 9.6 0.346 7.5e-09 2.25e-08
-12.7 9.6 0.348 1e-08 3e-08
-12.6 9.6 0.35 7.5e-09 2.25e-08
-12.5 9.6 0.353 7.5e-09 2.25e-08
-12.4 9.6 0.355 7.5e-09 2.25e-08
-12.3 9.6 0.357 1e-08 3e-08
-12.2 9.6 0.36 7.5e-09 2.25e-08
-12.1 9.6 0.362 1e-08 3e-08
-12 9.6 0.364 1.5e-08 2.5e-08
-11.9 9.6 0.367 1e-08 3e-08
-11.8 9.6 0.369 1e-08 3e-08
-11.7 9.6 0.371 1e-08 3e-08
-11.6 9.6 0.374 1.25e-08 3.75e-08
-11.5 9.6 0.376 1e-08 3e-08
-11.4 9.6 0.378 1.75e-08 3.25e-08
-11.3 9.6 0.381 1.25e-08 3.75e-08
-11.2 9.6 0.383 1.25e-08 3.75e-08
-11.1 9.6 0.385 1.75e-08 3.25e-08
-11 9.6 0.388 1.25e-08 3.75e-08
-10.9 9.6 0.39 1.25e-08 3.75e-08
-10.8 9.6 0.392 1.25e-08 3.75e-08
-10.7 9.6 0.395 1.25e-08 3.75e-08
-10.6 9.6 0.397 2e-08 4e-08
-10.5 9.6 0.4 1.75e-08 3.25e-08
-10.4 9.6 0.402 1.25e-08 3.75e-08
-10.3 9.6 0.404 2e-08 4e-08
-10.2 9.6 0.407 1.25e-08 3.75e-08
-10.1 9.6 0.409 1.25e-08 3.75e-08
-10 9.6 0.412 2e-08 4e-08
-9.9 9.6 0.414 1.25e-08 3.75e-08
-9.8 9.6 0.416 1.75e-08 4.25e-08
-9.7 9.6 0.419 2e-08 4e-08
-9.6 9.6 0.421 1.5e-08 4.5e-08
-9.5 9.6 0.424 2e-08 4e-08
-9.4 9.6 0.426 1.5e-08 4.5e-08
-9.3 9.6 0.428 1.25e-08 3.75e-08
-9.2 9.6 0.431 2e-08 4e-08
-9.1 9.6 0.433 1.5e-08 4.5e-08
-9 9.6 0.436 1.5e-08 4.5e-08
-8.9 9.6 0.438 1.5e-08 4.5e-08
-8.8 9.6 0.44 1.5e-08 4.5e-08
-8.7 9.6 0.443 2.25e-08 4.75e-08
-8.6 9.6 0.445 1.5e-08 4.5e-08
-8.5 9.6 0.448 2.25e-08 4.75e-08
-8.4 9.6 0.45 2.25e-08 4.75e-08
-8.3 9.6 0.453 2.25e-08 4.75e-08
-8.2 9.6 0.455 1.5e-08 4.5e-08
-8.1 9.6 0.457 2.25e-08 4.75e-08
-8 9.6 0.46 2.25e-08 4.75e-08
-7.9 9.6 0.462 2.25e-08 4.75e-08
-7.8 9.6 0.465 2.25e-08 4.75e-08
-7.7 9.6 0.467 1.5e-08 4.5e-08
-7.6 9.6 0.469 1.5e-08 4.5e-08
-7.5 9.6 0.472 2.25e-08 4.75e-08
-7.4 9.6 0.474 1.5e-08 4.5e-08
-7.3 9.6 0.477 1.5e-08 4.5e-08
-7.2 9.6 0.479 1.5e-08 4.5e-08
-7.1 9.6 0.481 1.5e-08 4.5e-08
-7 9.6 0.484 2.25e-08 4.75e-08
-6.9 9.6 0.486 1.5e-08 4.5e-08
-6.8 9.6 0.489 1.5e-08 4.5e-08
-6.7 9.6 0.491 2.25e-08 4.75e-08
-6.6 9.6 0.493 1.5e-08 4.5e-08
-6.5 9.6 0.496 1.5e-08 4.5e-08
-6.4 9.6 0.498 1.5e-08 4.5e-08
-6.3 9.6 0.501 2.25e-08 4.75e-08
-6.2 9.6 0.503 2.25e-08 4.75e-08
-6.1 9.6 0.505 1.5e-08 4.5e-08
-6 9.6 0.508 2e-08 4e-08
-5.9 9.6 0.51 2e-08 4e-08
-5.8 9.6 0.512 1.5e-08 4.5e-08
-5.7 9.6 0.515 1.5e-08 4.5e-08
-5.6 9.6 0.517 2e-08 4e-08
-5.5 9.6 0.519 2e-08 4e-08
-5.4 9.6 0.522 1.5e-08 4.5e-08
-5.3 9.6 0.524 2e-08 4e-08
-5.2 9.6 0.526 1.25e-08 3.75e-08
-5.1 9.6 0.529 2e-08 4e-08
-5 9.6 0.531 1.5e-08 4.5e-08
-4.9 9.6 0.533 2e-08 4e-08
-4.8 9.6 0.536 2e-08 4e-08
-4.7 9.6 0.538 2e-08 4e-08
-4.6 9.6 0.54 2e-08 4e-08
-4.5 9.6 0.543 1.75e-08 3.25e-08
-4.4 9.6 0.545 1.75e-08 3.25e-08
-4.3 9.6 0.547 2e-08 4e-08
-4.2 9.6 0.549 1.75e-08 3.25e-08
-4.1 9.6 0.552 1.75e-08 3.25e-08
-4 9.6 0.554 1.75e-08 3.25e-08
-3.9 9.6 0.556 1.75e-08 3.25e-08
-3.8 9.6 0.558 2.25e-08 2.75e-08
-3.7 9.6 0.561 4.5e-08 5.5e-08
-3.6 9.6 0.563 3.2e-07 8.1e-07
-3.5 9.6 0.565 3e-08 5e-08
-3.4 9.6 0.567 2e-08 4e-08
-3.3 9.6 0.569 1.5e-08 3.5e-08
-3.2 9.6 0.572 1e-08 3e-08
-3.1 9.6 0.574 1e-08 3e-08
-3 9.6 0.576 7.5e-09 2.25e-08
-2.9 9.6 0.578 1e-08 3e-08
-2.8 9.6 0.58 2e-08 5e-08
-2.7 9.6 0.582 1.75e-08 4.25e-08
-2.6 9.6 0.585 1.75e-08 4.25e-08
-2.5 9.6 0.587 2e-08 4e-08
-2.4 9.6 0.589 1.5e-08 3.5e-08
-2.3 9.6 0.591 1.5e-08 3.5e-08
-2.2 9.6 0.593 1.25e-08 2.75e-08
-2.1 9.6 0.595 1.25e-08 2.75e-08
-2 9.6 0.597 1.75e-08 2.25e-08
-1.9 9.6 0.599 1.25e-08 1.75e-08
-1.8 9.6 0.601 1.25e-08 1.75e-08
-1.7 9.6 0.603 1.25e-08 1.75e-08
-1.6 9.6 0.605 1e-08 1e-08
-1.5 9.6 0.607 5e-09 5e-09
-1.4 9.6 0.609 5e-09 5e-09
-1.3 9.6 0.611 0 0
-1.2 9.6 0.613 0 0
-1.1 9.6 0.615 1e-08 1e-08
-1 9.6 0.617 2.5e-09 7.5e-09
-0.9 9.6 0.619 2.5e-09 7.5e-09
-0.8 9.6 0.621 2.5e-09 7.5e-09
-0.7 9.6 0.623 2.5e-09 7.5e-09
-0.6 9.6 0.625 2.5e-09 7.5e-09
-0.5 9.6 0.627 0 0
-0.4 9.6 0.629 0 0
-0.3 9.6 0.63 0 0
-0.2 9.6 0.632 0 0
-0.1 9.6 0.634 0 0
1.95e-14 9.6 0.636 7.5e-09 2.5e-09
0.1 9.6 0.638 0 0
0.2 9.6 0.64 0 0
0.3 9.6 0.641 7.5e-09 2.5e-09
0.4 9.6 0.643 7.5e-09 2.5e-09
0.5 9.6 0.645 1e-08 1e-08
0.6 9.6 0.647 1.5e-08 5e-09
0.7 9.6 0.648 1.5e-08 5e-09
0.8 9.6 0.65 7.5e-09 2.5e-09
0.9 9.6 0.652 1.5e-08 5e-09
1 9.6 0.653 1.5e-08 5e-09
1.1 9.6 0.655 1.5e-08 5e-09
1.2 9.6 0.657 2.25e-08 7.5e-09
1.3 9.6 0.658 1.5e-08 5e-09
1.4 9.6 0.66 1.5e-08 5e-09
1.5 9.6 0.662 2.25e-08 7.5e-09
1.6 9.6 0.663 2.25e-08 7.5e-09
1.7 9.6 0.665 2.25e-08 7.5e-09
1.8 9.6 0.666 2.25e-08 7.5e-09
1.9 9.6 0.668 3e-08 1e-08
2 9.6 0.669 2.25e-08 7.5e-09
2.1 9.6 0.671 3e-08 1e-08
2.2 9.6 0.672 3e-08 1e-08
2.3 9.6 0.674 3e-08 1e-08
2.4 9.6 0.675 3e-08 1e-08
2.5 9.6 0.677 3.25e-08 1.75e-08
2.6 9.6 0.678 3e-08 1e-08
2.7 9.6 0.679 3.75e-08 1.25e-08
2.8 9.6 0.681 3.75e-08 1.25e-08
2.9 9.6 0.682 3.75e-08 1.25e-08
3 9.6 0.684 3.75e-08 1.25e-08
3.1 9.6 0.685 3.75e-08 1.25e-08
3.2 9.6 0.686 4e-08 2e-08
3.3 9.6 0.688 4.5e-08 1.5e-08
3.4 9.6 0.689 4e-08 2e-08
3.5 9.6 0.69 4.5e-08 1.5e-08
3.6 9.6 0.691 4.5e-08 1.5e-08
3.7 9.6 0.693 4.5e-08 1.5e-08
3.8 9.6 0.694 4.5e-08 1.5e-08
3.9 9.6 0.695 4.5e-08 1.5e-08
4 9.6 0.696 4.75e-08 2.25e-08
4.1 9.6 0.697 4.75e-08 2.25e-08
4.2 9.6 0.698 5.25e-08 1.75e-08
4.3 9.6 0.7 5.25e-08 1.75e-08
4.4 9.6 0.701 5.25e-08 1.75e-08
4.5 9.6 0.702 5.5e-08 2.5e-08
4.6 9.6 0.703 5.25e-08 1.75e-08
4.7 9.6 0.704 5.5e-08 2.5e-08
4.8 9.6 0.705 6e-08 2e-08
4.9 9.6 0.706 6e-08 2e-08
5 9.6 0.707 6e-08 2e-08
5.1 9.6 0.708 6e-08 2e-08
5.2 9.6 0.709 6.25e-08 2.75e-08
5.3 9.6 0.71 5.5e-08 2.5e-08
5.4 9.6 0.711 6e-08 2e-08
5.5 9.6 0.712 6e-08 2e-08
5.6 9.6 0.713 6.25e-08 2.75e-08
5.7 9.6 0.713 6.75e-08 2.25e-08
5.8 9.6 0.714 6.75e-08 2.25e-08
5.9 9.6 0.715 6.25e-08 2.75e-08
6 9.6 0.716 6.25e-08 2.75e-08
6.1 9.6 0.717 6.75e-08 2.25e-08
6.2 9.6 0.717 6.75e-08 2.25e-08
6.3 9.6 0.718 6.75e-08 2.25e-08
6.4 9.6 0.719 6.75e-08 2.25e-08
6.5 9.6 0.72 7e-08 3e-08
6.6 9.6 0.72 7.5e-08 2.5e-08
6.7 9.6 0.721 7.5e-08 2.5e-08
6.8 9.6 0.722 6.75e-08 2.25e-08
6.9 9.6 0.722 7e-08 3e-08
7 9.6 0.723 6.75e-08 2.25e-08
7.1 9.6 0.724 7.5e-08 2.5e-08
7.2 9.6 0.724 7.5e-08 2.5e-08
7.3 9.6 0.725 7.5e-08 2.5e-08
7.4 9.6 0.725 7.5e-08 2.5e-08
7.5 9.6 0.726 7.75e-08 3.25e-08
7.6 9.6 0.726 7.5e-08 2.5e-08
7.7 9.6 0.727 7.5e-08 2.5e-08
7.8 9.6 0.727 7.5e-08 2.5e-08
7.9 9.6 0.728 7.75e-08 3.25e-08
8 9.6 0.728 7.75e-08 3.25e-08
8.1 9.6 0.728 7.75e-08 3.25e-08
8.2 9.6 0.729 7.75e-08 3.25e-08
8.3 9.6 0.729 7.75e-08 3.25e-08
8.4 9.6 0.729 7.75e-08 3.25e-08
8.5 9.6 0.73 7.5e-08 2.5e-08
8.6 9.6 0.73 7.75e-08 3.25e-08
8.7 9.6 0.73 7.5e-08 2.5e-08
8.8 9.6 0.731 7.75e-08 3.25e-08
8.9 9.6 0.731 8.25e-08 2.75e-08
9 9.6 0.731 8.25e-08 2.75e-08
9.1 9.6 0.731 8.25e-08 2.75e-08
9.2 9.6 0.731 8.25e-08 2.75e-08
9.3 9.6 0.731 8.25e-08 2.75e-08
9.4 9.6 0.732 7.75e-08 3.25e-08
9.5 9.6 0.732 7.75e-08 3.25e-08
9.6 9.6 0.732 7.75e-08 3.25e-08
9.7 9.6 0.732 7.75e-08 3.25e-08
9.8 9.6 0.732 8.25e-08 2.75e-08
9.9 9.6 0.732 7.75e-08 3.25e-08
10 9.6 0.732 8.25e-08 2.75e-08
10.1 9.6 0.732 7.75e-08 3.25e-08
10.2 9.6 0.732 8.25e-08 2.75e-08
10.3 9.6 0.732 7.75e-08 3.25e-08
10.4 9.6 0.732 7.75e-08 3.25e-08
10.5 9.6 0.732 7.75e-08 3.25e-08
10.6 9.6 0.732 7.75e-08 3.25e-08
10.7 9.6 0.731 8.25e-08 2.75e-08
10.8 9.6 0.731 8.25e-08 2.75e-08
10.9 9.6 0.731 8.25e-08 2.75e-08
11 9.6 0.731 8.25e-08 2.75e-08
11.1 9.6 0.731 8.25e-08 2.75e-08
11.2 9.6 0.731 7.75e-08 3.25e-08
11.3 9.6 0.73 7.5e-08 2.5e-08
11.4 9.6 0.73 7.75e-08 3.25e-08
11.5 9.6 0.73 7.5e-08 2.5e-08
11.6 9.6 0.729 7.75e-08 3.25e-08
11.7 9.6 0.729 7.75e-08 3.25e-08
11.8 9.6 0.729 7.75e-08 3.25e-08
11.9 9.6 0.728 7.75e-08 3.25e-08
12 9.6 0.728 7.75e-08 3.25e-08
12.1 9.6 0.728 7.75e-08 3.25e-08
12.2 9.6 0.727 7.5e-08 2.5e-08
12.3 9.6 0.727 7.5e-08 2.5e-08
12.4 9.6 0.726 7.5e-08 2.5e-08
12.5 9.6 0.726 7.75e-08 3.25e-08
12.6 9.6 0.725 7.5e-08 2.5e-08
12.7 9.6 0.725 7.5e-08 2.5e-08
12.8 9.6 0.724 7.5e-08 2.5e-08
12.9 9.6 0.724 7.5e-08 2.5e-08
13 9.6 0.723 6.75e-08 2.25e-08
13.1 9.6 0.722 7e-08 3e-08
13.2 9.6 0.722 6.75e-08 2.25e-08
13.3 9.6 0.721 7.5e-08 2.5e-08
13.4 9.6 0.72 7.5e-08 2.5e-08
13.5 9.6 0.72 7e-08 3e-08
13.6 9.6 0.719 6.75e-08 2.25e-08
13.7 9.6 0.718 6.75e-08 2.25e-08
13.8 9.6 0.717 6.75e-08 2.25e-08
13.9 9.6 0.717 6.75e-08 2.25e-08
14 9.6 0.716 6.25e-08 2.75e-08
14.1 9.6 0.715 6.25e-08 2.75e-08
14.2 9.6 0.714 6.75e-08 2.25e-08
14.3 9.6 0.713 6.75e-08 2.25e-08
14.4 9.6 0.713 6.25e-08 2.75e-08
14.5 9.6 0.712 6e-08 2e-08
14.6 9.6 0.711 6e-08 2e-08
14.7 9.6 0.71 5.5e-08 2.5e-08
14.8 9.6 0.709 6.25e-08 2.75e-08
14.9 9.6 0.708 6e-08 2e-08
15 9.6 0.707 6e-08 2e-08
15.1 9.6 0.706 6e-08 2e-08
15.2 9.6 0.705 6e-08 2e-08
15.3 9.6 0.704 5.5e-08 2.5e-08
15.4 9.6 0.703 5.25e-08 1.75e-08
15.5 9.6 0.702 5.5e-08 2.5e-08
15.6 9.6 0.701 5.25e-08 1.75e-08
15.7 9.6 0.7 5.25e-08 1.75e-08
15.8 9.6 0.698 5.25e-08 1.75e-08
15.9 9.6 0.697 4.75e-08 2.25e-08
16 9.6 0.696 4.75e-08 2.25e-08
16.1 9.6 0.695 4.5e-08 1.5e-08
16.2 9.6 0.694 4.5e-08 1.5e-08
16.3 9.6 0.693 4.5e-08 1.5e-08
16.4 9.6 0.691 4.5e-08 1.5e-08
16.5 9.6 0.69 4.5e-08 1.5e-08
16.6 9.6 0.689 4e-08 2e-08
16.7 9.6 0.688 4.5e-08 1.5e-08
16.8 9.6 0.686 4e-08 2e-08
16.9 9.6 0.685 3.75e-08 1.25e-08
17 9.6 0.684 3.75e-08 1.25e-08
17.1 9.6 0.682 3.75e-08 1.25e-08
17.2 9.6 0.681 3.75e-08 1.25e-08
17.3 9.6 0.679 3.75e-08 1.25e-08
17.4 9.6 0.678 3e-08 1e-08
17.5 9.6 0.677 3.25e-08 1.75e-08
17.6 9.6 0.675 3e-08 1e-08
17.7 9.6 0.674 3e-08 1e-08
17.8 9.6 0.672 3e-08 1e-08
17.9 9.6 0.671 3e-08 1e-08
18 9.6 0.669 2.25e-08 7.5e-09
18.1 9.6 0.668 3e-08 1e-08
18.2 9.6 0.666 2.25e-08 7.5e-09
18.3 9.6 0.665 2.25e-08 7.5e-09
18.4 9.6 0.663 2.25e-08 7.5e-09
18.5 9.6 0.662 2.25e-08 7.5e-09
18.6 9.6 0.66 1.5e-08 5e-09
18.7 9.6 0.658 1.5e-08 5e-09
18.8 9.6 0.657 2.25e-08 7.5e-09
18.9 9.6 0.655 1.5e-08 5e-09
19 9.6 0.653 1.5e-08 5e-09
19.1 9.6 0.652 1.5e-08 5e-09
19.2 9.6 0.65 7.5e-09 2.5e-09
19.3 9.6 0.648 1.5e-08 5e-09
19.4 9.6 0.647 1.5e-08 5e-09
19.5 9.6 0.645 1e-08 1e-08
19.6 9.6 0.643 7.5e-09 2.5e-09
19.7 9.6 0.641 7.5e-09 2.5e-09
19.8 9.6 0.64 0 0
19.9 9.6 0.638 0 0
20 9.6 0.636 7.5e-09 2.5e-09
20.1 9.6 0.634 0 0
20.2 9.6 0.632 0 0
20.3 9.6 0.63 0 0
20.4 9.6 0.629 0 0
20.5 9.6 0.627 0 0
20.6 9.6 0.625 2.5e-09 7.5e-09
20.7 9.6 0.623 2.5e-09 7.5e-09
20.8 9.6 0.621 2.5e-09 7.5e-09
20.9 9.6 0.619 2.5e-09 7.5e-09
21 9.6 0.617 2.5e-09 7.5e-09
21.1 9.6 0.615 1e-08 1e-08
21.2 9.6 0.613 0 0
21.3 9.6 0.611 0 0
21.4 9.6 0.609 5e-09 5e-09
21.5 9.6 0.607 5e-09 5e-09
21.6 9.6 0.605 1e-08 1e-08
21.7 9.6 0.603 1.25e-08 1.75e-08
21.8 9.6 0.601 1.25e-08 1.75e-08
21.9 9.6 0.599 1.25e-08 1.75e-08
22 9.6 0.597 1.75e-08 2.25e-08
22.1 9.6 0.595 1.25e-08 2.75e-08
22.2 9.6 0.593 1.25e-08 2.75e-08
22.3 9.6 0.591 1.5e-08 3.5e-08
22.4 9.6 0.589 1.5e-08 3.5e-08
22.5 9.6 0.587 2e-08 4e-08
22.6 9.6 0.585 1.75e-08 4.25e-08
22.7 9.6 0.582 1.75e-08 4.25e-08
22.8 9.6 0.58 2e-08 5e-08
22.9 9.6 0.578 1e-08 3e-08
23 9.6 0.576 7.5e-09 2.25e-08
23.1 9.6 0.574 1e-08 3e-08
23.2 9.6 0.572 1e-08 3e-08
23.3 9.6 0.569 1.5e-08 3.5e-08
23.4 9.6 0.567 2e-08 4e-08
23.5 9.6 0.565 3e-08 5e-08
23.6 9.6 0.563 3.2e-07 8.1e-07
23.7 9.6 0.561 4.5e-08 5.5e-08
23.8 9.6 0.558 2.25e-08 2.75e-08
23.9 9.6 0.556 1.75e-08 3.25e-08
24 9.6 0.554 1.75e-08 3.25e-08
24.1 9.6 0.552 1.75e-08 3.25e-08
24.2 9.6 0.549 1.75e-08 3.25e-08
24.3 9.6 0.547 2e-08 4e-08
24.4 9.6 0.545 1.75e-08 3.25e-08
24.5 9.6 0.543 1.75e-08 3.25e-08
24.6 9.6 0.54 2e-08 4e-08
24.7 9.6 0.538 2e-08 4e-08
24.8 9.6 0.536 2e-08 4e-08
24.9 9.6 0.533 2e-08 4e-08
25 9.6 0.531 1.5e-08 4.5e-08
25.1 9.6 0.529 2e-08 4e-08
25.2 9.6 0.526 1.25e-08 3.75e-08
25.3 9.6 0.524 2e-08 4e-08
25.4 9.6 0.522 1.5e-08 4.5e-08
25.5 9.6 0.519 2e-08 4e-08
25.6 9.6 0.517 2e-08 4e-08
25.7 9.6 0.515 1.5e-08 4.5e-08
25.8 9.6 0.512 1.5e-08 4.5e-08
25.9 9.6 0.51 2e-08 4e-08
26 9.6 0.508 2e-08 4e-08
26.1 9.6 0.505 1.5e-08 4.5e-08
26.2 9.6 0.503 2.25e-08 4.75e-08
26.3 9.6 0.501 2.25e-08 4.75e-08
26.4 9.6 0.498 1.5e-08 4.5e-08
26.5 9.6 0.496 1.5e-08 4.5e-08
26.6 9.6 0.493 1.5e-08 4.5e-08
26.7 9.6 0.491 2.25e-08 4.75e-08
26.8 9.6 0.489 1.5e-08 4.5e-08
26.9 9.6 0.486 1.5e-08 4.5e-08
27 9.6 0.484 2.25e-08 4.75e-08
27.1 9.6 0.481 1.5e-08 4.5e-08
27.2 9.6 0.479 1.5e-08 4.5e-08
27.3 9.6 0.477 1.5e-08 4.5e-08
27.4 9.6 0.474 1.5e-08 4.5e-08
27.5 9.6 0.472 2.25e-08 4.75e-08
27.6 9.6 0.469 1.5e-08 4.5e-08
27.7 9.6 0.467 1.5e-08 4.5e-08
27.8 9.6 0.465 2.25e-08 4.75e-08
27.9 9.6 0.462 2.25e-08 4.75e-08
28 9.6 0.46 2.25e-08 4.75e-08
28.1 9.6 0.457 2.25e-08 4.75e-08
28.2 9.6 0.455 1.5e-08 4.5e-08
28.3 9.6 0.453 2.25e-08 4.75e-08
28.4 9.6 0.45 2.25e-08 4.75e-08
28.5 9.6 0.448 2.25e-08 4.75e-08
28.6 9.6 0.445 1.5e-08 4.5e-08
28.7 9.6 0.443 2.25e-08 4.75e-08
28.8 9.6 0.44 1.5e-08 4.5e-08
28.9 9.6 0.438 1.5e-08 4.5e-08
29 9.6 0.436 1.5e-08 4.5e-08
29.1 9.6 0.433 1.5e-08 4.5e-08
29.2 9.6 0.431 2e-08 4e-08
29.3 9.6 0.428 1.25e-08 3.75e-08
29.4 9.6 0.426 1.5e-08 4.5e-08
29.5 9.6 0.424 2e-08 4e-08
29.6 9.6 0.421 1.5e-08 4.5e-08
29.7 9.6 0.419 2e-08 4e-08
29.8 9.6 0.416 1.75e-08 4.25e-08
29.9 9.6 0.414 1.25e-08 3.75e-08
30 9.6 0.412 2e-08 4e-08
30.1 9.6 0.409 1.25e-08 3.75e-08
30.2 9.6 0.407 1.25e-08 3.75e-08
30.3 9.6 0.404 2e-08 4e-08
30.4 9.6 0.402 1.25e-08 3.75e-08
30.5 9.6 0.4 1.75e-08 3.25e-08
30.6 9.6 0.397 2e-08 4e-08
30.7 9.6 0.395 1.25e-08 3.75e-08
30.8 9.6 0.392 1.25e-08 3.75e-08
30.9 9.6 0.39 1.25e-08 3.75e-08
31 9.6 0.388 1.25e-08 3.75e-08
31.1 9.6 0.385 1.75e-08 3.25e-08
31.2 9.6 0.383 1.25e-08 3.75e-08
31.3 9.6 0.381 1.25e-08 3.75e-08
31.4 9.6 0.378 1.75e-08 3.25e-08
31.5 9.6 0.376 1e-08 3e-08
31.6 9.6 0.374 1.25e-08 3.75e-08
31.7 9.6 0.371 1e-08 3e-08
31.8 9.6 0.369 1e-08 3e-08
31.9 9.6 0.367 1e-08 3e-08
32 9.6 0.364 1.5e-08 2.5e-08
32.1 9.6 0.362 1e-08 3e-08
32.2 9.6 0.36 7.5e-09 2.25e-08
32.3 9.6 0.357 1e-08 3e-08
32.4 9.6 0.355 7.5e-09 2.25e-08
32.5 9.6 0.353 7.5e-09 2.25e-08
32.6 9.6 0.35 7.5e-09 2.25e-08
32.7 9.6 0.348 1e-08 3e-08
32.8 9.6 0.346 7.5e-09 2.25e-08
32.9 9.6 0.344 7.5e-09 2.25e-08
33 9.6 0.341 7.5e-09 2.25e-08
33.1 9.6 0.339 1e-08 2e-08
33.2 9.6 0.337 7.5e-09 2.25e-08
33.3 9.6 0.335 7.5e-09 2.25e-08
33.4 9.6 0.332 7.5e-09 2.25e-08
33.5 9.6 0.33 1.25e-08 1.75e-08
33.6 9.6 0.328 7.5e-09 2.25e-08
33.7 9.6 0.326 1.5e-08 2.5e-08
33.8 9.6 0.323 1e-08 2e-08
33.9 9.6 0.321 5e-09 1.5e-08
34 9.6 0.319 5e-09 1.5e-08
34.1 9.6 0.317 5e-09 1.5e-08
34.2 9.6 0.315 5e-09 1.5e-08
34.3 9.6 0.312 5e-09 1.5e-08
34.4 9.6 0.31 2.5e-09 7.5e-09
34.5 9.6 0.308 2.5e-09 7.5e-09
34.6 9.6 0.306 2.5e-09 7.5e-09
34.7 9.6 0.304 5e-09 1.5e-08
34.8 9.6 0.302 2.5e-09 7.5e-09
34.9 9.6 0.299 5e-09 1.5e-08
35 9.6 0.297 1e-08 1e-08
35.1 9.6 0.295 1e-08 1e-08
35.2 9.6 0.293 2.5e-09 7.5e-09
35.3 9.6 0.291 2.5e-09 7.5e-09
35.4 9.6 0.289 2.5e-09 7.5e-09
35.5 9.6 0.287 2.5e-09 7.5e-09
35.6 9.6 0.285 2.5e-09 7.5e-09
35.7 9.6 0.283 0 0
35.8 9.6 0.281 2.5e-09 7.5e-09
35.9 9.6 0.279 0 0
36 9.6 0.277 7.5e-09 2.5e-09
36.1 9.6 0.275 7.5e-09 2.5e-09
36.2 9.6 0.272 0 0
36.3 9.6 0.27 0 0
36.4 9.6 0.268 0 0
36.5 9.6 0.266 0 0
36.6 9.6 0.264 0 0
36.7 9.6 0.262 0 0
36.8 9.6 0.261 0 0
36.9 9.6 0.259 0 0
37 9.6 0.257 0 0
37.1 9.6 0.255 7.5e-09 2.5e-09
37.2 9.6 0.253 7.5e-09 2.5e-09
37.3 9.6 0.251 7.5e-09 2.5e-09
37.4 9.6 0.249 1.25e-08 7.5e-09
37.5 9.6 0.247 7.5e-09 2.5e-09
37.6 9.6 0.245 5e-09 5e-09
37.7 9.6 0.243 7.5e-09 2.5e-09
37.8 9.6 0.241 7.5e-09 2.5e-09
37.9 9.6 0.239 7.5e-09 2.5e-09
38 9.6 0.238 7.5e-09 2.5e-09
38.1 9.6 0.236 7.5e-09 2.5e-09
38.2 9.6 0.234 1.5e-08 5e-09
38.3 9.6 0.232 1e-08 1e-08
38.4 9.6 0.23 7.5e-09 2.5e-09
38.5 9.6 0.228 7.5e-09 2.5e-09
38.6 9.6 0.227 1.5e-08 5e-09
38.7 9.6 0.225 7.5e-09 2.5e-09
38.8 9.6 0.223 7.5e-09 2.5e-09
38.9 9.6 0.221 1.5e-08 5e-09
39 9.6 0.22 1.5e-08 5e-09
39.1 9.6 0.218 1.5e-08 5e-09
39.2 9.6 0.216 1.5e-08 5e-09
39.3 9.6 0.214 1e-08 1e-08
39.4 9.6 0.213 7.5e-09 2.5e-09
39.5 9.6 0.211 7.5e-09 2.5e-09
39.6 9.6 0.209 1.5e-08 5e-09
39.7 9.6 0.207 1.5e-08 5e-09
39.8 9.6 0.206 7.5e-09 2.5e-09
39.9 9.6 0.204 1.5e-08 5e-09
40 9.6 0.202 7.5e-09 2.5e-09
40.1 9.6 0.201 1.5e-08 5e-09
40.2 9.6 0.199 1.5e-08 5e-09
40.3 9.6 0.198 1.5e-08 5e-09
40.4 9.6 0.196 1.5e-08 5e-09
40.5 9.6 0.194 1.5e-08 5e-09
40.6 9.6 0.193 1.5e-08 5e-09
40.7 9.6 0.191 1.5e-08 5e-09
40.8 9.6 0.189 1.5e-08 5e-09
40.9 9.6 0.188 1.5e-08 5e-09
41 9.6 0.186 1.5e-08 5e-09
41.1 9.6 0.185 1.5e-08 5e-09
41.2 9.6 0.183 2.25e-08 7.5e-09
41.3 9.6 0.182 1.5e-08 5e-09
41.4 9.6 0.18 1.5e-08 5e-09
41.5 9.6 0.179 1.5e-08 5e-09
41.6 9.6 0.177 1.5e-08 5e-09
41.7 9.6 0.176 1.5e-08 5e-09
41.8 9.6 0.174 1.5e-08 5e-09
41.9 9.6 0.173 1.5e-08 5e-09
42 9.6 0.171 1.5e-08 5e-09
42.1 9.6 0.17 2.25e-08 7.5e-09
42.2 9.6 0.168 1.5e-08 5e-09
42.3 9.6 0.167 1.5e-08 5e-09
42.4 9.6 0.165 1.5e-08 5e-09
42.5 9.6 0.164 2.25e-08 7.5e-09
42.6 9.6 0.163 2e-08 1e-08
42.7 9.6 0.161 2e-08 1e-08
42.8 9.6 0.16 2.5e-08 1.5e-08
42.9 9.6 0.158 1.45e-07 1.55e-07
43 9.6 0.157 5e-09 1.5e-08
43.1 9.6 0.156 4e-08 2e-08
43.2 9.6 0.154 6e-08 3e-08
43.3 9.6 0.153 4e-08 3e-08
43.4 9.6 0.152 4e-08 3e-08
43.5 9.6 0.15 3.5e-08 2.5e-08
43.6 9.6 0.149 1.5e-08 5e-09
43.7 9.6 0.148 1.5e-08 5e-09
43.8 9.6 0.146 1.5e-08 5e-09
43.9 9.6 0.145 1.5e-08 5e-09
44 9.6 0.144 1.5e-08 5e-09
44.1 9.6 0.143 1.5e-08 5e-09
44.2 9.6 0.141 1.5e-08 5e-09
44.3 9.6 0.14 1.5e-08 5e-09
44.4 9.6 0.139 1.5e-08 5e-09
44.5 9.6 0.138 1.5e-08 5e-09
44.6 9.6 0.136 1.5e-08 5e-09
44.7 9.6 0.135 1.5e-08 5e-09
44.8 9.6 0.134 7.5e-09 2.5e-09
44.9 9.6 0.133 1.5e-08 5e-09
45 9.6 0.132 1.5e-08 5e-09
45.1 9.6 0.13 1.5e-08 5e-09
45.2 9.6 0.129 1.5e-08 5e-09
45.3 9.6 0.128 7.5e-09 2.5e-09
45.4 9.6 0.127 1.5e-08 5e-09
45.5 9.6 0.126 1e-08 1e-08
45.6 9.6 0.125 1.5e-08 5e-09
45.7 9.6 0.124 7.5e-09 2.5e-09
45.8 9.6 0.122 1.5e-08 5e-09
45.9 9.6 0.121 1.5e-08 5e-09
46 9.6 0.12 1.5e-08 5e-09
46.1 9.6 0.119 7.5e-09 2.5e-09
46.2 9.6 0.118 1.5e-08 5e-09
46.3 9.6 0.117 1.5e-08 5e-09
46.4 9.6 0.116 7.5e-09 2.5e-09
46.5 9.6 0.115 7.5e-09 2.5e-09
46.6 9.6 0.114 1.5e-08 5e-09
46.7 9.6 0.113 1.5e-08 5e-09
46.8 9.6 0.112 7.5e-09 2.5e-09
46.9 9.6 0.111 1.5e-08 5e-09
47 9.6 0.11 7.5e-09 2.5e-09
47.1 9.6 0.109 1.5e-08 5e-09
47.2 9.6 0.108 7.5e-09 2.5e-09
47.3 9.6 0.107 7.5e-09 2.5e-09
47.4 9.6 0.106 7.5e-09 2.5e-09
47.5 9.6 0.105 7.5e-09 2.5e-09
47.6 9.6 0.104 1.5e-08 5e-09
47.7 9.6 0.103 1.5e-08 5e-09
47.8 9.6 0.102 1.5e-08 5e-09
47.9 9.6 0.101 7.5e-09 2.5e-09
48 9.6 0.1 7.5e-09 2.5e-09
48.1 9.6 0.0991 9.75e-09 3.25e-09
48.2 9.6 0.0982 9.75e-09 3.25e-09
48.3 9.6 0.0973 9.25e-09 3.75e-09
48.4 9.6 0.0964 9.75e-09 3.25e-09
48.5 9.6 0.0955 9e-09 3e-09
48.6 9.6 0.0946 9e-09 3e-09
48.7 9.6 0.0937 9e-09 3e-09
48.8 9.6 0.0928 9e-09 3e-09
48.9 9.6 0.0919 8.25e-09 2.75e-09
49 9.6 0.0911 9e-09 3e-09
49.1 9.6 0.0902 8.25e-09 2.75e-09
49.2 9.6 0.0894 7.5e-09 2.5e-09
49.3 9.6 0.0885 7.5e-09 2.5e-09
49.4 9.6 0.0877 7.5e-09 2.5e-09
49.5 9.6 0.0869 7.5e-09 2.5e-09
49.6 9.6 0.0861 7.5e-09 2.5e-09
49.7 9.6 0.0853 7.5e-09 2.5e-09
49.8 9.6 0.0844 7.25e-09 2.75e-09
49.9 9.6 0.0836 6.75e-09 2.25e-09
50 9.6 0.0829 7.5e-09 2.5e-09
50.1 9.6 0.0821 6e-09 2e-09
50.2 9.6 0.0813 6.75e-09 2.25e-09
50.3 9.6 0.0805 6.75e-09 2.25e-09
50.4 9.6 0.0798 6e-09 2e-09
50.5 9.6 0.079 6e-09 2e-09
50.6 9.6 0.0783 6e-09 2e-09
50.7 9.6 0.0775 5.25e-09 1.75e-09
50.8 9.6 0.0768 6e-09 2e-09
50.9 9.6 0.076 6e-09 2e-09
51 9.6 0.0753 5.25e-09 1.75e-09
51.1 9.6 0.0746 5.75e-09 2.25e-09
51.2 9.6 0.0739 5e-09 2e-09
51.3 9.6 0.0732 5.25e-09 1.75e-09
51.4 9.6 0.0725 4.5e-09 1.5e-09
51.5 9.6 0.0718 5.25e-09 1.75e-09
51.6 9.6 0.0711 4.5e-09 1.5e-09
51.7 9.6 0.0704 4.5e-09 1.5e-09
51.8 9.6 0.0697 4.25e-09 1.75e-09
51.9 9.6 0.0691 4.25e-09 1.75e-09
52 9.6 0.0684 4.5e-09 1.5e-09
52.1 9.6 0.0677 3.75e-09 1.25e-09
52.2 9.6 0.0671 3.75e-09 1.25e-09
52.3 9.6 0.0664 4.25e-09 1.75e-09
52.4 9.6 0.0658 3.75e-09 1.25e-09
52.5 9.6 0.0652 3.75e-09 1.25e-09
52.6 9.6 0.0645 3.5e-09 1.5e-09
52.7 9.6 0.0639 3.75e-09 1.25e-09
52.8 9.6 0.0633 3.5e-09 1.5e-09
52.9 9.6 0.0627 3e-09 1e-09
53 9.6 0.0621 3.5e-09 1.5e-09
53.1 9.6 0.0615 3e-09 1e-09
53.2 9.6 0.0609 3e-09 1e-09
53.3 9.6 0.0603 2.25e-09 7.5e-10
53.4 9.6 0.0597 2.75e-09 1.25e-09
53.5 9.6 0.0591 2.25e-09 7.5e-10
53.6 9.6 0.0585 2.25e-09 7.5e-10
53.7 9.6 0.058 2.25e-09 7.5e-10
53.8 9.6 0.0574 2e-09 1e-09
53.9 9.6 0.0569 2.25e-09 7.5e-10
54 9.6 0.0563 2.25e-09 7.5e-10
54.1 9.6 0.0557 1.5e-09 5e-10
54.2 9.6 0.0552 2.25e-09 7.5e-10
54.3 9.6 0.0547 1.5e-09 5e-10
54.4 9.6 0.0541 1.5e-09 5e-10
54.5 9.6 0.0536 1.5e-09 5e-10
54.6 9.6 0.0531 1.5e-09 5e-10
54.7 9.6 0.0526 1.5e-09 5e-10
54.8 9.6 0.052 1.5e-09 5e-10
54.9 9.6 0.0515 1.5e-09 5e-10
55 9.6 0.051 1.5e-09 5e-10
55.1 9.6 0.0505 1.25e-09 7.5e-10
55.2 9.6 0.05 7.5e-10 2.5e-10
55.3 9.6 0.0495 7.5e-10 2.5e-10
55.4 9.6 0.0491 7.5e-10 2.5e-10
55.5 9.6 0.0486 7.5e-10 2.5e-10
55.6 9.6 0.0481 7.5e-10 2.5e-10
55.7 9.6 0.0476 7.5e-10 2.5e-10
55.8 9.6 0.0471 7.5e-10 2.5e-10
55.9 9.6 0.0467 7.5e-10 2.5e-10
56 9.6 0.0462 7.5e-10 2.5e-10
56.1 9.6 0.0458 7.5e-10 2.5e-10
56.2 9.6 0.0453 2.5e-10 7.5e-10
56.3 9.6 0.0449 5e-10 5e-10
56.4 9.6 0.0444 7.5e-10 2.5e-10
56.5 9.6 0.044 0 0
56.6 9.6 0.0436 0 0
56.7 9.6 0.0431 5e-10 5e-10
56.8 9.6 0.0427 0 0
56.9 9.6 0.0423 0 0
57 9.6 0.0419 0 0
57.1 9.6 0.0414 2.5e-10 7.5e-10
57.2 9.6 0.041 0 0
57.3 9.6 0.0406 2.5e-10 7.5e-10
57.4 9.6 0.0402 2.5e-10 7.5e-10
57.5 9.6 0.0398 0 0
57.6 9.6 0.0394 0 0
57.7 9.6 0.039 0 0
57.8 9.6 0.0386 0 0
57.9 9.6 0.0383 0 0
58 9.6 0.0379 2.5e-10 7.5e-10
58.1 9.6 0.0375 0 0
58.2 9.6 0.0371 0 0
58.3 9.6 0.0368 5e-10 5e-10
58.4 9.6 0.0364 0 0
58.5 9.6 0.036 0 0
58.6 9.6 0.0357 0 0
58.7 9.6 0.0353 2.5e-10 7.5e-10
58.8 9.6 0.035 5e-10 5e-10
58.9 9.6 0.0346 5e-10 5e-10
59 9.6 0.0343 5e-10 5e-10
59.1 9.6 0.0339 7.5e-10 1.25e-09
59.2 9.6 0.0336 7.5e-10 1.25e-09
59.3 9.6 0.0332 5e-10 5e-10
59.4 9.6 0.0329 7.5e-10 1.25e-09
59.5 9.6 0.0326 5e-10 5e-10
59.6 9.6 0.0323 1.25e-09 1.75e-09
59.7 9.6 0.0319 1e-09 2e-09
59.8 9.6 0.0316 5e-10 1.5e-09
59.9 9.6 0.0313 7.5e-10 1.25e-09
60 9.6 0.031 1e-09 2e-09
60.1 9.6 0.0307 7.5e-10 1.25e-09
60.2 9.6 0.0304 1e-09 2e-09
60.3 9.6 0.0301 1e-09 2e-09
60.4 9.6 0.0298 7.5e-10 2.25e-09
60.5 9.6 0.0295 1e-09 2e-09
60.6 9.6 0.0292 1e-09 2e-09
60.7 9.6 0.0289 1e-09 2e-09
60.8 9.6 0.0286 1e-09 2e-09
60.9 9.6 0.0283 1e-09 2e-09
61 9.6 0.028 1.25e-09 2.75e-09
61.1 9.6 0.0277 1e-09 2e-09
61.2 9.6 0.0275 1e-09 2e-09
61.3 9.6 0.0272 1.25e-09 2.75e-09
61.4 9.6 0.0269 1.25e-09 2.75e-09
61.5 9.6 0.0266 7.5e-10 2.25e-09
61.6 9.6 0.0264 5e-10 1.5e-09
61.7 9.6 0.0261 5e-10 1.5e-09
61.8 9.6 0.0258 5e-10 1.5e-09
61.9 9.6 0.0256 5e-10 1.5e-09
62 9.6 0.0253 5e-10 1.5e-09
62.1 9.6 0.0251 5e-10 1.5e-09
62.2 9.6 0.0248 5e-10 1.5e-09
62.3 9.6 0.0246 5e-10 1.5e-09
62.4 9.6 0.0243 5e-10 1.5e-09
62.5 9.6 0.0241 5e-10 1.5e-09
62.6 9.6 0.0238 5e-10 1.5e-09
62.7 9.6 0.0236 5e-10 1.5e-09
62.8 9.6 0.0233 5e-10 1.5e-09
62.9 9.6 0.0231 5e-10 1.5e-09
63 9.6 0.0229 5e-10 1.5e-09
63.1 9.6 0.0226 1e-09 1e-09
63.2 9.6 0.0224 5e-10 1.5e-09
63.3 9.6 0.0222 5e-10 1.5e-09
63.4 9.6 0.022 5e-10 1.5e-09
63.5 9.6 0.0217 5e-10 1.5e-09
63.6 9.6 0.0215 5e-10 1.5e-09
63.7 9.6 0.0213 5e-10 1.5e-09
63.8 9.6 0.0211 5e-10 1.5e-09
63.9 9.6 0.0209 1e-09 1e-09
64 9.6 0.0207 5e-10 1.5e-09
64.1 9.6 0.0204 5e-10 1.5e-09
64.2 9.6 0.0202 1e-09 1e-09
64.3 9.6 0.02 5e-10 1.5e-09
64.4 9.6 0.0198 5e-10 1.5e-09
64.5 9.6 0.0196 5e-10 1.5e-09
64.6 9.6 0.0194 5e-10 1.5e-09
64.7 9.6 0.0192 5e-10 1.5e-09
64.8 9.6 0.019 5e-10 1.5e-09
64.9 9.6 0.0188 5e-10 1.5e-09
65 9.6 0.0187 5e-10 1.5e-09
65.1 9.6 0.0185 5e-10 1.5e-09
65.2 9.6 0.0183 5e-10 1.5e-09
65.3 9.6 0.0181 5e-10 1.5e-09
65.4 9.6 0.0179 5e-10 1.5e-09
65.5 9.6 0.0177 5e-10 1.5e-09
65.6 9.6 0.0175 5e-10 1.5e-09
65.7 9.6 0.0174 5e-10 1.5e-09
65.8 9.6 0.0172 5e-10 1.5e-09
65.9 9.6 0.017 5e-10 1.5e-09
66 9.6 0.0168 5e-10 1.5e-09
66.1 9.6 0.0167 5e-10 1.5e-09
66.2 9.6 0.0165 5e-10 1.5e-09
66.3 9.6 0.0163 5e-10 1.5e-09
66.4 9.6 0.0162 5e-10 1.5e-09
66.5 9.6 0.016 5e-10 1.5e-09
66.6 9.6 0.0158 5e-10 1.5e-09
66.7 9.6 0.0157 5e-10 1.5e-09
66.8 9.6 0.0155 5e-10 1.5e-09
66.9 9.6 0.0154 5e-10 1.5e-09
67 9.6 0.0152 5e-10 1.5e-09
67.1 9.6 0.015 5e-10 1.5e-09
67.2 9.6 0.0149 5e-10 1.5e-09
67.3 9.6 0.0147 5e-10 1.5e-09
67.4 9.6 0.0146 5e-10 1.5e-09
67.5 9.6 0.0144 5e-10 1.5e-09
67.6 9.6 0.0143 5e-10 1.5e-09
67.7 9.6 0.0141 5e-10 1.5e-09
67.8 9.6 0.014 5e-10 1.5e-09
67.9 9.6 0.0139 5e-10 1.5e-09
68 9.6 0.0137 5e-10 1.5e-09
68.1 9.6 0.0136 5e-10 1.5e-09
68.2 9.6 0.0134 5e-10 1.5e-09
68.3 9.6 0.0133 5e-10 1.5e-09
68.4 9.6 0.0132 5e-10 1.5e-09
68.5 9.6 0.013 5e-10 1.5e-09
68.6 9.6 0.0129 5e-10 1.5e-09
68.7 9.6 0.0128 5e-10 1.5e-09
68.8 9.6 0.0126 5e-10 1.5e-09
68.9 9.6 0.0125 5e-10 1.5e-09
69 9.6 0.0124 5e-10 1.5e-09
69.1 9.6 0.0123 5e-10 1.5e-09
69.2 9.6 0.0121 5e-10 1.5e-09
69.3 9.6 0.012 5e-10 1.5e-09
69.4 9.6 0.0119 5e-10 1.5e-09
69.5 9.6 0.0118 5e-10 1.5e-09
69.6 9.6 0.0116 5e-10 1.5e-09
69.7 9.6 0.0115 5e-10 1.5e-09
69.8 9.6 0.0114 7.5e-10 1.25e-09
69.9 9.6 0.0113 5e-10 1.5e-09
70 9.6 0.0112 5e-10 1.5e-09
70.1 9.6 0.0111 5e-10 1.5e-09
70.2 9.6 0.0109 2.5e-10 7.5e-10
70.3 9.6 0.0108 5e-10 1.5e-09
70.4 9.6 0.0107 5e-10 1.5e-09
70.5 9.6 0.0106 5e-10 1.5e-09
70.6 9.6 0.0105 5e-10 1.5e-09
70.7 9.6 0.0104 2.5e-10 7.5e-10
70.8 9.6 0.0103 5e-10 1.5e-09
70.9 9.6 0.0102 5e-10 1.5e-09
71 9.6 0.0101 5e-10 1.5e-09
71.1 9.6 0.00997 4.25e-10 1.28e-09
71.2 9.6 0.00987 4.25e-10 1.28e-09
71.3 9.6 0.00977 4e-10 1.2e-09
71.4 9.6 0.00967 4e-10 1.2e-09
71.5 9.6 0.00957 4e-10 1.2e-09
71.6 9.6 0.00947 4e-10 1.2e-09
71.7 9.6 0.00937 4e-10 1.2e-09
71.8 9.6 0.00928 4.25e-10 1.17e-09
71.9 9.6 0.00918 4.25e-10 1.17e-09
72 9.6 0.00909 3.75e-10 1.12e-09
72.1 9.6 0.009 3.75e-10 1.12e-09
72.2 9.6 0.0089 3.75e-10 1.12e-09
72.3 9.6 0.00881 4.25e-10 1.17e-09
72.4 9.6 0.00872 3.75e-10 1.12e-09
72.5 9.6 0.00863 3.75e-10 1.12e-09
72.6 9.6 0.00854 3.75e-10 1.12e-09
72.7 9.6 0.00846 3.75e-10 1.12e-09
72.8 9.6 0.00837 3.5e-10 1.05e-09
72.9 9.6 0.00828 3.5e-10 1.05e-09
73 9.6 0.0082 3.5e-10 1.05e-09
73.1 9.6 0.00811 3.5e-10 1.05e-09
73.2 9.6 0.00803 4e-10 1.1e-09
73.3 9.6 0.00795 3.5e-10 1.05e-09
73.4 9.6 0.00787 3.75e-10 1.03e-09
73.5 9.6 0.00779 3.5e-10 1.05e-09
73.6 9.6 0.00771 3.5e-10 1.05e-09
73.7 9.6 0.00763 3.5e-10 1.05e-09
73.8 9.6 0.00755 3.25e-10 9.75e-10
73.9 9.6 0.00747 3.75e-10 1.03e-09
74 9.6 0.00739 3.25e-10 9.75e-10
74.1 9.6 0.00732 4e-10 1e-09
74.2 9.6 0.00724 3.25e-10 9.75e-10
74.3 9.6 0.00717 3.25e-10 9.75e-10
74.4 9.6 0.00709 3.25e-10 9.75e-10
74.5 9.6 0.00702 3.25e-10 9.75e-10
74.6 9.6 0.00695 3.5e-10 9.5e-10
74.7 9.6 0.00688 3.25e-10 9.75e-10
74.8 9.6 0.00681 3.25e-10 9.75e-10
74.9 9.6 0.00674 3.5e-10 9.5e-10
75 9.6 0.00667 3.5e-10 9.5e-10
75.1 9.6 0.0066 3.25e-10 9.75e-10
75.2 9.6 0.00653 3e-10 9e-10
75.3 9.6 0.00646 3e-10 9e-10
75.4 9.6 0.0064 3.25e-10 8.75e-10
75.5 9.6 0.00633 3.5e-10 8.5e-10
75.6 9.6 0.00627 4.75e-10 9.25e-10
75.7 9.6 0.0062 4.25e-10 8.75e-10
75.8 9.6 0.00614 4.25e-10 8.75e-10
75.9 9.6 0.00607 4.25e-10 8.75e-10
76 9.6 0.00601 4.25e-10 8.75e-10
76.1 9.6 0.00595 8.75e-10 1.03e-09
76.2 9.6 0.00589 3.5e-10 8.5e-10
76.3 9.6 0.00583 8.75e-10 1.03e-09
76.4 9.6 0.00577 3.5e-10 8.5e-10
76.5 9.6 0.00571 2.75e-10 8.25e-10
76.6 9.6 0.00565 3e-10 8e-10
76.7 9.6 0.00559 3.5e-10 8.5e-10
76.8 9.6 0.00553 2.75e-10 8.25e-10
76.9 9.6 0.00548 3.25e-10 7.75e-10
77 9.6 0.00542 2.75e-10 8.25e-10
77.1 9.6 0.00536 3.25e-10 7.75e-10
77.2 9.6 0.00531 3e-10 8e-10
77.3 9.6 0.00525 2.5e-10 7.5e-10
77.4 9.6 0.0052 2.5e-10 7.5e-10
77.5 9.6 0.00515 3e-10 8e-10
77.6 9.6 0.00509 2.5e-10 7.5e-10
77.7 9.6 0.00504 2.5e-10 7.5e-10
77.8 9.6 0.00499 2.5e-10 7.5e-10
77.9 9.6 0.00494 2.5e-10 7.5e-10
78 9.6 0.00489 2.25e-10 6.75e-10
78.1 9.6 0.00484 2.75e-10 7.25e-10
78.2 9.6 0.00479 2.5e-10 7.5e-10
78.3 9.6 0.00474 2.25e-10 6.75e-10
78.4 9.6 0.00469 2.5e-10 7.5e-10
78.5 9.6 0.00464 2.25e-10 6.75e-10
78.6 9.6 0.00459 2.25e-10 6.75e-10
78.7 9.6 0.00454 3e-10 7e-10
78.8 9.6 0.0045 2.25e-10 6.75e-10
78.9 9.6 0.00445 2.25e-10 6.75e-10
79 9.6 0.00441 2.25e-10 6.75e-10
79.1 9.6 0.00436 3e-10 7e-10
79.2 9.6 0.00432 3e-10 7e-10
79.3 9.6 0.00427 2.25e-10 6.75e-10
79.4 9.6 0.00423 2.75e-10 6.25e-10
79.5 9.6 0.00418 2.25e-10 6.75e-10
79.6 9.6 0.00414 2e-10 6e-10
79.7 9.6 0.0041 2.75e-10 6.25e-10
79.8 9.6 0.00405 2e-10 6e-10
79.9 9.6 0.00401 2e-10 6e-10
80 9.6 0.00397 2e-10 6e-10
80.1 9.6 0.00393 2e-10 6e-10
80.2 9.6 0.00389 2.25e-10 5.75e-10
80.3 9.6 0.00385 2e-10 6e-10
80.4 9.6 0.00381 2e-10 6e-10
80.5 9.6 0.00377 1.75e-10 5.25e-10
80.6 9.6 0.00373 2e-10 6e-10
80.7 9.6 0.00369 2e-10 6e-10
80.8 9.6 0.00366 1.75e-10 5.25e-10
80.9 9.6 0.00362 1.75e-10 5.25e-10
81 9.6 0.00358 1.75e-10 5.25e-10
81.1 9.6 0.00354 1.75e-10 5.25e-10
81.2 9.6 0.00351 1.75e-10 5.25e-10
81.3 9.6 0.00347 1.75e-10 5.25e-10
81.4 9.6 0.00343 1.75e-10 5.25e-10
81.5 9.6 0.0034 1.75e-10 5.25e-10
81.6 9.6 0.00336 2.25e-10 4.75e-10
81.7 9.6 0.00333 1.75e-10 5.25e-10
81.8 9.6 0.00329 1.75e-10 5.25e-10
81.9 9.6 0.00326 2e-10 5e-10
82 9.6 0.00323 1.75e-10 5.25e-10
82.1 9.6 0.00319 1.75e-10 5.25e-10
82.2 9.6 0.00316 1.75e-10 5.25e-10
82.3 9.6 0.00313 1.75e-10 5.25e-10
82.4 9.6 0.0031 1.5e-10 4.5e-10
82.5 9.6 0.00306 1.5e-10 4.5e-10
82.6 9.6 0.00303 1.75e-10 5.25e-10
82.7 9.6 0.003 1.5e-10 4.5e-10
82.8 9.6 0.00297 1.5e-10 4.5e-10
82.9 9.6 0.00294 1.5e-10 4.5e-10
83 9.6 0.00291 2e-10 5e-10
83.1 9.6 0.00288 1.5e-10 4.5e-10
83.2 9.6 0.00285 1.75e-10 5.25e-10
83.3 9.6 0.00282 1.5e-10 4.5e-10
83.4 9.6 0.00279 1.5e-10 4.5e-10
83.5 9.6 0.00276 1.5e-10 4.5e-10
83.6 9.6 0.00273 1.5e-10 4.5e-10
83.7 9.6 0.0027 1.75e-10 4.25e-10
83.8 9.6 0.00268 1.25e-10 3.75e-10
83.9 9.6 0.00265 1.25e-10 3.75e-10
84 9.6 0.00262 1.25e-10 3.75e-10
84.1 9.6 0.00259 1.5e-10 4.5e-10
84.2 9.6 0.00257 1.25e-10 3.75e-10
84.3 9.6 0.00254 1.25e-10 3.75e-10
84.4 9.6 0.00252 1.25e-10 3.75e-10
84.5 9.6 0.00249 1.25e-10 3.75e-10
84.6 9.6 0.00246 1.5e-10 4.5e-10
84.7 9.6 0.00244 1.25e-10 3.75e-10
84.8 9.6 0.00241 1.25e-10 3.75e-10
84.9 9.6 0.00239 1.25e-10 3.75e-10
85 9.6 0.00236 1.25e-10 3.75e-10
85.1 9.6 0.00234 1.25e-10 3.75e-10
85.2 9.6 0.00231 1.25e-10 3.75e-10
85.3 9.6 0.00229 1.25e-10 3.75e-10
85.4 9.6 0.00227 1.25e-10 3.75e-10
85.5 9.6 0.00224 1.25e-10 3.75e-10
85.6 9.6 0.00222 1.25e-10 3.75e-10
85.7 9.6 0.0022 1.25e-10 3.75e-10
85.8 9.6 0.00217 1.5e-10 3.5e-10
85.9 9.6 0.00215 1.25e-10 3.75e-10
86 9.6 0.00213 1.25e-10 3.75e-10
86.1 9.6 0.00211 1.5e-10 3.5e-10
86.2 9.6 0.00209 1e-10 3e-10
86.3 9.6 0.00206 1.25e-10 3.75e-10
86.4 9.6 0.00204 1.25e-10 3.75e-10
86.5 9.6 0.00202 1.25e-10 3.75e-10
86.6 9.6 0.002 1e-10 3e-10
86.7 9.6 0.00198 1e-10 3e-10
86.8 9.6 0.00196 1e-10 3e-10
86.9 9.6 0.00194 1.25e-10 3.75e-10
87 9.6 0.00192 1e-10 3e-10
87.1 9.6 0.0019 1e-10 3e-10
87.2 9.6 0.00188 1e-10 3e-10
87.3 9.6 0.00186 1e-10 3e-10
87.4 9.6 0.00184 1e-10 3e-10
87.5 9.6 0.00182 1e-10 3e-10
87.6 9.6 0.0018 1e-10 3e-10
87.7 9.6 0.00178 1e-10 3e-10
87.8 9.6 0.00177 1.25e-10 2.75e-10
87.9 9.6 0.00175 1e-10 3e-10
88 9.6 0.00173 1e-10 3e-10
88.1 9.6 0.00171 1e-10 3e-10
88.2 9.6 0.00169 1e-10 3e-10
88.4 9.6 0.00166 1.25e-10 2.75e-10
88.6 9.6 0.00163 1e-10 3e-10
89.9 9.6 0.00142 1e-10 3e-10
