-25 0.68 2.38e-14 2.11e-14 9.3e-15
-24.9 0.68 2.76e-14 2.45e-14 1.08e-14
-24.8 0.68 3.2e-14 2.83e-14 1.25e-14
-24.7 0.68 3.7e-14 3.28e-14 1.45e-14
-24.6 0.68 4.29e-14 3.8e-14 1.67e-14
-24.5 0.68 4.97e-14 4.41e-14 1.94e-14
-24.4 0.68 5.75e-14 5.1e-14 2.25e-14
-24.3 0.68 6.67e-14 5.91e-14 2.6e-14
-24.2 0.68 7.72e-14 6.85e-14 3.02e-14
-24.1 0.68 8.95e-14 7.93e-14 3.49e-14
-24 0.68 1.04e-13 9.19e-14 4.05e-14
-23.9 0.68 1.2e-13 1.06e-13 4.69e-14
-23.8 0.68 1.39e-13 1.23e-13 5.43e-14
-23.7 0.68 1.61e-13 1.43e-13 6.29e-14
-23.6 0.68 1.87e-13 1.66e-13 7.29e-14
-23.5 0.68 2.16e-13 1.92e-13 8.44e-14
-23.4 0.68 2.5e-13 2.22e-13 9.78e-14
-23.3 0.68 2.9e-13 2.57e-13 1.13e-13
-23.2 0.68 3.36e-13 2.98e-13 1.31e-13
-23.1 0.68 3.89e-13 3.45e-13 1.52e-13
-23 0.68 4.51e-13 4e-13 1.76e-13
-22.9 0.68 5.22e-13 4.63e-13 2.04e-13
-22.8 0.68 6.05e-13 5.37e-13 2.36e-13
-22.7 0.68 7.01e-13 6.22e-13 2.74e-13
-22.6 0.68 8.12e-13 7.2e-13 3.17e-13
-22.5 0.68 9.41e-13 8.34e-13 3.67e-13
-22.4 0.68 1.09e-12 9.67e-13 4.26e-13
-22.3 0.68 1.26e-12 1.12e-12 4.93e-13
-22.2 0.68 1.46e-12 1.3e-12 5.71e-13
-22.1 0.68 1.69e-12 1.5e-12 6.62e-13
-22 0.68 1.96e-12 1.74e-12 7.66e-13
-21.9 0.68 2.27e-12 2.02e-12 8.88e-13
-21.8 0.68 2.63e-12 2.34e-12 1.03e-12
-21.7 0.68 3.05e-12 2.71e-12 1.19e-12
-21.6 0.68 3.53e-12 3.13e-12 1.38e-12
-21.5 0.68 4.09e-12 3.63e-12 1.6e-12
-21.4 0.68 4.74e-12 4.21e-12 1.85e-12
-21.3 0.68 5.49e-12 4.87e-12 2.15e-12
-21.2 0.68 6.36e-12 5.64e-12 2.49e-12
-21.1 0.68 7.37e-12 6.54e-12 2.88e-12
-21 0.68 8.54e-12 7.57e-12 3.34e-12
-20.9 0.68 9.89e-12 8.77e-12 3.86e-12
-18.6 0.68 2.91e-10 2.58e-10 1.14e-10
-18.5 0.68 3.37e-10 2.99e-10 1.32e-10
-18.4 0.68 3.91e-10 3.47e-10 1.53e-10
-18.3 0.68 4.53e-10 4.02e-10 1.77e-10
-18.2 0.68 5.25e-10 4.65e-10 2.05e-10
-18.1 0.68 6.08e-10 5.39e-10 2.37e-10
-18 0.68 7.04e-10 6.24e-10 2.75e-10
-17.9 0.68 8.15e-10 7.23e-10 3.18e-10
-17.8 0.68 9.45e-10 8.38e-10 3.69e-10
-17.7 0.68 1.09e-09 9.7e-10 4.27e-10
-17.6 0.68 1.27e-09 1.12e-09 4.95e-10
-17.5 0.68 1.47e-09 1.3e-09 5.73e-10
-17.4 0.68 1.7e-09 1.51e-09 6.64e-10
-17.3 0.68 1.97e-09 1.75e-09 7.69e-10
-17.2 0.68 2.28e-09 2.02e-09 8.91e-10
-17.1 0.68 2.64e-09 2.35e-09 1.03e-09
-17 0.68 3.06e-09 2.72e-09 1.2e-09
-16.9 0.68 3.55e-09 3.15e-09 1.39e-09
-16.8 0.68 4.11e-09 3.65e-09 1.61e-09
-16.7 0.68 4.76e-09 4.22e-09 1.86e-09
-16.6 0.68 5.52e-09 4.89e-09 2.15e-09
-16.5 0.68 6.39e-09 5.67e-09 2.5e-09
-16.4 0.68 7.4e-09 6.57e-09 2.89e-09
-16.3 0.68 8.58e-09 7.61e-09 3.35e-09
-16.2 0.68 9.93e-09 8.81e-09 3.88e-09
-16.1 0.68 1.15e-08 1.02e-08 4.49e-09
-16 0.68 1.33e-08 1.18e-08 5.21e-09
-15.9 0.68 1.54e-08 1.37e-08 6.03e-09
-15.8 0.68 1.79e-08 1.59e-08 6.99e-09
-15.7 0.68 2.07e-08 1.84e-08 8.09e-09
-15.6 0.68 2.4e-08 2.13e-08 9.37e-09
-15.5 0.68 2.78e-08 2.47e-08 1.09e-08
-15.4 0.68 3.22e-08 2.86e-08 1.26e-08
-15.3 0.68 3.73e-08 3.31e-08 1.46e-08
-15.2 0.68 4.32e-08 3.83e-08 1.69e-08
-15.1 0.68 5.01e-08 4.44e-08 1.96e-08
-15 0.68 5.8e-08 5.14e-08 2.27e-08
-14.9 0.68 6.72e-08 5.96e-08 2.62e-08
-14.8 0.68 7.78e-08 6.9e-08 3.04e-08
-14.7 0.68 9.02e-08 8e-08 3.52e-08
-14.6 0.68 1.04e-07 9.26e-08 4.08e-08
-14.5 0.68 1.21e-07 1.07e-07 4.73e-08
-14.4 0.68 1.4e-07 1.24e-07 5.47e-08
-14.3 0.68 1.62e-07 1.44e-07 6.34e-08
-14.2 0.68 1.88e-07 1.67e-07 7.35e-08
-14.1 0.68 2.18e-07 1.93e-07 8.51e-08
-14 0.68 2.52e-07 2.24e-07 9.86e-08
-13.9 0.68 2.92e-07 2.59e-07 1.14e-07
-13.8 0.68 3.39e-07 3e-07 1.32e-07
-13.7 0.68 3.92e-07 3.48e-07 1.53e-07
-13.6 0.68 4.55e-07 4.03e-07 1.78e-07
-13.5 0.68 5.27e-07 4.67e-07 2.06e-07
-13.4 0.68 6.1e-07 5.41e-07 2.38e-07
-13.3 0.68 7.07e-07 6.27e-07 2.76e-07
-13.2 0.68 8.19e-07 7.26e-07 3.2e-07
-13.1 0.68 9.48e-07 8.41e-07 3.7e-07
-13 0.68 1.1e-06 9.74e-07 4.29e-07
-12.9 0.68 1.27e-06 1.13e-06 4.97e-07
-12.8 0.68 1.47e-06 1.31e-06 5.76e-07
-12.7 0.68 1.71e-06 1.51e-06 6.67e-07
-12.6 0.68 1.98e-06 1.75e-06 7.73e-07
-12.5 0.68 2.29e-06 2.03e-06 8.95e-07
-12.4 0.68 2.65e-06 2.35e-06 1.04e-06
-12.3 0.68 3.08e-06 2.73e-06 1.2e-06
-12.2 0.68 3.56e-06 3.16e-06 1.39e-06
-12.1 0.68 4.13e-06 3.66e-06 1.61e-06
-12 0.68 4.78e-06 4.24e-06 1.87e-06
-11.9 0.68 5.54e-06 4.91e-06 2.16e-06
-11.8 0.68 6.42e-06 5.69e-06 2.51e-06
-11.7 0.68 7.43e-06 6.59e-06 2.9e-06
-11.6 0.68 8.61e-06 7.63e-06 3.36e-06
-11.5 0.68 9.97e-06 8.84e-06 3.89e-06
-11.4 0.68 1.16e-05 1.02e-05 4.51e-06
-11.3 0.68 1.34e-05 1.19e-05 5.23e-06
-11.2 0.68 1.55e-05 1.37e-05 6.05e-06
-11.1 0.68 1.8e-05 1.59e-05 7.01e-06
-11 0.68 2.08e-05 1.84e-05 8.12e-06
-10.9 0.68 2.41e-05 2.14e-05 9.41e-06
-10.8 0.68 2.79e-05 2.48e-05 1.09e-05
-10.7 0.68 3.23e-05 2.87e-05 1.26e-05
-10.6 0.68 3.75e-05 3.32e-05 1.46e-05
-10.5 0.68 4.34e-05 3.85e-05 1.69e-05
-10.4 0.68 5.03e-05 4.46e-05 1.96e-05
-10.3 0.68 5.82e-05 5.16e-05 2.27e-05
-10.2 0.68 6.74e-05 5.98e-05 2.63e-05
-10.1 0.68 7.81e-05 6.92e-05 3.05e-05
-10 0.68 9.05e-05 8.02e-05 3.53e-05
-9.9 0.68 0.000105 9.29e-05 4.09e-05
-9.8 0.68 0.000121 0.000108 4.73e-05
-9.7 0.68 0.000141 0.000125 5.48e-05
-9.6 0.68 0.000163 0.000144 6.35e-05
-9.5 0.68 0.000189 0.000167 7.35e-05
-9.4 0.68 0.000218 0.000193 8.51e-05
-9.3 0.68 0.000253 0.000224 9.86e-05
-9.2 0.68 0.000293 0.000259 0.000114
-9.1 0.68 0.000339 0.0003 0.000132
-9 0.68 0.000393 0.000347 0.000153
-8.9 0.68 0.000455 0.000402 0.000177
-8.8 0.68 0.000527 0.000465 0.000205
-8.7 0.68 0.00061 0.000538 0.000237
-8.6 0.68 0.000706 0.000623 0.000274
-8.5 0.68 0.000817 0.00072 0.000317
-8.4 0.68 0.000946 0.000833 0.000366
-8.3 0.68 0.00109 0.000963 0.000423
-8.2 0.68 0.00127 0.00111 0.000488
-8.1 0.68 0.00146 0.00129 0.000564
-8 0.68 0.00169 0.00148 0.000651
-7.9 0.68 0.00196 0.00171 0.00075
-7.8 0.68 0.00226 0.00197 0.000865
-7.7 0.68 0.00261 0.00228 0.000996
-7.6 0.68 0.00302 0.00262 0.00115
-7.5 0.68 0.00349 0.00302 0.00132
-7.4 0.68 0.00402 0.00347 0.00151
-7.3 0.68 0.00464 0.00398 0.00173
-7.2 0.68 0.00535 0.00456 0.00198
-7.1 0.68 0.00616 0.00522 0.00226
-7 0.68 0.00708 0.00597 0.00258
-6.9 0.68 0.00814 0.00681 0.00293
-6.8 0.68 0.00935 0.00776 0.00333
-6.7 0.68 0.0107 0.00881 0.00376
-6.6 0.68 0.0123 0.00998 0.00424
-6.5 0.68 0.0141 0.0113 0.00476
-6.4 0.68 0.016 0.0127 0.00532
-6.3 0.68 0.0183 0.0143 0.00591
-6.2 0.68 0.0208 0.016 0.00654
-6.1 0.68 0.0237 0.0178 0.00719
-6 0.68 0.0268 0.0198 0.00786
-5.9 0.68 0.0303 0.0219 0.00853
-5.8 0.68 0.0343 0.0242 0.00953
-5.7 0.68 0.0386 0.0266 0.0111
-5.6 0.68 0.0434 0.0293 0.0129
-5.5 0.68 0.0487 0.0322 0.015
-5.4 0.68 0.0546 0.0356 0.0175
-5.3 0.68 0.0612 0.0395 0.0204
-5.2 0.68 0.0685 0.0443 0.024
-5.1 0.68 0.0768 0.0506 0.0283
-5 0.68 0.0864 0.0597 0.0337
-4.9 0.68 0.0982 0.074 0.0411
-4.8 0.68 0.114 0.1 0.0523
-4.7 0.68 0.142 0.161 0.0757
-4.6 0.68 0.251 0.462 0.179
-4.5 0.68 -0.0586 0.18 0.491
-4.4 0.68 0.0602 0.0716 0.159
-4.3 0.68 0.0898 0.0497 0.0949
-4.2 0.68 0.108 0.0437 0.0686
-4.1 0.68 0.121 0.0414 0.054
-4 0.68 0.132 0.0404 0.0441
-3.9 0.68 0.141 0.0393 0.0362
-3.8 0.68 0.149 0.0375 0.0287
-3.7 0.68 0.163 0.0374 0.0296
-3.6 0.68 0.171 0.0365 0.0245
-3.5 0.68 0.177 0.0341 0.0187
-3.4 0.68 0.182 0.03 0.0121
-3.3 0.68 0.175 0.0339 0.0468
-3.2 0.68 0.178 0.0253 0.0529
-3.1 0.68 0.182 0.0216 0.0542
-3 0.68 0.171 0.0425 0.0482
-2.9 0.68 0.179 0.0444 0.0617
-2.8 0.68 0.191 0.0418 0.0707
-2.7 0.68 0.208 0.0347 0.0731
-2.6 0.68 0.229 0.0281 0.0671
-2.5 0.68 0.276 0.112 0.0753
-2.4 0.68 0.296 0.105 0.0477
-2.3 0.68 0.284 0.06 0.0454
-2.2 0.68 0.299 0.0526 0.0299
-2.1 0.68 0.305 0.0179 0.0127
-2 0.68 0.32 0.0096 0.017
-1.9 0.68 0.29 0.128 0.179
-1.8 0.68 0.334 0.0249 0.0146
-1.7 0.68 0.343 0.022 0.00812
-1.6 0.68 0.351 0.0152 0.00771
-1.5 0.68 0.348 0.0109 0.0164
-1.4 0.68 0.368 0.00157 0.00211
-1.3 0.68 0.378 0.00387 0.00762
-1.2 0.68 0.39 0.00672 0.00894
-1.1 0.68 0.401 0.00741 0.00623
-1 0.68 0.414 0.0128 0.00546
-0.9 0.68 0.409 0.0199 0.0291
-0.8 0.68 0.448 0.0219 0.00916
-0.7 0.68 0.454 0.0111 0.00418
-0.6 0.68 0.466 0.012 0.00872
-0.5 0.68 0.47 0.00531 0.00651
-0.4 0.68 0.481 0.00634 0.00946
-0.3 0.68 0.49 0.00616 0.00836
-0.2 0.68 0.501 0.004 0.00372
-0.1 0.68 0.512 0.00308 0.00491
1.78e-15 0.68 0.523 0.00976 0.00673
0.1 0.68 0.544 0.0566 0.0262
0.2 0.68 0.545 0.0132 0.00992
0.3 0.68 0.555 0.00761 0.0101
0.4 0.68 0.563 0.0136 0.00859
0.5 0.68 0.594 0.0282 0.0305
0.6 0.68 0.595 0.045 0.0227
0.7 0.68 0.577 0.0185 0.033
0.8 0.68 0.581 0.0153 0.036
0.9 0.68 0.586 0.0185 0.0336
1 0.68 0.58 0.0328 0.0868
1.1 0.68 0.581 0.0391 0.0801
1.2 0.68 0.612 0.0149 0.0199
1.3 0.68 0.616 0.0175 0.0452
1.4 0.68 0.625 0.0283 0.0515
1.5 0.68 0.635 0.0372 0.0512
1.6 0.68 0.657 0.0312 0.0129
1.7 0.68 0.666 0.0336 0.0145
1.8 0.68 0.648 0.0429 0.0623
1.9 0.68 0.658 0.0465 0.0521
2 0.68 0.668 0.047 0.0403
2.1 0.68 0.684 0.0362 0.0179
2.2 0.68 0.687 0.0361 0.023
2.3 0.68 0.679 0.0446 0.0537
2.4 0.68 0.704 0.0197 0.0385
2.5 0.68 0.698 0.0247 0.0415
2.6 0.68 0.688 0.033 0.0692
2.7 0.68 0.808 0.29 0.105
2.8 0.68 0.721 0.0298 0.0175
2.9 0.68 0.716 0.0123 0.0106
3 0.68 0.712 0.00859 0.00576
3.1 0.68 0.712 0.00611 0.00419
3.2 0.68 0.712 0.00528 0.00323
3.3 0.68 0.713 0.00635 0.00298
3.4 0.68 1.12 1.23 0.411
3.5 0.68 0.711 0.000717 0.002
3.6 0.68 0.712 0.000461 0.000255
3.7 0.68 0.714 0.000894 0.00084
3.8 0.68 0.714 0.00082 0.000794
3.9 0.68 0.715 0.000817 0.000828
4 0.68 0.715 0.000967 0.000889
4.1 0.68 0.716 0.00111 0.000956
4.2 0.68 0.716 0.00123 0.00102
4.3 0.68 0.716 0.00134 0.00108
4.4 0.68 0.717 0.00144 0.00113
4.5 0.68 0.717 0.00151 0.00118
4.6 0.68 0.717 0.00158 0.00121
4.7 0.68 0.717 0.00162 0.00124
4.8 0.68 0.717 0.00166 0.00126
4.9 0.68 0.717 0.00168 0.00128
5 0.68 0.717 0.00168 0.00128
5.1 0.68 0.717 0.00168 0.00128
5.2 0.68 0.717 0.00166 0.00126
5.3 0.68 0.717 0.00162 0.00124
5.4 0.68 0.717 0.00158 0.00121
5.5 0.68 0.717 0.00151 0.00118
5.6 0.68 0.717 0.00144 0.00113
5.7 0.68 0.716 0.00134 0.00108
5.8 0.68 0.716 0.00123 0.00102
5.9 0.68 0.716 0.00111 0.000956
6 0.68 0.715 0.000967 0.000889
6.1 0.68 0.715 0.000817 0.000828
6.2 0.68 0.714 0.00082 0.000794
6.3 0.68 0.714 0.000894 0.00084
6.4 0.68 0.712 0.000461 0.000255
6.5 0.68 0.711 0.000717 0.002
6.6 0.68 1.12 1.23 0.411
6.7 0.68 0.713 0.00635 0.00298
6.8 0.68 0.712 0.00528 0.00323
6.9 0.68 0.712 0.00611 0.00419
7 0.68 0.712 0.00859 0.00576
7.1 0.68 0.716 0.0123 0.0106
7.2 0.68 0.721 0.0298 0.0175
7.3 0.68 0.808 0.29 0.105
7.4 0.68 0.688 0.033 0.0692
7.5 0.68 0.698 0.0247 0.0415
7.6 0.68 0.704 0.0197 0.0385
7.7 0.68 0.679 0.0446 0.0537
7.8 0.68 0.687 0.0361 0.023
7.9 0.68 0.684 0.0362 0.0179
8 0.68 0.668 0.047 0.0403
8.1 0.68 0.658 0.0465 0.0521
8.2 0.68 0.648 0.0429 0.0623
8.3 0.68 0.666 0.0336 0.0145
8.4 0.68 0.657 0.0312 0.0129
8.5 0.68 0.635 0.0372 0.0512
8.6 0.68 0.625 0.0283 0.0515
8.7 0.68 0.616 0.0175 0.0452
8.8 0.68 0.612 0.0149 0.0199
8.9 0.68 0.581 0.0391 0.0801
9 0.68 0.58 0.0328 0.0868
9.1 0.68 0.586 0.0185 0.0336
9.2 0.68 0.581 0.0153 0.036
9.3 0.68 0.577 0.0185 0.033
9.4 0.68 0.595 0.045 0.0227
9.5 0.68 0.594 0.0282 0.0305
9.6 0.68 0.563 0.0136 0.00859
9.7 0.68 0.555 0.00761 0.0101
9.8 0.68 0.545 0.0132 0.00992
9.9 0.68 0.544 0.0566 0.0262
10 0.68 0.523 0.00976 0.00673
10.1 0.68 0.512 0.00308 0.00491
10.2 0.68 0.501 0.004 0.00372
10.3 0.68 0.49 0.00616 0.00836
10.4 0.68 0.481 0.00634 0.00946
10.5 0.68 0.47 0.00531 0.00651
10.6 0.68 0.466 0.012 0.00872
10.7 0.68 0.454 0.0111 0.00418
10.8 0.68 0.448 0.0219 0.00916
10.9 0.68 0.409 0.0199 0.0291
11 0.68 0.414 0.0128 0.00546
11.1 0.68 0.401 0.00741 0.00623
11.2 0.68 0.39 0.00672 0.00894
11.3 0.68 0.378 0.00387 0.00762
11.4 0.68 0.368 0.00157 0.00211
11.5 0.68 0.348 0.0109 0.0164
11.6 0.68 0.351 0.0152 0.00771
11.7 0.68 0.343 0.022 0.00812
11.8 0.68 0.334 0.0249 0.0146
11.9 0.68 0.29 0.128 0.179
12 0.68 0.32 0.0096 0.017
12.1 0.68 0.305 0.0179 0.0127
12.2 0.68 0.299 0.0526 0.0299
12.3 0.68 0.284 0.06 0.0454
12.4 0.68 0.296 0.105 0.0477
12.5 0.68 0.276 0.112 0.0753
12.6 0.68 0.229 0.0281 0.0671
12.7 0.68 0.208 0.0347 0.0731
12.8 0.68 0.191 0.0418 0.0707
12.9 0.68 0.179 0.0444 0.0617
13 0.68 0.171 0.0425 0.0482
13.1 0.68 0.182 0.0216 0.0542
13.2 0.68 0.178 0.0253 0.0529
13.3 0.68 0.175 0.0339 0.0468
13.4 0.68 0.182 0.03 0.0121
13.5 0.68 0.177 0.0341 0.0187
13.6 0.68 0.171 0.0365 0.0245
13.7 0.68 0.163 0.0374 0.0296
13.8 0.68 0.149 0.0375 0.0287
13.9 0.68 0.141 0.0393 0.0362
14 0.68 0.132 0.0404 0.0441
14.1 0.68 0.121 0.0414 0.054
14.2 0.68 0.108 0.0437 0.0686
14.3 0.68 0.0898 0.0497 0.0949
14.4 0.68 0.0602 0.0716 0.159
14.5 0.68 -0.0586 0.18 0.491
14.6 0.68 0.251 0.462 0.179
14.7 0.68 0.142 0.161 0.0757
14.8 0.68 0.114 0.1 0.0523
14.9 0.68 0.0982 0.074 0.0411
15 0.68 0.0864 0.0597 0.0337
15.1 0.68 0.0768 0.0506 0.0283
15.2 0.68 0.0685 0.0443 0.024
15.3 0.68 0.0612 0.0395 0.0204
15.4 0.68 0.0546 0.0356 0.0175
15.5 0.68 0.0487 0.0322 0.015
15.6 0.68 0.0434 0.0293 0.0129
15.7 0.68 0.0386 0.0266 0.0111
15.8 0.68 0.0343 0.0242 0.00953
15.9 0.68 0.0303 0.0219 0.00853
16 0.68 0.0268 0.0198 0.00786
16.1 0.68 0.0237 0.0178 0.00719
16.2 0.68 0.0208 0.016 0.00654
16.3 0.68 0.0183 0.0143 0.00591
16.4 0.68 0.016 0.0127 0.00532
16.5 0.68 0.0141 0.0113 0.00476
16.6 0.68 0.0123 0.00998 0.00424
16.7 0.68 0.0107 0.00881 0.00376
16.8 0.68 0.00935 0.00776 0.00333
16.9 0.68 0.00814 0.00681 0.00293
17 0.68 0.00708 0.00597 0.00258
17.1 0.68 0.00616 0.00522 0.00226
17.2 0.68 0.00535 0.00456 0.00198
17.3 0.68 0.00464 0.00398 0.00173
17.4 0.68 0.00402 0.00347 0.00151
17.5 0.68 0.00349 0.00302 0.00132
17.6 0.68 0.00302 0.00262 0.00115
17.7 0.68 0.00261 0.00228 0.000996
17.8 0.68 0.00226 0.00197 0.000865
17.9 0.68 0.00196 0.00171 0.00075
18 0.68 0.00169 0.00148 0.000651
18.1 0.68 0.00146 0.00129 0.000564
18.2 0.68 0.00127 0.00111 0.000488
18.3 0.68 0.00109 0.000963 0.000423
18.4 0.68 0.000946 0.000833 0.000366
18.5 0.68 0.000817 0.00072 0.000317
18.6 0.68 0.000706 0.000623 0.000274
18.7 0.68 0.00061 0.000538 0.000237
18.8 0.68 0.000527 0.000465 0.000205
18.9 0.68 0.000455 0.000402 0.000177
19 0.68 0.000393 0.000347 0.000153
19.1 0.68 0.000339 0.0003 0.000132
19.2 0.68 0.000293 0.000259 0.000114
19.3 0.68 0.000253 0.000224 9.86e-05
19.4 0.68 0.000218 0.000193 8.51e-05
19.5 0.68 0.000189 0.000167 7.35e-05
19.6 0.68 0.000163 0.000144 6.35e-05
19.7 0.68 0.000141 0.000125 5.48e-05
19.8 0.68 0.000121 0.000108 4.73e-05
19.9 0.68 0.000105 9.29e-05 4.09e-05
20 0.68 9.05e-05 8.02e-05 3.53e-05
20.1 0.68 7.81e-05 6.92e-05 3.05e-05
20.2 0.68 6.74e-05 5.98e-05 2.63e-05
20.3 0.68 5.82e-05 5.16e-05 2.27e-05
20.4 0.68 5.03e-05 4.46e-05 1.96e-05
20.5 0.68 4.34e-05 3.85e-05 1.69e-05
20.6 0.68 3.75e-05 3.32e-05 1.46e-05
20.7 0.68 3.23e-05 2.87e-05 1.26e-05
20.8 0.68 2.79e-05 2.48e-05 1.09e-05
20.9 0.68 2.41e-05 2.14e-05 9.41e-06
21 0.68 2.08e-05 1.84e-05 8.12e-06
21.1 0.68 1.8e-05 1.59e-05 7.01e-06
21.2 0.68 1.55e-05 1.37e-05 6.05e-06
21.3 0.68 1.34e-05 1.19e-05 5.23e-06
21.4 0.68 1.16e-05 1.02e-05 4.51e-06
21.5 0.68 9.97e-06 8.84e-06 3.89e-06
21.6 0.68 8.61e-06 7.63e-06 3.36e-06
21.7 0.68 7.43e-06 6.59e-06 2.9e-06
21.8 0.68 6.42e-06 5.69e-06 2.51e-06
21.9 0.68 5.54e-06 4.91e-06 2.16e-06
22 0.68 4.78e-06 4.24e-06 1.87e-06
22.1 0.68 4.13e-06 3.66e-06 1.61e-06
22.2 0.68 3.56e-06 3.16e-06 1.39e-06
22.3 0.68 3.08e-06 2.73e-06 1.2e-06
22.4 0.68 2.65e-06 2.35e-06 1.04e-06
22.5 0.68 2.29e-06 2.03e-06 8.95e-07
22.6 0.68 1.98e-06 1.75e-06 7.73e-07
22.7 0.68 1.71e-06 1.51e-06 6.67e-07
22.8 0.68 1.47e-06 1.31e-06 5.76e-07
22.9 0.68 1.27e-06 1.13e-06 4.97e-07
23 0.68 1.1e-06 9.74e-07 4.29e-07
23.1 0.68 9.48e-07 8.41e-07 3.7e-07
23.2 0.68 8.19e-07 7.26e-07 3.2e-07
23.3 0.68 7.07e-07 6.27e-07 2.76e-07
23.4 0.68 6.1e-07 5.41e-07 2.38e-07
23.5 0.68 5.27e-07 4.67e-07 2.06e-07
23.6 0.68 4.55e-07 4.03e-07 1.78e-07
23.7 0.68 3.92e-07 3.48e-07 1.53e-07
23.8 0.68 3.39e-07 3e-07 1.32e-07
23.9 0.68 2.92e-07 2.59e-07 1.14e-07
24 0.68 2.52e-07 2.24e-07 9.86e-08
24.1 0.68 2.18e-07 1.93e-07 8.51e-08
24.2 0.68 1.88e-07 1.67e-07 7.35e-08
24.3 0.68 1.62e-07 1.44e-07 6.34e-08
24.4 0.68 1.4e-07 1.24e-07 5.47e-08
24.5 0.68 1.21e-07 1.07e-07 4.73e-08
24.6 0.68 1.04e-07 9.26e-08 4.08e-08
24.7 0.68 9.02e-08 8e-08 3.52e-08
24.8 0.68 7.78e-08 6.9e-08 3.04e-08
24.9 0.68 6.72e-08 5.96e-08 2.62e-08
25 0.68 5.8e-08 5.14e-08 2.27e-08
25.1 0.68 5.01e-08 4.44e-08 1.96e-08
25.2 0.68 4.32e-08 3.83e-08 1.69e-08
25.3 0.68 3.73e-08 3.31e-08 1.46e-08
25.4 0.68 3.22e-08 2.86e-08 1.26e-08
25.5 0.68 2.78e-08 2.47e-08 1.09e-08
25.6 0.68 2.4e-08 2.13e-08 9.37e-09
25.7 0.68 2.07e-08 1.84e-08 8.09e-09
25.8 0.68 1.79e-08 1.59e-08 6.99e-09
25.9 0.68 1.54e-08 1.37e-08 6.03e-09
26 0.68 1.33e-08 1.18e-08 5.21e-09
26.1 0.68 1.15e-08 1.02e-08 4.49e-09
26.2 0.68 9.93e-09 8.81e-09 3.88e-09
26.3 0.68 8.58e-09 7.61e-09 3.35e-09
26.4 0.68 7.4e-09 6.57e-09 2.89e-09
26.5 0.68 6.39e-09 5.67e-09 2.5e-09
26.6 0.68 5.52e-09 4.89e-09 2.15e-09
26.7 0.68 4.76e-09 4.22e-09 1.86e-09
26.8 0.68 4.11e-09 3.65e-09 1.61e-09
26.9 0.68 3.55e-09 3.15e-09 1.39e-09
27 0.68 3.06e-09 2.72e-09 1.2e-09
27.1 0.68 2.64e-09 2.35e-09 1.03e-09
27.2 0.68 2.28e-09 2.02e-09 8.91e-10
27.3 0.68 1.97e-09 1.75e-09 7.69e-10
27.4 0.68 1.7e-09 1.51e-09 6.64e-10
27.5 0.68 1.47e-09 1.3e-09 5.73e-10
27.6 0.68 1.27e-09 1.12e-09 4.95e-10
27.7 0.68 1.09e-09 9.7e-10 4.27e-10
27.8 0.68 9.45e-10 8.38e-10 3.69e-10
27.9 0.68 8.15e-10 7.23e-10 3.18e-10
28 0.68 7.04e-10 6.24e-10 2.75e-10
28.1 0.68 6.08e-10 5.39e-10 2.37e-10
28.2 0.68 5.25e-10 4.65e-10 2.05e-10
28.3 0.68 4.53e-10 4.02e-10 1.77e-10
28.4 0.68 3.91e-10 3.47e-10 1.53e-10
28.5 0.68 3.37e-10 2.99e-10 1.32e-10
28.6 0.68 2.91e-10 2.58e-10 1.14e-10
30.9 0.68 9.89e-12 8.77e-12 3.86e-12
31 0.68 8.54e-12 7.57e-12 3.34e-12
31.1 0.68 7.37e-12 6.54e-12 2.88e-12
31.2 0.68 6.36e-12 5.64e-12 2.49e-12
31.3 0.68 5.49e-12 4.87e-12 2.15e-12
31.4 0.68 4.74e-12 4.21e-12 1.85e-12
31.5 0.68 4.09e-12 3.63e-12 1.6e-12
31.6 0.68 3.53e-12 3.13e-12 1.38e-12
31.7 0.68 3.05e-12 2.71e-12 1.19e-12
31.8 0.68 2.63e-12 2.34e-12 1.03e-12
31.9 0.68 2.27e-12 2.02e-12 8.88e-13
32 0.68 1.96e-12 1.74e-12 7.66e-13
32.1 0.68 1.69e-12 1.5e-12 6.62e-13
32.2 0.68 1.46e-12 1.3e-12 5.71e-13
32.3 0.68 1.26e-12 1.12e-12 4.93e-13
32.4 0.68 1.09e-12 9.67e-13 4.26e-13
32.5 0.68 9.41e-13 8.34e-13 3.67e-13
32.6 0.68 8.12e-13 7.2e-13 3.17e-13
32.7 0.68 7.01e-13 6.22e-13 2.74e-13
32.8 0.68 6.05e-13 5.37e-13 2.36e-13
32.9 0.68 5.22e-13 4.63e-13 2.04e-13
33 0.68 4.51e-13 4e-13 1.76e-13
33.1 0.68 3.89e-13 3.45e-13 1.52e-13
33.2 0.68 3.36e-13 2.98e-13 1.31e-13
33.3 0.68 2.9e-13 2.57e-13 1.13e-13
33.4 0.68 2.5e-13 2.22e-13 9.78e-14
33.5 0.68 2.16e-13 1.92e-13 8.44e-14
33.6 0.68 1.87e-13 1.66e-13 7.29e-14
33.7 0.68 1.61e-13 1.43e-13 6.29e-14
33.8 0.68 1.39e-13 1.23e-13 5.43e-14
33.9 0.68 1.2e-13 1.06e-13 4.69e-14
34 0.68 1.04e-13 9.19e-14 4.05e-14
34.1 0.68 8.95e-14 7.93e-14 3.49e-14
34.2 0.68 7.72e-14 6.85e-14 3.02e-14
34.3 0.68 6.67e-14 5.91e-14 2.6e-14
34.4 0.68 5.75e-14 5.1e-14 2.25e-14
34.5 0.68 4.97e-14 4.41e-14 1.94e-14
34.6 0.68 4.29e-14 3.8e-14 1.67e-14
34.7 0.68 3.7e-14 3.28e-14 1.45e-14
34.8 0.68 3.2e-14 2.83e-14 1.25e-14
34.9 0.68 2.76e-14 2.45e-14 1.08e-14
35 0.68 2.38e-14 2.11e-14 9.3e-15
35.1 0.68 2.06e-14 1.82e-14 8.03e-15
35.2 0.68 1.77e-14 1.57e-14 6.93e-15
35.3 0.68 1.53e-14 1.36e-14 5.98e-15
35.4 0.68 1.32e-14 1.17e-14 5.16e-15
35.5 0.68 1.14e-14 1.01e-14 4.46e-15
35.6 0.68 9.85e-15 8.74e-15 3.85e-15
35.7 0.68 8.51e-15 7.54e-15 3.32e-15
35.8 0.68 7.34e-15 6.51e-15 2.87e-15
35.9 0.68 6.34e-15 5.62e-15 2.48e-15
36 0.68 5.47e-15 4.85e-15 2.14e-15
36.1 0.68 4.72e-15 4.19e-15 1.84e-15
36.2 0.68 4.08e-15 3.62e-15 1.59e-15
36.3 0.68 3.52e-15 3.12e-15 1.37e-15
36.4 0.68 3.04e-15 2.69e-15 1.19e-15
36.5 0.68 2.62e-15 2.33e-15 1.02e-15
36.6 0.68 2.26e-15 2.01e-15 8.84e-16
36.7 0.68 1.95e-15 1.73e-15 7.63e-16
36.8 0.68 1.69e-15 1.5e-15 6.59e-16
36.9 0.68 1.46e-15 1.29e-15 5.69e-16
37 0.68 1.26e-15 1.12e-15 4.91e-16
37.1 0.68 1.09e-15 9.63e-16 4.24e-16
37.2 0.68 9.37e-16 8.31e-16 3.66e-16
37.3 0.68 8.09e-16 7.17e-16 3.16e-16
37.4 0.68 6.98e-16 6.19e-16 2.73e-16
37.5 0.68 6.03e-16 5.35e-16 2.35e-16
37.6 0.68 5.2e-16 4.61e-16 2.03e-16
37.7 0.68 4.49e-16 3.98e-16 1.75e-16
37.8 0.68 3.88e-16 3.44e-16 1.51e-16
37.9 0.68 3.35e-16 2.97e-16 1.31e-16
38 0.68 2.89e-16 2.56e-16 1.13e-16
38.1 0.68 2.49e-16 2.21e-16 9.74e-17
38.2 0.68 2.15e-16 1.91e-16 8.41e-17
38.3 0.68 1.86e-16 1.65e-16 7.26e-17
38.4 0.68 1.6e-16 1.42e-16 6.27e-17
38.5 0.68 1.39e-16 1.23e-16 5.41e-17
38.6 0.68 1.2e-16 1.06e-16 4.67e-17
38.7 0.68 1.03e-16 9.15e-17 4.03e-17
38.8 0.68 8.91e-17 7.9e-17 3.48e-17
38.9 0.68 7.69e-17 6.82e-17 3e-17
39 0.68 6.64e-17 5.89e-17 2.59e-17
39.1 0.68 5.73e-17 5.08e-17 2.24e-17
39.2 0.68 4.95e-17 4.39e-17 1.93e-17
39.3 0.68 4.27e-17 3.79e-17 1.67e-17
39.4 0.68 3.69e-17 3.27e-17 1.44e-17
39.5 0.68 3.18e-17 2.82e-17 1.24e-17
39.6 0.68 2.75e-17 2.44e-17 1.07e-17
39.7 0.68 2.37e-17 2.1e-17 9.26e-18
39.8 0.68 2.05e-17 1.82e-17 8e-18
39.9 0.68 1.77e-17 1.57e-17 6.9e-18
40 0.68 1.53e-17 1.35e-17 5.96e-18
40.1 0.68 1.32e-17 1.17e-17 5.14e-18
40.2 0.68 1.14e-17 1.01e-17 4.44e-18
40.3 0.68 9.81e-18 8.7e-18 3.83e-18
40.4 0.68 8.47e-18 7.51e-18 3.31e-18
40.5 0.68 7.31e-18 6.49e-18 2.86e-18
40.6 0.68 6.31e-18 5.6e-18 2.47e-18
40.7 0.68 5.45e-18 4.83e-18 2.13e-18
40.8 0.68 4.7e-18 4.17e-18 1.84e-18
40.9 0.68 4.06e-18 3.6e-18 1.59e-18
41 0.68 3.51e-18 3.11e-18 1.37e-18
41.1 0.68 3.03e-18 2.68e-18 1.18e-18
41.2 0.68 2.61e-18 2.32e-18 1.02e-18
41.3 0.68 2.26e-18 2e-18 8.81e-19
41.4 0.68 1.95e-18 1.73e-18 7.6e-19
41.5 0.68 1.68e-18 1.49e-18 6.56e-19
41.6 0.68 1.45e-18 1.29e-18 5.67e-19
41.7 0.68 1.25e-18 1.11e-18 4.89e-19
41.8 0.68 1.08e-18 9.59e-19 4.22e-19
41.9 0.68 9.33e-19 8.28e-19 3.64e-19
42 0.68 8.06e-19 7.15e-19 3.15e-19
42.1 0.68 6.95e-19 6.17e-19 2.72e-19
42.2 0.68 6e-19 5.32e-19 2.34e-19
42.3 0.68 5.18e-19 4.6e-19 2.02e-19
42.4 0.68 4.47e-19 3.97e-19 1.75e-19
42.5 0.68 3.86e-19 3.43e-19 1.51e-19
42.6 0.68 3.33e-19 2.96e-19 1.3e-19
42.7 0.68 2.88e-19 2.55e-19 1.12e-19
42.8 0.68 2.48e-19 2.2e-19 9.7e-20
42.9 0.68 2.14e-19 1.9e-19 8.37e-20
43 0.68 1.85e-19 1.64e-19 7.23e-20
43.1 0.68 1.6e-19 1.42e-19 6.24e-20
43.2 0.68 1.38e-19 1.22e-19 5.39e-20
43.3 0.68 1.19e-19 1.06e-19 4.65e-20
43.4 0.68 1.03e-19 9.12e-20 4.01e-20
43.5 0.68 8.87e-20 7.87e-20 3.47e-20
43.6 0.68 7.66e-20 6.79e-20 2.99e-20
43.7 0.68 6.61e-20 5.87e-20 2.58e-20
43.8 0.68 5.71e-20 5.06e-20 2.23e-20
43.9 0.68 4.93e-20 4.37e-20 1.92e-20
44 0.68 4.25e-20 3.77e-20 1.66e-20
44.1 0.68 3.67e-20 3.26e-20 1.43e-20
44.2 0.68 3.17e-20 2.81e-20 1.24e-20
44.3 0.68 2.74e-20 2.43e-20 1.07e-20
44.4 0.68 2.36e-20 2.1e-20 9.22e-21
44.5 0.68 2.04e-20 1.81e-20 7.96e-21
44.6 0.68 1.76e-20 1.56e-20 6.87e-21
44.7 0.68 1.52e-20 1.35e-20 5.93e-21
44.8 0.68 1.31e-20 1.16e-20 5.12e-21
44.9 0.68 1.13e-20 1e-20 4.42e-21
45 0.68 9.78e-21 8.67e-21 3.82e-21
45.1 0.68 8.44e-21 7.48e-21 3.3e-21
45.2 0.68 7.28e-21 6.46e-21 2.84e-21
45.3 0.68 6.29e-21 5.58e-21 2.46e-21
45.4 0.68 5.43e-21 4.81e-21 2.12e-21
45.5 0.68 4.69e-21 4.16e-21 1.83e-21
45.6 0.68 4.05e-21 3.59e-21 1.58e-21
45.7 0.68 3.49e-21 3.1e-21 1.36e-21
45.8 0.68 3.01e-21 2.67e-21 1.18e-21
45.9 0.68 2.6e-21 2.31e-21 1.02e-21
46 0.68 2.25e-21 1.99e-21 8.77e-22
46.1 0.68 1.94e-21 1.72e-21 7.57e-22
46.2 0.68 1.67e-21 1.48e-21 6.54e-22
46.3 0.68 1.45e-21 1.28e-21 5.64e-22
46.4 0.68 1.25e-21 1.11e-21 4.87e-22
46.5 0.68 1.08e-21 9.55e-22 4.2e-22
46.6 0.68 9.3e-22 8.24e-22 3.63e-22
46.7 0.68 8.02e-22 7.12e-22 3.13e-22
46.8 0.68 6.93e-22 6.14e-22 2.7e-22
46.9 0.68 5.98e-22 5.3e-22 2.33e-22
47 0.68 5.16e-22 4.58e-22 2.02e-22
47.1 0.68 4.46e-22 3.95e-22 1.74e-22
47.2 0.68 3.85e-22 3.41e-22 1.5e-22
47.3 0.68 3.32e-22 2.94e-22 1.3e-22
47.4 0.68 2.87e-22 2.54e-22 1.12e-22
47.5 0.68 2.47e-22 2.19e-22 9.66e-23
47.6 0.68 2.14e-22 1.89e-22 8.34e-23
47.7 0.68 1.84e-22 1.64e-22 7.2e-23
47.8 0.68 1.59e-22 1.41e-22 6.22e-23
47.9 0.68 1.37e-22 1.22e-22 5.37e-23
48 0.68 1.19e-22 1.05e-22 4.63e-23
48.1 0.68 1.02e-22 9.08e-23 4e-23
48.2 0.68 8.84e-23 7.84e-23 3.45e-23
48.3 0.68 7.63e-23 6.77e-23 2.98e-23
48.4 0.68 6.59e-23 5.84e-23 2.57e-23
48.5 0.68 5.69e-23 5.04e-23 2.22e-23
48.6 0.68 4.91e-23 4.35e-23 1.92e-23
48.7 0.68 4.24e-23 3.76e-23 1.65e-23
48.8 0.68 3.66e-23 3.24e-23 1.43e-23
48.9 0.68 3.16e-23 2.8e-23 1.23e-23
49 0.68 2.73e-23 2.42e-23 1.06e-23
49.1 0.68 2.35e-23 2.09e-23 9.19e-24
49.2 0.68 2.03e-23 1.8e-23 7.93e-24
49.3 0.68 1.75e-23 1.56e-23 6.85e-24
49.4 0.68 1.51e-23 1.34e-23 5.91e-24
49.5 0.68 1.31e-23 1.16e-23 5.1e-24
49.6 0.68 1.13e-23 1e-23 4.4e-24
49.7 0.68 9.74e-24 8.64e-24 3.8e-24
49.8 0.68 8.4e-24 7.45e-24 3.28e-24
49.9 0.68 7.26e-24 6.43e-24 2.83e-24
50 0.68 6.26e-24 5.55e-24 2.45e-24
50.1 0.68 5.41e-24 4.8e-24 2.11e-24
50.2 0.68 4.67e-24 4.14e-24 1.82e-24
50.3 0.68 4.03e-24 3.57e-24 1.57e-24
50.4 0.68 3.48e-24 3.08e-24 1.36e-24
50.5 0.68 3e-24 2.66e-24 1.17e-24
50.6 0.68 2.59e-24 2.3e-24 1.01e-24
50.7 0.68 2.24e-24 1.98e-24 8.74e-25
50.8 0.68 1.93e-24 1.71e-24 7.54e-25
50.9 0.68 1.67e-24 1.48e-24 6.51e-25
51 0.68 1.44e-24 1.28e-24 5.62e-25
51.1 0.68 1.24e-24 1.1e-24 4.85e-25
51.2 0.68 1.07e-24 9.51e-25 4.19e-25
51.3 0.68 9.26e-25 8.21e-25 3.62e-25
51.4 0.68 7.99e-25 7.09e-25 3.12e-25
51.5 0.68 6.9e-25 6.12e-25 2.69e-25
51.6 0.68 5.96e-25 5.28e-25 2.33e-25
51.7 0.68 5.14e-25 4.56e-25 2.01e-25
51.8 0.68 4.44e-25 3.94e-25 1.73e-25
51.9 0.68 3.83e-25 3.4e-25 1.5e-25
52 0.68 3.31e-25 2.93e-25 1.29e-25
52.1 0.68 2.85e-25 2.53e-25 1.11e-25
52.2 0.68 2.46e-25 2.19e-25 9.62e-26
52.3 0.68 2.13e-25 1.89e-25 8.31e-26
52.4 0.68 1.84e-25 1.63e-25 7.17e-26
52.5 0.68 1.59e-25 1.41e-25 6.19e-26
52.6 0.68 1.37e-25 1.21e-25 5.34e-26
52.7 0.68 1.18e-25 1.05e-25 4.61e-26
52.8 0.68 1.02e-25 9.04e-26 3.98e-26
52.9 0.68 8.8e-26 7.81e-26 3.44e-26
53 0.68 7.6e-26 6.74e-26 2.97e-26
53.1 0.68 6.56e-26 5.82e-26 2.56e-26
53.2 0.68 5.66e-26 5.02e-26 2.21e-26
53.3 0.68 4.89e-26 4.34e-26 1.91e-26
53.4 0.68 4.22e-26 3.74e-26 1.65e-26
53.5 0.68 3.64e-26 3.23e-26 1.42e-26
53.6 0.68 3.14e-26 2.79e-26 1.23e-26
53.7 0.68 2.71e-26 2.41e-26 1.06e-26
53.8 0.68 2.34e-26 2.08e-26 9.15e-27
53.9 0.68 2.02e-26 1.79e-26 7.9e-27
54 0.68 1.75e-26 1.55e-26 6.82e-27
54.1 0.68 1.51e-26 1.34e-26 5.89e-27
54.2 0.68 1.3e-26 1.15e-26 5.08e-27
54.3 0.68 1.12e-26 9.96e-27 4.39e-27
54.4 0.68 9.7e-27 8.6e-27 3.79e-27
54.5 0.68 8.37e-27 7.42e-27 3.27e-27
54.6 0.68 7.23e-27 6.41e-27 2.82e-27
54.7 0.68 6.24e-27 5.53e-27 2.44e-27
54.8 0.68 5.39e-27 4.78e-27 2.1e-27
54.9 0.68 4.65e-27 4.12e-27 1.82e-27
55 0.68 4.01e-27 3.56e-27 1.57e-27
55.1 0.68 3.46e-27 3.07e-27 1.35e-27
55.2 0.68 2.99e-27 2.65e-27 1.17e-27
55.3 0.68 2.58e-27 2.29e-27 1.01e-27
55.4 0.68 2.23e-27 1.98e-27 8.7e-28
55.5 0.68 1.92e-27 1.71e-27 7.51e-28
55.6 0.68 1.66e-27 1.47e-27 6.48e-28
55.7 0.68 1.43e-27 1.27e-27 5.6e-28
55.8 0.68 1.24e-27 1.1e-27 4.83e-28
55.9 0.68 1.07e-27 9.47e-28 4.17e-28
56 0.68 9.22e-28 8.18e-28 3.6e-28
56.1 0.68 7.96e-28 7.06e-28 3.11e-28
56.2 0.68 6.87e-28 6.09e-28 2.68e-28
56.3 0.68 5.93e-28 5.26e-28 2.32e-28
56.4 0.68 5.12e-28 4.54e-28 2e-28
56.5 0.68 4.42e-28 3.92e-28 1.73e-28
56.6 0.68 3.82e-28 3.38e-28 1.49e-28
56.7 0.68 3.29e-28 2.92e-28 1.29e-28
56.8 0.68 2.84e-28 2.52e-28 1.11e-28
56.9 0.68 2.45e-28 2.18e-28 9.59e-29
57 0.68 2.12e-28 1.88e-28 8.27e-29
57.1 0.68 1.83e-28 1.62e-28 7.14e-29
57.2 0.68 1.58e-28 1.4e-28 6.17e-29
57.3 0.68 1.36e-28 1.21e-28 5.32e-29
57.4 0.68 1.18e-28 1.04e-28 4.59e-29
57.5 0.68 1.02e-28 9.01e-29 3.97e-29
57.6 0.68 8.77e-29 7.78e-29 3.42e-29
57.7 0.68 7.57e-29 6.71e-29 2.96e-29
57.8 0.68 6.53e-29 5.79e-29 2.55e-29
57.9 0.68 5.64e-29 5e-29 2.2e-29
58 0.68 4.87e-29 4.32e-29 1.9e-29
58.1 0.68 4.2e-29 3.73e-29 1.64e-29
58.2 0.68 3.63e-29 3.22e-29 1.42e-29
58.3 0.68 3.13e-29 2.78e-29 1.22e-29
58.4 0.68 2.7e-29 2.4e-29 1.06e-29
58.5 0.68 2.33e-29 2.07e-29 9.11e-30
58.6 0.68 2.01e-29 1.79e-29 7.87e-30
58.7 0.68 1.74e-29 1.54e-29 6.79e-30
58.8 0.68 1.5e-29 1.33e-29 5.86e-30
58.9 0.68 1.3e-29 1.15e-29 5.06e-30
59 0.68 1.12e-29 9.92e-30 4.37e-30
59.1 0.68 9.66e-30 8.57e-30 3.77e-30
59.2 0.68 8.34e-30 7.39e-30 3.26e-30
59.3 0.68 7.2e-30 6.38e-30 2.81e-30
59.4 0.68 6.21e-30 5.51e-30 2.43e-30
59.5 0.68 5.36e-30 4.76e-30 2.09e-30
59.6 0.68 4.63e-30 4.11e-30 1.81e-30
59.7 0.68 4e-30 3.54e-30 1.56e-30
59.8 0.68 3.45e-30 3.06e-30 1.35e-30
59.9 0.68 2.98e-30 2.64e-30 1.16e-30
60 0.68 2.57e-30 2.28e-30 1e-30
60.1 0.68 2.22e-30 1.97e-30 8.67e-31
60.2 0.68 1.92e-30 1.7e-30 7.48e-31
60.3 0.68 1.65e-30 1.47e-30 6.46e-31
60.4 0.68 1.43e-30 1.27e-30 5.58e-31
60.5 0.68 1.23e-30 1.09e-30 4.81e-31
60.6 0.68 1.06e-30 9.44e-31 4.15e-31
60.7 0.68 9.18e-31 8.15e-31 3.59e-31
60.8 0.68 7.93e-31 7.03e-31 3.1e-31
60.9 0.68 6.84e-31 6.07e-31 2.67e-31
61 0.68 5.91e-31 5.24e-31 2.31e-31
61.1 0.68 5.1e-31 4.52e-31 1.99e-31
61.2 0.68 4.4e-31 3.9e-31 1.72e-31
61.3 0.68 3.8e-31 3.37e-31 1.48e-31
61.4 0.68 3.28e-31 2.91e-31 1.28e-31
61.5 0.68 2.83e-31 2.51e-31 1.11e-31
61.6 0.68 2.44e-31 2.17e-31 9.55e-32
61.7 0.68 2.11e-31 1.87e-31 8.24e-32
61.8 0.68 1.82e-31 1.62e-31 7.11e-32
61.9 0.68 1.57e-31 1.39e-31 6.14e-32
62 0.68 1.36e-31 1.2e-31 5.3e-32
62.1 0.68 1.17e-31 1.04e-31 4.58e-32
62.2 0.68 1.01e-31 8.97e-32 3.95e-32
62.3 0.68 8.73e-32 7.75e-32 3.41e-32
62.4 0.68 7.54e-32 6.69e-32 2.94e-32
62.5 0.68 6.51e-32 5.77e-32 2.54e-32
62.6 0.68 5.62e-32 4.98e-32 2.19e-32
62.7 0.68 4.85e-32 4.3e-32 1.89e-32
62.8 0.68 4.19e-32 3.71e-32 1.63e-32
62.9 0.68 3.61e-32 3.21e-32 1.41e-32
63 0.68 3.12e-32 2.77e-32 1.22e-32
63.1 0.68 2.69e-32 2.39e-32 1.05e-32
63.2 0.68 2.32e-32 2.06e-32 9.08e-33
63.3 0.68 2.01e-32 1.78e-32 7.84e-33
63.4 0.68 1.73e-32 1.54e-32 6.76e-33
63.5 0.68 1.5e-32 1.33e-32 5.84e-33
63.6 0.68 1.29e-32 1.14e-32 5.04e-33
63.7 0.68 1.11e-32 9.88e-33 4.35e-33
63.8 0.68 9.62e-33 8.53e-33 3.76e-33
63.9 0.68 8.3e-33 7.37e-33 3.24e-33
64 0.68 7.17e-33 6.36e-33 2.8e-33
64.1 0.68 6.19e-33 5.49e-33 2.42e-33
64.2 0.68 5.34e-33 4.74e-33 2.09e-33
64.3 0.68 4.61e-33 4.09e-33 1.8e-33
64.4 0.68 3.98e-33 3.53e-33 1.55e-33
64.5 0.68 3.44e-33 3.05e-33 1.34e-33
64.6 0.68 2.97e-33 2.63e-33 1.16e-33
64.7 0.68 2.56e-33 2.27e-33 1e-33
64.8 0.68 2.21e-33 1.96e-33 8.63e-34
64.9 0.68 1.91e-33 1.69e-33 7.45e-34
65 0.68 1.65e-33 1.46e-33 6.43e-34
65.1 0.68 1.42e-33 1.26e-33 5.55e-34
65.2 0.68 1.23e-33 1.09e-33 4.79e-34
65.3 0.68 1.06e-33 9.4e-34 4.14e-34
65.4 0.68 9.15e-34 8.11e-34 3.57e-34
65.5 0.68 7.9e-34 7e-34 3.08e-34
65.6 0.68 6.82e-34 6.05e-34 2.66e-34
65.7 0.68 5.88e-34 5.22e-34 2.3e-34
65.8 0.68 5.08e-34 4.51e-34 1.98e-34
65.9 0.68 4.39e-34 3.89e-34 1.71e-34
66 0.68 3.79e-34 3.36e-34 1.48e-34
66.1 0.68 3.27e-34 2.9e-34 1.28e-34
66.2 0.68 2.82e-34 2.5e-34 1.1e-34
66.3 0.68 2.44e-34 2.16e-34 9.51e-35
66.4 0.68 2.1e-34 1.86e-34 8.21e-35
66.5 0.68 1.81e-34 1.61e-34 7.09e-35
66.6 0.68 1.57e-34 1.39e-34 6.12e-35
66.7 0.68 1.35e-34 1.2e-34 5.28e-35
66.8 0.68 1.17e-34 1.04e-34 4.56e-35
66.9 0.68 1.01e-34 8.94e-35 3.93e-35
67 0.68 8.7e-35 7.71e-35 3.4e-35
67.1 0.68 7.51e-35 6.66e-35 2.93e-35
67.2 0.68 6.48e-35 5.75e-35 2.53e-35
67.3 0.68 5.6e-35 4.96e-35 2.18e-35
67.4 0.68 4.83e-35 4.28e-35 1.89e-35
67.5 0.68 4.17e-35 3.7e-35 1.63e-35
67.6 0.68 3.6e-35 3.19e-35 1.41e-35
67.7 0.68 3.11e-35 2.76e-35 1.21e-35
67.8 0.68 2.68e-35 2.38e-35 1.05e-35
67.9 0.68 2.32e-35 2.05e-35 9.04e-36
68 0.68 2e-35 1.77e-35 7.81e-36
68.1 0.68 1.73e-35 1.53e-35 6.74e-36
68.2 0.68 1.49e-35 1.32e-35 5.82e-36
68.3 0.68 1.29e-35 1.14e-35 5.02e-36
68.4 0.68 1.11e-35 9.84e-36 4.33e-36
68.5 0.68 9.58e-36 8.5e-36 3.74e-36
68.6 0.68 8.27e-36 7.34e-36 3.23e-36
68.7 0.68 7.14e-36 6.33e-36 2.79e-36
68.8 0.68 6.16e-36 5.47e-36 2.41e-36
68.9 0.68 5.32e-36 4.72e-36 2.08e-36
69 0.68 4.59e-36 4.07e-36 1.79e-36
69.1 0.68 3.96e-36 3.52e-36 1.55e-36
69.2 0.68 3.42e-36 3.04e-36 1.34e-36
69.3 0.68 2.95e-36 2.62e-36 1.15e-36
69.4 0.68 2.55e-36 2.26e-36 9.96e-37
69.5 0.68 2.2e-36 1.95e-36 8.6e-37
69.6 0.68 1.9e-36 1.69e-36 7.42e-37
69.7 0.68 1.64e-36 1.46e-36 6.41e-37
69.8 0.68 1.42e-36 1.26e-36 5.53e-37
69.9 0.68 1.22e-36 1.08e-36 4.77e-37
70 0.68 1.06e-36 9.36e-37 4.12e-37
70.1 0.68 9.11e-37 8.08e-37 3.56e-37
70.2 0.68 7.86e-37 6.98e-37 3.07e-37
70.3 0.68 6.79e-37 6.02e-37 2.65e-37
70.4 0.68 5.86e-37 5.2e-37 2.29e-37
70.5 0.68 5.06e-37 4.49e-37 1.98e-37
70.6 0.68 4.37e-37 3.87e-37 1.71e-37
70.7 0.68 3.77e-37 3.34e-37 1.47e-37
70.8 0.68 3.25e-37 2.89e-37 1.27e-37
70.9 0.68 2.81e-37 2.49e-37 1.1e-37
71 0.68 2.43e-37 2.15e-37 9.47e-38
71.1 0.68 2.09e-37 1.86e-37 8.18e-38
71.2 0.68 1.81e-37 1.6e-37 7.06e-38
71.3 0.68 1.56e-37 1.38e-37 6.09e-38
71.4 0.68 1.35e-37 1.19e-37 5.26e-38
71.5 0.68 1.16e-37 1.03e-37 4.54e-38
71.6 0.68 1e-37 8.9e-38 3.92e-38
71.7 0.68 8.66e-38 7.68e-38 3.38e-38
71.8 0.68 7.48e-38 6.63e-38 2.92e-38
71.9 0.68 6.46e-38 5.73e-38 2.52e-38
72 0.68 5.57e-38 4.94e-38 2.18e-38
72.1 0.68 4.81e-38 4.27e-38 1.88e-38
72.2 0.68 4.15e-38 3.68e-38 1.62e-38
72.3 0.68 3.59e-38 3.18e-38 1.4e-38
72.4 0.68 3.09e-38 2.74e-38 1.21e-38
72.5 0.68 2.67e-38 2.37e-38 1.04e-38
72.6 0.68 2.31e-38 2.05e-38 9.01e-39
72.7 0.68 1.99e-38 1.77e-38 7.77e-39
72.8 0.68 1.72e-38 1.52e-38 6.71e-39
72.9 0.68 1.48e-38 1.32e-38 5.79e-39
73 0.68 1.28e-38 1.14e-38 5e-39
73.1 0.68 1.11e-38 9.8e-39 4.32e-39
73.2 0.68 9.54e-39 8.46e-39 3.73e-39
73.3 0.68 8.24e-39 7.31e-39 3.22e-39
73.4 0.68 7.11e-39 6.31e-39 2.78e-39
73.5 0.68 6.14e-39 5.44e-39 2.4e-39
73.6 0.68 5.3e-39 4.7e-39 2.07e-39
73.7 0.68 4.57e-39 4.06e-39 1.79e-39
73.8 0.68 3.95e-39 3.5e-39 1.54e-39
73.9 0.68 3.41e-39 3.02e-39 1.33e-39
74 0.68 2.94e-39 2.61e-39 1.15e-39
74.1 0.68 2.54e-39 2.25e-39 9.92e-40
74.2 0.68 2.19e-39 1.94e-39 8.56e-40
74.3 0.68 1.89e-39 1.68e-39 7.39e-40
74.4 0.68 1.63e-39 1.45e-39 6.38e-40
74.5 0.68 1.41e-39 1.25e-39 5.51e-40
74.6 0.68 1.22e-39 1.08e-39 4.76e-40
74.7 0.68 1.05e-39 9.32e-40 4.1e-40
74.8 0.68 9.07e-40 8.05e-40 3.54e-40
74.9 0.68 7.83e-40 6.95e-40 3.06e-40
75 0.68 6.76e-40 6e-40 2.64e-40
75.1 0.68 5.84e-40 5.18e-40 2.28e-40
75.2 0.68 5.04e-40 4.47e-40 1.97e-40
75.3 0.68 4.35e-40 3.86e-40 1.7e-40
75.4 0.68 3.76e-40 3.33e-40 1.47e-40
75.5 0.68 3.24e-40 2.87e-40 1.27e-40
75.6 0.68 2.8e-40 2.48e-40 1.09e-40
75.7 0.68 2.42e-40 2.14e-40 9.43e-41
75.8 0.68 2.09e-40 1.85e-40 8.14e-41
75.9 0.68 1.8e-40 1.6e-40 7.03e-41
76 0.68 1.55e-40 1.38e-40 6.07e-41
76.1 0.68 1.34e-40 1.19e-40 5.24e-41
76.2 0.68 1.16e-40 1.03e-40 4.52e-41
76.3 0.68 1e-40 8.87e-41 3.9e-41
76.4 0.68 8.63e-41 7.65e-41 3.37e-41
76.5 0.68 7.45e-41 6.61e-41 2.91e-41
76.6 0.68 6.43e-41 5.7e-41 2.51e-41
76.7 0.68 5.55e-41 4.92e-41 2.17e-41
76.8 0.68 4.79e-41 4.25e-41 1.87e-41
76.9 0.68 4.14e-41 3.67e-41 1.62e-41
77 0.68 3.57e-41 3.17e-41 1.39e-41
77.1 0.68 3.08e-41 2.73e-41 1.2e-41
77.2 0.68 2.66e-41 2.36e-41 1.04e-41
77.3 0.68 2.3e-41 2.04e-41 8.97e-42
77.4 0.68 1.98e-41 1.76e-41 7.74e-42
77.5 0.68 1.71e-41 1.52e-41 6.68e-42
77.6 0.68 1.48e-41 1.31e-41 5.77e-42
77.7 0.68 1.28e-41 1.13e-41 4.98e-42
77.8 0.68 1.1e-41 9.77e-42 4.3e-42
77.9 0.68 9.5e-42 8.43e-42 3.71e-42
78 0.68 8.21e-42 7.28e-42 3.2e-42
78.1 0.68 7.08e-42 6.28e-42 2.77e-42
78.2 0.68 6.11e-42 5.42e-42 2.39e-42
78.3 0.68 5.28e-42 4.68e-42 2.06e-42
78.4 0.68 4.56e-42 4.04e-42 1.78e-42
78.5 0.68 3.93e-42 3.49e-42 1.54e-42
78.6 0.68 3.4e-42 3.01e-42 1.33e-42
78.7 0.68 2.93e-42 2.6e-42 1.14e-42
78.8 0.68 2.53e-42 2.24e-42 9.88e-43
78.9 0.68 2.18e-42 1.94e-42 8.53e-43
79 0.68 1.89e-42 1.67e-42 7.36e-43
79.1 0.68 1.63e-42 1.44e-42 6.36e-43
79.2 0.68 1.41e-42 1.25e-42 5.49e-43
79.3 0.68 1.21e-42 1.08e-42 4.74e-43
79.4 0.68 1.05e-42 9.29e-43 4.09e-43
79.5 0.68 9.04e-43 8.02e-43 3.53e-43
79.6 0.68 7.8e-43 6.92e-43 3.05e-43
79.7 0.68 6.74e-43 5.97e-43 2.63e-43
79.8 0.68 5.81e-43 5.16e-43 2.27e-43
79.9 0.68 5.02e-43 4.45e-43 1.96e-43
80 0.68 4.33e-43 3.84e-43 1.69e-43
80.1 0.68 3.74e-43 3.32e-43 1.46e-43
80.2 0.68 3.23e-43 2.86e-43 1.26e-43
80.3 0.68 2.79e-43 2.47e-43 1.09e-43
80.4 0.68 2.41e-43 2.13e-43 9.39e-44
80.5 0.68 2.08e-43 1.84e-43 8.11e-44
80.6 0.68 1.79e-43 1.59e-43 7e-44
80.7 0.68 1.55e-43 1.37e-43 6.04e-44
80.8 0.68 1.34e-43 1.18e-43 5.22e-44
80.9 0.68 1.15e-43 1.02e-43 4.5e-44
81 0.68 9.96e-44 8.83e-44 3.89e-44
81.1 0.68 8.59e-44 7.62e-44 3.36e-44
81.2 0.68 7.42e-44 6.58e-44 2.9e-44
81.3 0.68 6.4e-44 5.68e-44 2.5e-44
81.4 0.68 5.53e-44 4.9e-44 2.16e-44
81.5 0.68 4.77e-44 4.23e-44 1.86e-44
81.6 0.68 4.12e-44 3.65e-44 1.61e-44
81.7 0.68 3.56e-44 3.15e-44 1.39e-44
81.8 0.68 3.07e-44 2.72e-44 1.2e-44
81.9 0.68 2.65e-44 2.35e-44 1.03e-44
82 0.68 2.29e-44 2.03e-44 8.93e-45
82.1 0.68 1.97e-44 1.75e-44 7.71e-45
82.2 0.68 1.7e-44 1.51e-44 6.66e-45
82.3 0.68 1.47e-44 1.31e-44 5.75e-45
82.4 0.68 1.27e-44 1.13e-44 4.96e-45
82.5 0.68 1.1e-44 9.73e-45 4.28e-45
82.6 0.68 9.47e-45 8.4e-45 3.7e-45
82.7 0.68 8.17e-45 7.25e-45 3.19e-45
82.8 0.68 7.05e-45 6.26e-45 2.75e-45
82.9 0.68 6.09e-45 5.4e-45 2.38e-45
83 0.68 5.26e-45 4.66e-45 2.05e-45
83.1 0.68 4.54e-45 4.02e-45 1.77e-45
83.2 0.68 3.92e-45 3.47e-45 1.53e-45
83.3 0.68 3.38e-45 3e-45 1.32e-45
83.4 0.68 2.92e-45 2.59e-45 1.14e-45
83.5 0.68 2.52e-45 2.23e-45 9.84e-46
83.6 0.68 2.18e-45 1.93e-45 8.49e-46
83.7 0.68 1.88e-45 1.67e-45 7.33e-46
83.8 0.68 1.62e-45 1.44e-45 6.33e-46
83.9 0.68 1.4e-45 1.24e-45 5.46e-46
84 0.68 1.21e-45 1.07e-45 4.72e-46
84.1 0.68 1.04e-45 9.25e-46 4.07e-46
84.2 0.68 9e-46 7.98e-46 3.52e-46
84.3 0.68 7.77e-46 6.89e-46 3.03e-46
84.4 0.68 6.71e-46 5.95e-46 2.62e-46
84.5 0.68 5.79e-46 5.14e-46 2.26e-46
84.6 0.68 5e-46 4.43e-46 1.95e-46
84.7 0.68 4.32e-46 3.83e-46 1.69e-46
84.8 0.68 3.73e-46 3.3e-46 1.45e-46
84.9 0.68 3.22e-46 2.85e-46 1.26e-46
85 0.68 2.78e-46 2.46e-46 1.08e-46
85.1 0.68 2.4e-46 2.13e-46 9.36e-47
85.2 0.68 2.07e-46 1.83e-46 8.08e-47
85.3 0.68 1.79e-46 1.58e-46 6.97e-47
85.4 0.68 1.54e-46 1.37e-46 6.02e-47
85.5 0.68 1.33e-46 1.18e-46 5.2e-47
85.6 0.68 1.15e-46 1.02e-46 4.49e-47
85.7 0.68 9.92e-47 8.79e-47 3.87e-47
85.8 0.68 8.56e-47 7.59e-47 3.34e-47
85.9 0.68 7.39e-47 6.55e-47 2.89e-47
86 0.68 6.38e-47 5.66e-47 2.49e-47
86.1 0.68 5.51e-47 4.88e-47 2.15e-47
86.2 0.68 4.75e-47 4.22e-47 1.86e-47
86.3 0.68 4.1e-47 3.64e-47 1.6e-47
86.4 0.68 3.54e-47 3.14e-47 1.38e-47
86.5 0.68 3.06e-47 2.71e-47 1.19e-47
86.6 0.68 2.64e-47 2.34e-47 1.03e-47
86.7 0.68 2.28e-47 2.02e-47 8.9e-48
86.8 0.68 1.97e-47 1.74e-47 7.68e-48
86.9 0.68 1.7e-47 1.51e-47 6.63e-48
87 0.68 1.47e-47 1.3e-47 5.72e-48
87.1 0.68 1.27e-47 1.12e-47 4.94e-48
87.2 0.68 1.09e-47 9.69e-48 4.27e-48
87.3 0.68 9.43e-48 8.36e-48 3.68e-48
87.4 0.68 8.14e-48 7.22e-48 3.18e-48
87.5 0.68 7.03e-48 6.23e-48 2.74e-48
87.6 0.68 6.07e-48 5.38e-48 2.37e-48
87.7 0.68 5.24e-48 4.64e-48 2.04e-48
87.8 0.68 4.52e-48 4.01e-48 1.77e-48
87.9 0.68 3.9e-48 3.46e-48 1.52e-48
88 0.68 3.37e-48 2.99e-48 1.32e-48
88.1 0.68 2.91e-48 2.58e-48 1.14e-48
88.2 0.68 2.51e-48 2.23e-48 9.8e-49
88.3 0.68 2.17e-48 1.92e-48 8.46e-49
88.4 0.68 1.87e-48 1.66e-48 7.3e-49
88.5 0.68 1.61e-48 1.43e-48 6.3e-49
88.6 0.68 1.39e-48 1.24e-48 5.44e-49
88.7 0.68 1.2e-48 1.07e-48 4.7e-49
88.8 0.68 1.04e-48 9.21e-49 4.06e-49
88.9 0.68 8.97e-49 7.95e-49 3.5e-49
89 0.68 7.74e-49 6.86e-49 3.02e-49
89.1 0.68 6.68e-49 5.93e-49 2.61e-49
89.2 0.68 5.77e-49 5.12e-49 2.25e-49
89.3 0.68 4.98e-49 4.42e-49 1.94e-49
89.4 0.68 4.3e-49 3.81e-49 1.68e-49
89.5 0.68 3.71e-49 3.29e-49 1.45e-49
89.6 0.68 3.2e-49 2.84e-49 1.25e-49
89.7 0.68 2.76e-49 2.45e-49 1.08e-49
89.8 0.68 2.39e-49 2.12e-49 9.32e-50
89.9 0.68 2.06e-49 1.83e-49 8.05e-50
90 0.68 1.78e-49 1.58e-49 6.95e-50
90.1 0.68 1.54e-49 1.36e-49 6e-50
90.2 0.68 1.33e-49 1.18e-49 5.18e-50
90.3 0.68 1.14e-49 1.01e-49 4.47e-50
90.4 0.68 9.88e-50 8.76e-50 3.86e-50
90.5 0.68 8.53e-50 7.56e-50 3.33e-50
90.6 0.68 7.36e-50 6.53e-50 2.87e-50
90.7 0.68 6.35e-50 5.63e-50 2.48e-50
90.8 0.68 5.48e-50 4.86e-50 2.14e-50
90.9 0.68 4.73e-50 4.2e-50 1.85e-50
91 0.68 4.09e-50 3.62e-50 1.6e-50
91.1 0.68 3.53e-50 3.13e-50 1.38e-50
91.2 0.68 3.05e-50 2.7e-50 1.19e-50
91.3 0.68 2.63e-50 2.33e-50 1.03e-50
91.4 0.68 2.27e-50 2.01e-50 8.86e-51
91.5 0.68 1.96e-50 1.74e-50 7.65e-51
91.6 0.68 1.69e-50 1.5e-50 6.6e-51
91.7 0.68 1.46e-50 1.29e-50 5.7e-51
91.8 0.68 1.26e-50 1.12e-50 4.92e-51
91.9 0.68 1.09e-50 9.65e-51 4.25e-51
92 0.68 9.39e-51 8.33e-51 3.67e-51
92.1 0.68 8.11e-51 7.19e-51 3.17e-51
92.2 0.68 7e-51 6.21e-51 2.73e-51
92.3 0.68 6.04e-51 5.36e-51 2.36e-51
92.4 0.68 5.22e-51 4.63e-51 2.04e-51
92.5 0.68 4.5e-51 3.99e-51 1.76e-51
92.6 0.68 3.89e-51 3.45e-51 1.52e-51
92.7 0.68 3.35e-51 2.98e-51 1.31e-51
92.8 0.68 2.9e-51 2.57e-51 1.13e-51
92.9 0.68 2.5e-51 2.22e-51 9.76e-52
93 0.68 2.16e-51 1.91e-51 8.43e-52
93.1 0.68 1.86e-51 1.65e-51 7.27e-52
93.2 0.68 1.61e-51 1.43e-51 6.28e-52
93.3 0.68 1.39e-51 1.23e-51 5.42e-52
93.4 0.68 1.2e-51 1.06e-51 4.68e-52
93.5 0.68 1.03e-51 9.17e-52 4.04e-52
93.6 0.68 8.93e-52 7.92e-52 3.49e-52
93.7 0.68 7.71e-52 6.84e-52 3.01e-52
93.8 0.68 6.65e-52 5.9e-52 2.6e-52
93.9 0.68 5.74e-52 5.09e-52 2.24e-52
94 0.68 4.96e-52 4.4e-52 1.94e-52
94.1 0.68 4.28e-52 3.8e-52 1.67e-52
94.2 0.68 3.7e-52 3.28e-52 1.44e-52
94.3 0.68 3.19e-52 2.83e-52 1.25e-52
94.4 0.68 2.75e-52 2.44e-52 1.08e-52
94.5 0.68 2.38e-52 2.11e-52 9.28e-53
94.6 0.68 2.05e-52 1.82e-52 8.01e-53
94.7 0.68 1.77e-52 1.57e-52 6.92e-53
94.8 0.68 1.53e-52 1.36e-52 5.97e-53
94.9 0.68 1.32e-52 1.17e-52 5.15e-53
95 0.68 1.14e-52 1.01e-52 4.45e-53
95.1 0.68 9.84e-53 8.72e-53 3.84e-53
95.2 0.68 8.49e-53 7.53e-53 3.32e-53
95.3 0.68 7.33e-53 6.5e-53 2.86e-53
95.4 0.68 6.33e-53 5.61e-53 2.47e-53
95.5 0.68 5.46e-53 4.84e-53 2.13e-53
95.6 0.68 4.72e-53 4.18e-53 1.84e-53
95.7 0.68 4.07e-53 3.61e-53 1.59e-53
95.8 0.68 3.51e-53 3.12e-53 1.37e-53
95.9 0.68 3.03e-53 2.69e-53 1.18e-53
96 0.68 2.62e-53 2.32e-53 1.02e-53
96.1 0.68 2.26e-53 2e-53 8.83e-54
96.2 0.68 1.95e-53 1.73e-53 7.62e-54
96.3 0.68 1.68e-53 1.49e-53 6.58e-54
96.4 0.68 1.45e-53 1.29e-53 5.68e-54
96.5 0.68 1.26e-53 1.11e-53 4.9e-54
96.6 0.68 1.08e-53 9.61e-54 4.23e-54
96.7 0.68 9.35e-54 8.3e-54 3.65e-54
96.8 0.68 8.07e-54 7.16e-54 3.15e-54
96.9 0.68 6.97e-54 6.18e-54 2.72e-54
97 0.68 6.02e-54 5.34e-54 2.35e-54
97.1 0.68 5.19e-54 4.61e-54 2.03e-54
97.2 0.68 4.48e-54 3.98e-54 1.75e-54
97.3 0.68 3.87e-54 3.43e-54 1.51e-54
97.4 0.68 3.34e-54 2.96e-54 1.3e-54
97.5 0.68 2.88e-54 2.56e-54 1.13e-54
97.6 0.68 2.49e-54 2.21e-54 9.72e-55
97.7 0.68 2.15e-54 1.91e-54 8.39e-55
97.8 0.68 1.86e-54 1.65e-54 7.25e-55
97.9 0.68 1.6e-54 1.42e-54 6.25e-55
98 0.68 1.38e-54 1.23e-54 5.4e-55
98.1 0.68 1.19e-54 1.06e-54 4.66e-55
98.2 0.68 1.03e-54 9.14e-55 4.02e-55
98.3 0.68 8.89e-55 7.89e-55 3.47e-55
98.4 0.68 7.68e-55 6.81e-55 3e-55
98.5 0.68 6.63e-55 5.88e-55 2.59e-55
98.6 0.68 5.72e-55 5.07e-55 2.23e-55
98.7 0.68 4.94e-55 4.38e-55 1.93e-55
98.8 0.68 4.26e-55 3.78e-55 1.66e-55
98.9 0.68 3.68e-55 3.26e-55 1.44e-55
99 0.68 3.18e-55 2.82e-55 1.24e-55
99.1 0.68 2.74e-55 2.43e-55 1.07e-55
99.2 0.68 2.37e-55 2.1e-55 9.25e-56
99.3 0.68 2.04e-55 1.81e-55 7.98e-56
99.4 0.68 1.76e-55 1.56e-55 6.89e-56
99.5 0.68 1.52e-55 1.35e-55 5.95e-56
99.6 0.68 1.31e-55 1.17e-55 5.13e-56
99.7 0.68 1.13e-55 1.01e-55 4.43e-56
99.8 0.68 9.8e-56 8.69e-56 3.83e-56
99.9 0.68 8.46e-56 7.5e-56 3.3e-56
