-25 0.6 2.61e-17 2.09e-16 5.42e-16
-24.9 0.6 3.08e-17 2.47e-16 6.41e-16
-24.8 0.6 3.64e-17 2.92e-16 7.57e-16
-24.7 0.6 4.3e-17 3.45e-16 8.94e-16
-24.6 0.6 5.09e-17 4.08e-16 1.06e-15
-24.5 0.6 6.01e-17 4.82e-16 1.25e-15
-24.4 0.6 7.1e-17 5.69e-16 1.47e-15
-24.3 0.6 8.38e-17 6.72e-16 1.74e-15
-24.2 0.6 9.9e-17 7.94e-16 2.06e-15
-24.1 0.6 1.17e-16 9.38e-16 2.43e-15
-24 0.6 1.38e-16 1.11e-15 2.87e-15
-23.9 0.6 1.63e-16 1.31e-15 3.39e-15
-23.8 0.6 1.93e-16 1.55e-15 4.01e-15
-23.7 0.6 2.28e-16 1.83e-15 4.73e-15
-23.6 0.6 2.69e-16 2.16e-15 5.59e-15
-23.5 0.6 3.18e-16 2.55e-15 6.61e-15
-23.4 0.6 3.76e-16 3.01e-15 7.81e-15
-23.3 0.6 4.44e-16 3.56e-15 9.22e-15
-23.2 0.6 5.24e-16 4.2e-15 1.09e-14
-23.1 0.6 6.2e-16 4.97e-15 1.29e-14
-23 0.6 7.32e-16 5.87e-15 1.52e-14
-22.9 0.6 8.65e-16 6.93e-15 1.8e-14
-22.8 0.6 1.02e-15 8.19e-15 2.12e-14
-22.7 0.6 1.21e-15 9.68e-15 2.51e-14
-22.6 0.6 1.43e-15 1.14e-14 2.96e-14
-22.5 0.6 1.68e-15 1.35e-14 3.5e-14
-22.4 0.6 1.99e-15 1.6e-14 4.13e-14
-22.3 0.6 2.35e-15 1.88e-14 4.88e-14
-22.2 0.6 2.78e-15 2.23e-14 5.77e-14
-22.1 0.6 3.28e-15 2.63e-14 6.81e-14
-22 0.6 3.87e-15 3.11e-14 8.05e-14
-21.9 0.6 4.58e-15 3.67e-14 9.51e-14
-21.8 0.6 5.41e-15 4.34e-14 1.12e-13
-21.7 0.6 6.39e-15 5.12e-14 1.33e-13
-21.6 0.6 7.55e-15 6.05e-14 1.57e-13
-21.5 0.6 8.92e-15 7.15e-14 1.85e-13
-21.4 0.6 1.05e-14 8.45e-14 2.19e-13
-21.3 0.6 1.24e-14 9.98e-14 2.59e-13
-21.2 0.6 1.47e-14 1.18e-13 3.05e-13
-21.1 0.6 1.74e-14 1.39e-13 3.61e-13
-21 0.6 2.05e-14 1.65e-13 4.26e-13
-20.9 0.6 2.42e-14 1.94e-13 5.04e-13
-20.8 0.6 2.86e-14 2.3e-13 5.95e-13
-20.7 0.6 3.38e-14 2.71e-13 7.03e-13
-20.6 0.6 4e-14 3.2e-13 8.3e-13
-20.5 0.6 4.72e-14 3.79e-13 9.81e-13
-20.4 0.6 5.58e-14 4.47e-13 1.16e-12
-20.3 0.6 6.59e-14 5.28e-13 1.37e-12
-20.2 0.6 7.78e-14 6.24e-13 1.62e-12
-20.1 0.6 9.19e-14 7.37e-13 1.91e-12
-20 0.6 1.09e-13 8.71e-13 2.26e-12
-19.9 0.6 1.28e-13 1.03e-12 2.67e-12
-19.8 0.6 1.52e-13 1.22e-12 3.15e-12
-19.7 0.6 1.79e-13 1.44e-12 3.72e-12
-19.6 0.6 2.12e-13 1.7e-12 4.4e-12
-19.5 0.6 2.5e-13 2e-12 5.19e-12
-19.4 0.6 2.95e-13 2.37e-12 6.13e-12
-19.3 0.6 3.49e-13 2.8e-12 7.25e-12
-19.2 0.6 4.12e-13 3.3e-12 8.56e-12
-15.9 0.6 1.01e-10 8.08e-10 2.09e-09
-15.8 0.6 1.19e-10 9.55e-10 2.47e-09
-15.7 0.6 1.41e-10 1.13e-09 2.92e-09
-15.6 0.6 1.66e-10 1.33e-09 3.45e-09
-15.5 0.6 1.96e-10 1.57e-09 4.08e-09
-15.4 0.6 2.32e-10 1.86e-09 4.82e-09
-15.3 0.6 2.74e-10 2.2e-09 5.69e-09
-15.2 0.6 3.24e-10 2.6e-09 6.73e-09
-15.1 0.6 3.83e-10 3.07e-09 7.95e-09
-15 0.6 4.52e-10 3.62e-09 9.39e-09
-14.9 0.6 5.34e-10 4.28e-09 1.11e-08
-14.8 0.6 6.31e-10 5.06e-09 1.31e-08
-14.7 0.6 7.45e-10 5.97e-09 1.55e-08
-14.6 0.6 8.8e-10 7.06e-09 1.83e-08
-14.5 0.6 1.04e-09 8.34e-09 2.16e-08
-14.4 0.6 1.23e-09 9.85e-09 2.55e-08
-14.3 0.6 1.45e-09 1.16e-08 3.01e-08
-14.2 0.6 1.71e-09 1.37e-08 3.56e-08
-14.1 0.6 2.03e-09 1.62e-08 4.21e-08
-14 0.6 2.39e-09 1.92e-08 4.97e-08
-13.9 0.6 2.83e-09 2.27e-08 5.87e-08
-13.8 0.6 3.34e-09 2.68e-08 6.94e-08
-13.7 0.6 3.94e-09 3.16e-08 8.19e-08
-13.6 0.6 4.66e-09 3.74e-08 9.68e-08
-13.5 0.6 5.51e-09 4.41e-08 1.14e-07
-13.4 0.6 6.5e-09 5.21e-08 1.35e-07
-13.3 0.6 7.68e-09 6.16e-08 1.6e-07
-13.2 0.6 9.08e-09 7.28e-08 1.89e-07
-13.1 0.6 1.07e-08 8.6e-08 2.23e-07
-13 0.6 1.27e-08 1.02e-07 2.63e-07
-12.9 0.6 1.5e-08 1.2e-07 3.11e-07
-12.8 0.6 1.77e-08 1.42e-07 3.67e-07
-12.7 0.6 2.09e-08 1.67e-07 4.34e-07
-12.6 0.6 2.47e-08 1.98e-07 5.13e-07
-12.5 0.6 2.91e-08 2.34e-07 6.06e-07
-12.4 0.6 3.44e-08 2.76e-07 7.15e-07
-12.3 0.6 4.07e-08 3.26e-07 8.45e-07
-12.2 0.6 4.81e-08 3.85e-07 9.98e-07
-12.1 0.6 5.68e-08 4.55e-07 1.18e-06
-12 0.6 6.71e-08 5.38e-07 1.39e-06
-11.9 0.6 7.92e-08 6.35e-07 1.65e-06
-11.8 0.6 9.36e-08 7.51e-07 1.94e-06
-11.7 0.6 1.11e-07 8.87e-07 2.3e-06
-11.6 0.6 1.31e-07 1.05e-06 2.71e-06
-11.5 0.6 1.54e-07 1.24e-06 3.21e-06
-11.4 0.6 1.82e-07 1.46e-06 3.79e-06
-11.3 0.6 2.15e-07 1.73e-06 4.47e-06
-11.2 0.6 2.54e-07 2.04e-06 5.29e-06
-11.1 0.6 3.01e-07 2.41e-06 6.24e-06
-11 0.6 3.55e-07 2.85e-06 7.38e-06
-10.9 0.6 4.19e-07 3.36e-06 8.71e-06
-10.8 0.6 4.95e-07 3.97e-06 1.03e-05
-10.7 0.6 5.85e-07 4.69e-06 1.22e-05
-10.6 0.6 6.91e-07 5.55e-06 1.44e-05
-10.5 0.6 8.17e-07 6.55e-06 1.7e-05
-10.4 0.6 9.65e-07 7.74e-06 2.01e-05
-10.3 0.6 1.14e-06 9.14e-06 2.37e-05
-10.2 0.6 1.35e-06 1.08e-05 2.8e-05
-10.1 0.6 1.59e-06 1.28e-05 3.31e-05
-10 0.6 1.88e-06 1.51e-05 3.91e-05
-9.9 0.6 2.22e-06 1.78e-05 4.61e-05
-9.8 0.6 2.62e-06 2.1e-05 5.45e-05
-9.7 0.6 3.1e-06 2.48e-05 6.44e-05
-9.6 0.6 3.66e-06 2.94e-05 7.61e-05
-9.5 0.6 4.32e-06 3.47e-05 8.99e-05
-9.4 0.6 5.1e-06 4.1e-05 0.000106
-9.3 0.6 6.02e-06 4.84e-05 0.000125
-9.2 0.6 7.11e-06 5.72e-05 0.000148
-9.1 0.6 8.4e-06 6.75e-05 0.000175
-9 0.6 9.91e-06 7.97e-05 0.000207
-8.9 0.6 1.17e-05 9.42e-05 0.000244
-8.8 0.6 1.38e-05 0.000111 0.000289
-8.7 0.6 1.63e-05 0.000131 0.000341
-8.6 0.6 1.92e-05 0.000155 0.000403
-8.5 0.6 2.27e-05 0.000183 0.000476
-8.4 0.6 2.67e-05 0.000216 0.000562
-8.3 0.6 3.15e-05 0.000256 0.000664
-8.2 0.6 3.72e-05 0.000302 0.000784
-8.1 0.6 4.38e-05 0.000356 0.000927
-8 0.6 5.15e-05 0.000421 0.00109
-7.9 0.6 6.06e-05 0.000497 0.00129
-7.8 0.6 7.13e-05 0.000586 0.00153
-7.7 0.6 8.37e-05 0.000692 0.0018
-7.6 0.6 9.82e-05 0.000816 0.00213
-7.5 0.6 0.000115 0.000962 0.00252
-7.4 0.6 0.000135 0.00113 0.00298
-7.3 0.6 0.000157 0.00134 0.00351
-7.2 0.6 0.000183 0.00158 0.00415
-7.1 0.6 0.000213 0.00186 0.0049
-7 0.6 0.000247 0.00219 0.00579
-6.9 0.6 0.000286 0.00257 0.00684
-6.8 0.6 0.000329 0.00302 0.00808
-6.7 0.6 0.000377 0.00358 0.00954
-6.6 0.6 0.000429 0.00424 0.0113
-6.5 0.6 0.000485 0.00502 0.0133
-6.4 0.6 0.000543 0.00595 0.0157
-6.3 0.6 0.000603 0.00704 0.0185
-6.2 0.6 0.000662 0.00835 0.0219
-6.1 0.6 0.000717 0.00989 0.0258
-6 0.6 0.000766 0.0117 0.0304
-5.9 0.6 0.000804 0.0139 0.0357
-5.8 0.6 0.00207 0.0175 0.0432
-5.7 0.6 0.0023 0.0207 0.0507
-5.6 0.6 0.00257 0.0244 0.0592
-5.5 0.6 0.00292 0.0285 0.0688
-5.4 0.6 0.00343 0.0333 0.0795
-5.3 0.6 0.00424 0.0385 0.0909
-5.2 0.6 0.00821 0.0458 0.105
-5.1 0.6 0.0106 0.0515 0.117
-5 0.6 0.0143 0.0568 0.127
-4.9 0.6 0.0195 0.0614 0.135
-4.8 0.6 0.0267 0.0647 0.138
-4.7 0.6 0.036 0.0664 0.138
-4.6 0.6 0.0472 0.0662 0.133
-4.5 0.6 0.0594 0.0629 0.124
-4.4 0.6 0.0735 0.062 0.114
-4.3 0.6 0.088 0.063 0.104
-4.2 0.6 0.102 0.0641 0.0928
-4.1 0.6 0.115 0.0653 0.0821
-4 0.6 0.128 0.0601 0.0729
-3.9 0.6 0.141 0.0623 0.0649
-3.8 0.6 0.152 0.0637 0.0566
-3.7 0.6 0.161 0.0637 0.0471
-3.6 0.6 0.167 0.0611 0.0358
-3.5 0.6 0.185 0.0584 0.0377
-3.4 0.6 0.19 0.056 0.0283
-3.3 0.6 0.192 0.0503 0.0172
-3.2 0.6 0.192 0.0407 0.0345
-3.1 0.6 0.169 0.0458 0.108
-3 0.6 0.166 0.0446 0.114
-2.9 0.6 0.166 0.0543 0.105
-2.8 0.6 0.142 0.0878 0.122
-2.7 0.6 0.158 0.0814 0.146
-2.6 0.6 0.185 0.0636 0.154
-2.5 0.6 0.207 0.0514 0.0933
-2.4 0.6 0.322 0.285 0.162
-2.3 0.6 0.355 0.262 0.0936
-2.2 0.6 0.313 0.148 0.0804
-2.1 0.6 0.328 0.113 0.0485
-2 0.6 0.329 0.0379 0.0397
-1.9 0.6 0.342 0.0512 0.0422
-1.8 0.6 0.361 0.187 0.122
-1.7 0.6 0.295 0.119 0.159
-1.6 0.6 0.337 0.0566 0.0364
-1.5 0.6 0.327 0.0366 0.0677
-1.4 0.6 0.308 0.0475 0.125
-1.3 0.6 0.356 0.0132 0.0345
-1.2 0.6 0.37 0.0278 0.0429
-1.1 0.6 0.386 0.0296 0.0335
-1 0.6 0.41 0.0425 0.0189
-0.9 0.6 0.416 0.0149 0.00984
-0.8 0.6 0.417 0.0441 0.0314
-0.7 0.6 0.461 0.0369 0.0324
-0.6 0.6 0.46 0.0152 0.0139
-0.5 0.6 0.449 0.0217 0.0136
-0.4 0.6 0.469 0.0251 0.0287
-0.3 0.6 0.476 0.0315 0.0397
-0.2 0.6 0.485 0.0251 0.0336
-0.1 0.6 0.496 0.00802 0.0121
1.78e-15 0.6 0.502 0.0247 0.0342
0.1 0.6 0.526 0.0444 0.0257
0.2 0.6 0.557 0.185 0.124
0.3 0.6 0.558 0.0554 0.0255
0.4 0.6 0.57 0.0341 0.0275
0.5 0.6 0.634 0.139 0.0825
0.6 0.6 0.633 0.0888 0.0733
0.7 0.6 0.571 0.0598 0.0657
0.8 0.6 0.566 0.0494 0.0829
0.9 0.6 0.563 0.0343 0.0844
1 0.6 0.547 0.0902 0.194
1.1 0.6 0.534 0.0771 0.179
1.2 0.6 0.581 0.0367 0.042
1.3 0.6 0.582 0.0412 0.0933
1.4 0.6 0.594 0.0489 0.109
1.5 0.6 0.609 0.0676 0.108
1.6 0.6 0.647 0.0555 0.0293
1.7 0.6 0.603 0.0742 0.142
1.8 0.6 0.623 0.0853 0.119
1.9 0.6 0.661 0.0654 0.0231
2 0.6 0.668 0.0671 0.0315
2.1 0.6 0.666 0.0714 0.0523
2.2 0.6 0.727 0.139 0.113
2.3 0.6 0.669 0.0603 0.126
2.4 0.6 0.794 0.262 0.101
2.5 0.6 0.716 0.0353 0.0253
2.6 0.6 0.706 0.0125 0.0158
2.7 0.6 0.699 0.00716 0.00895
2.8 0.6 0.699 0.00504 0.0077
2.9 0.6 0.697 0.00396 0.00528
3 0.6 0.695 0.00373 0.00291
3.1 0.6 0.694 0.00305 0.00179
3.2 0.6 0.693 0.000997 0.00116
3.3 0.6 0.693 0.000271 0.000527
3.4 0.6 0.693 0.000238 0.000168
3.5 0.6 0.693 0.000457 0.000471
3.6 0.6 0.693 0.000924 0.000734
3.7 0.6 0.693 0.00135 0.000962
3.8 0.6 0.693 0.00172 0.00116
3.9 0.6 0.694 0.00205 0.00134
4 0.6 0.694 0.00232 0.00149
4.1 0.6 0.694 0.00256 0.00162
4.2 0.6 0.694 0.00275 0.00174
4.3 0.6 0.694 0.00292 0.00184
4.4 0.6 0.694 0.00305 0.00193
4.5 0.6 0.694 0.00315 0.002
4.6 0.6 0.695 0.00323 0.00205
4.7 0.6 0.695 0.0033 0.00209
4.8 0.6 0.695 0.00334 0.00212
4.9 0.6 0.695 0.00336 0.00214
5 0.6 0.695 0.00337 0.00215
5.1 0.6 0.695 0.00336 0.00214
5.2 0.6 0.695 0.00334 0.00212
5.3 0.6 0.695 0.0033 0.00209
5.4 0.6 0.695 0.00323 0.00205
5.5 0.6 0.694 0.00315 0.002
5.6 0.6 0.694 0.00305 0.00193
5.7 0.6 0.694 0.00292 0.00184
5.8 0.6 0.694 0.00275 0.00174
5.9 0.6 0.694 0.00256 0.00162
6 0.6 0.694 0.00232 0.00149
6.1 0.6 0.694 0.00205 0.00134
6.2 0.6 0.693 0.00172 0.00116
6.3 0.6 0.693 0.00135 0.000962
6.4 0.6 0.693 0.000924 0.000734
6.5 0.6 0.693 0.000457 0.000471
6.6 0.6 0.693 0.000238 0.000168
6.7 0.6 0.693 0.000271 0.000527
6.8 0.6 0.693 0.000997 0.00116
6.9 0.6 0.694 0.00305 0.00179
7 0.6 0.695 0.00373 0.00291
7.1 0.6 0.697 0.00396 0.00528
7.2 0.6 0.699 0.00504 0.0077
7.3 0.6 0.699 0.00716 0.00895
7.4 0.6 0.706 0.0125 0.0158
7.5 0.6 0.716 0.0353 0.0253
7.6 0.6 0.794 0.262 0.101
7.7 0.6 0.669 0.0603 0.126
7.8 0.6 0.727 0.139 0.113
7.9 0.6 0.666 0.0714 0.0523
8 0.6 0.668 0.0671 0.0315
8.1 0.6 0.661 0.0654 0.0231
8.2 0.6 0.623 0.0853 0.119
8.3 0.6 0.603 0.0742 0.142
8.4 0.6 0.647 0.0555 0.0293
8.5 0.6 0.609 0.0676 0.108
8.6 0.6 0.594 0.0489 0.109
8.7 0.6 0.582 0.0412 0.0933
8.8 0.6 0.581 0.0367 0.042
8.9 0.6 0.534 0.0771 0.179
9 0.6 0.547 0.0902 0.194
9.1 0.6 0.563 0.0343 0.0844
9.2 0.6 0.566 0.0494 0.0829
9.3 0.6 0.571 0.0598 0.0657
9.4 0.6 0.633 0.0888 0.0733
9.5 0.6 0.634 0.139 0.0825
9.6 0.6 0.57 0.0341 0.0275
9.7 0.6 0.558 0.0554 0.0255
9.8 0.6 0.557 0.185 0.124
9.9 0.6 0.526 0.0444 0.0257
10 0.6 0.502 0.0247 0.0342
10.1 0.6 0.496 0.00802 0.0121
10.2 0.6 0.485 0.0251 0.0336
10.3 0.6 0.476 0.0315 0.0397
10.4 0.6 0.469 0.0251 0.0287
10.5 0.6 0.449 0.0217 0.0136
10.6 0.6 0.46 0.0152 0.0139
10.7 0.6 0.461 0.0369 0.0324
10.8 0.6 0.417 0.0441 0.0314
10.9 0.6 0.416 0.0149 0.00984
11 0.6 0.41 0.0425 0.0189
11.1 0.6 0.386 0.0296 0.0335
11.2 0.6 0.37 0.0278 0.0429
11.3 0.6 0.356 0.0132 0.0345
11.4 0.6 0.308 0.0475 0.125
11.5 0.6 0.327 0.0366 0.0677
11.6 0.6 0.337 0.0566 0.0364
11.7 0.6 0.295 0.119 0.159
11.8 0.6 0.361 0.187 0.122
11.9 0.6 0.342 0.0512 0.0422
12 0.6 0.329 0.0379 0.0397
12.1 0.6 0.328 0.113 0.0485
12.2 0.6 0.313 0.148 0.0804
12.3 0.6 0.355 0.262 0.0936
12.4 0.6 0.322 0.285 0.162
12.5 0.6 0.207 0.0514 0.0933
12.6 0.6 0.185 0.0636 0.154
12.7 0.6 0.158 0.0814 0.146
12.8 0.6 0.142 0.0878 0.122
12.9 0.6 0.166 0.0543 0.105
13 0.6 0.166 0.0446 0.114
13.1 0.6 0.169 0.0458 0.108
13.2 0.6 0.192 0.0407 0.0345
13.3 0.6 0.192 0.0503 0.0172
13.4 0.6 0.19 0.056 0.0283
13.5 0.6 0.185 0.0584 0.0377
13.6 0.6 0.167 0.0611 0.0358
13.7 0.6 0.161 0.0637 0.0471
13.8 0.6 0.152 0.0637 0.0566
13.9 0.6 0.141 0.0623 0.0649
14 0.6 0.128 0.0601 0.0729
14.1 0.6 0.115 0.0653 0.0821
14.2 0.6 0.102 0.0641 0.0928
14.3 0.6 0.088 0.063 0.104
14.4 0.6 0.0735 0.062 0.114
14.5 0.6 0.0594 0.0629 0.124
14.6 0.6 0.0472 0.0662 0.133
14.7 0.6 0.036 0.0664 0.138
14.8 0.6 0.0267 0.0647 0.138
14.9 0.6 0.0195 0.0614 0.135
15 0.6 0.0143 0.0568 0.127
15.1 0.6 0.0106 0.0515 0.117
15.2 0.6 0.00821 0.0458 0.105
15.3 0.6 0.00424 0.0385 0.0909
15.4 0.6 0.00343 0.0333 0.0795
15.5 0.6 0.00292 0.0285 0.0688
15.6 0.6 0.00257 0.0244 0.0592
15.7 0.6 0.0023 0.0207 0.0507
15.8 0.6 0.00207 0.0175 0.0432
15.9 0.6 0.000804 0.0139 0.0357
16 0.6 0.000766 0.0117 0.0304
16.1 0.6 0.000717 0.00989 0.0258
16.2 0.6 0.000662 0.00835 0.0219
16.3 0.6 0.000603 0.00704 0.0185
16.4 0.6 0.000543 0.00595 0.0157
16.5 0.6 0.000485 0.00502 0.0133
16.6 0.6 0.000429 0.00424 0.0113
16.7 0.6 0.000377 0.00358 0.00954
16.8 0.6 0.000329 0.00302 0.00808
16.9 0.6 0.000286 0.00257 0.00684
17 0.6 0.000247 0.00219 0.00579
17.1 0.6 0.000213 0.00186 0.0049
17.2 0.6 0.000183 0.00158 0.00415
17.3 0.6 0.000157 0.00134 0.00351
17.4 0.6 0.000135 0.00113 0.00298
17.5 0.6 0.000115 0.000962 0.00252
17.6 0.6 9.82e-05 0.000816 0.00213
17.7 0.6 8.37e-05 0.000692 0.0018
17.8 0.6 7.13e-05 0.000586 0.00153
17.9 0.6 6.06e-05 0.000497 0.00129
18 0.6 5.15e-05 0.000421 0.00109
18.1 0.6 4.38e-05 0.000356 0.000927
18.2 0.6 3.72e-05 0.000302 0.000784
18.3 0.6 3.15e-05 0.000256 0.000664
18.4 0.6 2.67e-05 0.000216 0.000562
18.5 0.6 2.27e-05 0.000183 0.000476
18.6 0.6 1.92e-05 0.000155 0.000403
18.7 0.6 1.63e-05 0.000131 0.000341
18.8 0.6 1.38e-05 0.000111 0.000289
18.9 0.6 1.17e-05 9.42e-05 0.000244
19 0.6 9.91e-06 7.97e-05 0.000207
19.1 0.6 8.4e-06 6.75e-05 0.000175
19.2 0.6 7.11e-06 5.72e-05 0.000148
19.3 0.6 6.02e-06 4.84e-05 0.000125
19.4 0.6 5.1e-06 4.1e-05 0.000106
19.5 0.6 4.32e-06 3.47e-05 8.99e-05
19.6 0.6 3.66e-06 2.94e-05 7.61e-05
19.7 0.6 3.1e-06 2.48e-05 6.44e-05
19.8 0.6 2.62e-06 2.1e-05 5.45e-05
19.9 0.6 2.22e-06 1.78e-05 4.61e-05
20 0.6 1.88e-06 1.51e-05 3.91e-05
20.1 0.6 1.59e-06 1.28e-05 3.31e-05
20.2 0.6 1.35e-06 1.08e-05 2.8e-05
20.3 0.6 1.14e-06 9.14e-06 2.37e-05
20.4 0.6 9.65e-07 7.74e-06 2.01e-05
20.5 0.6 8.17e-07 6.55e-06 1.7e-05
20.6 0.6 6.91e-07 5.55e-06 1.44e-05
20.7 0.6 5.85e-07 4.69e-06 1.22e-05
20.8 0.6 4.95e-07 3.97e-06 1.03e-05
20.9 0.6 4.19e-07 3.36e-06 8.71e-06
21 0.6 3.55e-07 2.85e-06 7.38e-06
21.1 0.6 3.01e-07 2.41e-06 6.24e-06
21.2 0.6 2.54e-07 2.04e-06 5.29e-06
21.3 0.6 2.15e-07 1.73e-06 4.47e-06
21.4 0.6 1.82e-07 1.46e-06 3.79e-06
21.5 0.6 1.54e-07 1.24e-06 3.21e-06
21.6 0.6 1.31e-07 1.05e-06 2.71e-06
21.7 0.6 1.11e-07 8.87e-07 2.3e-06
21.8 0.6 9.36e-08 7.51e-07 1.94e-06
21.9 0.6 7.92e-08 6.35e-07 1.65e-06
22 0.6 6.71e-08 5.38e-07 1.39e-06
22.1 0.6 5.68e-08 4.55e-07 1.18e-06
22.2 0.6 4.81e-08 3.85e-07 9.98e-07
22.3 0.6 4.07e-08 3.26e-07 8.45e-07
22.4 0.6 3.44e-08 2.76e-07 7.15e-07
22.5 0.6 2.91e-08 2.34e-07 6.06e-07
22.6 0.6 2.47e-08 1.98e-07 5.13e-07
22.7 0.6 2.09e-08 1.67e-07 4.34e-07
22.8 0.6 1.77e-08 1.42e-07 3.67e-07
22.9 0.6 1.5e-08 1.2e-07 3.11e-07
23 0.6 1.27e-08 1.02e-07 2.63e-07
23.1 0.6 1.07e-08 8.6e-08 2.23e-07
23.2 0.6 9.08e-09 7.28e-08 1.89e-07
23.3 0.6 7.68e-09 6.16e-08 1.6e-07
23.4 0.6 6.5e-09 5.21e-08 1.35e-07
23.5 0.6 5.51e-09 4.41e-08 1.14e-07
23.6 0.6 4.66e-09 3.74e-08 9.68e-08
23.7 0.6 3.94e-09 3.16e-08 8.19e-08
23.8 0.6 3.34e-09 2.68e-08 6.94e-08
23.9 0.6 2.83e-09 2.27e-08 5.87e-08
24 0.6 2.39e-09 1.92e-08 4.97e-08
24.1 0.6 2.03e-09 1.62e-08 4.21e-08
24.2 0.6 1.71e-09 1.37e-08 3.56e-08
24.3 0.6 1.45e-09 1.16e-08 3.01e-08
24.4 0.6 1.23e-09 9.85e-09 2.55e-08
24.5 0.6 1.04e-09 8.34e-09 2.16e-08
24.6 0.6 8.8e-10 7.06e-09 1.83e-08
24.7 0.6 7.45e-10 5.97e-09 1.55e-08
24.8 0.6 6.31e-10 5.06e-09 1.31e-08
24.9 0.6 5.34e-10 4.28e-09 1.11e-08
25 0.6 4.52e-10 3.62e-09 9.39e-09
25.1 0.6 3.83e-10 3.07e-09 7.95e-09
25.2 0.6 3.24e-10 2.6e-09 6.73e-09
25.3 0.6 2.74e-10 2.2e-09 5.69e-09
25.4 0.6 2.32e-10 1.86e-09 4.82e-09
25.5 0.6 1.96e-10 1.57e-09 4.08e-09
25.6 0.6 1.66e-10 1.33e-09 3.45e-09
25.7 0.6 1.41e-10 1.13e-09 2.92e-09
25.8 0.6 1.19e-10 9.55e-10 2.47e-09
25.9 0.6 1.01e-10 8.08e-10 2.09e-09
29.2 0.6 4.12e-13 3.3e-12 8.56e-12
29.3 0.6 3.49e-13 2.8e-12 7.25e-12
29.4 0.6 2.95e-13 2.37e-12 6.13e-12
29.5 0.6 2.5e-13 2e-12 5.19e-12
29.6 0.6 2.12e-13 1.7e-12 4.4e-12
29.7 0.6 1.79e-13 1.44e-12 3.72e-12
29.8 0.6 1.52e-13 1.22e-12 3.15e-12
29.9 0.6 1.28e-13 1.03e-12 2.67e-12
30 0.6 1.09e-13 8.71e-13 2.26e-12
30.1 0.6 9.19e-14 7.37e-13 1.91e-12
30.2 0.6 7.78e-14 6.24e-13 1.62e-12
30.3 0.6 6.59e-14 5.28e-13 1.37e-12
30.4 0.6 5.58e-14 4.47e-13 1.16e-12
30.5 0.6 4.72e-14 3.79e-13 9.81e-13
30.6 0.6 4e-14 3.2e-13 8.3e-13
30.7 0.6 3.38e-14 2.71e-13 7.03e-13
30.8 0.6 2.86e-14 2.3e-13 5.95e-13
30.9 0.6 2.42e-14 1.94e-13 5.04e-13
31 0.6 2.05e-14 1.65e-13 4.26e-13
31.1 0.6 1.74e-14 1.39e-13 3.61e-13
31.2 0.6 1.47e-14 1.18e-13 3.05e-13
31.3 0.6 1.24e-14 9.98e-14 2.59e-13
31.4 0.6 1.05e-14 8.45e-14 2.19e-13
31.5 0.6 8.92e-15 7.15e-14 1.85e-13
31.6 0.6 7.55e-15 6.05e-14 1.57e-13
31.7 0.6 6.39e-15 5.12e-14 1.33e-13
31.8 0.6 5.41e-15 4.34e-14 1.12e-13
31.9 0.6 4.58e-15 3.67e-14 9.51e-14
32 0.6 3.87e-15 3.11e-14 8.05e-14
32.1 0.6 3.28e-15 2.63e-14 6.81e-14
32.2 0.6 2.78e-15 2.23e-14 5.77e-14
32.3 0.6 2.35e-15 1.88e-14 4.88e-14
32.4 0.6 1.99e-15 1.6e-14 4.13e-14
32.5 0.6 1.68e-15 1.35e-14 3.5e-14
32.6 0.6 1.43e-15 1.14e-14 2.96e-14
32.7 0.6 1.21e-15 9.68e-15 2.51e-14
32.8 0.6 1.02e-15 8.19e-15 2.12e-14
32.9 0.6 8.65e-16 6.93e-15 1.8e-14
33 0.6 7.32e-16 5.87e-15 1.52e-14
33.1 0.6 6.2e-16 4.97e-15 1.29e-14
33.2 0.6 5.24e-16 4.2e-15 1.09e-14
33.3 0.6 4.44e-16 3.56e-15 9.22e-15
33.4 0.6 3.76e-16 3.01e-15 7.81e-15
33.5 0.6 3.18e-16 2.55e-15 6.61e-15
33.6 0.6 2.69e-16 2.16e-15 5.59e-15
33.7 0.6 2.28e-16 1.83e-15 4.73e-15
33.8 0.6 1.93e-16 1.55e-15 4.01e-15
33.9 0.6 1.63e-16 1.31e-15 3.39e-15
34 0.6 1.38e-16 1.11e-15 2.87e-15
34.1 0.6 1.17e-16 9.38e-16 2.43e-15
34.2 0.6 9.9e-17 7.94e-16 2.06e-15
34.3 0.6 8.38e-17 6.72e-16 1.74e-15
34.4 0.6 7.1e-17 5.69e-16 1.47e-15
34.5 0.6 6.01e-17 4.82e-16 1.25e-15
34.6 0.6 5.09e-17 4.08e-16 1.06e-15
34.7 0.6 4.3e-17 3.45e-16 8.94e-16
34.8 0.6 3.64e-17 2.92e-16 7.57e-16
34.9 0.6 3.08e-17 2.47e-16 6.41e-16
35 0.6 2.61e-17 2.09e-16 5.42e-16
35.1 0.6 2.21e-17 1.77e-16 4.59e-16
35.2 0.6 1.87e-17 1.5e-16 3.89e-16
35.3 0.6 1.58e-17 1.27e-16 3.29e-16
35.4 0.6 1.34e-17 1.07e-16 2.78e-16
35.5 0.6 1.13e-17 9.1e-17 2.36e-16
35.6 0.6 9.6e-18 7.7e-17 2e-16
35.7 0.6 8.13e-18 6.52e-17 1.69e-16
35.8 0.6 6.88e-18 5.52e-17 1.43e-16
35.9 0.6 5.83e-18 4.67e-17 1.21e-16
36 0.6 4.93e-18 3.95e-17 1.02e-16
36.1 0.6 4.17e-18 3.35e-17 8.67e-17
36.2 0.6 3.53e-18 2.83e-17 7.34e-17
36.3 0.6 2.99e-18 2.4e-17 6.21e-17
36.4 0.6 2.53e-18 2.03e-17 5.26e-17
36.5 0.6 2.14e-18 1.72e-17 4.45e-17
36.6 0.6 1.81e-18 1.45e-17 3.77e-17
36.7 0.6 1.54e-18 1.23e-17 3.19e-17
36.8 0.6 1.3e-18 1.04e-17 2.7e-17
36.9 0.6 1.1e-18 8.82e-18 2.29e-17
37 0.6 9.31e-19 7.47e-18 1.94e-17
37.1 0.6 7.88e-19 6.32e-18 1.64e-17
37.2 0.6 6.67e-19 5.35e-18 1.39e-17
37.3 0.6 5.65e-19 4.53e-18 1.17e-17
37.4 0.6 4.78e-19 3.83e-18 9.93e-18
37.5 0.6 4.05e-19 3.25e-18 8.41e-18
37.6 0.6 3.43e-19 2.75e-18 7.12e-18
37.7 0.6 2.9e-19 2.33e-18 6.03e-18
37.8 0.6 2.46e-19 1.97e-18 5.1e-18
37.9 0.6 2.08e-19 1.67e-18 4.32e-18
38 0.6 1.76e-19 1.41e-18 3.65e-18
38.1 0.6 1.49e-19 1.19e-18 3.09e-18
38.2 0.6 1.26e-19 1.01e-18 2.62e-18
38.3 0.6 1.07e-19 8.56e-19 2.22e-18
38.4 0.6 9.03e-20 7.24e-19 1.88e-18
38.5 0.6 7.65e-20 6.13e-19 1.59e-18
38.6 0.6 6.47e-20 5.19e-19 1.34e-18
38.7 0.6 5.48e-20 4.39e-19 1.14e-18
38.8 0.6 4.64e-20 3.72e-19 9.63e-19
38.9 0.6 3.93e-20 3.15e-19 8.15e-19
39 0.6 3.32e-20 2.66e-19 6.9e-19
39.1 0.6 2.81e-20 2.26e-19 5.84e-19
39.2 0.6 2.38e-20 1.91e-19 4.95e-19
39.3 0.6 2.02e-20 1.62e-19 4.19e-19
39.4 0.6 1.71e-20 1.37e-19 3.54e-19
39.5 0.6 1.44e-20 1.16e-19 3e-19
39.6 0.6 1.22e-20 9.8e-20 2.54e-19
39.7 0.6 1.03e-20 8.3e-20 2.15e-19
39.8 0.6 8.76e-21 7.02e-20 1.82e-19
39.9 0.6 7.41e-21 5.94e-20 1.54e-19
40 0.6 6.28e-21 5.03e-20 1.3e-19
40.1 0.6 5.31e-21 4.26e-20 1.1e-19
40.2 0.6 4.5e-21 3.61e-20 9.34e-20
40.3 0.6 3.81e-21 3.05e-20 7.91e-20
40.4 0.6 3.22e-21 2.58e-20 6.69e-20
40.5 0.6 2.73e-21 2.19e-20 5.67e-20
40.6 0.6 2.31e-21 1.85e-20 4.8e-20
40.7 0.6 1.95e-21 1.57e-20 4.06e-20
40.8 0.6 1.65e-21 1.33e-20 3.44e-20
40.9 0.6 1.4e-21 1.12e-20 2.91e-20
41 0.6 1.19e-21 9.5e-21 2.46e-20
41.1 0.6 1e-21 8.05e-21 2.08e-20
41.2 0.6 8.49e-22 6.81e-21 1.76e-20
41.3 0.6 7.19e-22 5.76e-21 1.49e-20
41.4 0.6 6.09e-22 4.88e-21 1.26e-20
41.5 0.6 5.15e-22 4.13e-21 1.07e-20
41.6 0.6 4.36e-22 3.5e-21 9.06e-21
41.7 0.6 3.69e-22 2.96e-21 7.67e-21
41.8 0.6 3.12e-22 2.51e-21 6.49e-21
41.9 0.6 2.64e-22 2.12e-21 5.49e-21
42 0.6 2.24e-22 1.8e-21 4.65e-21
42.1 0.6 1.9e-22 1.52e-21 3.94e-21
42.2 0.6 1.6e-22 1.29e-21 3.33e-21
42.3 0.6 1.36e-22 1.09e-21 2.82e-21
42.4 0.6 1.15e-22 9.22e-22 2.39e-21
42.5 0.6 9.73e-23 7.8e-22 2.02e-21
42.6 0.6 8.24e-23 6.6e-22 1.71e-21
42.7 0.6 6.97e-23 5.59e-22 1.45e-21
42.8 0.6 5.9e-23 4.73e-22 1.23e-21
42.9 0.6 5e-23 4.01e-22 1.04e-21
43 0.6 4.23e-23 3.39e-22 8.78e-22
43.1 0.6 3.58e-23 2.87e-22 7.44e-22
43.2 0.6 3.03e-23 2.43e-22 6.29e-22
43.3 0.6 2.56e-23 2.06e-22 5.33e-22
43.4 0.6 2.17e-23 1.74e-22 4.51e-22
43.5 0.6 1.84e-23 1.47e-22 3.82e-22
43.6 0.6 1.56e-23 1.25e-22 3.23e-22
43.7 0.6 1.32e-23 1.06e-22 2.74e-22
43.8 0.6 1.11e-23 8.94e-23 2.32e-22
43.9 0.6 9.44e-24 7.57e-23 1.96e-22
44 0.6 7.99e-24 6.4e-23 1.66e-22
44.1 0.6 6.76e-24 5.42e-23 1.4e-22
44.2 0.6 5.72e-24 4.59e-23 1.19e-22
44.3 0.6 4.84e-24 3.88e-23 1.01e-22
44.4 0.6 4.1e-24 3.29e-23 8.52e-23
44.5 0.6 3.47e-24 2.78e-23 7.21e-23
44.6 0.6 2.94e-24 2.36e-23 6.1e-23
44.7 0.6 2.49e-24 1.99e-23 5.17e-23
44.8 0.6 2.11e-24 1.69e-23 4.37e-23
44.9 0.6 1.78e-24 1.43e-23 3.7e-23
45 0.6 1.51e-24 1.21e-23 3.13e-23
45.1 0.6 1.28e-24 1.02e-23 2.65e-23
45.2 0.6 1.08e-24 8.67e-24 2.25e-23
45.3 0.6 9.15e-25 7.34e-24 1.9e-23
45.4 0.6 7.74e-25 6.21e-24 1.61e-23
45.5 0.6 6.56e-25 5.26e-24 1.36e-23
45.6 0.6 5.55e-25 4.45e-24 1.15e-23
45.7 0.6 4.7e-25 3.77e-24 9.76e-24
45.8 0.6 3.98e-25 3.19e-24 8.26e-24
45.9 0.6 3.37e-25 2.7e-24 6.99e-24
46 0.6 2.85e-25 2.28e-24 5.92e-24
46.1 0.6 2.41e-25 1.93e-24 5.01e-24
46.2 0.6 2.04e-25 1.64e-24 4.24e-24
46.3 0.6 1.73e-25 1.39e-24 3.59e-24
46.4 0.6 1.46e-25 1.17e-24 3.04e-24
46.5 0.6 1.24e-25 9.93e-25 2.57e-24
46.6 0.6 1.05e-25 8.4e-25 2.18e-24
46.7 0.6 8.87e-26 7.11e-25 1.84e-24
46.8 0.6 7.51e-26 6.02e-25 1.56e-24
46.9 0.6 6.36e-26 5.1e-25 1.32e-24
47 0.6 5.38e-26 4.32e-25 1.12e-24
47.1 0.6 4.56e-26 3.65e-25 9.46e-25
47.2 0.6 3.86e-26 3.09e-25 8.01e-25
47.3 0.6 3.26e-26 2.62e-25 6.78e-25
47.4 0.6 2.76e-26 2.22e-25 5.74e-25
47.5 0.6 2.34e-26 1.88e-25 4.86e-25
47.6 0.6 1.98e-26 1.59e-25 4.11e-25
47.7 0.6 1.68e-26 1.34e-25 3.48e-25
47.8 0.6 1.42e-26 1.14e-25 2.95e-25
47.9 0.6 1.2e-26 9.63e-26 2.49e-25
48 0.6 1.02e-26 8.15e-26 2.11e-25
48.1 0.6 8.6e-27 6.9e-26 1.79e-25
48.2 0.6 7.28e-27 5.84e-26 1.51e-25
48.3 0.6 6.16e-27 4.94e-26 1.28e-25
48.4 0.6 5.22e-27 4.18e-26 1.08e-25
48.5 0.6 4.42e-27 3.54e-26 9.18e-26
48.6 0.6 3.74e-27 3e-26 7.77e-26
48.7 0.6 3.17e-27 2.54e-26 6.58e-26
48.8 0.6 2.68e-27 2.15e-26 5.57e-26
48.9 0.6 2.27e-27 1.82e-26 4.71e-26
49 0.6 1.92e-27 1.54e-26 3.99e-26
49.1 0.6 1.63e-27 1.3e-26 3.38e-26
49.2 0.6 1.38e-27 1.1e-26 2.86e-26
49.3 0.6 1.16e-27 9.34e-27 2.42e-26
49.4 0.6 9.86e-28 7.9e-27 2.05e-26
49.5 0.6 8.34e-28 6.69e-27 1.73e-26
49.6 0.6 7.06e-28 5.66e-27 1.47e-26
49.7 0.6 5.98e-28 4.79e-27 1.24e-26
49.8 0.6 5.06e-28 4.06e-27 1.05e-26
49.9 0.6 4.28e-28 3.43e-27 8.9e-27
50 0.6 3.63e-28 2.91e-27 7.53e-27
50.1 0.6 3.07e-28 2.46e-27 6.38e-27
50.2 0.6 2.6e-28 2.08e-27 5.4e-27
50.3 0.6 2.2e-28 1.76e-27 4.57e-27
50.4 0.6 1.86e-28 1.49e-27 3.87e-27
50.5 0.6 1.58e-28 1.26e-27 3.27e-27
50.6 0.6 1.33e-28 1.07e-27 2.77e-27
50.7 0.6 1.13e-28 9.05e-28 2.35e-27
50.8 0.6 9.56e-29 7.66e-28 1.99e-27
50.9 0.6 8.09e-29 6.49e-28 1.68e-27
51 0.6 6.85e-29 5.49e-28 1.42e-27
51.1 0.6 5.8e-29 4.65e-28 1.2e-27
51.2 0.6 4.91e-29 3.93e-28 1.02e-27
51.3 0.6 4.15e-29 3.33e-28 8.63e-28
51.4 0.6 3.52e-29 2.82e-28 7.3e-28
51.5 0.6 2.98e-29 2.39e-28 6.18e-28
51.6 0.6 2.52e-29 2.02e-28 5.23e-28
51.7 0.6 2.13e-29 1.71e-28 4.43e-28
51.8 0.6 1.81e-29 1.45e-28 3.75e-28
51.9 0.6 1.53e-29 1.23e-28 3.17e-28
52 0.6 1.29e-29 1.04e-28 2.69e-28
52.1 0.6 1.09e-29 8.78e-29 2.27e-28
52.2 0.6 9.27e-30 7.43e-29 1.93e-28
52.3 0.6 7.85e-30 6.29e-29 1.63e-28
52.4 0.6 6.64e-30 5.33e-29 1.38e-28
52.5 0.6 5.62e-30 4.51e-29 1.17e-28
52.6 0.6 4.76e-30 3.82e-29 9.89e-29
52.7 0.6 4.03e-30 3.23e-29 8.37e-29
52.8 0.6 3.41e-30 2.73e-29 7.08e-29
52.9 0.6 2.89e-30 2.31e-29 6e-29
53 0.6 2.44e-30 1.96e-29 5.08e-29
53.1 0.6 2.07e-30 1.66e-29 4.3e-29
53.2 0.6 1.75e-30 1.4e-29 3.64e-29
53.3 0.6 1.48e-30 1.19e-29 3.08e-29
53.4 0.6 1.25e-30 1.01e-29 2.61e-29
53.5 0.6 1.06e-30 8.51e-30 2.21e-29
53.6 0.6 8.99e-31 7.21e-30 1.87e-29
53.7 0.6 7.61e-31 6.1e-30 1.58e-29
53.8 0.6 6.44e-31 5.16e-30 1.34e-29
53.9 0.6 5.45e-31 4.37e-30 1.13e-29
54 0.6 4.61e-31 3.7e-30 9.59e-30
54.1 0.6 3.91e-31 3.13e-30 8.12e-30
54.2 0.6 3.31e-31 2.65e-30 6.87e-30
54.3 0.6 2.8e-31 2.24e-30 5.81e-30
54.4 0.6 2.37e-31 1.9e-30 4.92e-30
54.5 0.6 2.01e-31 1.61e-30 4.17e-30
54.6 0.6 1.7e-31 1.36e-30 3.53e-30
54.7 0.6 1.44e-31 1.15e-30 2.99e-30
54.8 0.6 1.22e-31 9.75e-31 2.53e-30
54.9 0.6 1.03e-31 8.26e-31 2.14e-30
55 0.6 8.72e-32 6.99e-31 1.81e-30
55.1 0.6 7.38e-32 5.92e-31 1.53e-30
55.2 0.6 6.25e-32 5.01e-31 1.3e-30
55.3 0.6 5.29e-32 4.24e-31 1.1e-30
55.4 0.6 4.47e-32 3.59e-31 9.3e-31
55.5 0.6 3.79e-32 3.04e-31 7.87e-31
55.6 0.6 3.21e-32 2.57e-31 6.66e-31
55.7 0.6 2.71e-32 2.18e-31 5.64e-31
55.8 0.6 2.3e-32 1.84e-31 4.77e-31
55.9 0.6 1.94e-32 1.56e-31 4.04e-31
56 0.6 1.65e-32 1.32e-31 3.42e-31
56.1 0.6 1.39e-32 1.12e-31 2.89e-31
56.2 0.6 1.18e-32 9.46e-32 2.45e-31
56.3 0.6 9.98e-33 8.01e-32 2.07e-31
56.4 0.6 8.45e-33 6.78e-32 1.76e-31
56.5 0.6 7.15e-33 5.74e-32 1.49e-31
56.6 0.6 6.06e-33 4.86e-32 1.26e-31
56.7 0.6 5.13e-33 4.11e-32 1.06e-31
56.8 0.6 4.34e-33 3.48e-32 9.01e-32
56.9 0.6 3.67e-33 2.95e-32 7.63e-32
57 0.6 3.11e-33 2.49e-32 6.46e-32
57.1 0.6 2.63e-33 2.11e-32 5.47e-32
57.2 0.6 2.23e-33 1.79e-32 4.63e-32
57.3 0.6 1.89e-33 1.51e-32 3.92e-32
57.4 0.6 1.6e-33 1.28e-32 3.32e-32
57.5 0.6 1.35e-33 1.08e-32 2.81e-32
57.6 0.6 1.14e-33 9.17e-33 2.38e-32
57.7 0.6 9.68e-34 7.76e-33 2.01e-32
57.8 0.6 8.2e-34 6.57e-33 1.7e-32
57.9 0.6 6.94e-34 5.56e-33 1.44e-32
58 0.6 5.87e-34 4.71e-33 1.22e-32
58.1 0.6 4.97e-34 3.99e-33 1.03e-32
58.2 0.6 4.21e-34 3.37e-33 8.74e-33
58.3 0.6 3.56e-34 2.86e-33 7.4e-33
58.4 0.6 3.02e-34 2.42e-33 6.26e-33
58.5 0.6 2.55e-34 2.05e-33 5.3e-33
58.6 0.6 2.16e-34 1.73e-33 4.49e-33
58.7 0.6 1.83e-34 1.47e-33 3.8e-33
58.8 0.6 1.55e-34 1.24e-33 3.22e-33
58.9 0.6 1.31e-34 1.05e-33 2.72e-33
59 0.6 1.11e-34 8.89e-34 2.3e-33
59.1 0.6 9.39e-35 7.53e-34 1.95e-33
59.2 0.6 7.95e-35 6.37e-34 1.65e-33
59.3 0.6 6.73e-35 5.39e-34 1.4e-33
59.4 0.6 5.69e-35 4.57e-34 1.18e-33
59.5 0.6 4.82e-35 3.87e-34 1e-33
59.6 0.6 4.08e-35 3.27e-34 8.48e-34
59.7 0.6 3.45e-35 2.77e-34 7.18e-34
59.8 0.6 2.92e-35 2.34e-34 6.07e-34
59.9 0.6 2.47e-35 1.98e-34 5.14e-34
60 0.6 2.09e-35 1.68e-34 4.35e-34
60.1 0.6 1.77e-35 1.42e-34 3.68e-34
60.2 0.6 1.5e-35 1.2e-34 3.12e-34
60.3 0.6 1.27e-35 1.02e-34 2.64e-34
60.4 0.6 1.08e-35 8.62e-35 2.23e-34
60.5 0.6 9.1e-36 7.3e-35 1.89e-34
60.6 0.6 7.71e-36 6.18e-35 1.6e-34
60.7 0.6 6.52e-36 5.23e-35 1.36e-34
60.8 0.6 5.52e-36 4.43e-35 1.15e-34
60.9 0.6 4.67e-36 3.75e-35 9.71e-35
61 0.6 3.96e-36 3.17e-35 8.22e-35
61.1 0.6 3.35e-36 2.69e-35 6.96e-35
61.2 0.6 2.84e-36 2.27e-35 5.89e-35
61.3 0.6 2.4e-36 1.92e-35 4.99e-35
61.4 0.6 2.03e-36 1.63e-35 4.22e-35
61.5 0.6 1.72e-36 1.38e-35 3.57e-35
61.6 0.6 1.46e-36 1.17e-35 3.02e-35
61.7 0.6 1.23e-36 9.88e-36 2.56e-35
61.8 0.6 1.04e-36 8.36e-36 2.17e-35
61.9 0.6 8.83e-37 7.08e-36 1.83e-35
62 0.6 7.47e-37 5.99e-36 1.55e-35
62.1 0.6 6.33e-37 5.07e-36 1.31e-35
62.2 0.6 5.36e-37 4.29e-36 1.11e-35
62.3 0.6 4.53e-37 3.63e-36 9.42e-36
62.4 0.6 3.84e-37 3.08e-36 7.97e-36
62.5 0.6 3.25e-37 2.6e-36 6.75e-36
62.6 0.6 2.75e-37 2.2e-36 5.71e-36
62.7 0.6 2.33e-37 1.87e-36 4.84e-36
62.8 0.6 1.97e-37 1.58e-36 4.09e-36
62.9 0.6 1.67e-37 1.34e-36 3.46e-36
63 0.6 1.41e-37 1.13e-36 2.93e-36
63.1 0.6 1.19e-37 9.58e-37 2.48e-36
63.2 0.6 1.01e-37 8.11e-37 2.1e-36
63.3 0.6 8.56e-38 6.87e-37 1.78e-36
63.4 0.6 7.25e-38 5.81e-37 1.51e-36
63.5 0.6 6.13e-38 4.92e-37 1.27e-36
63.6 0.6 5.19e-38 4.16e-37 1.08e-36
63.7 0.6 4.4e-38 3.52e-37 9.13e-37
63.8 0.6 3.72e-38 2.98e-37 7.73e-37
63.9 0.6 3.15e-38 2.53e-37 6.54e-37
64 0.6 2.67e-38 2.14e-37 5.54e-37
64.1 0.6 2.26e-38 1.81e-37 4.69e-37
64.2 0.6 1.91e-38 1.53e-37 3.97e-37
64.3 0.6 1.62e-38 1.3e-37 3.36e-37
64.4 0.6 1.37e-38 1.1e-37 2.84e-37
64.5 0.6 1.16e-38 9.29e-38 2.41e-37
64.6 0.6 9.81e-39 7.86e-38 2.04e-37
64.7 0.6 8.3e-39 6.66e-38 1.72e-37
64.8 0.6 7.03e-39 5.64e-38 1.46e-37
64.9 0.6 5.95e-39 4.77e-38 1.24e-37
65 0.6 5.04e-39 4.04e-38 1.05e-37
65.1 0.6 4.26e-39 3.42e-38 8.86e-38
65.2 0.6 3.61e-39 2.89e-38 7.5e-38
65.3 0.6 3.05e-39 2.45e-38 6.35e-38
65.4 0.6 2.59e-39 2.07e-38 5.37e-38
65.5 0.6 2.19e-39 1.75e-38 4.55e-38
65.6 0.6 1.85e-39 1.49e-38 3.85e-38
65.7 0.6 1.57e-39 1.26e-38 3.26e-38
65.8 0.6 1.33e-39 1.06e-38 2.76e-38
65.9 0.6 1.12e-39 9.01e-39 2.33e-38
66 0.6 9.51e-40 7.63e-39 1.98e-38
66.1 0.6 8.05e-40 6.46e-39 1.67e-38
66.2 0.6 6.82e-40 5.46e-39 1.42e-38
66.3 0.6 5.77e-40 4.63e-39 1.2e-38
66.4 0.6 4.88e-40 3.92e-39 1.01e-38
66.5 0.6 4.13e-40 3.31e-39 8.59e-39
66.6 0.6 3.5e-40 2.81e-39 7.27e-39
66.7 0.6 2.96e-40 2.37e-39 6.15e-39
66.8 0.6 2.51e-40 2.01e-39 5.21e-39
66.9 0.6 2.12e-40 1.7e-39 4.41e-39
67 0.6 1.8e-40 1.44e-39 3.73e-39
67.1 0.6 1.52e-40 1.22e-39 3.16e-39
67.2 0.6 1.29e-40 1.03e-39 2.67e-39
67.3 0.6 1.09e-40 8.74e-40 2.26e-39
67.4 0.6 9.22e-41 7.4e-40 1.92e-39
67.5 0.6 7.81e-41 6.26e-40 1.62e-39
67.6 0.6 6.61e-41 5.3e-40 1.37e-39
67.7 0.6 5.59e-41 4.49e-40 1.16e-39
67.8 0.6 4.74e-41 3.8e-40 9.84e-40
67.9 0.6 4.01e-41 3.21e-40 8.33e-40
68 0.6 3.39e-41 2.72e-40 7.05e-40
68.1 0.6 2.87e-41 2.3e-40 5.97e-40
68.2 0.6 2.43e-41 1.95e-40 5.05e-40
68.3 0.6 2.06e-41 1.65e-40 4.28e-40
68.4 0.6 1.74e-41 1.4e-40 3.62e-40
68.5 0.6 1.47e-41 1.18e-40 3.06e-40
68.6 0.6 1.25e-41 1e-40 2.59e-40
68.7 0.6 1.06e-41 8.47e-41 2.2e-40
68.8 0.6 8.94e-42 7.17e-41 1.86e-40
68.9 0.6 7.57e-42 6.07e-41 1.57e-40
69 0.6 6.41e-42 5.14e-41 1.33e-40
69.1 0.6 5.42e-42 4.35e-41 1.13e-40
69.2 0.6 4.59e-42 3.68e-41 9.54e-41
69.3 0.6 3.89e-42 3.12e-41 8.08e-41
69.4 0.6 3.29e-42 2.64e-41 6.84e-41
69.5 0.6 2.79e-42 2.23e-41 5.79e-41
69.6 0.6 2.36e-42 1.89e-41 4.9e-41
69.7 0.6 2e-42 1.6e-41 4.15e-41
69.8 0.6 1.69e-42 1.35e-41 3.51e-41
69.9 0.6 1.43e-42 1.15e-41 2.97e-41
70 0.6 1.21e-42 9.71e-42 2.51e-41
70.1 0.6 1.02e-42 8.22e-42 2.13e-41
70.2 0.6 8.67e-43 6.95e-42 1.8e-41
70.3 0.6 7.34e-43 5.89e-42 1.53e-41
70.4 0.6 6.21e-43 4.98e-42 1.29e-41
70.5 0.6 5.26e-43 4.22e-42 1.09e-41
70.6 0.6 4.45e-43 3.57e-42 9.25e-42
70.7 0.6 3.77e-43 3.02e-42 7.83e-42
70.8 0.6 3.19e-43 2.56e-42 6.63e-42
70.9 0.6 2.7e-43 2.17e-42 5.61e-42
71 0.6 2.29e-43 1.83e-42 4.75e-42
71.1 0.6 1.94e-43 1.55e-42 4.02e-42
71.2 0.6 1.64e-43 1.31e-42 3.4e-42
71.3 0.6 1.39e-43 1.11e-42 2.88e-42
71.4 0.6 1.17e-43 9.41e-43 2.44e-42
71.5 0.6 9.94e-44 7.97e-43 2.06e-42
71.6 0.6 8.41e-44 6.74e-43 1.75e-42
71.7 0.6 7.12e-44 5.71e-43 1.48e-42
71.8 0.6 6.03e-44 4.83e-43 1.25e-42
71.9 0.6 5.1e-44 4.09e-43 1.06e-42
72 0.6 4.32e-44 3.46e-43 8.97e-43
72.1 0.6 3.66e-44 2.93e-43 7.59e-43
72.2 0.6 3.09e-44 2.48e-43 6.43e-43
72.3 0.6 2.62e-44 2.1e-43 5.44e-43
72.4 0.6 2.22e-44 1.78e-43 4.61e-43
72.5 0.6 1.88e-44 1.5e-43 3.9e-43
72.6 0.6 1.59e-44 1.27e-43 3.3e-43
72.7 0.6 1.34e-44 1.08e-43 2.79e-43
72.8 0.6 1.14e-44 9.13e-44 2.36e-43
72.9 0.6 9.63e-45 7.73e-44 2e-43
73 0.6 8.16e-45 6.54e-44 1.69e-43
73.1 0.6 6.9e-45 5.54e-44 1.43e-43
73.2 0.6 5.84e-45 4.69e-44 1.21e-43
73.3 0.6 4.95e-45 3.97e-44 1.03e-43
73.4 0.6 4.19e-45 3.36e-44 8.7e-44
73.5 0.6 3.54e-45 2.84e-44 7.36e-44
73.6 0.6 3e-45 2.41e-44 6.23e-44
73.7 0.6 2.54e-45 2.04e-44 5.28e-44
73.8 0.6 2.15e-45 1.72e-44 4.47e-44
73.9 0.6 1.82e-45 1.46e-44 3.78e-44
74 0.6 1.54e-45 1.24e-44 3.2e-44
74.1 0.6 1.3e-45 1.05e-44 2.71e-44
74.2 0.6 1.1e-45 8.85e-45 2.29e-44
74.3 0.6 9.34e-46 7.49e-45 1.94e-44
74.4 0.6 7.91e-46 6.34e-45 1.64e-44
74.5 0.6 6.69e-46 5.37e-45 1.39e-44
74.6 0.6 5.67e-46 4.54e-45 1.18e-44
74.7 0.6 4.8e-46 3.85e-45 9.97e-45
74.8 0.6 4.06e-46 3.26e-45 8.44e-45
74.9 0.6 3.44e-46 2.76e-45 7.14e-45
75 0.6 2.91e-46 2.33e-45 6.04e-45
75.1 0.6 2.46e-46 1.97e-45 5.12e-45
75.2 0.6 2.08e-46 1.67e-45 4.33e-45
75.3 0.6 1.76e-46 1.42e-45 3.67e-45
75.4 0.6 1.49e-46 1.2e-45 3.1e-45
75.5 0.6 1.26e-46 1.01e-45 2.63e-45
75.6 0.6 1.07e-46 8.58e-46 2.22e-45
75.7 0.6 9.06e-47 7.26e-46 1.88e-45
75.8 0.6 7.67e-47 6.15e-46 1.59e-45
75.9 0.6 6.49e-47 5.21e-46 1.35e-45
76 0.6 5.5e-47 4.41e-46 1.14e-45
76.1 0.6 4.65e-47 3.73e-46 9.66e-46
76.2 0.6 3.94e-47 3.16e-46 8.18e-46
76.3 0.6 3.33e-47 2.67e-46 6.92e-46
76.4 0.6 2.82e-47 2.26e-46 5.86e-46
76.5 0.6 2.39e-47 1.92e-46 4.96e-46
76.6 0.6 2.02e-47 1.62e-46 4.2e-46
76.7 0.6 1.71e-47 1.37e-46 3.56e-46
76.8 0.6 1.45e-47 1.16e-46 3.01e-46
76.9 0.6 1.23e-47 9.83e-47 2.55e-46
77 0.6 1.04e-47 8.32e-47 2.16e-46
77.1 0.6 8.79e-48 7.04e-47 1.83e-46
77.2 0.6 7.44e-48 5.96e-47 1.55e-46
77.3 0.6 6.3e-48 5.05e-47 1.31e-46
77.4 0.6 5.33e-48 4.27e-47 1.11e-46
77.5 0.6 4.51e-48 3.62e-47 9.37e-47
77.6 0.6 3.82e-48 3.06e-47 7.93e-47
77.7 0.6 3.23e-48 2.59e-47 6.71e-47
77.8 0.6 2.74e-48 2.19e-47 5.68e-47
77.9 0.6 2.32e-48 1.86e-47 4.81e-47
78 0.6 1.96e-48 1.57e-47 4.07e-47
78.1 0.6 1.66e-48 1.33e-47 3.45e-47
78.2 0.6 1.4e-48 1.13e-47 2.92e-47
78.3 0.6 1.19e-48 9.53e-48 2.47e-47
78.4 0.6 1.01e-48 8.07e-48 2.09e-47
78.5 0.6 8.52e-49 6.83e-48 1.77e-47
78.6 0.6 7.21e-49 5.78e-48 1.5e-47
78.7 0.6 6.1e-49 4.9e-48 1.27e-47
78.8 0.6 5.17e-49 4.14e-48 1.07e-47
78.9 0.6 4.37e-49 3.51e-48 9.09e-48
79 0.6 3.7e-49 2.97e-48 7.69e-48
79.1 0.6 3.13e-49 2.51e-48 6.51e-48
79.2 0.6 2.65e-49 2.13e-48 5.51e-48
79.3 0.6 2.25e-49 1.8e-48 4.67e-48
79.4 0.6 1.9e-49 1.52e-48 3.95e-48
79.5 0.6 1.61e-49 1.29e-48 3.34e-48
79.6 0.6 1.36e-49 1.09e-48 2.83e-48
79.7 0.6 1.15e-49 9.25e-49 2.4e-48
79.8 0.6 9.76e-50 7.83e-49 2.03e-48
79.9 0.6 8.26e-50 6.62e-49 1.72e-48
80 0.6 6.99e-50 5.61e-49 1.45e-48
80.1 0.6 5.92e-50 4.75e-49 1.23e-48
80.2 0.6 5.01e-50 4.02e-49 1.04e-48
80.3 0.6 4.24e-50 3.4e-49 8.81e-49
80.4 0.6 3.59e-50 2.88e-49 7.46e-49
80.5 0.6 3.04e-50 2.44e-49 6.31e-49
80.6 0.6 2.57e-50 2.06e-49 5.35e-49
80.7 0.6 2.18e-50 1.75e-49 4.52e-49
80.8 0.6 1.84e-50 1.48e-49 3.83e-49
80.9 0.6 1.56e-50 1.25e-49 3.24e-49
81 0.6 1.32e-50 1.06e-49 2.74e-49
81.1 0.6 1.12e-50 8.97e-50 2.32e-49
81.2 0.6 9.46e-51 7.59e-50 1.97e-49
81.3 0.6 8.01e-51 6.42e-50 1.66e-49
81.4 0.6 6.78e-51 5.44e-50 1.41e-49
81.5 0.6 5.74e-51 4.6e-50 1.19e-49
81.6 0.6 4.86e-51 3.9e-50 1.01e-49
81.7 0.6 4.11e-51 3.3e-50 8.55e-50
81.8 0.6 3.48e-51 2.79e-50 7.23e-50
81.9 0.6 2.95e-51 2.36e-50 6.12e-50
82 0.6 2.49e-51 2e-50 5.18e-50
82.1 0.6 2.11e-51 1.69e-50 4.39e-50
82.2 0.6 1.79e-51 1.43e-50 3.71e-50
82.3 0.6 1.51e-51 1.21e-50 3.14e-50
82.4 0.6 1.28e-51 1.03e-50 2.66e-50
82.5 0.6 1.08e-51 8.69e-51 2.25e-50
82.6 0.6 9.18e-52 7.36e-51 1.91e-50
82.7 0.6 7.77e-52 6.23e-51 1.61e-50
82.8 0.6 6.58e-52 5.27e-51 1.37e-50
82.9 0.6 5.57e-52 4.46e-51 1.16e-50
83 0.6 4.71e-52 3.78e-51 9.79e-51
83.1 0.6 3.99e-52 3.2e-51 8.29e-51
83.2 0.6 3.38e-52 2.71e-51 7.01e-51
83.3 0.6 2.86e-52 2.29e-51 5.94e-51
83.4 0.6 2.42e-52 1.94e-51 5.03e-51
83.5 0.6 2.05e-52 1.64e-51 4.25e-51
83.6 0.6 1.73e-52 1.39e-51 3.6e-51
83.7 0.6 1.47e-52 1.18e-51 3.05e-51
83.8 0.6 1.24e-52 9.96e-52 2.58e-51
83.9 0.6 1.05e-52 8.43e-52 2.18e-51
84 0.6 8.9e-53 7.14e-52 1.85e-51
84.1 0.6 7.53e-53 6.04e-52 1.57e-51
84.2 0.6 6.38e-53 5.11e-52 1.32e-51
84.3 0.6 5.4e-53 4.33e-52 1.12e-51
84.4 0.6 4.57e-53 3.66e-52 9.49e-52
84.5 0.6 3.87e-53 3.1e-52 8.04e-52
84.6 0.6 3.27e-53 2.63e-52 6.8e-52
84.7 0.6 2.77e-53 2.22e-52 5.76e-52
84.8 0.6 2.35e-53 1.88e-52 4.87e-52
84.9 0.6 1.99e-53 1.59e-52 4.13e-52
85 0.6 1.68e-53 1.35e-52 3.49e-52
85.1 0.6 1.42e-53 1.14e-52 2.96e-52
85.2 0.6 1.2e-53 9.66e-53 2.5e-52
85.3 0.6 1.02e-53 8.18e-53 2.12e-52
85.4 0.6 8.63e-54 6.92e-53 1.79e-52
85.5 0.6 7.31e-54 5.86e-53 1.52e-52
85.6 0.6 6.18e-54 4.96e-53 1.28e-52
85.7 0.6 5.23e-54 4.2e-53 1.09e-52
85.8 0.6 4.43e-54 3.55e-53 9.21e-53
85.9 0.6 3.75e-54 3.01e-53 7.79e-53
86 0.6 3.18e-54 2.55e-53 6.6e-53
86.1 0.6 2.69e-54 2.16e-53 5.58e-53
86.2 0.6 2.28e-54 1.82e-53 4.73e-53
86.3 0.6 1.93e-54 1.54e-53 4e-53
86.4 0.6 1.63e-54 1.31e-53 3.39e-53
86.5 0.6 1.38e-54 1.11e-53 2.87e-53
86.6 0.6 1.17e-54 9.37e-54 2.43e-53
86.7 0.6 9.89e-55 7.93e-54 2.05e-53
86.8 0.6 8.37e-55 6.71e-54 1.74e-53
86.9 0.6 7.08e-55 5.68e-54 1.47e-53
87 0.6 6e-55 4.81e-54 1.25e-53
87.1 0.6 5.08e-55 4.07e-54 1.05e-53
87.2 0.6 4.3e-55 3.45e-54 8.93e-54
87.3 0.6 3.64e-55 2.92e-54 7.56e-54
87.4 0.6 3.08e-55 2.47e-54 6.4e-54
87.5 0.6 2.61e-55 2.09e-54 5.41e-54
87.6 0.6 2.21e-55 1.77e-54 4.58e-54
87.7 0.6 1.87e-55 1.5e-54 3.88e-54
87.8 0.6 1.58e-55 1.27e-54 3.28e-54
87.9 0.6 1.34e-55 1.07e-54 2.78e-54
88 0.6 1.13e-55 9.08e-55 2.35e-54
88.1 0.6 9.59e-56 7.69e-55 1.99e-54
88.2 0.6 8.12e-56 6.51e-55 1.69e-54
88.3 0.6 6.87e-56 5.51e-55 1.43e-54
88.4 0.6 5.82e-56 4.66e-55 1.21e-54
88.5 0.6 4.92e-56 3.95e-55 1.02e-54
88.6 0.6 4.17e-56 3.34e-55 8.66e-55
88.7 0.6 3.53e-56 2.83e-55 7.33e-55
88.8 0.6 2.99e-56 2.39e-55 6.2e-55
88.9 0.6 2.53e-56 2.03e-55 5.25e-55
89 0.6 2.14e-56 1.72e-55 4.44e-55
89.1 0.6 1.81e-56 1.45e-55 3.76e-55
89.2 0.6 1.53e-56 1.23e-55 3.18e-55
89.3 0.6 1.3e-56 1.04e-55 2.7e-55
89.4 0.6 1.1e-56 8.81e-56 2.28e-55
89.5 0.6 9.3e-57 7.46e-56 1.93e-55
89.6 0.6 7.87e-57 6.31e-56 1.64e-55
89.7 0.6 6.66e-57 5.34e-56 1.38e-55
89.8 0.6 5.64e-57 4.52e-56 1.17e-55
89.9 0.6 4.77e-57 3.83e-56 9.92e-56
90 0.6 4.04e-57 3.24e-56 8.39e-56
90.1 0.6 3.42e-57 2.74e-56 7.11e-56
90.2 0.6 2.9e-57 2.32e-56 6.02e-56
90.3 0.6 2.45e-57 1.97e-56 5.09e-56
90.4 0.6 2.07e-57 1.66e-56 4.31e-56
90.5 0.6 1.76e-57 1.41e-56 3.65e-56
90.6 0.6 1.49e-57 1.19e-56 3.09e-56
90.7 0.6 1.26e-57 1.01e-56 2.61e-56
90.8 0.6 1.07e-57 8.54e-57 2.21e-56
90.9 0.6 9.02e-58 7.23e-57 1.87e-56
91 0.6 7.63e-58 6.12e-57 1.59e-56
91.1 0.6 6.46e-58 5.18e-57 1.34e-56
91.2 0.6 5.47e-58 4.38e-57 1.14e-56
91.3 0.6 4.63e-58 3.71e-57 9.62e-57
91.4 0.6 3.92e-58 3.14e-57 8.14e-57
91.5 0.6 3.32e-58 2.66e-57 6.89e-57
91.6 0.6 2.81e-58 2.25e-57 5.83e-57
91.7 0.6 2.38e-58 1.91e-57 4.94e-57
91.8 0.6 2.01e-58 1.61e-57 4.18e-57
91.9 0.6 1.7e-58 1.37e-57 3.54e-57
92 0.6 1.44e-58 1.16e-57 2.99e-57
92.1 0.6 1.22e-58 9.78e-58 2.53e-57
92.2 0.6 1.03e-58 8.28e-58 2.15e-57
92.3 0.6 8.74e-59 7.01e-58 1.82e-57
92.4 0.6 7.4e-59 5.93e-58 1.54e-57
92.5 0.6 6.26e-59 5.02e-58 1.3e-57
92.6 0.6 5.3e-59 4.25e-58 1.1e-57
92.7 0.6 4.49e-59 3.6e-58 9.33e-58
92.8 0.6 3.8e-59 3.05e-58 7.89e-58
92.9 0.6 3.22e-59 2.58e-58 6.68e-58
93 0.6 2.72e-59 2.18e-58 5.66e-58
93.1 0.6 2.3e-59 1.85e-58 4.79e-58
93.2 0.6 1.95e-59 1.56e-58 4.05e-58
93.3 0.6 1.65e-59 1.32e-58 3.43e-58
93.4 0.6 1.4e-59 1.12e-58 2.9e-58
93.5 0.6 1.18e-59 9.49e-59 2.46e-58
93.6 0.6 1e-59 8.03e-59 2.08e-58
93.7 0.6 8.48e-60 6.8e-59 1.76e-58
93.8 0.6 7.18e-60 5.75e-59 1.49e-58
93.9 0.6 6.07e-60 4.87e-59 1.26e-58
94 0.6 5.14e-60 4.12e-59 1.07e-58
94.1 0.6 4.35e-60 3.49e-59 9.04e-59
94.2 0.6 3.68e-60 2.95e-59 7.65e-59
94.3 0.6 3.12e-60 2.5e-59 6.48e-59
94.4 0.6 2.64e-60 2.12e-59 5.48e-59
94.5 0.6 2.23e-60 1.79e-59 4.64e-59
94.6 0.6 1.89e-60 1.52e-59 3.93e-59
94.7 0.6 1.6e-60 1.28e-59 3.33e-59
94.8 0.6 1.36e-60 1.09e-59 2.82e-59
94.9 0.6 1.15e-60 9.2e-60 2.38e-59
95 0.6 9.71e-61 7.79e-60 2.02e-59
95.1 0.6 8.22e-61 6.59e-60 1.71e-59
95.2 0.6 6.96e-61 5.58e-60 1.45e-59
95.3 0.6 5.89e-61 4.72e-60 1.22e-59
95.4 0.6 4.99e-61 4e-60 1.04e-59
95.5 0.6 4.22e-61 3.38e-60 8.77e-60
95.6 0.6 3.57e-61 2.87e-60 7.42e-60
95.7 0.6 3.02e-61 2.43e-60 6.28e-60
95.8 0.6 2.56e-61 2.05e-60 5.32e-60
95.9 0.6 2.17e-61 1.74e-60 4.5e-60
96 0.6 1.83e-61 1.47e-60 3.81e-60
96.1 0.6 1.55e-61 1.25e-60 3.23e-60
96.2 0.6 1.31e-61 1.05e-60 2.73e-60
96.3 0.6 1.11e-61 8.92e-61 2.31e-60
96.4 0.6 9.42e-62 7.55e-61 1.96e-60
96.5 0.6 7.97e-62 6.39e-61 1.66e-60
96.6 0.6 6.75e-62 5.41e-61 1.4e-60
96.7 0.6 5.71e-62 4.58e-61 1.19e-60
96.8 0.6 4.84e-62 3.88e-61 1e-60
96.9 0.6 4.09e-62 3.28e-61 8.5e-61
97 0.6 3.46e-62 2.78e-61 7.2e-61
97.1 0.6 2.93e-62 2.35e-61 6.09e-61
97.2 0.6 2.48e-62 1.99e-61 5.16e-61
97.3 0.6 2.1e-62 1.69e-61 4.37e-61
97.4 0.6 1.78e-62 1.43e-61 3.7e-61
97.5 0.6 1.51e-62 1.21e-61 3.13e-61
97.6 0.6 1.27e-62 1.02e-61 2.65e-61
97.7 0.6 1.08e-62 8.65e-62 2.24e-61
97.8 0.6 9.13e-63 7.32e-62 1.9e-61
97.9 0.6 7.73e-63 6.2e-62 1.61e-61
98 0.6 6.54e-63 5.25e-62 1.36e-61
98.1 0.6 5.54e-63 4.44e-62 1.15e-61
98.2 0.6 4.69e-63 3.76e-62 9.74e-62
98.3 0.6 3.97e-63 3.18e-62 8.25e-62
98.4 0.6 3.36e-63 2.69e-62 6.98e-62
98.5 0.6 2.84e-63 2.28e-62 5.91e-62
98.6 0.6 2.41e-63 1.93e-62 5e-62
98.7 0.6 2.04e-63 1.63e-62 4.23e-62
98.8 0.6 1.73e-63 1.38e-62 3.58e-62
98.9 0.6 1.46e-63 1.17e-62 3.03e-62
99 0.6 1.24e-63 9.91e-63 2.57e-62
99.1 0.6 1.05e-63 8.39e-63 2.17e-62
99.2 0.6 8.86e-64 7.1e-63 1.84e-62
99.3 0.6 7.5e-64 6.01e-63 1.56e-62
99.4 0.6 6.35e-64 5.09e-63 1.32e-62
99.5 0.6 5.37e-64 4.31e-63 1.12e-62
99.6 0.6 4.55e-64 3.65e-63 9.45e-63
99.7 0.6 3.85e-64 3.09e-63 8e-63
99.8 0.6 3.26e-64 2.61e-63 6.77e-63
99.9 0.6 2.76e-64 2.21e-63 5.73e-63
