-23.1 1 2.15e-09 1.03e-10 1.35e-10
-23 1 2.38e-09 1.14e-10 1.49e-10
-22.9 1 2.63e-09 1.26e-10 1.65e-10
-22.8 1 2.91e-09 1.39e-10 1.82e-10
-22.7 1 3.21e-09 1.54e-10 2.01e-10
-22.6 1 3.55e-09 1.7e-10 2.22e-10
-22.5 1 3.92e-09 1.88e-10 2.46e-10
-22.4 1 4.34e-09 2.08e-10 2.72e-10
-22.3 1 4.79e-09 2.3e-10 3e-10
-22.2 1 5.3e-09 2.54e-10 3.32e-10
-22.1 1 5.85e-09 2.8e-10 3.67e-10
-22 1 6.47e-09 3.1e-10 4.05e-10
-21.9 1 7.15e-09 3.42e-10 4.48e-10
-21.8 1 7.9e-09 3.78e-10 4.95e-10
-21.7 1 8.73e-09 4.18e-10 5.47e-10
-21.6 1 9.65e-09 4.62e-10 6.05e-10
-21.5 1 1.07e-08 5.11e-10 6.68e-10
-21.4 1 1.18e-08 5.65e-10 7.39e-10
-21.3 1 1.3e-08 6.24e-10 8.16e-10
-21.2 1 1.44e-08 6.9e-10 9.02e-10
-21.1 1 1.59e-08 7.62e-10 9.97e-10
-21 1 1.76e-08 8.42e-10 1.1e-09
-20.9 1 1.94e-08 9.31e-10 1.22e-09
-20.8 1 2.15e-08 1.03e-09 1.35e-09
-20.7 1 2.37e-08 1.14e-09 1.49e-09
-20.6 1 2.62e-08 1.26e-09 1.64e-09
-20.5 1 2.9e-08 1.39e-09 1.82e-09
-20.4 1 3.2e-08 1.53e-09 2.01e-09
-20.3 1 3.54e-08 1.7e-09 2.22e-09
-20.2 1 3.91e-08 1.87e-09 2.45e-09
-20.1 1 4.32e-08 2.07e-09 2.71e-09
-20 1 4.78e-08 2.29e-09 2.99e-09
-19.9 1 5.28e-08 2.53e-09 3.31e-09
-19.8 1 5.84e-08 2.8e-09 3.66e-09
-19.7 1 6.45e-08 3.09e-09 4.04e-09
-19.6 1 7.13e-08 3.42e-09 4.47e-09
-19.5 1 7.88e-08 3.78e-09 4.94e-09
-19.4 1 8.71e-08 4.17e-09 5.46e-09
-19.3 1 9.62e-08 4.61e-09 6.03e-09
-19.2 1 1.06e-07 5.1e-09 6.67e-09
-19.1 1 1.18e-07 5.63e-09 7.37e-09
-19 1 1.3e-07 6.22e-09 8.14e-09
-18.9 1 1.44e-07 6.88e-09 9e-09
-18.8 1 1.59e-07 7.6e-09 9.94e-09
-18.7 1 1.75e-07 8.4e-09 1.1e-08
-18.6 1 1.94e-07 9.29e-09 1.21e-08
-18.5 1 2.14e-07 1.03e-08 1.34e-08
-18.4 1 2.37e-07 1.13e-08 1.48e-08
-18.3 1 2.62e-07 1.25e-08 1.64e-08
-18.2 1 2.89e-07 1.39e-08 1.81e-08
-18.1 1 3.2e-07 1.53e-08 2e-08
-18 1 3.53e-07 1.69e-08 2.21e-08
-17.9 1 3.9e-07 1.87e-08 2.45e-08
-17.8 1 4.31e-07 2.07e-08 2.7e-08
-17.7 1 4.77e-07 2.28e-08 2.99e-08
-17.6 1 5.27e-07 2.52e-08 3.3e-08
-17.5 1 5.82e-07 2.79e-08 3.65e-08
-17.4 1 6.43e-07 3.08e-08 4.03e-08
-17.3 1 7.11e-07 3.41e-08 4.46e-08
-17.2 1 7.86e-07 3.77e-08 4.92e-08
-17.1 1 8.68e-07 4.16e-08 5.44e-08
-17 1 9.6e-07 4.6e-08 6.01e-08
-16.9 1 1.06e-06 5.08e-08 6.65e-08
-16.8 1 1.17e-06 5.62e-08 7.35e-08
-16.7 1 1.3e-06 6.21e-08 8.12e-08
-16.6 1 1.43e-06 6.86e-08 8.97e-08
-16.5 1 1.58e-06 7.58e-08 9.92e-08
-16.4 1 1.75e-06 8.38e-08 1.1e-07
-16.3 1 1.93e-06 9.26e-08 1.21e-07
-16.2 1 2.14e-06 1.02e-07 1.34e-07
-16.1 1 2.36e-06 1.13e-07 1.48e-07
-16 1 2.61e-06 1.25e-07 1.63e-07
-15.9 1 2.88e-06 1.38e-07 1.81e-07
-15.8 1 3.19e-06 1.53e-07 2e-07
-15.7 1 3.52e-06 1.69e-07 2.21e-07
-15.6 1 3.89e-06 1.86e-07 2.44e-07
-15.5 1 4.3e-06 2.06e-07 2.7e-07
-15.4 1 4.75e-06 2.28e-07 2.98e-07
-15.3 1 5.25e-06 2.52e-07 3.29e-07
-15.2 1 5.81e-06 2.78e-07 3.64e-07
-15.1 1 6.42e-06 3.07e-07 4.02e-07
-15 1 7.09e-06 3.4e-07 4.44e-07
-14.9 1 7.84e-06 3.75e-07 4.91e-07
-14.8 1 8.66e-06 4.15e-07 5.43e-07
-14.7 1 9.57e-06 4.59e-07 6e-07
-14.6 1 1.06e-05 5.07e-07 6.63e-07
-14.5 1 1.17e-05 5.6e-07 7.33e-07
-14.4 1 1.29e-05 6.19e-07 8.1e-07
-14.3 1 1.43e-05 6.84e-07 8.95e-07
-14.2 1 1.58e-05 7.56e-07 9.89e-07
-14.1 1 1.74e-05 8.35e-07 1.09e-06
-14 1 1.93e-05 9.23e-07 1.21e-06
-13.9 1 2.13e-05 1.02e-06 1.33e-06
-13.8 1 2.35e-05 1.13e-06 1.47e-06
-13.7 1 2.6e-05 1.25e-06 1.63e-06
-13.6 1 2.88e-05 1.38e-06 1.8e-06
-13.5 1 3.18e-05 1.52e-06 1.99e-06
-13.4 1 3.51e-05 1.68e-06 2.2e-06
-13.3 1 3.88e-05 1.86e-06 2.43e-06
-13.2 1 4.29e-05 2.05e-06 2.68e-06
-13.1 1 4.74e-05 2.27e-06 2.97e-06
-13 1 5.24e-05 2.51e-06 3.28e-06
-12.9 1 5.79e-05 2.77e-06 3.62e-06
-12.8 1 6.4e-05 3.06e-06 4e-06
-12.7 1 7.07e-05 3.38e-06 4.42e-06
-12.6 1 7.81e-05 3.74e-06 4.89e-06
-12.5 1 8.64e-05 4.13e-06 5.4e-06
-12.4 1 9.54e-05 4.56e-06 5.96e-06
-12.3 1 0.000105 5.04e-06 6.59e-06
-12.2 1 0.000117 5.57e-06 7.28e-06
-12.1 1 0.000129 6.15e-06 8.04e-06
-12 1 0.000142 6.8e-06 8.88e-06
-11.9 1 0.000157 7.51e-06 9.81e-06
-11.8 1 0.000174 8.29e-06 1.08e-05
-11.7 1 0.000192 9.16e-06 1.2e-05
-11.6 1 0.000212 1.01e-05 1.32e-05
-11.5 1 0.000235 1.12e-05 1.46e-05
-11.4 1 0.000259 1.23e-05 1.61e-05
-11.3 1 0.000286 1.36e-05 1.78e-05
-11.2 1 0.000317 1.51e-05 1.97e-05
-11.1 1 0.00035 1.66e-05 2.17e-05
-11 1 0.000386 1.83e-05 2.39e-05
-10.9 1 0.000427 2.03e-05 2.64e-05
-10.8 1 0.000472 2.24e-05 2.92e-05
-10.7 1 0.000521 2.47e-05 3.22e-05
-10.6 1 0.000576 2.72e-05 3.55e-05
-10.5 1 0.000636 3e-05 3.91e-05
-10.4 1 0.000703 3.31e-05 4.31e-05
-10.3 1 0.000777 3.65e-05 4.76e-05
-10.2 1 0.000858 4.03e-05 5.24e-05
-10.1 1 0.000948 4.44e-05 5.77e-05
-10 1 0.00105 4.89e-05 6.36e-05
-9.9 1 0.00116 5.39e-05 7e-05
-9.8 1 0.00128 5.94e-05 7.7e-05
-9.7 1 0.00141 6.53e-05 8.47e-05
-9.6 1 0.00156 7.19e-05 9.32e-05
-9.5 1 0.00172 7.91e-05 0.000102
-9.4 1 0.0019 8.7e-05 0.000112
-9.3 1 0.0021 9.55e-05 0.000123
-9.2 1 0.00231 0.000105 0.000135
-9.1 1 0.00256 0.000115 0.000148
-9 1 0.00282 0.000126 0.000162
-8.9 1 0.00311 0.000138 0.000177
-8.8 1 0.00343 0.000151 0.000194
-8.7 1 0.00379 0.000166 0.000211
-8.6 1 0.00418 0.000181 0.00023
-8.5 1 0.00461 0.000198 0.00025
-8.4 1 0.00508 0.000215 0.000271
-8.3 1 0.0056 0.000234 0.000294
-8.2 1 0.00617 0.000255 0.000318
-8.1 1 0.00679 0.000276 0.000343
-8 1 0.00748 0.000299 0.000368
-7.9 1 0.00824 0.000323 0.000395
-7.8 1 0.00906 0.000349 0.000421
-7.7 1 0.00997 0.000375 0.000448
-7.6 1 0.011 0.000402 0.000474
-7.5 1 0.012 0.000431 0.000499
-7.4 1 0.0132 0.000459 0.000522
-7.3 1 0.0145 0.000489 0.000543
-7.2 1 0.0159 0.000518 0.000559
-7.1 1 0.0175 0.000548 0.00057
-7 1 0.0191 0.000577 0.000575
-6.9 1 0.0209 0.000606 0.000571
-6.8 1 0.0229 0.000635 0.000558
-6.7 1 0.025 0.000663 0.000532
-6.6 1 0.0273 0.000692 0.000493
-6.5 1 0.0298 0.000722 0.000438
-6.4 1 0.0324 0.000755 0.000545
-6.3 1 0.0353 0.000794 0.000705
-6.2 1 0.0383 0.000889 0.000845
-6.1 1 0.0416 0.000938 0.00107
-6 1 0.0451 0.00101 0.00133
-5.9 1 0.0488 0.00111 0.00163
-5.8 1 0.0528 0.00126 0.00196
-5.7 1 0.057 0.0015 0.00234
-5.6 1 0.0615 0.00186 0.00278
-5.5 1 0.0663 0.00244 0.00328
-5.4 1 0.0714 0.00337 0.00393
-5.3 1 0.0771 0.00496 0.00492
-5.2 1 0.0836 0.00842 0.00651
-5.1 1 0.0929 0.0195 0.0106
-5 1 -0.149 0.245 0.725
-4.9 1 0.0901 0.0115 0.0242
-4.8 1 0.0996 0.00839 0.0139
-4.7 1 0.108 0.00746 0.0109
-4.6 1 0.115 0.00743 0.00938
-4.5 1 0.122 0.00755 0.00846
-4.4 1 0.129 0.0077 0.00779
-4.3 1 0.137 0.00779 0.00722
-4.2 1 0.143 0.00899 0.00545
-4.1 1 0.15 0.00896 0.00472
-4 1 0.157 0.00872 0.00394
-3.9 1 0.162 0.00321 0.00459
-3.8 1 0.169 0.00222 0.00467
-3.7 1 0.178 0.00229 0.00274
-3.6 1 0.185 0.0031 0.00304
-3.5 1 0.192 0.00499 0.0071
-3.4 1 0.202 0.00434 0.00461
-3.3 1 0.211 0.00467 0.00569
-3.2 1 0.22 0.00476 0.00648
-3.1 1 0.229 0.0046 0.00692
-3 1 0.241 0.00391 0.00852
-2.9 1 0.251 0.0049 0.00827
-2.8 1 0.262 0.00548 0.00753
-2.7 1 0.269 0.00337 0.00524
-2.6 1 0.28 0.00319 0.00541
-2.5 1 0.291 0.00303 0.00643
-2.4 1 0.302 0.00335 0.00619
-2.3 1 0.315 0.00143 0.00138
-2.2 1 0.325 0.00134 0.00187
-2.1 1 0.336 0.00207 0.00222
-2 1 0.347 0.00251 0.00245
-1.9 1 0.357 0.0032 0.0021
-1.8 1 0.368 0.00321 0.00231
-1.7 1 0.376 0.00186 0.00176
-1.6 1 0.386 0.00436 0.00663
-1.5 1 0.401 0.00222 0.00448
-1.4 1 0.41 0.00154 0.00337
-1.3 1 0.422 0.000495 0.000991
-1.2 1 0.433 0.000472 0.00121
-1.1 1 0.444 0.00058 0.00137
-1 1 0.454 0.00068 0.0015
-0.9 1 0.465 0.000725 0.00165
-0.8 1 0.478 0.00563 0.00357
-0.7 1 0.486 0.000821 0.00209
-0.6 1 0.497 0.000861 0.00211
-0.5 1 0.506 0.00225 0.00331
-0.4 1 0.516 0.00242 0.00333
-0.3 1 0.526 0.00261 0.00335
-0.2 1 0.536 0.0028 0.00339
-0.1 1 0.545 0.00297 0.00345
1.78e-15 1 0.555 0.00309 0.00351
0.1 1 0.564 0.00222 0.00272
0.2 1 0.573 0.00221 0.00271
0.3 1 0.582 0.00219 0.00264
0.4 1 0.593 0.00837 0.00666
0.5 1 0.601 0.00876 0.00788
0.6 1 0.61 0.00866 0.00878
0.7 1 0.618 0.00803 0.00924
0.8 1 0.623 0.00394 0.00719
0.9 1 0.631 0.0041 0.00689
1 1 0.639 0.00408 0.00622
1.1 1 0.647 0.00386 0.00522
1.2 1 0.654 0.00347 0.00396
1.3 1 0.665 0.00546 0.00512
1.4 1 0.672 0.00625 0.00516
1.5 1 0.679 0.00684 0.00495
1.6 1 0.686 0.0072 0.00453
1.7 1 0.692 0.00735 0.00394
1.8 1 0.7 0.00598 0.00352
1.9 1 0.705 0.00588 0.00363
2 1 0.711 0.00566 0.00365
2.1 1 0.716 0.00534 0.00361
2.2 1 0.716 0.00139 0.00262
2.3 1 0.723 0.00758 0.00453
2.4 1 0.728 0.00743 0.00388
2.5 1 0.732 0.00717 0.00325
2.6 1 0.736 0.00685 0.00267
2.7 1 0.74 0.00649 0.00219
2.8 1 0.743 0.00611 0.00227
2.9 1 0.747 0.00575 0.00237
3 1 0.749 0.00543 0.00255
3.1 1 0.752 0.00523 0.003
3.2 1 0.754 0.00563 0.00519
3.3 1 0.759 0.00371 0.00379
3.4 1 0.76 0.0033 0.00246
3.5 1 0.762 0.00325 0.00215
3.6 1 0.764 0.0031 0.00197
3.7 1 0.765 0.00294 0.00182
3.8 1 0.767 0.00278 0.00169
3.9 1 0.768 0.00264 0.00158
4 1 0.769 0.00252 0.00149
4.1 1 0.77 0.00241 0.0014
4.2 1 0.771 0.00232 0.00133
4.3 1 0.772 0.00224 0.00126
4.4 1 0.773 0.00218 0.00121
4.5 1 0.774 0.00213 0.00116
4.6 1 0.774 0.00209 0.00112
4.7 1 0.774 0.00205 0.0011
4.8 1 0.775 0.00203 0.00108
4.9 1 0.775 0.00202 0.00107
5 1 0.775 0.00202 0.00106
5.1 1 0.775 0.00202 0.00107
5.2 1 0.775 0.00203 0.00108
5.3 1 0.774 0.00205 0.0011
5.4 1 0.774 0.00209 0.00112
5.5 1 0.774 0.00213 0.00116
5.6 1 0.773 0.00218 0.00121
5.7 1 0.772 0.00224 0.00126
5.8 1 0.771 0.00232 0.00133
5.9 1 0.77 0.00241 0.0014
6 1 0.769 0.00252 0.00149
6.1 1 0.768 0.00264 0.00158
6.2 1 0.767 0.00278 0.00169
6.3 1 0.765 0.00294 0.00182
6.4 1 0.764 0.0031 0.00197
6.5 1 0.762 0.00325 0.00215
6.6 1 0.76 0.0033 0.00246
6.7 1 0.759 0.00371 0.00379
6.8 1 0.754 0.00563 0.00519
6.9 1 0.752 0.00523 0.003
7 1 0.749 0.00543 0.00255
7.1 1 0.747 0.00575 0.00237
7.2 1 0.743 0.00611 0.00227
7.3 1 0.74 0.00649 0.00219
7.4 1 0.736 0.00685 0.00267
7.5 1 0.732 0.00717 0.00325
7.6 1 0.728 0.00743 0.00388
7.7 1 0.723 0.00758 0.00453
7.8 1 0.716 0.00139 0.00262
7.9 1 0.716 0.00534 0.00361
8 1 0.711 0.00566 0.00365
8.1 1 0.705 0.00588 0.00363
8.2 1 0.7 0.00598 0.00352
8.3 1 0.692 0.00735 0.00394
8.4 1 0.686 0.0072 0.00453
8.5 1 0.679 0.00684 0.00495
8.6 1 0.672 0.00625 0.00516
8.7 1 0.665 0.00546 0.00512
8.8 1 0.654 0.00347 0.00396
8.9 1 0.647 0.00386 0.00522
9 1 0.639 0.00408 0.00622
9.1 1 0.631 0.0041 0.00689
9.2 1 0.623 0.00394 0.00719
9.3 1 0.618 0.00803 0.00924
9.4 1 0.61 0.00866 0.00878
9.5 1 0.601 0.00876 0.00788
9.6 1 0.593 0.00837 0.00666
9.7 1 0.582 0.00219 0.00264
9.8 1 0.573 0.00221 0.00271
9.9 1 0.564 0.00222 0.00272
10 1 0.555 0.00309 0.00351
10.1 1 0.545 0.00297 0.00345
10.2 1 0.536 0.0028 0.00339
10.3 1 0.526 0.00261 0.00335
10.4 1 0.516 0.00242 0.00333
10.5 1 0.506 0.00225 0.00331
10.6 1 0.497 0.000861 0.00211
10.7 1 0.486 0.000821 0.00209
10.8 1 0.478 0.00563 0.00357
10.9 1 0.465 0.000725 0.00165
11 1 0.454 0.00068 0.0015
11.1 1 0.444 0.00058 0.00137
11.2 1 0.433 0.000472 0.00121
11.3 1 0.422 0.000495 0.000991
11.4 1 0.41 0.00154 0.00337
11.5 1 0.401 0.00222 0.00448
11.6 1 0.386 0.00436 0.00663
11.7 1 0.376 0.00186 0.00176
11.8 1 0.368 0.00321 0.00231
11.9 1 0.357 0.0032 0.0021
12 1 0.347 0.00251 0.00245
12.1 1 0.336 0.00207 0.00222
12.2 1 0.325 0.00134 0.00187
12.3 1 0.315 0.00143 0.00138
12.4 1 0.302 0.00335 0.00619
12.5 1 0.291 0.00303 0.00643
12.6 1 0.28 0.00319 0.00541
12.7 1 0.269 0.00337 0.00524
12.8 1 0.262 0.00548 0.00753
12.9 1 0.251 0.0049 0.00827
13 1 0.241 0.00391 0.00852
13.1 1 0.229 0.0046 0.00692
13.2 1 0.22 0.00476 0.00648
13.3 1 0.211 0.00467 0.00569
13.4 1 0.202 0.00434 0.00461
13.5 1 0.192 0.00499 0.0071
13.6 1 0.185 0.0031 0.00304
13.7 1 0.178 0.00229 0.00274
13.8 1 0.169 0.00222 0.00467
13.9 1 0.162 0.00321 0.00459
14 1 0.157 0.00872 0.00394
14.1 1 0.15 0.00896 0.00472
14.2 1 0.143 0.00899 0.00545
14.3 1 0.137 0.00779 0.00722
14.4 1 0.129 0.0077 0.00779
14.5 1 0.122 0.00755 0.00846
14.6 1 0.115 0.00743 0.00938
14.7 1 0.108 0.00746 0.0109
14.8 1 0.0996 0.00839 0.0139
14.9 1 0.0901 0.0115 0.0242
15 1 -0.149 0.245 0.725
15.1 1 0.0929 0.0195 0.0106
15.2 1 0.0836 0.00842 0.00651
15.3 1 0.0771 0.00496 0.00492
15.4 1 0.0714 0.00337 0.00393
15.5 1 0.0663 0.00244 0.00328
15.6 1 0.0615 0.00186 0.00278
15.7 1 0.057 0.0015 0.00234
15.8 1 0.0528 0.00126 0.00196
15.9 1 0.0488 0.00111 0.00163
16 1 0.0451 0.00101 0.00133
16.1 1 0.0416 0.000938 0.00107
16.2 1 0.0383 0.000889 0.000845
16.3 1 0.0353 0.000794 0.000705
16.4 1 0.0324 0.000755 0.000545
16.5 1 0.0298 0.000722 0.000438
16.6 1 0.0273 0.000692 0.000493
16.7 1 0.025 0.000663 0.000532
16.8 1 0.0229 0.000635 0.000558
16.9 1 0.0209 0.000606 0.000571
17 1 0.0191 0.000577 0.000575
17.1 1 0.0175 0.000548 0.00057
17.2 1 0.0159 0.000518 0.000559
17.3 1 0.0145 0.000489 0.000543
17.4 1 0.0132 0.000459 0.000522
17.5 1 0.012 0.000431 0.000499
17.6 1 0.011 0.000402 0.000474
17.7 1 0.00997 0.000375 0.000448
17.8 1 0.00906 0.000349 0.000421
17.9 1 0.00824 0.000323 0.000395
18 1 0.00748 0.000299 0.000368
18.1 1 0.00679 0.000276 0.000343
18.2 1 0.00617 0.000255 0.000318
18.3 1 0.0056 0.000234 0.000294
18.4 1 0.00508 0.000215 0.000271
18.5 1 0.00461 0.000198 0.00025
18.6 1 0.00418 0.000181 0.00023
18.7 1 0.00379 0.000166 0.000211
18.8 1 0.00343 0.000151 0.000194
18.9 1 0.00311 0.000138 0.000177
19 1 0.00282 0.000126 0.000162
19.1 1 0.00256 0.000115 0.000148
19.2 1 0.00231 0.000105 0.000135
19.3 1 0.0021 9.55e-05 0.000123
19.4 1 0.0019 8.7e-05 0.000112
19.5 1 0.00172 7.91e-05 0.000102
19.6 1 0.00156 7.19e-05 9.32e-05
19.7 1 0.00141 6.53e-05 8.47e-05
19.8 1 0.00128 5.94e-05 7.7e-05
19.9 1 0.00116 5.39e-05 7e-05
20 1 0.00105 4.89e-05 6.36e-05
20.1 1 0.000948 4.44e-05 5.77e-05
20.2 1 0.000858 4.03e-05 5.24e-05
20.3 1 0.000777 3.65e-05 4.76e-05
20.4 1 0.000703 3.31e-05 4.31e-05
20.5 1 0.000636 3e-05 3.91e-05
20.6 1 0.000576 2.72e-05 3.55e-05
20.7 1 0.000521 2.47e-05 3.22e-05
20.8 1 0.000472 2.24e-05 2.92e-05
20.9 1 0.000427 2.03e-05 2.64e-05
21 1 0.000386 1.83e-05 2.39e-05
21.1 1 0.00035 1.66e-05 2.17e-05
21.2 1 0.000317 1.51e-05 1.97e-05
21.3 1 0.000286 1.36e-05 1.78e-05
21.4 1 0.000259 1.23e-05 1.61e-05
21.5 1 0.000235 1.12e-05 1.46e-05
21.6 1 0.000212 1.01e-05 1.32e-05
21.7 1 0.000192 9.16e-06 1.2e-05
21.8 1 0.000174 8.29e-06 1.08e-05
21.9 1 0.000157 7.51e-06 9.81e-06
22 1 0.000142 6.8e-06 8.88e-06
22.1 1 0.000129 6.15e-06 8.04e-06
22.2 1 0.000117 5.57e-06 7.28e-06
22.3 1 0.000105 5.04e-06 6.59e-06
22.4 1 9.54e-05 4.56e-06 5.96e-06
22.5 1 8.64e-05 4.13e-06 5.4e-06
22.6 1 7.81e-05 3.74e-06 4.89e-06
22.7 1 7.07e-05 3.38e-06 4.42e-06
22.8 1 6.4e-05 3.06e-06 4e-06
22.9 1 5.79e-05 2.77e-06 3.62e-06
23 1 5.24e-05 2.51e-06 3.28e-06
23.1 1 4.74e-05 2.27e-06 2.97e-06
23.2 1 4.29e-05 2.05e-06 2.68e-06
23.3 1 3.88e-05 1.86e-06 2.43e-06
23.4 1 3.51e-05 1.68e-06 2.2e-06
23.5 1 3.18e-05 1.52e-06 1.99e-06
23.6 1 2.88e-05 1.38e-06 1.8e-06
23.7 1 2.6e-05 1.25e-06 1.63e-06
23.8 1 2.35e-05 1.13e-06 1.47e-06
23.9 1 2.13e-05 1.02e-06 1.33e-06
24 1 1.93e-05 9.23e-07 1.21e-06
24.1 1 1.74e-05 8.35e-07 1.09e-06
24.2 1 1.58e-05 7.56e-07 9.89e-07
24.3 1 1.43e-05 6.84e-07 8.95e-07
24.4 1 1.29e-05 6.19e-07 8.1e-07
24.5 1 1.17e-05 5.6e-07 7.33e-07
24.6 1 1.06e-05 5.07e-07 6.63e-07
24.7 1 9.57e-06 4.59e-07 6e-07
24.8 1 8.66e-06 4.15e-07 5.43e-07
24.9 1 7.84e-06 3.75e-07 4.91e-07
25 1 7.09e-06 3.4e-07 4.44e-07
25.1 1 6.42e-06 3.07e-07 4.02e-07
25.2 1 5.81e-06 2.78e-07 3.64e-07
25.3 1 5.25e-06 2.52e-07 3.29e-07
25.4 1 4.75e-06 2.28e-07 2.98e-07
25.5 1 4.3e-06 2.06e-07 2.7e-07
25.6 1 3.89e-06 1.86e-07 2.44e-07
25.7 1 3.52e-06 1.69e-07 2.21e-07
25.8 1 3.19e-06 1.53e-07 2e-07
25.9 1 2.88e-06 1.38e-07 1.81e-07
26 1 2.61e-06 1.25e-07 1.63e-07
26.1 1 2.36e-06 1.13e-07 1.48e-07
26.2 1 2.14e-06 1.02e-07 1.34e-07
26.3 1 1.93e-06 9.26e-08 1.21e-07
26.4 1 1.75e-06 8.38e-08 1.1e-07
26.5 1 1.58e-06 7.58e-08 9.92e-08
26.6 1 1.43e-06 6.86e-08 8.97e-08
26.7 1 1.3e-06 6.21e-08 8.12e-08
26.8 1 1.17e-06 5.62e-08 7.35e-08
26.9 1 1.06e-06 5.08e-08 6.65e-08
27 1 9.6e-07 4.6e-08 6.01e-08
27.1 1 8.68e-07 4.16e-08 5.44e-08
27.2 1 7.86e-07 3.77e-08 4.92e-08
27.3 1 7.11e-07 3.41e-08 4.46e-08
27.4 1 6.43e-07 3.08e-08 4.03e-08
27.5 1 5.82e-07 2.79e-08 3.65e-08
27.6 1 5.27e-07 2.52e-08 3.3e-08
27.7 1 4.77e-07 2.28e-08 2.99e-08
27.8 1 4.31e-07 2.07e-08 2.7e-08
27.9 1 3.9e-07 1.87e-08 2.45e-08
28 1 3.53e-07 1.69e-08 2.21e-08
28.1 1 3.2e-07 1.53e-08 2e-08
28.2 1 2.89e-07 1.39e-08 1.81e-08
28.3 1 2.62e-07 1.25e-08 1.64e-08
28.4 1 2.37e-07 1.13e-08 1.48e-08
28.5 1 2.14e-07 1.03e-08 1.34e-08
28.6 1 1.94e-07 9.29e-09 1.21e-08
28.7 1 1.75e-07 8.4e-09 1.1e-08
28.8 1 1.59e-07 7.6e-09 9.94e-09
28.9 1 1.44e-07 6.88e-09 9e-09
29 1 1.3e-07 6.22e-09 8.14e-09
29.1 1 1.18e-07 5.63e-09 7.37e-09
29.2 1 1.06e-07 5.1e-09 6.67e-09
29.3 1 9.62e-08 4.61e-09 6.03e-09
29.4 1 8.71e-08 4.17e-09 5.46e-09
29.5 1 7.88e-08 3.78e-09 4.94e-09
29.6 1 7.13e-08 3.42e-09 4.47e-09
29.7 1 6.45e-08 3.09e-09 4.04e-09
29.8 1 5.84e-08 2.8e-09 3.66e-09
29.9 1 5.28e-08 2.53e-09 3.31e-09
30 1 4.78e-08 2.29e-09 2.99e-09
30.1 1 4.32e-08 2.07e-09 2.71e-09
30.2 1 3.91e-08 1.87e-09 2.45e-09
30.3 1 3.54e-08 1.7e-09 2.22e-09
30.4 1 3.2e-08 1.53e-09 2.01e-09
30.5 1 2.9e-08 1.39e-09 1.82e-09
30.6 1 2.62e-08 1.26e-09 1.64e-09
30.7 1 2.37e-08 1.14e-09 1.49e-09
30.8 1 2.15e-08 1.03e-09 1.35e-09
30.9 1 1.94e-08 9.31e-10 1.22e-09
31 1 1.76e-08 8.42e-10 1.1e-09
31.1 1 1.59e-08 7.62e-10 9.97e-10
31.2 1 1.44e-08 6.9e-10 9.02e-10
31.3 1 1.3e-08 6.24e-10 8.16e-10
31.4 1 1.18e-08 5.65e-10 7.39e-10
31.5 1 1.07e-08 5.11e-10 6.68e-10
31.6 1 9.65e-09 4.62e-10 6.05e-10
31.7 1 8.73e-09 4.18e-10 5.47e-10
31.8 1 7.9e-09 3.78e-10 4.95e-10
31.9 1 7.15e-09 3.42e-10 4.48e-10
32 1 6.47e-09 3.1e-10 4.05e-10
32.1 1 5.85e-09 2.8e-10 3.67e-10
32.2 1 5.3e-09 2.54e-10 3.32e-10
32.3 1 4.79e-09 2.3e-10 3e-10
32.4 1 4.34e-09 2.08e-10 2.72e-10
32.5 1 3.92e-09 1.88e-10 2.46e-10
32.6 1 3.55e-09 1.7e-10 2.22e-10
32.7 1 3.21e-09 1.54e-10 2.01e-10
32.8 1 2.91e-09 1.39e-10 1.82e-10
32.9 1 2.63e-09 1.26e-10 1.65e-10
33 1 2.38e-09 1.14e-10 1.49e-10
33.1 1 2.15e-09 1.03e-10 1.35e-10
35.8 1 1.45e-10 6.93e-12 9.07e-12
35.9 1 1.31e-10 6.27e-12 8.2e-12
36 1 1.18e-10 5.68e-12 7.42e-12
36.1 1 1.07e-10 5.14e-12 6.72e-12
38.5 1 9.72e-12 4.66e-13 6.09e-13
38.6 1 8.8e-12 4.22e-13 5.51e-13
38.7 1 7.96e-12 3.81e-13 4.99e-13
38.8 1 7.2e-12 3.45e-13 4.51e-13
38.9 1 6.52e-12 3.12e-13 4.08e-13
39 1 5.9e-12 2.83e-13 3.7e-13
39.1 1 5.34e-12 2.56e-13 3.34e-13
39.2 1 4.83e-12 2.31e-13 3.03e-13
39.3 1 4.37e-12 2.09e-13 2.74e-13
39.4 1 3.95e-12 1.89e-13 2.48e-13
39.5 1 3.58e-12 1.71e-13 2.24e-13
39.6 1 3.24e-12 1.55e-13 2.03e-13
39.7 1 2.93e-12 1.4e-13 1.84e-13
39.8 1 2.65e-12 1.27e-13 1.66e-13
39.9 1 2.4e-12 1.15e-13 1.5e-13
40 1 2.17e-12 1.04e-13 1.36e-13
40.1 1 1.96e-12 9.41e-14 1.23e-13
40.2 1 1.78e-12 8.51e-14 1.11e-13
40.3 1 1.61e-12 7.7e-14 1.01e-13
40.4 1 1.45e-12 6.97e-14 9.11e-14
40.5 1 1.32e-12 6.31e-14 8.25e-14
40.6 1 1.19e-12 5.71e-14 7.46e-14
40.7 1 1.08e-12 5.16e-14 6.75e-14
40.8 1 9.75e-13 4.67e-14 6.11e-14
40.9 1 8.82e-13 4.23e-14 5.53e-14
41 1 7.98e-13 3.82e-14 5e-14
41.1 1 7.22e-13 3.46e-14 4.53e-14
41.2 1 6.53e-13 3.13e-14 4.1e-14
41.3 1 5.91e-13 2.83e-14 3.71e-14
41.4 1 5.35e-13 2.56e-14 3.35e-14
41.5 1 4.84e-13 2.32e-14 3.03e-14
41.6 1 4.38e-13 2.1e-14 2.75e-14
41.7 1 3.96e-13 1.9e-14 2.48e-14
41.8 1 3.59e-13 1.72e-14 2.25e-14
41.9 1 3.24e-13 1.55e-14 2.03e-14
42 1 2.94e-13 1.41e-14 1.84e-14
42.1 1 2.66e-13 1.27e-14 1.66e-14
42.2 1 2.4e-13 1.15e-14 1.51e-14
42.3 1 2.18e-13 1.04e-14 1.36e-14
42.4 1 1.97e-13 9.43e-15 1.23e-14
42.5 1 1.78e-13 8.53e-15 1.12e-14
42.6 1 1.61e-13 7.72e-15 1.01e-14
42.7 1 1.46e-13 6.99e-15 9.14e-15
42.8 1 1.32e-13 6.32e-15 8.27e-15
42.9 1 1.19e-13 5.72e-15 7.48e-15
43 1 1.08e-13 5.18e-15 6.77e-15
43.1 1 9.77e-14 4.68e-15 6.13e-15
43.2 1 8.84e-14 4.24e-15 5.54e-15
43.3 1 8e-14 3.83e-15 5.01e-15
43.4 1 7.24e-14 3.47e-15 4.54e-15
43.5 1 6.55e-14 3.14e-15 4.11e-15
43.6 1 5.93e-14 2.84e-15 3.72e-15
43.7 1 5.36e-14 2.57e-15 3.36e-15
43.8 1 4.85e-14 2.33e-15 3.04e-15
43.9 1 4.39e-14 2.1e-15 2.75e-15
44 1 3.97e-14 1.9e-15 2.49e-15
44.1 1 3.6e-14 1.72e-15 2.25e-15
44.2 1 3.25e-14 1.56e-15 2.04e-15
44.3 1 2.94e-14 1.41e-15 1.84e-15
44.4 1 2.66e-14 1.28e-15 1.67e-15
44.5 1 2.41e-14 1.15e-15 1.51e-15
44.6 1 2.18e-14 1.04e-15 1.37e-15
44.7 1 1.97e-14 9.45e-16 1.24e-15
44.8 1 1.79e-14 8.55e-16 1.12e-15
44.9 1 1.62e-14 7.74e-16 1.01e-15
45 1 1.46e-14 7e-16 9.16e-16
45.1 1 1.32e-14 6.34e-16 8.29e-16
45.2 1 1.2e-14 5.73e-16 7.5e-16
45.3 1 1.08e-14 5.19e-16 6.79e-16
45.4 1 9.8e-15 4.7e-16 6.14e-16
45.5 1 8.87e-15 4.25e-16 5.56e-16
45.6 1 8.02e-15 3.84e-16 5.03e-16
45.7 1 7.26e-15 3.48e-16 4.55e-16
45.8 1 6.57e-15 3.15e-16 4.12e-16
45.9 1 5.94e-15 2.85e-16 3.72e-16
46 1 5.38e-15 2.58e-16 3.37e-16
46.1 1 4.87e-15 2.33e-16 3.05e-16
46.2 1 4.4e-15 2.11e-16 2.76e-16
46.3 1 3.98e-15 1.91e-16 2.5e-16
46.4 1 3.6e-15 1.73e-16 2.26e-16
46.5 1 3.26e-15 1.56e-16 2.04e-16
46.6 1 2.95e-15 1.41e-16 1.85e-16
46.7 1 2.67e-15 1.28e-16 1.67e-16
46.8 1 2.42e-15 1.16e-16 1.51e-16
46.9 1 2.19e-15 1.05e-16 1.37e-16
47 1 1.98e-15 9.48e-17 1.24e-16
47.1 1 1.79e-15 8.58e-17 1.12e-16
47.2 1 1.62e-15 7.76e-17 1.02e-16
47.3 1 1.47e-15 7.02e-17 9.18e-17
47.4 1 1.33e-15 6.35e-17 8.31e-17
47.5 1 1.2e-15 5.75e-17 7.52e-17
47.6 1 1.09e-15 5.2e-17 6.8e-17
47.7 1 9.82e-16 4.71e-17 6.16e-17
47.8 1 8.89e-16 4.26e-17 5.57e-17
47.9 1 8.04e-16 3.85e-17 5.04e-17
48 1 7.28e-16 3.49e-17 4.56e-17
48.1 1 6.59e-16 3.16e-17 4.13e-17
48.2 1 5.96e-16 2.86e-17 3.73e-17
48.3 1 5.39e-16 2.58e-17 3.38e-17
48.4 1 4.88e-16 2.34e-17 3.06e-17
48.5 1 4.41e-16 2.12e-17 2.77e-17
48.6 1 3.99e-16 1.91e-17 2.5e-17
48.7 1 3.61e-16 1.73e-17 2.26e-17
48.8 1 3.27e-16 1.57e-17 2.05e-17
48.9 1 2.96e-16 1.42e-17 1.85e-17
49 1 2.68e-16 1.28e-17 1.68e-17
49.1 1 2.42e-16 1.16e-17 1.52e-17
49.2 1 2.19e-16 1.05e-17 1.37e-17
49.3 1 1.98e-16 9.5e-18 1.24e-17
49.4 1 1.79e-16 8.6e-18 1.12e-17
49.5 1 1.62e-16 7.78e-18 1.02e-17
49.6 1 1.47e-16 7.04e-18 9.21e-18
49.7 1 1.33e-16 6.37e-18 8.33e-18
49.8 1 1.2e-16 5.76e-18 7.54e-18
49.9 1 1.09e-16 5.22e-18 6.82e-18
50 1 9.85e-17 4.72e-18 6.17e-18
50.1 1 8.91e-17 4.27e-18 5.59e-18
50.2 1 8.06e-17 3.86e-18 5.05e-18
50.3 1 7.3e-17 3.5e-18 4.57e-18
50.4 1 6.6e-17 3.16e-18 4.14e-18
50.5 1 5.97e-17 2.86e-18 3.74e-18
50.6 1 5.41e-17 2.59e-18 3.39e-18
50.7 1 4.89e-17 2.34e-18 3.07e-18
50.8 1 4.43e-17 2.12e-18 2.77e-18
50.9 1 4e-17 1.92e-18 2.51e-18
51 1 3.62e-17 1.74e-18 2.27e-18
51.1 1 3.28e-17 1.57e-18 2.05e-18
51.2 1 2.97e-17 1.42e-18 1.86e-18
51.3 1 2.68e-17 1.29e-18 1.68e-18
51.4 1 2.43e-17 1.16e-18 1.52e-18
51.5 1 2.2e-17 1.05e-18 1.38e-18
51.6 1 1.99e-17 9.53e-19 1.25e-18
51.7 1 1.8e-17 8.62e-19 1.13e-18
51.8 1 1.63e-17 7.8e-19 1.02e-18
51.9 1 1.47e-17 7.06e-19 9.23e-19
52 1 1.33e-17 6.39e-19 8.35e-19
52.1 1 1.21e-17 5.78e-19 7.56e-19
52.2 1 1.09e-17 5.23e-19 6.84e-19
52.3 1 9.88e-18 4.73e-19 6.19e-19
52.4 1 8.94e-18 4.28e-19 5.6e-19
52.5 1 8.09e-18 3.87e-19 5.07e-19
52.6 1 7.32e-18 3.51e-19 4.58e-19
52.7 1 6.62e-18 3.17e-19 4.15e-19
52.8 1 5.99e-18 2.87e-19 3.75e-19
52.9 1 5.42e-18 2.6e-19 3.4e-19
53 1 4.9e-18 2.35e-19 3.07e-19
53.1 1 4.44e-18 2.13e-19 2.78e-19
53.2 1 4.01e-18 1.92e-19 2.52e-19
53.3 1 3.63e-18 1.74e-19 2.28e-19
53.4 1 3.29e-18 1.58e-19 2.06e-19
53.5 1 2.97e-18 1.43e-19 1.86e-19
53.6 1 2.69e-18 1.29e-19 1.69e-19
53.7 1 2.44e-18 1.17e-19 1.53e-19
53.8 1 2.2e-18 1.06e-19 1.38e-19
53.9 1 1.99e-18 9.55e-20 1.25e-19
54 1 1.8e-18 8.64e-20 1.13e-19
54.1 1 1.63e-18 7.82e-20 1.02e-19
54.2 1 1.48e-18 7.08e-20 9.26e-20
54.3 1 1.34e-18 6.4e-20 8.38e-20
54.4 1 1.21e-18 5.79e-20 7.58e-20
54.5 1 1.09e-18 5.24e-20 6.86e-20
54.6 1 9.9e-19 4.74e-20 6.2e-20
54.7 1 8.96e-19 4.29e-20 5.61e-20
54.8 1 8.11e-19 3.88e-20 5.08e-20
54.9 1 7.33e-19 3.51e-20 4.6e-20
55 1 6.64e-19 3.18e-20 4.16e-20
55.1 1 6.01e-19 2.88e-20 3.76e-20
55.2 1 5.43e-19 2.6e-20 3.41e-20
55.3 1 4.92e-19 2.36e-20 3.08e-20
55.4 1 4.45e-19 2.13e-20 2.79e-20
55.5 1 4.03e-19 1.93e-20 2.52e-20
55.6 1 3.64e-19 1.75e-20 2.28e-20
55.7 1 3.3e-19 1.58e-20 2.07e-20
55.8 1 2.98e-19 1.43e-20 1.87e-20
55.9 1 2.7e-19 1.29e-20 1.69e-20
56 1 2.44e-19 1.17e-20 1.53e-20
56.1 1 2.21e-19 1.06e-20 1.38e-20
56.2 1 2e-19 9.58e-21 1.25e-20
56.3 1 1.81e-19 8.67e-21 1.13e-20
56.4 1 1.64e-19 7.84e-21 1.03e-20
56.5 1 1.48e-19 7.1e-21 9.28e-21
56.6 1 1.34e-19 6.42e-21 8.4e-21
56.7 1 1.21e-19 5.81e-21 7.6e-21
56.8 1 1.1e-19 5.26e-21 6.88e-21
56.9 1 9.93e-20 4.76e-21 6.22e-21
57 1 8.98e-20 4.3e-21 5.63e-21
57.1 1 8.13e-20 3.89e-21 5.09e-21
57.2 1 7.35e-20 3.52e-21 4.61e-21
57.3 1 6.65e-20 3.19e-21 4.17e-21
57.4 1 6.02e-20 2.88e-21 3.77e-21
57.5 1 5.45e-20 2.61e-21 3.41e-21
57.6 1 4.93e-20 2.36e-21 3.09e-21
57.7 1 4.46e-20 2.14e-21 2.8e-21
57.8 1 4.04e-20 1.93e-21 2.53e-21
57.9 1 3.65e-20 1.75e-21 2.29e-21
58 1 3.3e-20 1.58e-21 2.07e-21
58.1 1 2.99e-20 1.43e-21 1.87e-21
58.2 1 2.71e-20 1.3e-21 1.7e-21
58.3 1 2.45e-20 1.17e-21 1.53e-21
58.4 1 2.21e-20 1.06e-21 1.39e-21
58.5 1 2e-20 9.6e-22 1.26e-21
58.6 1 1.81e-20 8.69e-22 1.14e-21
58.7 1 1.64e-20 7.86e-22 1.03e-21
58.8 1 1.48e-20 7.11e-22 9.3e-22
58.9 1 1.34e-20 6.44e-22 8.42e-22
59 1 1.22e-20 5.82e-22 7.62e-22
59.1 1 1.1e-20 5.27e-22 6.89e-22
59.2 1 9.95e-21 4.77e-22 6.24e-22
59.3 1 9.01e-21 4.31e-22 5.64e-22
59.4 1 8.15e-21 3.9e-22 5.11e-22
59.5 1 7.37e-21 3.53e-22 4.62e-22
59.6 1 6.67e-21 3.2e-22 4.18e-22
59.7 1 6.04e-21 2.89e-22 3.78e-22
59.8 1 5.46e-21 2.62e-22 3.42e-22
59.9 1 4.94e-21 2.37e-22 3.1e-22
60 1 4.47e-21 2.14e-22 2.8e-22
60.1 1 4.05e-21 1.94e-22 2.54e-22
60.2 1 3.66e-21 1.75e-22 2.29e-22
60.3 1 3.31e-21 1.59e-22 2.08e-22
60.4 1 3e-21 1.44e-22 1.88e-22
60.5 1 2.71e-21 1.3e-22 1.7e-22
60.6 1 2.45e-21 1.18e-22 1.54e-22
60.7 1 2.22e-21 1.06e-22 1.39e-22
60.8 1 2.01e-21 9.63e-23 1.26e-22
60.9 1 1.82e-21 8.71e-23 1.14e-22
61 1 1.65e-21 7.88e-23 1.03e-22
61.1 1 1.49e-21 7.13e-23 9.33e-23
61.2 1 1.35e-21 6.45e-23 8.44e-23
61.3 1 1.22e-21 5.84e-23 7.64e-23
61.4 1 1.1e-21 5.28e-23 6.91e-23
61.5 1 9.98e-22 4.78e-23 6.25e-23
61.6 1 9.03e-22 4.33e-23 5.66e-23
61.7 1 8.17e-22 3.91e-23 5.12e-23
61.8 1 7.39e-22 3.54e-23 4.63e-23
61.9 1 6.69e-22 3.2e-23 4.19e-23
62 1 6.05e-22 2.9e-23 3.79e-23
62.1 1 5.48e-22 2.62e-23 3.43e-23
62.2 1 4.95e-22 2.37e-23 3.11e-23
62.3 1 4.48e-22 2.15e-23 2.81e-23
62.4 1 4.06e-22 1.94e-23 2.54e-23
62.5 1 3.67e-22 1.76e-23 2.3e-23
62.6 1 3.32e-22 1.59e-23 2.08e-23
62.7 1 3.01e-22 1.44e-23 1.88e-23
62.8 1 2.72e-22 1.3e-23 1.7e-23
62.9 1 2.46e-22 1.18e-23 1.54e-23
63 1 2.23e-22 1.07e-23 1.4e-23
63.1 1 2.01e-22 9.65e-24 1.26e-23
63.2 1 1.82e-22 8.73e-24 1.14e-23
63.3 1 1.65e-22 7.9e-24 1.03e-23
63.4 1 1.49e-22 7.15e-24 9.35e-24
63.5 1 1.35e-22 6.47e-24 8.46e-24
63.6 1 1.22e-22 5.85e-24 7.66e-24
63.7 1 1.11e-22 5.3e-24 6.93e-24
63.8 1 1e-22 4.79e-24 6.27e-24
63.9 1 9.05e-23 4.34e-24 5.67e-24
64 1 8.19e-23 3.92e-24 5.13e-24
64.1 1 7.41e-23 3.55e-24 4.64e-24
64.2 1 6.71e-23 3.21e-24 4.2e-24
64.3 1 6.07e-23 2.91e-24 3.8e-24
64.4 1 5.49e-23 2.63e-24 3.44e-24
64.5 1 4.97e-23 2.38e-24 3.11e-24
64.6 1 4.49e-23 2.15e-24 2.82e-24
64.7 1 4.07e-23 1.95e-24 2.55e-24
64.8 1 3.68e-23 1.76e-24 2.31e-24
64.9 1 3.33e-23 1.6e-24 2.09e-24
65 1 3.01e-23 1.44e-24 1.89e-24
65.1 1 2.73e-23 1.31e-24 1.71e-24
65.2 1 2.47e-23 1.18e-24 1.55e-24
65.3 1 2.23e-23 1.07e-24 1.4e-24
65.4 1 2.02e-23 9.68e-25 1.27e-24
65.5 1 1.83e-23 8.76e-25 1.15e-24
65.6 1 1.65e-23 7.92e-25 1.04e-24
65.7 1 1.5e-23 7.17e-25 9.38e-25
65.8 1 1.35e-23 6.49e-25 8.48e-25
65.9 1 1.23e-23 5.87e-25 7.68e-25
66 1 1.11e-23 5.31e-25 6.95e-25
66.1 1 1e-23 4.81e-25 6.29e-25
66.2 1 9.08e-24 4.35e-25 5.69e-25
66.3 1 8.21e-24 3.93e-25 5.15e-25
66.4 1 7.43e-24 3.56e-25 4.66e-25
66.5 1 6.72e-24 3.22e-25 4.21e-25
66.6 1 6.08e-24 2.91e-25 3.81e-25
66.7 1 5.5e-24 2.64e-25 3.45e-25
66.8 1 4.98e-24 2.39e-25 3.12e-25
66.9 1 4.51e-24 2.16e-25 2.82e-25
67 1 4.08e-24 1.95e-25 2.56e-25
67.1 1 3.69e-24 1.77e-25 2.31e-25
67.2 1 3.34e-24 1.6e-25 2.09e-25
67.3 1 3.02e-24 1.45e-25 1.89e-25
67.4 1 2.73e-24 1.31e-25 1.71e-25
67.5 1 2.47e-24 1.19e-25 1.55e-25
67.6 1 2.24e-24 1.07e-25 1.4e-25
67.7 1 2.02e-24 9.7e-26 1.27e-25
67.8 1 1.83e-24 8.78e-26 1.15e-25
67.9 1 1.66e-24 7.94e-26 1.04e-25
68 1 1.5e-24 7.19e-26 9.4e-26
68.1 1 1.36e-24 6.5e-26 8.51e-26
68.2 1 1.23e-24 5.88e-26 7.7e-26
68.3 1 1.11e-24 5.32e-26 6.96e-26
68.4 1 1.01e-24 4.82e-26 6.3e-26
68.5 1 9.1e-25 4.36e-26 5.7e-26
68.6 1 8.23e-25 3.94e-26 5.16e-26
68.7 1 7.45e-25 3.57e-26 4.67e-26
68.8 1 6.74e-25 3.23e-26 4.22e-26
68.9 1 6.1e-25 2.92e-26 3.82e-26
69 1 5.52e-25 2.64e-26 3.46e-26
69.1 1 4.99e-25 2.39e-26 3.13e-26
69.2 1 4.52e-25 2.16e-26 2.83e-26
69.3 1 4.09e-25 1.96e-26 2.56e-26
69.4 1 3.7e-25 1.77e-26 2.32e-26
69.5 1 3.35e-25 1.6e-26 2.1e-26
69.6 1 3.03e-25 1.45e-26 1.9e-26
69.7 1 2.74e-25 1.31e-26 1.72e-26
69.8 1 2.48e-25 1.19e-26 1.55e-26
69.9 1 2.24e-25 1.08e-26 1.41e-26
70 1 2.03e-25 9.73e-27 1.27e-26
70.1 1 1.84e-25 8.8e-27 1.15e-26
70.2 1 1.66e-25 7.96e-27 1.04e-26
70.3 1 1.5e-25 7.21e-27 9.43e-27
70.4 1 1.36e-25 6.52e-27 8.53e-27
70.5 1 1.23e-25 5.9e-27 7.72e-27
70.6 1 1.11e-25 5.34e-27 6.98e-27
70.7 1 1.01e-25 4.83e-27 6.32e-27
70.8 1 9.12e-26 4.37e-27 5.72e-27
70.9 1 8.25e-26 3.95e-27 5.17e-27
71 1 7.47e-26 3.58e-27 4.68e-27
71.1 1 6.76e-26 3.24e-27 4.24e-27
71.2 1 6.11e-26 2.93e-27 3.83e-27
71.3 1 5.53e-26 2.65e-27 3.47e-27
71.4 1 5.01e-26 2.4e-27 3.14e-27
71.5 1 4.53e-26 2.17e-27 2.84e-27
71.6 1 4.1e-26 1.96e-27 2.57e-27
71.7 1 3.71e-26 1.78e-27 2.32e-27
71.8 1 3.36e-26 1.61e-27 2.1e-27
71.9 1 3.04e-26 1.45e-27 1.9e-27
72 1 2.75e-26 1.32e-27 1.72e-27
72.1 1 2.49e-26 1.19e-27 1.56e-27
72.2 1 2.25e-26 1.08e-27 1.41e-27
72.3 1 2.04e-26 9.75e-28 1.28e-27
72.4 1 1.84e-26 8.82e-28 1.15e-27
72.5 1 1.67e-26 7.98e-28 1.04e-27
72.6 1 1.51e-26 7.22e-28 9.45e-28
72.7 1 1.36e-26 6.54e-28 8.55e-28
72.8 1 1.23e-26 5.92e-28 7.74e-28
72.9 1 1.12e-26 5.35e-28 7e-28
73 1 1.01e-26 4.84e-28 6.33e-28
73.1 1 9.15e-27 4.38e-28 5.73e-28
73.2 1 8.28e-27 3.97e-28 5.19e-28
73.3 1 7.49e-27 3.59e-28 4.69e-28
73.4 1 6.78e-27 3.25e-28 4.25e-28
73.5 1 6.13e-27 2.94e-28 3.84e-28
73.6 1 5.55e-27 2.66e-28 3.48e-28
73.7 1 5.02e-27 2.4e-28 3.15e-28
73.8 1 4.54e-27 2.18e-28 2.85e-28
73.9 1 4.11e-27 1.97e-28 2.58e-28
74 1 3.72e-27 1.78e-28 2.33e-28
74.1 1 3.36e-27 1.61e-28 2.11e-28
74.2 1 3.04e-27 1.46e-28 1.91e-28
74.3 1 2.75e-27 1.32e-28 1.73e-28
74.4 1 2.49e-27 1.19e-28 1.56e-28
74.5 1 2.26e-27 1.08e-28 1.41e-28
74.6 1 2.04e-27 9.78e-29 1.28e-28
74.7 1 1.85e-27 8.85e-29 1.16e-28
74.8 1 1.67e-27 8.01e-29 1.05e-28
74.9 1 1.51e-27 7.24e-29 9.47e-29
75 1 1.37e-27 6.55e-29 8.57e-29
75.1 1 1.24e-27 5.93e-29 7.76e-29
75.2 1 1.12e-27 5.37e-29 7.02e-29
75.3 1 1.01e-27 4.86e-29 6.35e-29
75.4 1 9.17e-28 4.39e-29 5.75e-29
75.5 1 8.3e-28 3.98e-29 5.2e-29
75.6 1 7.51e-28 3.6e-29 4.7e-29
75.7 1 6.79e-28 3.25e-29 4.26e-29
75.8 1 6.15e-28 2.95e-29 3.85e-29
75.9 1 5.56e-28 2.66e-29 3.49e-29
76 1 5.03e-28 2.41e-29 3.15e-29
76.1 1 4.55e-28 2.18e-29 2.85e-29
76.2 1 4.12e-28 1.97e-29 2.58e-29
76.3 1 3.73e-28 1.79e-29 2.34e-29
76.4 1 3.37e-28 1.62e-29 2.11e-29
76.5 1 3.05e-28 1.46e-29 1.91e-29
76.6 1 2.76e-28 1.32e-29 1.73e-29
76.7 1 2.5e-28 1.2e-29 1.57e-29
76.8 1 2.26e-28 1.08e-29 1.42e-29
76.9 1 2.05e-28 9.8e-30 1.28e-29
77 1 1.85e-28 8.87e-30 1.16e-29
77.1 1 1.68e-28 8.03e-30 1.05e-29
77.2 1 1.52e-28 7.26e-30 9.5e-30
77.3 1 1.37e-28 6.57e-30 8.59e-30
77.4 1 1.24e-28 5.95e-30 7.78e-30
77.5 1 1.12e-28 5.38e-30 7.04e-30
77.6 1 1.02e-28 4.87e-30 6.37e-30
77.7 1 9.19e-29 4.4e-30 5.76e-30
77.8 1 8.32e-29 3.99e-30 5.21e-30
77.9 1 7.53e-29 3.61e-30 4.72e-30
78 1 6.81e-29 3.26e-30 4.27e-30
78.1 1 6.16e-29 2.95e-30 3.86e-30
78.2 1 5.58e-29 2.67e-30 3.49e-30
78.3 1 5.05e-29 2.42e-30 3.16e-30
78.4 1 4.57e-29 2.19e-30 2.86e-30
78.5 1 4.13e-29 1.98e-30 2.59e-30
78.6 1 3.74e-29 1.79e-30 2.34e-30
78.7 1 3.38e-29 1.62e-30 2.12e-30
78.8 1 3.06e-29 1.47e-30 1.92e-30
78.9 1 2.77e-29 1.33e-30 1.74e-30
79 1 2.51e-29 1.2e-30 1.57e-30
79.1 1 2.27e-29 1.09e-30 1.42e-30
79.2 1 2.05e-29 9.83e-31 1.29e-30
79.3 1 1.86e-29 8.89e-31 1.16e-30
79.4 1 1.68e-29 8.05e-31 1.05e-30
79.5 1 1.52e-29 7.28e-31 9.52e-31
79.6 1 1.38e-29 6.59e-31 8.62e-31
79.7 1 1.24e-29 5.96e-31 7.8e-31
79.8 1 1.13e-29 5.39e-31 7.06e-31
79.9 1 1.02e-29 4.88e-31 6.38e-31
80 1 9.22e-30 4.42e-31 5.78e-31
80.1 1 8.34e-30 4e-31 5.23e-31
80.2 1 7.55e-30 3.62e-31 4.73e-31
80.3 1 6.83e-30 3.27e-31 4.28e-31
80.4 1 6.18e-30 2.96e-31 3.87e-31
80.5 1 5.59e-30 2.68e-31 3.5e-31
80.6 1 5.06e-30 2.42e-31 3.17e-31
80.7 1 4.58e-30 2.19e-31 2.87e-31
80.8 1 4.14e-30 1.98e-31 2.6e-31
80.9 1 3.75e-30 1.8e-31 2.35e-31
81 1 3.39e-30 1.62e-31 2.12e-31
81.1 1 3.07e-30 1.47e-31 1.92e-31
81.2 1 2.78e-30 1.33e-31 1.74e-31
81.3 1 2.51e-30 1.2e-31 1.57e-31
81.4 1 2.27e-30 1.09e-31 1.42e-31
81.5 1 2.06e-30 9.85e-32 1.29e-31
81.6 1 1.86e-30 8.92e-32 1.17e-31
81.7 1 1.68e-30 8.07e-32 1.06e-31
81.8 1 1.52e-30 7.3e-32 9.55e-32
81.9 1 1.38e-30 6.61e-32 8.64e-32
82 1 1.25e-30 5.98e-32 7.82e-32
82.1 1 1.13e-30 5.41e-32 7.07e-32
82.2 1 1.02e-30 4.89e-32 6.4e-32
82.3 1 9.24e-31 4.43e-32 5.79e-32
82.4 1 8.36e-31 4.01e-32 5.24e-32
82.5 1 7.57e-31 3.63e-32 4.74e-32
82.6 1 6.85e-31 3.28e-32 4.29e-32
82.7 1 6.19e-31 2.97e-32 3.88e-32
82.8 1 5.6e-31 2.69e-32 3.51e-32
82.9 1 5.07e-31 2.43e-32 3.18e-32
83 1 4.59e-31 2.2e-32 2.88e-32
83.1 1 4.15e-31 1.99e-32 2.6e-32
83.2 1 3.76e-31 1.8e-32 2.35e-32
83.3 1 3.4e-31 1.63e-32 2.13e-32
83.4 1 3.08e-31 1.47e-32 1.93e-32
83.5 1 2.78e-31 1.33e-32 1.74e-32
83.6 1 2.52e-31 1.21e-32 1.58e-32
83.7 1 2.28e-31 1.09e-32 1.43e-32
83.8 1 2.06e-31 9.88e-33 1.29e-32
83.9 1 1.87e-31 8.94e-33 1.17e-32
84 1 1.69e-31 8.09e-33 1.06e-32
84.1 1 1.53e-31 7.32e-33 9.57e-33
84.2 1 1.38e-31 6.62e-33 8.66e-33
84.3 1 1.25e-31 5.99e-33 7.84e-33
84.4 1 1.13e-31 5.42e-33 7.09e-33
84.5 1 1.02e-31 4.91e-33 6.42e-33
84.6 1 9.26e-32 4.44e-33 5.81e-33
84.7 1 8.38e-32 4.02e-33 5.25e-33
84.8 1 7.59e-32 3.63e-33 4.75e-33
84.9 1 6.86e-32 3.29e-33 4.3e-33
85 1 6.21e-32 2.98e-33 3.89e-33
85.1 1 5.62e-32 2.69e-33 3.52e-33
85.2 1 5.08e-32 2.44e-33 3.19e-33
85.3 1 4.6e-32 2.2e-33 2.88e-33
85.4 1 4.16e-32 1.99e-33 2.61e-33
85.5 1 3.77e-32 1.8e-33 2.36e-33
85.6 1 3.41e-32 1.63e-33 2.14e-33
85.7 1 3.08e-32 1.48e-33 1.93e-33
85.8 1 2.79e-32 1.34e-33 1.75e-33
85.9 1 2.52e-32 1.21e-33 1.58e-33
86 1 2.28e-32 1.09e-33 1.43e-33
86.1 1 2.07e-32 9.91e-34 1.3e-33
86.2 1 1.87e-32 8.96e-34 1.17e-33
86.3 1 1.69e-32 8.11e-34 1.06e-33
86.4 1 1.53e-32 7.34e-34 9.6e-34
86.5 1 1.39e-32 6.64e-34 8.68e-34
86.6 1 1.25e-32 6.01e-34 7.86e-34
86.7 1 1.13e-32 5.44e-34 7.11e-34
86.8 1 1.03e-32 4.92e-34 6.43e-34
86.9 1 9.29e-33 4.45e-34 5.82e-34
87 1 8.4e-33 4.03e-34 5.27e-34
87.1 1 7.61e-33 3.64e-34 4.77e-34
87.2 1 6.88e-33 3.3e-34 4.31e-34
87.3 1 6.23e-33 2.98e-34 3.9e-34
87.4 1 5.63e-33 2.7e-34 3.53e-34
87.5 1 5.1e-33 2.44e-34 3.19e-34
87.6 1 4.61e-33 2.21e-34 2.89e-34
87.7 1 4.17e-33 2e-34 2.62e-34
87.8 1 3.78e-33 1.81e-34 2.37e-34
87.9 1 3.42e-33 1.64e-34 2.14e-34
88 1 3.09e-33 1.48e-34 1.94e-34
88.1 1 2.8e-33 1.34e-34 1.75e-34
88.2 1 2.53e-33 1.21e-34 1.59e-34
88.3 1 2.29e-33 1.1e-34 1.44e-34
88.4 1 2.07e-33 9.93e-35 1.3e-34
88.5 1 1.88e-33 8.99e-35 1.18e-34
88.6 1 1.7e-33 8.13e-35 1.06e-34
88.7 1 1.54e-33 7.36e-35 9.62e-35
88.8 1 1.39e-33 6.66e-35 8.71e-35
88.9 1 1.26e-33 6.02e-35 7.88e-35
89 1 1.14e-33 5.45e-35 7.13e-35
89.1 1 1.03e-33 4.93e-35 6.45e-35
89.2 1 9.31e-34 4.46e-35 5.84e-35
89.3 1 8.43e-34 4.04e-35 5.28e-35
89.4 1 7.62e-34 3.65e-35 4.78e-35
89.5 1 6.9e-34 3.31e-35 4.32e-35
89.6 1 6.24e-34 2.99e-35 3.91e-35
89.7 1 5.65e-34 2.71e-35 3.54e-35
89.8 1 5.11e-34 2.45e-35 3.2e-35
89.9 1 4.62e-34 2.22e-35 2.9e-35
90 1 4.18e-34 2e-35 2.62e-35
90.1 1 3.79e-34 1.81e-35 2.37e-35
90.2 1 3.43e-34 1.64e-35 2.15e-35
90.3 1 3.1e-34 1.49e-35 1.94e-35
90.4 1 2.8e-34 1.34e-35 1.76e-35
90.5 1 2.54e-34 1.22e-35 1.59e-35
90.6 1 2.3e-34 1.1e-35 1.44e-35
90.7 1 2.08e-34 9.96e-36 1.3e-35
90.8 1 1.88e-34 9.01e-36 1.18e-35
90.9 1 1.7e-34 8.15e-36 1.07e-35
91 1 1.54e-34 7.38e-36 9.65e-36
91.1 1 1.39e-34 6.67e-36 8.73e-36
91.2 1 1.26e-34 6.04e-36 7.9e-36
91.3 1 1.14e-34 5.46e-36 7.15e-36
91.4 1 1.03e-34 4.94e-36 6.47e-36
91.5 1 9.34e-35 4.47e-36 5.85e-36
91.6 1 8.45e-35 4.05e-36 5.29e-36
91.7 1 7.64e-35 3.66e-36 4.79e-36
91.8 1 6.92e-35 3.31e-36 4.33e-36
91.9 1 6.26e-35 3e-36 3.92e-36
92 1 5.66e-35 2.71e-36 3.55e-36
92.1 1 5.12e-35 2.46e-36 3.21e-36
92.2 1 4.64e-35 2.22e-36 2.91e-36
92.3 1 4.2e-35 2.01e-36 2.63e-36
92.4 1 3.8e-35 1.82e-36 2.38e-36
92.5 1 3.43e-35 1.65e-36 2.15e-36
92.6 1 3.11e-35 1.49e-36 1.95e-36
92.7 1 2.81e-35 1.35e-36 1.76e-36
92.8 1 2.54e-35 1.22e-36 1.59e-36
92.9 1 2.3e-35 1.1e-36 1.44e-36
93 1 2.08e-35 9.98e-37 1.31e-36
93.1 1 1.89e-35 9.03e-37 1.18e-36
93.2 1 1.71e-35 8.17e-37 1.07e-36
93.3 1 1.54e-35 7.39e-37 9.67e-37
93.4 1 1.4e-35 6.69e-37 8.75e-37
93.5 1 1.26e-35 6.05e-37 7.92e-37
93.6 1 1.14e-35 5.48e-37 7.17e-37
93.7 1 1.03e-35 4.96e-37 6.48e-37
93.8 1 9.36e-36 4.49e-37 5.87e-37
93.9 1 8.47e-36 4.06e-37 5.31e-37
94 1 7.66e-36 3.67e-37 4.8e-37
94.1 1 6.93e-36 3.32e-37 4.35e-37
94.2 1 6.27e-36 3.01e-37 3.93e-37
94.3 1 5.68e-36 2.72e-37 3.56e-37
94.4 1 5.14e-36 2.46e-37 3.22e-37
94.5 1 4.65e-36 2.23e-37 2.91e-37
94.6 1 4.21e-36 2.02e-37 2.64e-37
94.7 1 3.81e-36 1.82e-37 2.39e-37
94.8 1 3.44e-36 1.65e-37 2.16e-37
94.9 1 3.12e-36 1.49e-37 1.95e-37
95 1 2.82e-36 1.35e-37 1.77e-37
95.1 1 2.55e-36 1.22e-37 1.6e-37
95.2 1 2.31e-36 1.11e-37 1.45e-37
95.3 1 2.09e-36 1e-37 1.31e-37
95.4 1 1.89e-36 9.06e-38 1.18e-37
95.5 1 1.71e-36 8.19e-38 1.07e-37
95.6 1 1.55e-36 7.41e-38 9.7e-38
95.7 1 1.4e-36 6.71e-38 8.77e-38
95.8 1 1.27e-36 6.07e-38 7.94e-38
95.9 1 1.15e-36 5.49e-38 7.18e-38
96 1 1.04e-36 4.97e-38 6.5e-38
96.1 1 9.39e-37 4.5e-38 5.88e-38
96.2 1 8.49e-37 4.07e-38 5.32e-38
96.3 1 7.68e-37 3.68e-38 4.82e-38
96.4 1 6.95e-37 3.33e-38 4.36e-38
96.5 1 6.29e-37 3.01e-38 3.94e-38
96.6 1 5.69e-37 2.73e-38 3.57e-38
96.7 1 5.15e-37 2.47e-38 3.23e-38
96.8 1 4.66e-37 2.23e-38 2.92e-38
96.9 1 4.22e-37 2.02e-38 2.64e-38
97 1 3.82e-37 1.83e-38 2.39e-38
97.1 1 3.45e-37 1.65e-38 2.16e-38
97.2 1 3.12e-37 1.5e-38 1.96e-38
97.3 1 2.83e-37 1.35e-38 1.77e-38
97.4 1 2.56e-37 1.23e-38 1.6e-38
97.5 1 2.31e-37 1.11e-38 1.45e-38
97.6 1 2.09e-37 1e-38 1.31e-38
97.7 1 1.89e-37 9.08e-39 1.19e-38
97.8 1 1.71e-37 8.22e-39 1.07e-38
97.9 1 1.55e-37 7.43e-39 9.72e-39
98 1 1.4e-37 6.73e-39 8.8e-39
98.1 1 1.27e-37 6.09e-39 7.96e-39
98.2 1 1.15e-37 5.51e-39 7.2e-39
98.3 1 1.04e-37 4.98e-39 6.52e-39
98.4 1 9.41e-38 4.51e-39 5.9e-39
98.5 1 8.51e-38 4.08e-39 5.34e-39
98.6 1 7.7e-38 3.69e-39 4.83e-39
98.7 1 6.97e-38 3.34e-39 4.37e-39
98.8 1 6.31e-38 3.02e-39 3.95e-39
98.9 1 5.71e-38 2.73e-39 3.58e-39
99 1 5.16e-38 2.47e-39 3.24e-39
99.1 1 4.67e-38 2.24e-39 2.93e-39
99.2 1 4.23e-38 2.03e-39 2.65e-39
99.3 1 3.83e-38 1.83e-39 2.4e-39
99.4 1 3.46e-38 1.66e-39 2.17e-39
99.5 1 3.13e-38 1.5e-39 1.96e-39
99.6 1 2.83e-38 1.36e-39 1.78e-39
99.7 1 2.56e-38 1.23e-39 1.61e-39
99.8 1 2.32e-38 1.11e-39 1.45e-39
99.9 1 2.1e-38 1.01e-39 1.32e-39
