-25 5.4 0.0211 1.57e-08 4.43e-08
-24.9 5.4 0.0215 1.57e-08 4.43e-08
-24.8 5.4 0.0219 1.62e-08 4.37e-08
-24.7 5.4 0.0223 1.6e-08 4.3e-08
-24.6 5.4 0.0227 1.6e-08 4.3e-08
-24.5 5.4 0.0231 1.57e-08 4.22e-08
-24.4 5.4 0.0235 1.57e-08 4.22e-08
-24.3 5.4 0.0239 1.55e-08 4.15e-08
-24.2 5.4 0.0244 1.6e-08 4.1e-08
-24.1 5.4 0.0248 1.57e-08 4.02e-08
-24 5.4 0.0252 1.55e-08 3.95e-08
-23.9 5.4 0.0257 1.53e-08 3.87e-08
-23.8 5.4 0.0262 1.5e-08 3.8e-08
-23.7 5.4 0.0266 1.47e-08 3.72e-08
-23.6 5.4 0.0271 1.47e-08 3.62e-08
-23.5 5.4 0.0276 1.5e-08 3.6e-08
-23.4 5.4 0.0281 1.45e-08 3.45e-08
-23.3 5.4 0.0286 2.93e-08 6.67e-08
-23.2 5.4 0.0291 2.85e-08 6.35e-08
-23.1 5.4 0.0297 2.7e-08 6e-08
-23 5.4 0.0302 2.53e-08 5.68e-08
-22.9 5.4 0.0307 2.35e-08 5.25e-08
-22.8 5.4 0.0313 2.27e-08 4.93e-08
-22.7 5.4 0.0319 2.05e-08 4.45e-08
-22.6 5.4 0.0324 1.93e-08 4.07e-08
-22.5 5.4 0.033 1.75e-08 3.65e-08
-22.4 5.4 0.0336 1.55e-08 3.15e-08
-22.3 5.4 0.0342 1.7e-08 2.3e-08
-22.2 5.4 0.0348 1.45e-08 1.85e-08
-22.1 5.4 0.0355 1.12e-08 1.38e-08
-22 5.4 0.0361 8.5e-09 9.5e-09
-21.9 5.4 0.0367 5.75e-09 4.25e-09
-21.8 5.4 0.0374 2.5e-09 2.5e-09
-21.7 5.4 0.0381 5.75e-09 6.25e-09
-21.6 5.4 0.0387 4.25e-09 3.75e-09
-21.5 5.4 0.0394 3.25e-09 3.75e-09
-21.4 5.4 0.0401 3.25e-09 5.75e-09
-21.3 5.4 0.0408 2.75e-09 7.25e-09
-21.2 5.4 0.0416 4e-09 1e-08
-21.1 5.4 0.0423 5.25e-09 1.17e-08
-21 5.4 0.0431 9e-09 1.6e-08
-20.9 5.4 0.0438 2.15e-08 2.15e-08
-20.8 5.4 0.0446 1.32e-07 6.1e-08
-20.7 5.4 0.0454 4.48e-08 7.62e-08
-20.6 5.4 0.0462 3.55e-08 3.95e-08
-20.5 5.4 0.047 3.6e-08 3.1e-08
-20.4 5.4 0.0478 3.8e-08 2.8e-08
-20.3 5.4 0.0487 4.05e-08 2.65e-08
-20.2 5.4 0.0495 4.45e-08 2.65e-08
-20.1 5.4 0.0504 4.8e-08 2.7e-08
-20 5.4 0.0513 5.2e-08 2.7e-08
-19.9 5.4 0.0522 5.6e-08 2.8e-08
-19.8 5.4 0.0531 6.05e-08 2.95e-08
-19.7 5.4 0.0541 6.47e-08 3.03e-08
-19.6 5.4 0.055 6.9e-08 3.1e-08
-19.5 5.4 0.056 7.4e-08 3.3e-08
-19.4 5.4 0.0569 7.88e-08 3.42e-08
-19.3 5.4 0.0579 8.35e-08 3.55e-08
-19.2 5.4 0.0589 8.87e-08 3.72e-08
-19.1 5.4 0.06 9.4e-08 3.9e-08
-19 5.4 0.061 1e-07 4.1e-08
-18.9 5.4 0.0621 1.05e-07 4.25e-08
-18.8 5.4 0.0631 1.11e-07 4.4e-08
-18.7 5.4 0.0642 1.17e-07 4.63e-08
-18.6 5.4 0.0653 1.22e-07 4.73e-08
-18.5 5.4 0.0665 1.28e-07 4.93e-08
-18.4 5.4 0.0676 1.34e-07 5.12e-08
-18.3 5.4 0.0688 1.4e-07 5.3e-08
-18.2 5.4 0.07 1.46e-07 5.55e-08
-18.1 5.4 0.0712 1.53e-07 5.72e-08
-18 5.4 0.0724 1.59e-07 5.92e-08
-17.9 5.4 0.0736 1.65e-07 6.1e-08
-17.8 5.4 0.0749 1.72e-07 6.33e-08
-17.7 5.4 0.0762 1.78e-07 6.55e-08
-17.6 5.4 0.0775 1.85e-07 6.67e-08
-17.5 5.4 0.0788 1.92e-07 6.88e-08
-17.4 5.4 0.0801 1.99e-07 7.1e-08
-17.3 5.4 0.0815 2.06e-07 7.3e-08
-17.2 5.4 0.0828 2.13e-07 7.5e-08
-17.1 5.4 0.0842 2.2e-07 7.7e-08
-17 5.4 0.0857 2.27e-07 7.9e-08
-16.9 5.4 0.0871 2.34e-07 8.1e-08
-16.8 5.4 0.0886 2.41e-07 8.35e-08
-16.7 5.4 0.09 2.48e-07 8.48e-08
-16.6 5.4 0.0915 2.55e-07 8.68e-08
-16.5 5.4 0.0931 2.62e-07 8.87e-08
-16.4 5.4 0.0946 2.7e-07 9.05e-08
-16.3 5.4 0.0962 2.76e-07 9.4e-08
-16.2 5.4 0.0978 2.83e-07 9.7e-08
-16.1 5.4 0.0994 2.89e-07 1.01e-07
-16 5.4 0.101 2.95e-07 1.05e-07
-15.9 5.4 0.103 3.03e-07 1.08e-07
-15.8 5.4 0.104 3.13e-07 1.17e-07
-15.7 5.4 0.106 3.2e-07 1.2e-07
-15.6 5.4 0.108 3.2e-07 1.2e-07
-15.5 5.4 0.11 3.27e-07 1.22e-07
-15.4 5.4 0.111 3.35e-07 1.25e-07
-15.3 5.4 0.113 3.37e-07 1.33e-07
-15.2 5.4 0.115 3.48e-07 1.33e-07
-15.1 5.4 0.117 3.53e-07 1.38e-07
-15 5.4 0.119 3.55e-07 1.45e-07
-14.9 5.4 0.121 3.6e-07 1.5e-07
-14.8 5.4 0.123 3.63e-07 1.47e-07
-14.7 5.4 0.125 3.65e-07 1.55e-07
-14.6 5.4 0.127 3.7e-07 1.6e-07
-14.5 5.4 0.129 3.72e-07 1.68e-07
-14.4 5.4 0.131 3.75e-07 1.75e-07
-14.3 5.4 0.133 3.75e-07 1.75e-07
-14.2 5.4 0.135 3.77e-07 1.82e-07
-14.1 5.4 0.137 3.75e-07 1.85e-07
-14 5.4 0.139 7.73e-07 6.48e-07
-13.9 5.4 0.141 8.83e-07 7.18e-07
-13.8 5.4 0.144 9.95e-07 7.85e-07
-13.7 5.4 0.146 1.1e-06 8.48e-07
-13.6 5.4 0.148 1.21e-06 9.18e-07
-13.5 5.4 0.15 1.32e-06 9.8e-07
-13.4 5.4 0.153 1.62e-06 8.38e-07
-13.3 5.4 0.155 1.75e-06 8.75e-07
-13.2 5.4 0.157 1.87e-06 9e-07
-13.1 5.4 0.16 1.12e-06 4.32e-07
-13 5.4 0.162 1.88e-07 4.22e-07
-12.9 5.4 0.165 5.38e-07 6.42e-07
-12.8 5.4 0.167 2.46e-05 9.22e-06
-12.7 5.4 0.17 1.26e-06 1.43e-06
-12.6 5.4 0.172 7.5e-07 5.3e-07
-12.5 5.4 0.175 6.22e-07 3.58e-07
-12.4 5.4 0.177 5.6e-07 2.8e-07
-12.3 5.4 0.18 5.18e-07 2.43e-07
-12.2 5.4 0.183 4.9e-07 2.1e-07
-12.1 5.4 0.185 4.68e-07 1.93e-07
-12 5.4 0.188 4.48e-07 1.82e-07
-11.9 5.4 0.191 4.32e-07 1.68e-07
-11.8 5.4 0.194 4.15e-07 1.55e-07
-11.7 5.4 0.196 3.98e-07 1.43e-07
-11.6 5.4 0.199 3.85e-07 1.35e-07
-11.5 5.4 0.202 3.65e-07 1.25e-07
-11.4 5.4 0.205 3.45e-07 1.15e-07
-11.3 5.4 0.208 3.37e-07 1.12e-07
-11.2 5.4 0.211 3.17e-07 1.12e-07
-11.1 5.4 0.214 3.03e-07 1.08e-07
-11 5.4 0.217 2.82e-07 1.08e-07
-10.9 5.4 0.22 2.67e-07 1.02e-07
-10.8 5.4 0.223 2.45e-07 1.05e-07
-10.7 5.4 0.226 2.25e-07 9.5e-08
-10.6 5.4 0.229 2.05e-07 9.5e-08
-10.5 5.4 0.232 1.9e-07 9e-08
-10.4 5.4 0.236 1.65e-07 8.5e-08
-10.3 5.4 0.239 1.43e-07 7.75e-08
-10.2 5.4 0.242 1.27e-07 7.25e-08
-10.1 5.4 0.245 8e-08 5e-08
-10 5.4 0.249 6.5e-08 3.5e-08
-9.9 5.4 0.252 4.25e-08 2.75e-08
-9.8 5.4 0.255 1.35e-07 5.5e-08
-9.7 5.4 0.259 6e-08 3e-08
-9.6 5.4 0.262 3.25e-08 1.75e-08
-9.5 5.4 0.265 5e-08 3e-08
-9.4 5.4 0.269 7.25e-08 3.75e-08
-9.3 5.4 0.272 1.08e-07 9.25e-08
-9.2 5.4 0.276 2.95e-07 5.95e-07
-9.1 5.4 0.279 4.2e-07 2.7e-07
-9 5.4 0.283 2.32e-07 2.27e-07
-8.9 5.4 0.287 1.88e-07 2.43e-07
-8.8 5.4 0.29 1.7e-07 2.6e-07
-8.7 5.4 0.294 1.75e-07 2.85e-07
-8.6 5.4 0.297 1.72e-07 3.08e-07
-8.5 5.4 0.301 1.77e-07 3.32e-07
-8.4 5.4 0.305 1.85e-07 3.55e-07
-8.3 5.4 0.308 1.93e-07 3.77e-07
-8.2 5.4 0.312 2.15e-07 3.95e-07
-8.1 5.4 0.316 2.55e-07 3.75e-07
-8 5.4 0.32 4.98e-06 2.09e-06
-7.9 5.4 0.324 3.72e-07 5.87e-07
-7.8 5.4 0.327 2.77e-07 5.73e-07
-7.7 5.4 0.331 2.5e-07 5.9e-07
-7.6 5.4 0.335 2.38e-07 6.12e-07
-7.5 5.4 0.339 2.35e-07 6.35e-07
-7.4 5.4 0.343 2.35e-07 6.65e-07
-7.3 5.4 0.347 2.43e-07 6.87e-07
-7.2 5.4 0.351 2.53e-07 7.08e-07
-7.1 5.4 0.354 2.72e-07 7.38e-07
-7 5.4 0.358 2.9e-07 7.6e-07
-6.9 5.4 0.362 3e-07 7.8e-07
-6.8 5.4 0.366 3.17e-07 8.03e-07
-6.7 5.4 0.37 3.32e-07 8.28e-07
-6.6 5.4 0.374 3.55e-07 8.55e-07
-6.5 5.4 0.378 3.65e-07 8.75e-07
-6.4 5.4 0.382 3.77e-07 8.93e-07
-6.3 5.4 0.386 3.98e-07 9.13e-07
-6.2 5.4 0.39 4.08e-07 9.32e-07
-6.1 5.4 0.394 4.22e-07 9.48e-07
-6 5.4 0.398 4.42e-07 9.68e-07
-5.9 5.4 0.402 4.53e-07 9.77e-07
-5.8 5.4 0.406 4.58e-07 9.93e-07
-5.7 5.4 0.41 4.75e-07 1e-06
-5.6 5.4 0.415 4.8e-07 1.02e-06
-5.5 5.4 0.419 4.98e-07 1.03e-06
-5.4 5.4 0.423 5.08e-07 1.04e-06
-5.3 5.4 0.427 5.18e-07 1.05e-06
-5.2 5.4 0.431 5.25e-07 1.06e-06
-5.1 5.4 0.435 5.35e-07 1.06e-06
-5 5.4 0.439 5.5e-07 1.07e-06
-4.9 5.4 0.443 5.57e-07 1.07e-06
-4.8 5.4 0.447 5.65e-07 1.08e-06
-4.7 5.4 0.451 5.73e-07 1.08e-06
-4.6 5.4 0.455 5.77e-07 1.07e-06
-4.5 5.4 0.459 5.83e-07 1.07e-06
-4.4 5.4 0.463 5.87e-07 1.06e-06
-4.3 5.4 0.467 5.87e-07 1.06e-06
-4.2 5.4 0.471 5.97e-07 1.05e-06
-4.1 5.4 0.475 5.97e-07 1.04e-06
-4 5.4 0.479 6.02e-07 1.04e-06
-3.9 5.4 0.483 6e-07 1.02e-06
-3.8 5.4 0.487 6.05e-07 1.02e-06
-3.7 5.4 0.491 6.08e-07 9.93e-07
-3.6 5.4 0.495 6.05e-07 9.75e-07
-3.5 5.4 0.499 6.1e-07 9.6e-07
-3.4 5.4 0.503 6.05e-07 9.35e-07
-3.3 5.4 0.507 6.08e-07 9.13e-07
-3.2 5.4 0.511 6.08e-07 8.93e-07
-3.1 5.4 0.515 6.1e-07 8.6e-07
-3 5.4 0.518 6.08e-07 8.32e-07
-2.9 5.4 0.522 6.12e-07 7.97e-07
-2.8 5.4 0.526 6.18e-07 7.52e-07
-2.7 5.4 0.53 1.26e-06 1.54e-06
-2.6 5.4 0.534 1.34e-06 1.71e-06
-2.5 5.4 0.537 1.4e-06 1.85e-06
-2.4 5.4 0.541 1.43e-06 1.96e-06
-2.3 5.4 0.545 1.06e-06 2.26e-06
-2.2 5.4 0.548 2.83e-06 3.66e-06
-2.1 5.4 0.552 1.86e-06 1.86e-06
-2 5.4 0.556 6.18e-07 1.06e-06
-1.9 5.4 0.559 3.93e-07 8.58e-07
-1.8 5.4 0.563 2.95e-07 7.45e-07
-1.7 5.4 0.566 2.4e-07 6.6e-07
-1.6 5.4 0.57 5.3e-07 1.19e-06
-1.5 5.4 0.573 4.53e-07 1.02e-06
-1.4 5.4 0.577 3.8e-07 8.4e-07
-1.3 5.4 0.58 3.08e-07 6.73e-07
-1.2 5.4 0.583 3e-07 4.3e-07
-1.1 5.4 0.587 2.02e-07 2.77e-07
-1 5.4 0.59 1.08e-07 1.33e-07
-0.9 5.4 0.593 1.25e-08 3.75e-08
-0.8 5.4 0.596 9.75e-08 1.82e-07
-0.7 5.4 0.6 7.5e-08 1.35e-07
-0.6 5.4 0.603 5.5e-08 8.5e-08
-0.5 5.4 0.606 5e-08 4e-08
-0.4 5.4 0.609 4.75e-08 1.02e-07
-0.3 5.4 0.612 8.5e-08 5.5e-08
-0.2 5.4 0.615 1.27e-07 6.25e-08
-0.1 5.4 0.618 1.75e-07 6.5e-08
1.78e-15 5.4 0.621 2.3e-07 8e-08
0.1 5.4 0.623 2.8e-07 1.1e-07
0.2 5.4 0.626 3.32e-07 1.38e-07
0.3 5.4 0.629 3.72e-07 1.68e-07
0.4 5.4 0.632 4.4e-07 1.8e-07
0.5 5.4 0.634 4.83e-07 2.07e-07
0.6 5.4 0.637 5.38e-07 2.32e-07
0.7 5.4 0.639 5.87e-07 2.62e-07
0.8 5.4 0.642 6.35e-07 2.85e-07
0.9 5.4 0.644 6.85e-07 3.15e-07
1 5.4 0.647 7.32e-07 3.37e-07
1.1 5.4 0.649 7.83e-07 3.67e-07
1.2 5.4 0.651 8.3e-07 3.9e-07
1.3 5.4 0.653 8.8e-07 4.2e-07
1.4 5.4 0.656 9.28e-07 4.42e-07
1.5 5.4 0.658 9.73e-07 4.68e-07
1.6 5.4 0.66 1.02e-06 5e-07
1.7 5.4 0.662 1.06e-06 5.18e-07
1.8 5.4 0.664 1.11e-06 5.45e-07
1.9 5.4 0.666 1.15e-06 5.65e-07
2 5.4 0.668 1.2e-06 5.93e-07
2.1 5.4 0.669 1.24e-06 6.12e-07
2.2 5.4 0.671 1.28e-06 6.38e-07
2.3 5.4 0.673 1.32e-06 6.57e-07
2.4 5.4 0.674 1.36e-06 6.77e-07
2.5 5.4 0.676 1.4e-06 7e-07
2.6 5.4 0.677 1.44e-06 7.18e-07
2.7 5.4 0.679 1.47e-06 7.38e-07
2.8 5.4 0.68 1.51e-06 7.6e-07
2.9 5.4 0.682 1.55e-06 7.75e-07
3 5.4 0.683 1.57e-06 7.95e-07
3.1 5.4 0.684 1.61e-06 8.12e-07
3.2 5.4 0.685 1.64e-06 8.25e-07
3.3 5.4 0.686 1.67e-06 8.42e-07
3.4 5.4 0.687 1.69e-06 8.6e-07
3.5 5.4 0.688 1.72e-06 8.73e-07
3.6 5.4 0.689 1.74e-06 8.83e-07
3.7 5.4 0.69 1.76e-06 8.97e-07
3.8 5.4 0.691 1.79e-06 9.05e-07
3.9 5.4 0.692 1.8e-06 9.18e-07
4 5.4 0.692 1.82e-06 9.28e-07
4.1 5.4 0.693 1.84e-06 9.4e-07
4.2 5.4 0.693 1.85e-06 9.4e-07
4.3 5.4 0.694 1.86e-06 9.5e-07
4.4 5.4 0.694 1.88e-06 9.55e-07
4.5 5.4 0.695 1.88e-06 9.65e-07
4.6 5.4 0.695 1.89e-06 9.68e-07
4.7 5.4 0.695 1.9e-06 9.65e-07
4.8 5.4 0.695 1.9e-06 9.7e-07
4.9 5.4 0.695 1.9e-06 9.7e-07
5 5.4 0.695 1.9e-06 9.68e-07
5.1 5.4 0.695 1.9e-06 9.7e-07
5.2 5.4 0.695 1.9e-06 9.7e-07
5.3 5.4 0.695 1.9e-06 9.65e-07
5.4 5.4 0.695 1.89e-06 9.68e-07
5.5 5.4 0.695 1.88e-06 9.65e-07
5.6 5.4 0.694 1.88e-06 9.55e-07
5.7 5.4 0.694 1.86e-06 9.5e-07
5.8 5.4 0.693 1.85e-06 9.4e-07
5.9 5.4 0.693 1.84e-06 9.4e-07
6 5.4 0.692 1.82e-06 9.28e-07
6.1 5.4 0.692 1.8e-06 9.18e-07
6.2 5.4 0.691 1.79e-06 9.05e-07
6.3 5.4 0.69 1.76e-06 8.97e-07
6.4 5.4 0.689 1.74e-06 8.83e-07
6.5 5.4 0.688 1.72e-06 8.73e-07
6.6 5.4 0.687 1.69e-06 8.6e-07
6.7 5.4 0.686 1.67e-06 8.42e-07
6.8 5.4 0.685 1.64e-06 8.25e-07
6.9 5.4 0.684 1.61e-06 8.12e-07
7 5.4 0.683 1.57e-06 7.95e-07
7.1 5.4 0.682 1.55e-06 7.75e-07
7.2 5.4 0.68 1.51e-06 7.6e-07
7.3 5.4 0.679 1.47e-06 7.38e-07
7.4 5.4 0.677 1.44e-06 7.18e-07
7.5 5.4 0.676 1.4e-06 7e-07
7.6 5.4 0.674 1.36e-06 6.77e-07
7.7 5.4 0.673 1.32e-06 6.57e-07
7.8 5.4 0.671 1.28e-06 6.38e-07
7.9 5.4 0.669 1.24e-06 6.12e-07
8 5.4 0.668 1.2e-06 5.93e-07
8.1 5.4 0.666 1.15e-06 5.65e-07
8.2 5.4 0.664 1.11e-06 5.45e-07
8.3 5.4 0.662 1.06e-06 5.18e-07
8.4 5.4 0.66 1.02e-06 5e-07
8.5 5.4 0.658 9.73e-07 4.68e-07
8.6 5.4 0.656 9.28e-07 4.42e-07
8.7 5.4 0.653 8.8e-07 4.2e-07
8.8 5.4 0.651 8.3e-07 3.9e-07
8.9 5.4 0.649 7.83e-07 3.67e-07
9 5.4 0.647 7.32e-07 3.37e-07
9.1 5.4 0.644 6.85e-07 3.15e-07
9.2 5.4 0.642 6.35e-07 2.85e-07
9.3 5.4 0.639 5.87e-07 2.62e-07
9.4 5.4 0.637 5.38e-07 2.32e-07
9.5 5.4 0.634 4.83e-07 2.07e-07
9.6 5.4 0.632 4.4e-07 1.8e-07
9.7 5.4 0.629 3.72e-07 1.68e-07
9.8 5.4 0.626 3.32e-07 1.38e-07
9.9 5.4 0.623 2.8e-07 1.1e-07
10 5.4 0.621 2.3e-07 8e-08
10.1 5.4 0.618 1.75e-07 6.5e-08
10.2 5.4 0.615 1.27e-07 6.25e-08
10.3 5.4 0.612 8.5e-08 5.5e-08
10.4 5.4 0.609 4.75e-08 1.02e-07
10.5 5.4 0.606 5e-08 4e-08
10.6 5.4 0.603 5.5e-08 8.5e-08
10.7 5.4 0.6 7.5e-08 1.35e-07
10.8 5.4 0.596 9.75e-08 1.82e-07
10.9 5.4 0.593 1.25e-08 3.75e-08
11 5.4 0.59 1.08e-07 1.33e-07
11.1 5.4 0.587 2.02e-07 2.77e-07
11.2 5.4 0.583 3e-07 4.3e-07
11.3 5.4 0.58 3.08e-07 6.73e-07
11.4 5.4 0.577 3.8e-07 8.4e-07
11.5 5.4 0.573 4.53e-07 1.02e-06
11.6 5.4 0.57 5.3e-07 1.19e-06
11.7 5.4 0.566 2.4e-07 6.6e-07
11.8 5.4 0.563 2.95e-07 7.45e-07
11.9 5.4 0.559 3.93e-07 8.58e-07
12 5.4 0.556 6.18e-07 1.06e-06
12.1 5.4 0.552 1.86e-06 1.86e-06
12.2 5.4 0.548 2.83e-06 3.66e-06
12.3 5.4 0.545 1.06e-06 2.26e-06
12.4 5.4 0.541 1.43e-06 1.96e-06
12.5 5.4 0.537 1.4e-06 1.85e-06
12.6 5.4 0.534 1.34e-06 1.71e-06
12.7 5.4 0.53 1.26e-06 1.54e-06
12.8 5.4 0.526 6.18e-07 7.52e-07
12.9 5.4 0.522 6.12e-07 7.97e-07
13 5.4 0.518 6.08e-07 8.32e-07
13.1 5.4 0.515 6.1e-07 8.6e-07
13.2 5.4 0.511 6.08e-07 8.93e-07
13.3 5.4 0.507 6.08e-07 9.13e-07
13.4 5.4 0.503 6.05e-07 9.35e-07
13.5 5.4 0.499 6.1e-07 9.6e-07
13.6 5.4 0.495 6.05e-07 9.75e-07
13.7 5.4 0.491 6.08e-07 9.93e-07
13.8 5.4 0.487 6.05e-07 1.02e-06
13.9 5.4 0.483 6e-07 1.02e-06
14 5.4 0.479 6.02e-07 1.04e-06
14.1 5.4 0.475 5.97e-07 1.04e-06
14.2 5.4 0.471 5.97e-07 1.05e-06
14.3 5.4 0.467 5.87e-07 1.06e-06
14.4 5.4 0.463 5.87e-07 1.06e-06
14.5 5.4 0.459 5.83e-07 1.07e-06
14.6 5.4 0.455 5.77e-07 1.07e-06
14.7 5.4 0.451 5.73e-07 1.08e-06
14.8 5.4 0.447 5.65e-07 1.08e-06
14.9 5.4 0.443 5.57e-07 1.07e-06
15 5.4 0.439 5.5e-07 1.07e-06
15.1 5.4 0.435 5.35e-07 1.06e-06
15.2 5.4 0.431 5.25e-07 1.06e-06
15.3 5.4 0.427 5.18e-07 1.05e-06
15.4 5.4 0.423 5.08e-07 1.04e-06
15.5 5.4 0.419 4.98e-07 1.03e-06
15.6 5.4 0.415 4.8e-07 1.02e-06
15.7 5.4 0.41 4.75e-07 1e-06
15.8 5.4 0.406 4.58e-07 9.93e-07
15.9 5.4 0.402 4.53e-07 9.77e-07
16 5.4 0.398 4.42e-07 9.68e-07
16.1 5.4 0.394 4.22e-07 9.48e-07
16.2 5.4 0.39 4.08e-07 9.32e-07
16.3 5.4 0.386 3.98e-07 9.13e-07
16.4 5.4 0.382 3.77e-07 8.93e-07
16.5 5.4 0.378 3.65e-07 8.75e-07
16.6 5.4 0.374 3.55e-07 8.55e-07
16.7 5.4 0.37 3.32e-07 8.28e-07
16.8 5.4 0.366 3.17e-07 8.03e-07
16.9 5.4 0.362 3e-07 7.8e-07
17 5.4 0.358 2.9e-07 7.6e-07
17.1 5.4 0.354 2.72e-07 7.38e-07
17.2 5.4 0.351 2.53e-07 7.08e-07
17.3 5.4 0.347 2.43e-07 6.87e-07
17.4 5.4 0.343 2.35e-07 6.65e-07
17.5 5.4 0.339 2.35e-07 6.35e-07
17.6 5.4 0.335 2.38e-07 6.12e-07
17.7 5.4 0.331 2.5e-07 5.9e-07
17.8 5.4 0.327 2.77e-07 5.73e-07
17.9 5.4 0.324 3.72e-07 5.87e-07
18 5.4 0.32 4.98e-06 2.09e-06
18.1 5.4 0.316 2.55e-07 3.75e-07
18.2 5.4 0.312 2.15e-07 3.95e-07
18.3 5.4 0.308 1.93e-07 3.77e-07
18.4 5.4 0.305 1.85e-07 3.55e-07
18.5 5.4 0.301 1.77e-07 3.32e-07
18.6 5.4 0.297 1.72e-07 3.08e-07
18.7 5.4 0.294 1.75e-07 2.85e-07
18.8 5.4 0.29 1.7e-07 2.6e-07
18.9 5.4 0.287 1.88e-07 2.43e-07
19 5.4 0.283 2.32e-07 2.27e-07
19.1 5.4 0.279 4.2e-07 2.7e-07
19.2 5.4 0.276 2.95e-07 5.95e-07
19.3 5.4 0.272 1.08e-07 9.25e-08
19.4 5.4 0.269 7.25e-08 3.75e-08
19.5 5.4 0.265 5e-08 3e-08
19.6 5.4 0.262 3.25e-08 1.75e-08
19.7 5.4 0.259 6e-08 3e-08
19.8 5.4 0.255 1.35e-07 5.5e-08
19.9 5.4 0.252 4.25e-08 2.75e-08
20 5.4 0.249 6.5e-08 3.5e-08
20.1 5.4 0.245 8e-08 5e-08
20.2 5.4 0.242 1.27e-07 7.25e-08
20.3 5.4 0.239 1.43e-07 7.75e-08
20.4 5.4 0.236 1.65e-07 8.5e-08
20.5 5.4 0.232 1.9e-07 9e-08
20.6 5.4 0.229 2.05e-07 9.5e-08
20.7 5.4 0.226 2.25e-07 9.5e-08
20.8 5.4 0.223 2.45e-07 1.05e-07
20.9 5.4 0.22 2.67e-07 1.02e-07
21 5.4 0.217 2.82e-07 1.08e-07
21.1 5.4 0.214 3.03e-07 1.08e-07
21.2 5.4 0.211 3.17e-07 1.12e-07
21.3 5.4 0.208 3.37e-07 1.12e-07
21.4 5.4 0.205 3.45e-07 1.15e-07
21.5 5.4 0.202 3.65e-07 1.25e-07
21.6 5.4 0.199 3.85e-07 1.35e-07
21.7 5.4 0.196 3.98e-07 1.43e-07
21.8 5.4 0.194 4.15e-07 1.55e-07
21.9 5.4 0.191 4.32e-07 1.68e-07
22 5.4 0.188 4.48e-07 1.82e-07
22.1 5.4 0.185 4.68e-07 1.93e-07
22.2 5.4 0.183 4.9e-07 2.1e-07
22.3 5.4 0.18 5.18e-07 2.43e-07
22.4 5.4 0.177 5.6e-07 2.8e-07
22.5 5.4 0.175 6.22e-07 3.58e-07
22.6 5.4 0.172 7.5e-07 5.3e-07
22.7 5.4 0.17 1.26e-06 1.43e-06
22.8 5.4 0.167 2.46e-05 9.22e-06
22.9 5.4 0.165 5.38e-07 6.42e-07
23 5.4 0.162 1.88e-07 4.22e-07
23.1 5.4 0.16 1.12e-06 4.32e-07
23.2 5.4 0.157 1.87e-06 9e-07
23.3 5.4 0.155 1.75e-06 8.75e-07
23.4 5.4 0.153 1.62e-06 8.38e-07
23.5 5.4 0.15 1.32e-06 9.8e-07
23.6 5.4 0.148 1.21e-06 9.18e-07
23.7 5.4 0.146 1.1e-06 8.48e-07
23.8 5.4 0.144 9.95e-07 7.85e-07
23.9 5.4 0.141 8.83e-07 7.18e-07
24 5.4 0.139 7.73e-07 6.48e-07
24.1 5.4 0.137 3.75e-07 1.85e-07
24.2 5.4 0.135 3.77e-07 1.82e-07
24.3 5.4 0.133 3.75e-07 1.75e-07
24.4 5.4 0.131 3.75e-07 1.75e-07
24.5 5.4 0.129 3.72e-07 1.68e-07
24.6 5.4 0.127 3.7e-07 1.6e-07
24.7 5.4 0.125 3.65e-07 1.55e-07
24.8 5.4 0.123 3.63e-07 1.47e-07
24.9 5.4 0.121 3.6e-07 1.5e-07
25 5.4 0.119 3.55e-07 1.45e-07
25.1 5.4 0.117 3.53e-07 1.38e-07
25.2 5.4 0.115 3.48e-07 1.33e-07
25.3 5.4 0.113 3.37e-07 1.33e-07
25.4 5.4 0.111 3.35e-07 1.25e-07
25.5 5.4 0.11 3.27e-07 1.22e-07
25.6 5.4 0.108 3.2e-07 1.2e-07
25.7 5.4 0.106 3.2e-07 1.2e-07
25.8 5.4 0.104 3.13e-07 1.17e-07
25.9 5.4 0.103 3.03e-07 1.08e-07
26 5.4 0.101 2.95e-07 1.05e-07
26.1 5.4 0.0994 2.89e-07 1.01e-07
26.2 5.4 0.0978 2.83e-07 9.7e-08
26.3 5.4 0.0962 2.76e-07 9.4e-08
26.4 5.4 0.0946 2.7e-07 9.05e-08
26.5 5.4 0.0931 2.62e-07 8.87e-08
26.6 5.4 0.0915 2.55e-07 8.68e-08
26.7 5.4 0.09 2.48e-07 8.48e-08
26.8 5.4 0.0886 2.41e-07 8.35e-08
26.9 5.4 0.0871 2.34e-07 8.1e-08
27 5.4 0.0857 2.27e-07 7.9e-08
27.1 5.4 0.0842 2.2e-07 7.7e-08
27.2 5.4 0.0828 2.13e-07 7.5e-08
27.3 5.4 0.0815 2.06e-07 7.3e-08
27.4 5.4 0.0801 1.99e-07 7.1e-08
27.5 5.4 0.0788 1.92e-07 6.88e-08
27.6 5.4 0.0775 1.85e-07 6.67e-08
27.7 5.4 0.0762 1.78e-07 6.55e-08
27.8 5.4 0.0749 1.72e-07 6.33e-08
27.9 5.4 0.0736 1.65e-07 6.1e-08
28 5.4 0.0724 1.59e-07 5.92e-08
28.1 5.4 0.0712 1.53e-07 5.72e-08
28.2 5.4 0.07 1.46e-07 5.55e-08
28.3 5.4 0.0688 1.4e-07 5.3e-08
28.4 5.4 0.0676 1.34e-07 5.12e-08
28.5 5.4 0.0665 1.28e-07 4.93e-08
28.6 5.4 0.0653 1.22e-07 4.73e-08
28.7 5.4 0.0642 1.17e-07 4.63e-08
28.8 5.4 0.0631 1.11e-07 4.4e-08
28.9 5.4 0.0621 1.05e-07 4.25e-08
29 5.4 0.061 1e-07 4.1e-08
29.1 5.4 0.06 9.4e-08 3.9e-08
29.2 5.4 0.0589 8.87e-08 3.72e-08
29.3 5.4 0.0579 8.35e-08 3.55e-08
29.4 5.4 0.0569 7.88e-08 3.42e-08
29.5 5.4 0.056 7.4e-08 3.3e-08
29.6 5.4 0.055 6.9e-08 3.1e-08
29.7 5.4 0.0541 6.47e-08 3.03e-08
29.8 5.4 0.0531 6.05e-08 2.95e-08
29.9 5.4 0.0522 5.6e-08 2.8e-08
30 5.4 0.0513 5.2e-08 2.7e-08
30.1 5.4 0.0504 4.8e-08 2.7e-08
30.2 5.4 0.0495 4.45e-08 2.65e-08
30.3 5.4 0.0487 4.05e-08 2.65e-08
30.4 5.4 0.0478 3.8e-08 2.8e-08
30.5 5.4 0.047 3.6e-08 3.1e-08
30.6 5.4 0.0462 3.55e-08 3.95e-08
30.7 5.4 0.0454 4.48e-08 7.62e-08
30.8 5.4 0.0446 1.32e-07 6.1e-08
30.9 5.4 0.0438 2.15e-08 2.15e-08
31 5.4 0.0431 9e-09 1.6e-08
31.1 5.4 0.0423 5.25e-09 1.17e-08
31.2 5.4 0.0416 4e-09 1e-08
31.3 5.4 0.0408 2.75e-09 7.25e-09
31.4 5.4 0.0401 3.25e-09 5.75e-09
31.5 5.4 0.0394 3.25e-09 3.75e-09
31.6 5.4 0.0387 4.25e-09 3.75e-09
31.7 5.4 0.0381 5.75e-09 6.25e-09
31.8 5.4 0.0374 2.5e-09 2.5e-09
31.9 5.4 0.0367 5.75e-09 4.25e-09
32 5.4 0.0361 8.5e-09 9.5e-09
32.1 5.4 0.0355 1.12e-08 1.38e-08
32.2 5.4 0.0348 1.45e-08 1.85e-08
32.3 5.4 0.0342 1.7e-08 2.3e-08
32.4 5.4 0.0336 1.55e-08 3.15e-08
32.5 5.4 0.033 1.75e-08 3.65e-08
32.6 5.4 0.0324 1.93e-08 4.07e-08
32.7 5.4 0.0319 2.05e-08 4.45e-08
32.8 5.4 0.0313 2.27e-08 4.93e-08
32.9 5.4 0.0307 2.35e-08 5.25e-08
33 5.4 0.0302 2.53e-08 5.68e-08
33.1 5.4 0.0297 2.7e-08 6e-08
33.2 5.4 0.0291 2.85e-08 6.35e-08
33.3 5.4 0.0286 2.93e-08 6.67e-08
33.4 5.4 0.0281 1.45e-08 3.45e-08
33.5 5.4 0.0276 1.5e-08 3.6e-08
33.6 5.4 0.0271 1.47e-08 3.62e-08
33.7 5.4 0.0266 1.47e-08 3.72e-08
33.8 5.4 0.0262 1.5e-08 3.8e-08
33.9 5.4 0.0257 1.53e-08 3.87e-08
34 5.4 0.0252 1.55e-08 3.95e-08
34.1 5.4 0.0248 1.57e-08 4.02e-08
34.2 5.4 0.0244 1.6e-08 4.1e-08
34.3 5.4 0.0239 1.55e-08 4.15e-08
34.4 5.4 0.0235 1.57e-08 4.22e-08
34.5 5.4 0.0231 1.57e-08 4.22e-08
34.6 5.4 0.0227 1.6e-08 4.3e-08
34.7 5.4 0.0223 1.6e-08 4.3e-08
34.8 5.4 0.0219 1.62e-08 4.37e-08
34.9 5.4 0.0215 1.57e-08 4.43e-08
35 5.4 0.0211 1.57e-08 4.43e-08
35.1 5.4 0.0207 1.65e-08 4.45e-08
35.2 5.4 0.0203 1.65e-08 4.45e-08
35.3 5.4 0.02 1.6e-08 4.5e-08
35.4 5.4 0.0196 1.6e-08 4.5e-08
35.5 5.4 0.0193 1.6e-08 4.5e-08
35.6 5.4 0.0189 1.57e-08 4.52e-08
35.7 5.4 0.0186 1.57e-08 4.52e-08
35.8 5.4 0.0182 1.6e-08 4.5e-08
35.9 5.4 0.0179 1.57e-08 4.52e-08
36 5.4 0.0176 1.55e-08 4.55e-08
36.1 5.4 0.0173 1.57e-08 4.52e-08
36.2 5.4 0.017 1.57e-08 4.52e-08
36.3 5.4 0.0167 1.53e-08 4.48e-08
36.4 5.4 0.0164 1.53e-08 4.48e-08
36.5 5.4 0.0161 1.53e-08 4.48e-08
36.6 5.4 0.0158 1.53e-08 4.48e-08
36.7 5.4 0.0155 1.47e-08 4.43e-08
36.8 5.4 0.0152 1.53e-08 4.48e-08
36.9 5.4 0.0149 1.55e-08 4.45e-08
37 5.4 0.0147 1.53e-08 4.37e-08
37.1 5.4 0.0144 1.45e-08 4.35e-08
37.2 5.4 0.0141 1.5e-08 4.3e-08
37.3 5.4 0.0139 1.47e-08 4.33e-08
37.4 5.4 0.0136 1.5e-08 4.3e-08
37.5 5.4 0.0134 1.43e-08 4.28e-08
37.6 5.4 0.0131 1.4e-08 4.2e-08
37.7 5.4 0.0129 1.4e-08 4.2e-08
37.8 5.4 0.0127 1.4e-08 4.2e-08
37.9 5.4 0.0124 1.43e-08 4.17e-08
38 5.4 0.0122 1.38e-08 4.13e-08
38.1 5.4 0.012 1.43e-08 4.07e-08
38.2 5.4 0.0118 1.43e-08 4.07e-08
38.3 5.4 0.0116 1.4e-08 4e-08
38.4 5.4 0.0114 1.4e-08 4e-08
38.5 5.4 0.0112 1.35e-08 3.95e-08
38.6 5.4 0.011 1.32e-08 3.87e-08
38.7 5.4 0.0108 1.32e-08 3.87e-08
38.8 5.4 0.0106 1.3e-08 3.8e-08
38.9 5.4 0.0104 1.32e-08 3.77e-08
39 5.4 0.0102 1.32e-08 3.77e-08
39.1 5.4 0.01 1.28e-08 3.71e-08
39.2 5.4 0.00982 1.26e-08 3.67e-08
39.3 5.4 0.00964 1.25e-08 3.63e-08
39.4 5.4 0.00946 1.23e-08 3.59e-08
39.5 5.4 0.00929 1.22e-08 3.55e-08
39.6 5.4 0.00912 1.21e-08 3.51e-08
39.7 5.4 0.00896 1.2e-08 3.47e-08
39.8 5.4 0.00879 1.18e-08 3.43e-08
39.9 5.4 0.00863 1.17e-08 3.39e-08
40 5.4 0.00848 1.15e-08 3.34e-08
40.1 5.4 0.00832 1.14e-08 3.31e-08
40.2 5.4 0.00817 1.13e-08 3.27e-08
40.3 5.4 0.00802 1.12e-08 3.23e-08
40.4 5.4 0.00788 1.1e-08 3.19e-08
40.5 5.4 0.00773 1.09e-08 3.15e-08
40.6 5.4 0.00759 1.08e-08 3.11e-08
40.7 5.4 0.00746 1.06e-08 3.07e-08
40.8 5.4 0.00732 1.06e-08 3.03e-08
40.9 5.4 0.00719 1.04e-08 3e-08
41 5.4 0.00706 1.03e-08 2.95e-08
41.1 5.4 0.00693 1.02e-08 2.91e-08
41.2 5.4 0.0068 1.01e-08 2.87e-08
41.3 5.4 0.00668 9.85e-09 2.83e-08
41.4 5.4 0.00656 9.72e-09 2.8e-08
41.5 5.4 0.00644 9.6e-09 2.76e-08
41.6 5.4 0.00632 9.52e-09 2.72e-08
41.7 5.4 0.0062 9.37e-09 2.68e-08
41.8 5.4 0.00609 9.22e-09 2.65e-08
41.9 5.4 0.00598 9.1e-09 2.61e-08
42 5.4 0.00587 8.97e-09 2.57e-08
42.1 5.4 0.00576 8.85e-09 2.53e-08
42.2 5.4 0.00566 8.73e-09 2.5e-08
42.3 5.4 0.00556 8.6e-09 2.46e-08
42.4 5.4 0.00546 8.53e-09 2.43e-08
42.5 5.4 0.00536 8.4e-09 2.39e-08
42.6 5.4 0.00526 8.27e-09 2.35e-08
42.7 5.4 0.00516 8.1e-09 2.32e-08
42.8 5.4 0.00507 8.07e-09 2.29e-08
42.9 5.4 0.00498 7.95e-09 2.26e-08
43 5.4 0.00488 7.83e-09 2.22e-08
43.1 5.4 0.0048 7.75e-09 2.19e-08
43.2 5.4 0.00471 7.65e-09 2.16e-08
43.3 5.4 0.00462 7.52e-09 2.12e-08
43.4 5.4 0.00454 7.4e-09 2.09e-08
43.5 5.4 0.00445 7.3e-09 2.05e-08
43.6 5.4 0.00437 7.23e-09 2.02e-08
43.7 5.4 0.00429 7.15e-09 1.98e-08
43.8 5.4 0.00422 7.07e-09 1.95e-08
43.9 5.4 0.00414 7e-09 1.91e-08
44 5.4 0.00406 7.03e-09 1.88e-08
44.1 5.4 0.00399 7.3e-09 1.81e-08
44.2 5.4 0.00392 2.02e-08 3.5e-08
44.3 5.4 0.00384 8.35e-09 1.89e-08
44.4 5.4 0.00377 7.25e-09 1.83e-08
44.5 5.4 0.00371 6.82e-09 1.79e-08
44.6 5.4 0.00364 6.58e-09 1.75e-08
44.7 5.4 0.00357 6.33e-09 1.72e-08
44.8 5.4 0.00351 6.17e-09 1.69e-08
44.9 5.4 0.00344 6e-09 1.66e-08
45 5.4 0.00338 5.87e-09 1.63e-08
45.1 5.4 0.00332 5.75e-09 1.61e-08
45.2 5.4 0.00326 5.68e-09 1.58e-08
45.3 5.4 0.0032 5.6e-09 1.56e-08
45.4 5.4 0.00314 5.42e-09 1.53e-08
45.5 5.4 0.00308 5.35e-09 1.5e-08
45.6 5.4 0.00302 5.3e-09 1.48e-08
45.7 5.4 0.00297 5.15e-09 1.45e-08
45.8 5.4 0.00292 5.07e-09 1.43e-08
45.9 5.4 0.00286 5e-09 1.41e-08
46 5.4 0.00281 4.93e-09 1.39e-08
46.1 5.4 0.00276 4.83e-09 1.36e-08
46.2 5.4 0.00271 4.77e-09 1.34e-08
46.3 5.4 0.00266 4.65e-09 1.32e-08
46.4 5.4 0.00261 4.63e-09 1.3e-08
46.5 5.4 0.00256 4.52e-09 1.28e-08
46.6 5.4 0.00251 4.42e-09 1.25e-08
46.7 5.4 0.00247 4.3e-09 1.23e-08
46.8 5.4 0.00242 4.22e-09 1.21e-08
46.9 5.4 0.00238 4.22e-09 1.19e-08
47 5.4 0.00234 4.1e-09 1.17e-08
47.1 5.4 0.00229 4.08e-09 1.15e-08
47.2 5.4 0.00225 3.98e-09 1.13e-08
47.3 5.4 0.00221 3.95e-09 1.12e-08
47.4 5.4 0.00217 3.83e-09 1.09e-08
47.5 5.4 0.00213 3.83e-09 1.08e-08
47.6 5.4 0.00209 3.72e-09 1.06e-08
47.7 5.4 0.00205 3.7e-09 1.04e-08
47.8 5.4 0.00201 3.58e-09 1.02e-08
47.9 5.4 0.00198 3.5e-09 1e-08
48 5.4 0.00194 3.45e-09 9.85e-09
48.1 5.4 0.00191 3.4e-09 9.7e-09
48.2 5.4 0.00187 3.4e-09 9.5e-09
48.3 5.4 0.00184 3.3e-09 9.4e-09
48.4 5.4 0.0018 3.22e-09 9.17e-09
48.5 5.4 0.00177 3.17e-09 9.02e-09
48.6 5.4 0.00174 3.12e-09 8.88e-09
48.7 5.4 0.00171 3.12e-09 8.78e-09
48.8 5.4 0.00167 3e-09 8.6e-09
48.9 5.4 0.00164 3.03e-09 8.47e-09
49 5.4 0.00161 2.9e-09 8.3e-09
49.1 5.4 0.00158 2.93e-09 8.18e-09
49.2 5.4 0.00156 2.83e-09 7.98e-09
49.3 5.4 0.00153 2.75e-09 7.85e-09
49.4 5.4 0.0015 2.7e-09 7.7e-09
49.5 5.4 0.00147 2.67e-09 7.63e-09
49.6 5.4 0.00144 2.62e-09 7.48e-09
49.7 5.4 0.00142 2.57e-09 7.33e-09
49.8 5.4 0.00139 2.55e-09 7.25e-09
49.9 5.4 0.00137 2.5e-09 7.1e-09
50 5.4 0.00134 2.42e-09 6.97e-09
50.1 5.4 0.00132 2.42e-09 6.88e-09
50.2 5.4 0.00129 2.38e-09 6.72e-09
50.3 5.4 0.00127 2.35e-09 6.65e-09
50.4 5.4 0.00125 2.25e-09 6.45e-09
50.5 5.4 0.00122 2.25e-09 6.35e-09
50.6 5.4 0.0012 2.18e-09 6.23e-09
50.7 5.4 0.00118 2.15e-09 6.15e-09
50.8 5.4 0.00116 2.15e-09 6.05e-09
50.9 5.4 0.00114 2.15e-09 5.95e-09
51 5.4 0.00112 2.05e-09 5.85e-09
51.1 5.4 0.00109 2.05e-09 5.75e-09
51.2 5.4 0.00107 1.97e-09 5.62e-09
51.3 5.4 0.00105 1.95e-09 5.55e-09
51.4 5.4 0.00104 1.9e-09 5.4e-09
51.5 5.4 0.00102 1.87e-09 5.32e-09
51.6 5.4 0.000998 1.84e-09 5.24e-09
51.7 5.4 0.00098 1.82e-09 5.14e-09
51.8 5.4 0.000962 1.78e-09 5.05e-09
51.9 5.4 0.000944 1.75e-09 4.96e-09
52 5.4 0.000927 1.72e-09 4.88e-09
52.1 5.4 0.00091 1.69e-09 4.79e-09
52.2 5.4 0.000893 1.65e-09 4.7e-09
52.3 5.4 0.000877 1.63e-09 4.62e-09
52.4 5.4 0.000861 1.6e-09 4.54e-09
52.5 5.4 0.000845 1.57e-09 4.46e-09
52.6 5.4 0.000829 1.55e-09 4.38e-09
52.7 5.4 0.000814 1.52e-09 4.3e-09
52.8 5.4 0.000799 1.49e-09 4.23e-09
52.9 5.4 0.000785 1.47e-09 4.15e-09
53 5.4 0.00077 1.43e-09 4.08e-09
53.1 5.4 0.000756 1.41e-09 4e-09
53.2 5.4 0.000742 1.39e-09 3.94e-09
53.3 5.4 0.000729 1.36e-09 3.86e-09
53.4 5.4 0.000715 1.34e-09 3.79e-09
53.5 5.4 0.000702 1.32e-09 3.72e-09
53.6 5.4 0.000689 1.29e-09 3.66e-09
53.7 5.4 0.000677 1.27e-09 3.59e-09
53.8 5.4 0.000664 1.24e-09 3.53e-09
53.9 5.4 0.000652 1.22e-09 3.47e-09
54 5.4 0.00064 1.2e-09 3.4e-09
54.1 5.4 0.000628 1.18e-09 3.34e-09
54.2 5.4 0.000617 1.16e-09 3.28e-09
54.3 5.4 0.000606 1.13e-09 3.22e-09
54.4 5.4 0.000595 1.11e-09 3.17e-09
54.5 5.4 0.000584 1.09e-09 3.11e-09
54.6 5.4 0.000573 1.08e-09 3.05e-09
54.7 5.4 0.000562 1.06e-09 3e-09
54.8 5.4 0.000552 1.04e-09 2.94e-09
54.9 5.4 0.000542 1.02e-09 2.89e-09
55 5.4 0.000532 1e-09 2.84e-09
55.1 5.4 0.000522 9.83e-10 2.79e-09
55.2 5.4 0.000513 9.62e-10 2.74e-09
55.3 5.4 0.000503 9.45e-10 2.69e-09
55.4 5.4 0.000494 9.35e-10 2.64e-09
55.5 5.4 0.000485 9.17e-10 2.59e-09
55.6 5.4 0.000476 8.95e-10 2.54e-09
55.7 5.4 0.000467 8.85e-10 2.5e-09
55.8 5.4 0.000459 8.7e-10 2.45e-09
55.9 5.4 0.00045 8.5e-10 2.41e-09
56 5.4 0.000442 8.35e-10 2.37e-09
56.1 5.4 0.000434 8.18e-10 2.32e-09
56.2 5.4 0.000426 8.05e-10 2.28e-09
56.3 5.4 0.000418 7.9e-10 2.24e-09
56.4 5.4 0.000411 7.77e-10 2.2e-09
56.5 5.4 0.000403 7.6e-10 2.16e-09
56.6 5.4 0.000396 7.47e-10 2.12e-09
56.7 5.4 0.000388 7.35e-10 2.09e-09
56.8 5.4 0.000381 7.2e-10 2.04e-09
56.9 5.4 0.000374 7.1e-10 2.01e-09
57 5.4 0.000367 6.93e-10 1.97e-09
57.1 5.4 0.000361 6.8e-10 1.93e-09
57.2 5.4 0.000354 6.73e-10 1.9e-09
57.3 5.4 0.000348 6.63e-10 1.87e-09
57.4 5.4 0.000341 6.5e-10 1.83e-09
57.5 5.4 0.000335 6.33e-10 1.8e-09
57.6 5.4 0.000329 6.22e-10 1.77e-09
57.7 5.4 0.000323 6.1e-10 1.73e-09
57.8 5.4 0.000317 6.03e-10 1.71e-09
57.9 5.4 0.000311 5.87e-10 1.67e-09
58 5.4 0.000305 5.85e-10 1.65e-09
58.1 5.4 0.0003 5.67e-10 1.61e-09
58.2 5.4 0.000294 5.57e-10 1.58e-09
58.3 5.4 0.000289 5.48e-10 1.55e-09
58.4 5.4 0.000284 5.37e-10 1.52e-09
58.5 5.4 0.000278 5.3e-10 1.5e-09
58.6 5.4 0.000273 5.18e-10 1.47e-09
58.7 5.4 0.000268 5.07e-10 1.44e-09
58.8 5.4 0.000263 4.97e-10 1.41e-09
58.9 5.4 0.000258 4.9e-10 1.39e-09
59 5.4 0.000254 4.8e-10 1.36e-09
59.1 5.4 0.000249 4.75e-10 1.35e-09
59.2 5.4 0.000245 4.65e-10 1.31e-09
59.3 5.4 0.00024 4.55e-10 1.29e-09
59.4 5.4 0.000236 4.48e-10 1.27e-09
59.5 5.4 0.000231 4.37e-10 1.24e-09
59.6 5.4 0.000227 4.33e-10 1.23e-09
59.7 5.4 0.000223 4.25e-10 1.21e-09
59.8 5.4 0.000219 4.18e-10 1.18e-09
59.9 5.4 0.000215 4.1e-10 1.16e-09
60 5.4 0.000211 4.03e-10 1.14e-09
60.1 5.4 0.000207 3.95e-10 1.11e-09
60.2 5.4 0.000203 3.85e-10 1.1e-09
60.3 5.4 0.000199 3.83e-10 1.08e-09
60.4 5.4 0.000196 3.73e-10 1.06e-09
60.5 5.4 0.000192 3.65e-10 1.04e-09
60.6 5.4 0.000189 3.6e-10 1.02e-09
60.7 5.4 0.000185 3.55e-10 1e-09
60.8 5.4 0.000182 3.47e-10 9.83e-10
60.9 5.4 0.000178 3.38e-10 9.62e-10
61 5.4 0.000175 3.35e-10 9.45e-10
61.1 5.4 0.000172 3.3e-10 9.3e-10
61.2 5.4 0.000169 3.2e-10 9.1e-10
61.3 5.4 0.000166 3.15e-10 8.95e-10
61.4 5.4 0.000163 3.1e-10 8.8e-10
61.5 5.4 0.00016 3.02e-10 8.57e-10
61.6 5.4 0.000157 3e-10 8.5e-10
61.7 5.4 0.000154 2.95e-10 8.35e-10
61.8 5.4 0.000151 2.87e-10 8.13e-10
61.9 5.4 0.000148 2.85e-10 8.05e-10
62 5.4 0.000146 2.75e-10 7.85e-10
62.1 5.4 0.000143 2.7e-10 7.7e-10
62.2 5.4 0.00014 2.7e-10 7.6e-10
62.3 5.4 0.000138 2.65e-10 7.45e-10
62.4 5.4 0.000135 2.57e-10 7.33e-10
62.5 5.4 0.000133 2.53e-10 7.17e-10
62.6 5.4 0.00013 2.48e-10 7.03e-10
62.7 5.4 0.000128 2.42e-10 6.87e-10
62.8 5.4 0.000126 2.4e-10 6.8e-10
62.9 5.4 0.000123 2.32e-10 6.68e-10
63 5.4 0.000121 2.32e-10 6.57e-10
63.1 5.4 0.000119 2.25e-10 6.45e-10
63.2 5.4 0.000117 2.25e-10 6.35e-10
63.3 5.4 0.000114 2.2e-10 6.2e-10
63.4 5.4 0.000112 2.12e-10 6.08e-10
63.5 5.4 0.00011 2.12e-10 5.97e-10
63.6 5.4 0.000108 2.1e-10 5.9e-10
63.7 5.4 0.000106 2.08e-10 5.73e-10
63.8 5.4 0.000104 1.97e-10 5.62e-10
63.9 5.4 0.000102 1.95e-10 5.55e-10
64 5.4 0.000101 1.9e-10 5.4e-10
64.1 5.4 9.87e-05 1.88e-10 5.34e-10
64.2 5.4 9.69e-05 1.86e-10 5.24e-10
64.3 5.4 9.51e-05 1.82e-10 5.15e-10
64.4 5.4 9.34e-05 1.78e-10 5.05e-10
64.5 5.4 9.16e-05 1.75e-10 4.97e-10
64.6 5.4 9e-05 1.72e-10 4.87e-10
64.7 5.4 8.83e-05 1.69e-10 4.78e-10
64.8 5.4 8.67e-05 1.66e-10 4.7e-10
64.9 5.4 8.51e-05 1.63e-10 4.61e-10
65 5.4 8.35e-05 1.6e-10 4.52e-10
65.1 5.4 8.2e-05 1.57e-10 4.44e-10
65.2 5.4 8.05e-05 1.54e-10 4.36e-10
65.3 5.4 7.9e-05 1.51e-10 4.28e-10
65.4 5.4 7.76e-05 1.48e-10 4.2e-10
65.5 5.4 7.62e-05 1.45e-10 4.13e-10
65.6 5.4 7.48e-05 1.43e-10 4.05e-10
65.7 5.4 7.34e-05 1.4e-10 3.98e-10
65.8 5.4 7.2e-05 1.37e-10 3.9e-10
65.9 5.4 7.07e-05 1.35e-10 3.83e-10
66 5.4 6.94e-05 1.33e-10 3.76e-10
66.1 5.4 6.81e-05 1.3e-10 3.7e-10
66.2 5.4 6.69e-05 1.28e-10 3.62e-10
66.3 5.4 6.57e-05 1.26e-10 3.56e-10
66.4 5.4 6.45e-05 1.23e-10 3.5e-10
66.5 5.4 6.33e-05 1.21e-10 3.43e-10
66.6 5.4 6.21e-05 1.19e-10 3.36e-10
66.7 5.4 6.1e-05 1.17e-10 3.3e-10
66.8 5.4 5.99e-05 1.15e-10 3.25e-10
66.9 5.4 5.88e-05 1.13e-10 3.18e-10
67 5.4 5.77e-05 1.11e-10 3.12e-10
67.1 5.4 5.66e-05 1.09e-10 3.07e-10
67.2 5.4 5.56e-05 1.07e-10 3.01e-10
67.3 5.4 5.46e-05 1.04e-10 2.96e-10
67.4 5.4 5.36e-05 1.02e-10 2.9e-10
67.5 5.4 5.26e-05 1.01e-10 2.85e-10
85.6 5.4 1.84e-06 3.53e-12 9.97e-12
85.7 5.4 1.81e-06 3.48e-12 9.83e-12
85.8 5.4 1.77e-06 3.43e-12 9.67e-12
85.9 5.4 1.74e-06 3.35e-12 9.45e-12
86 5.4 1.71e-06 3.3e-12 9.3e-12
86.1 5.4 1.68e-06 3.2e-12 9.1e-12
86.2 5.4 1.65e-06 3.15e-12 8.95e-12
86.3 5.4 1.62e-06 3.13e-12 8.78e-12
86.4 5.4 1.59e-06 3.05e-12 8.65e-12
86.5 5.4 1.56e-06 3e-12 8.5e-12
86.6 5.4 1.53e-06 2.95e-12 8.35e-12
86.7 5.4 1.5e-06 2.88e-12 8.12e-12
86.8 5.4 1.47e-06 2.83e-12 7.98e-12
86.9 5.4 1.45e-06 2.75e-12 7.85e-12
87 5.4 1.42e-06 2.7e-12 7.7e-12
87.1 5.4 1.39e-06 2.7e-12 7.6e-12
87.2 5.4 1.37e-06 2.6e-12 7.4e-12
87.3 5.4 1.34e-06 2.57e-12 7.32e-12
87.4 5.4 1.32e-06 2.55e-12 7.15e-12
87.5 5.4 1.3e-06 2.47e-12 7.02e-12
87.6 5.4 1.27e-06 2.45e-12 6.95e-12
87.7 5.4 1.25e-06 2.37e-12 6.72e-12
87.8 5.4 1.23e-06 2.35e-12 6.65e-12
87.9 5.4 1.2e-06 2.3e-12 6.5e-12
88 5.4 1.18e-06 2.27e-12 6.42e-12
88.1 5.4 1.16e-06 2.22e-12 6.27e-12
88.2 5.4 1.14e-06 2.2e-12 6.2e-12
88.3 5.4 1.12e-06 2.15e-12 6.05e-12
88.4 5.4 1.1e-06 2.07e-12 5.92e-12
88.5 5.4 1.08e-06 2.05e-12 5.85e-12
88.6 5.4 1.06e-06 2.05e-12 5.75e-12
88.7 5.4 1.04e-06 2e-12 5.6e-12
88.8 5.4 1.02e-06 1.95e-12 5.55e-12
88.9 5.4 1e-06 1.91e-12 5.43e-12
89 5.4 9.81e-07 1.88e-12 5.33e-12
89.1 5.4 9.63e-07 1.85e-12 5.23e-12
89.2 5.4 9.46e-07 1.81e-12 5.14e-12
89.3 5.4 9.28e-07 1.78e-12 5.04e-12
89.4 5.4 9.11e-07 1.75e-12 4.95e-12
89.5 5.4 8.94e-07 1.72e-12 4.85e-12
89.6 5.4 8.78e-07 1.68e-12 4.77e-12
89.7 5.4 8.62e-07 1.66e-12 4.68e-12
89.8 5.4 8.46e-07 1.62e-12 4.6e-12
89.9 5.4 8.31e-07 1.59e-12 4.51e-12
90 5.4 8.15e-07 1.56e-12 4.43e-12
90.1 5.4 8e-07 1.53e-12 4.35e-12
90.2 5.4 7.86e-07 1.5e-12 4.27e-12
90.3 5.4 7.71e-07 1.48e-12 4.19e-12
90.4 5.4 7.57e-07 1.45e-12 4.12e-12
90.5 5.4 7.43e-07 1.43e-12 4.03e-12
90.6 5.4 7.3e-07 1.4e-12 3.97e-12
90.7 5.4 7.16e-07 1.38e-12 3.89e-12
90.8 5.4 7.03e-07 1.35e-12 3.82e-12
90.9 5.4 6.9e-07 1.32e-12 3.75e-12
91 5.4 6.78e-07 1.3e-12 3.68e-12
91.1 5.4 6.65e-07 1.28e-12 3.61e-12
91.2 5.4 6.53e-07 1.25e-12 3.55e-12
91.3 5.4 6.41e-07 1.23e-12 3.48e-12
91.4 5.4 6.29e-07 1.21e-12 3.42e-12
91.5 5.4 6.18e-07 1.19e-12 3.36e-12
91.6 5.4 6.06e-07 1.17e-12 3.29e-12
91.7 5.4 5.95e-07 1.15e-12 3.23e-12
91.8 5.4 5.84e-07 1.12e-12 3.18e-12
91.9 5.4 5.73e-07 1.1e-12 3.11e-12
92 5.4 5.63e-07 1.08e-12 3.05e-12
92.1 5.4 5.53e-07 1.07e-12 3e-12
92.2 5.4 5.43e-07 1.05e-12 2.95e-12
92.3 5.4 5.33e-07 1.02e-12 2.9e-12
92.4 5.4 5.23e-07 1e-12 2.84e-12
92.5 5.4 5.13e-07 9.82e-13 2.79e-12
92.6 5.4 5.04e-07 9.65e-13 2.73e-12
92.7 5.4 4.95e-07 9.5e-13 2.69e-12
92.8 5.4 4.85e-07 9.32e-13 2.64e-12
92.9 5.4 4.77e-07 9.2e-13 2.59e-12
93 5.4 4.68e-07 8.95e-13 2.54e-12
93.1 5.4 4.59e-07 8.8e-13 2.49e-12
93.2 5.4 4.51e-07 8.65e-13 2.45e-12
93.3 5.4 4.43e-07 8.47e-13 2.4e-12
93.4 5.4 4.34e-07 8.33e-13 2.36e-12
93.5 5.4 4.26e-07 8.15e-13 2.32e-12
93.6 5.4 4.19e-07 8e-13 2.27e-12
93.7 5.4 4.11e-07 7.88e-13 2.23e-12
93.8 5.4 4.03e-07 7.75e-13 2.19e-12
93.9 5.4 3.96e-07 7.57e-13 2.15e-12
94 5.4 3.89e-07 7.45e-13 2.12e-12
94.1 5.4 3.82e-07 7.3e-13 2.07e-12
94.2 5.4 3.75e-07 7.15e-13 2.04e-12
94.3 5.4 3.68e-07 7.02e-13 2e-12
94.4 5.4 3.61e-07 6.95e-13 1.96e-12
94.5 5.4 3.54e-07 6.77e-13 1.92e-12
94.6 5.4 3.48e-07 6.65e-13 1.89e-12
94.7 5.4 3.41e-07 6.52e-13 1.86e-12
94.8 5.4 3.35e-07 6.45e-13 1.82e-12
94.9 5.4 3.29e-07 6.35e-13 1.78e-12
95 5.4 3.23e-07 6.18e-13 1.75e-12
95.1 5.4 3.17e-07 6.07e-13 1.72e-12
95.2 5.4 3.11e-07 5.98e-13 1.69e-12
95.3 5.4 3.06e-07 5.82e-13 1.66e-12
95.4 5.4 3e-07 5.75e-13 1.63e-12
95.5 5.4 2.94e-07 5.62e-13 1.6e-12
95.6 5.4 2.89e-07 5.53e-13 1.57e-12
95.7 5.4 2.84e-07 5.5e-13 1.54e-12
95.8 5.4 2.79e-07 5.35e-13 1.51e-12
95.9 5.4 2.73e-07 5.25e-13 1.49e-12
96 5.4 2.68e-07 5.12e-13 1.46e-12
96.1 5.4 2.63e-07 5.03e-13 1.43e-12
96.2 5.4 2.59e-07 4.95e-13 1.4e-12
96.3 5.4 2.54e-07 4.85e-13 1.38e-12
96.4 5.4 2.49e-07 4.78e-13 1.35e-12
96.5 5.4 2.45e-07 4.7e-13 1.33e-12
96.6 5.4 2.4e-07 4.6e-13 1.3e-12
96.7 5.4 2.36e-07 4.52e-13 1.28e-12
96.8 5.4 2.31e-07 4.42e-13 1.26e-12
96.9 5.4 2.27e-07 4.35e-13 1.24e-12
97 5.4 2.23e-07 4.27e-13 1.21e-12
97.1 5.4 2.19e-07 4.2e-13 1.19e-12
97.2 5.4 2.15e-07 4.13e-13 1.17e-12
97.3 5.4 2.11e-07 4.03e-13 1.15e-12
97.4 5.4 2.07e-07 3.95e-13 1.12e-12
97.5 5.4 2.03e-07 3.92e-13 1.11e-12
97.6 5.4 2e-07 3.85e-13 1.08e-12
97.7 5.4 1.96e-07 3.75e-13 1.07e-12
97.8 5.4 1.92e-07 3.67e-13 1.04e-12
97.9 5.4 1.89e-07 3.63e-13 1.03e-12
98 5.4 1.85e-07 3.55e-13 1.01e-12
98.1 5.4 1.82e-07 3.5e-13 9.9e-13
98.2 5.4 1.79e-07 3.43e-13 9.68e-13
98.3 5.4 1.75e-07 3.37e-13 9.53e-13
98.4 5.4 1.72e-07 3.35e-13 9.35e-13
98.5 5.4 1.69e-07 3.22e-13 9.18e-13
98.6 5.4 1.66e-07 3.18e-13 9.03e-13
98.7 5.4 1.63e-07 3.12e-13 8.88e-13
98.8 5.4 1.6e-07 3.05e-13 8.65e-13
98.9 5.4 1.57e-07 3.03e-13 8.58e-13
99 5.4 1.54e-07 2.95e-13 8.35e-13
99.1 5.4 1.51e-07 2.9e-13 8.2e-13
99.2 5.4 1.48e-07 2.83e-13 8.08e-13
99.3 5.4 1.46e-07 2.8e-13 7.9e-13
99.4 5.4 1.43e-07 2.73e-13 7.77e-13
99.5 5.4 1.4e-07 2.68e-13 7.63e-13
99.6 5.4 1.38e-07 2.62e-13 7.47e-13
99.7 5.4 1.35e-07 2.6e-13 7.4e-13
99.8 5.4 1.33e-07 2.55e-13 7.25e-13
99.9 5.4 1.3e-07 2.5e-13 7.1e-13
