-25 8.4 0.0955 2.1e-08 7e-09
-24.9 8.4 0.0965 2.17e-08 7.25e-09
-24.8 8.4 0.0976 2.17e-08 7.25e-09
-24.7 8.4 0.0986 2.2e-08 8e-09
-24.6 8.4 0.0997 2.25e-08 7.5e-09
-24.5 8.4 0.101 2.25e-08 7.5e-09
-24.4 8.4 0.102 2.25e-08 7.5e-09
-24.3 8.4 0.103 2.25e-08 7.5e-09
-24.2 8.4 0.104 2.25e-08 7.5e-09
-24.1 8.4 0.105 2.5e-08 1.5e-08
-24 8.4 0.106 2.25e-08 7.5e-09
-23.9 8.4 0.107 2.25e-08 7.5e-09
-23.8 8.4 0.108 2.25e-08 7.5e-09
-23.7 8.4 0.11 3e-08 1e-08
-23.6 8.4 0.111 2.25e-08 7.5e-09
-23.5 8.4 0.112 3e-08 1e-08
-23.4 8.4 0.113 3e-08 1e-08
-23.3 8.4 0.114 3e-08 1e-08
-23.2 8.4 0.116 2.25e-08 7.5e-09
-23.1 8.4 0.117 3e-08 1e-08
-23 8.4 0.118 3e-08 1e-08
-22.9 8.4 0.119 3e-08 1e-08
-22.8 8.4 0.12 3.25e-08 1.75e-08
-22.7 8.4 0.122 3e-08 1e-08
-22.6 8.4 0.123 3e-08 1e-08
-22.5 8.4 0.124 3e-08 1e-08
-22.4 8.4 0.126 3e-08 1e-08
-22.3 8.4 0.127 3e-08 1e-08
-22.2 8.4 0.128 3.25e-08 1.75e-08
-22.1 8.4 0.129 3.25e-08 1.75e-08
-22 8.4 0.131 3e-08 1e-08
-21.9 8.4 0.132 3.25e-08 1.75e-08
-21.8 8.4 0.133 3.25e-08 1.75e-08
-21.7 8.4 0.135 3.25e-08 1.75e-08
-21.6 8.4 0.136 3.25e-08 1.75e-08
-21.5 8.4 0.138 3.75e-08 1.25e-08
-21.4 8.4 0.139 3e-08 1e-08
-21.3 8.4 0.14 3.75e-08 1.25e-08
-21.2 8.4 0.142 3.25e-08 1.75e-08
-21.1 8.4 0.143 3.75e-08 1.25e-08
-21 8.4 0.145 3.25e-08 1.75e-08
-20.9 8.4 0.146 3e-08 1e-08
-20.8 8.4 0.148 3.75e-08 1.25e-08
-20.7 8.4 0.149 3.25e-08 1.75e-08
-20.6 8.4 0.151 7.25e-08 5.75e-08
-20.5 8.4 0.152 8.5e-08 6.5e-08
-20.4 8.4 0.154 1e-07 8e-08
-20.3 8.4 0.155 1.25e-07 6.5e-08
-20.2 8.4 0.157 1.43e-07 6.75e-08
-20.1 8.4 0.158 8.75e-08 3.25e-08
-20 8.4 0.16 3e-08 4e-08
-19.9 8.4 0.161 4.3e-07 3.6e-07
-19.8 8.4 0.163 6.75e-08 5.25e-08
-19.7 8.4 0.165 5.25e-08 2.75e-08
-19.6 8.4 0.166 4.25e-08 1.75e-08
-19.5 8.4 0.168 4.25e-08 1.75e-08
-19.4 8.4 0.17 4.25e-08 1.75e-08
-19.3 8.4 0.171 4.25e-08 1.75e-08
-19.2 8.4 0.173 4.25e-08 1.75e-08
-19.1 8.4 0.175 4.25e-08 1.75e-08
-19 8.4 0.176 4.25e-08 1.75e-08
-18.9 8.4 0.178 3.75e-08 1.25e-08
-18.8 8.4 0.18 3.75e-08 1.25e-08
-18.7 8.4 0.181 3.75e-08 1.25e-08
-18.6 8.4 0.183 3.75e-08 1.25e-08
-18.5 8.4 0.185 3.75e-08 1.25e-08
-18.4 8.4 0.187 3.5e-08 1.5e-08
-18.3 8.4 0.188 3.75e-08 1.25e-08
-18.2 8.4 0.19 3.75e-08 1.25e-08
-18.1 8.4 0.192 3.75e-08 1.25e-08
-18 8.4 0.194 3.75e-08 1.25e-08
-17.9 8.4 0.196 3e-08 1e-08
-17.8 8.4 0.197 3e-08 1e-08
-17.7 8.4 0.199 3.75e-08 1.25e-08
-17.6 8.4 0.201 3e-08 1e-08
-17.5 8.4 0.203 3.25e-08 1.75e-08
-17.4 8.4 0.205 3e-08 1e-08
-17.3 8.4 0.207 3e-08 1e-08
-17.2 8.4 0.209 3e-08 1e-08
-17.1 8.4 0.211 3e-08 1e-08
-17 8.4 0.213 3e-08 1e-08
-16.9 8.4 0.215 3e-08 1e-08
-16.8 8.4 0.217 2.5e-08 1.5e-08
-16.7 8.4 0.219 2.25e-08 7.5e-09
-16.6 8.4 0.221 2.25e-08 7.5e-09
-16.5 8.4 0.223 2.25e-08 7.5e-09
-16.4 8.4 0.225 2.25e-08 7.5e-09
-16.3 8.4 0.227 2.25e-08 7.5e-09
-16.2 8.4 0.229 2.25e-08 7.5e-09
-16.1 8.4 0.231 1.75e-08 1.25e-08
-16 8.4 0.233 1.75e-08 1.25e-08
-15.9 8.4 0.235 1.5e-08 5e-09
-15.8 8.4 0.237 1.5e-08 5e-09
-15.7 8.4 0.239 2.25e-08 7.5e-09
-15.6 8.4 0.241 1.75e-08 1.25e-08
-15.5 8.4 0.243 1.5e-08 5e-09
-15.4 8.4 0.245 1.5e-08 5e-09
-15.3 8.4 0.247 1.5e-08 5e-09
-15.2 8.4 0.25 2.75e-08 1.25e-08
-15.1 8.4 0.252 2.25e-08 7.5e-09
-15 8.4 0.254 1.5e-08 5e-09
-14.9 8.4 0.256 7.5e-09 2.5e-09
-14.8 8.4 0.258 5e-09 5e-09
-14.7 8.4 0.261 7.5e-09 2.5e-09
-14.6 8.4 0.263 0 0
-14.5 8.4 0.265 0 0
-14.4 8.4 0.267 7.5e-09 2.5e-09
-14.3 8.4 0.269 0 0
-14.2 8.4 0.272 7.5e-09 2.5e-09
-14.1 8.4 0.274 2.75e-08 1.25e-08
-14 8.4 0.276 1e-08 1e-08
-13.9 8.4 0.279 1e-08 1e-08
-13.8 8.4 0.281 2.5e-09 7.5e-09
-13.7 8.4 0.283 5e-09 1.5e-08
-13.6 8.4 0.286 5e-09 1.5e-08
-13.5 8.4 0.288 1.25e-08 1.75e-08
-13.4 8.4 0.29 7.5e-09 2.25e-08
-13.3 8.4 0.293 7.5e-09 2.25e-08
-13.2 8.4 0.295 7.5e-09 2.25e-08
-13.1 8.4 0.297 7.5e-09 2.25e-08
-13 8.4 0.3 7.5e-09 2.25e-08
-12.9 8.4 0.302 1e-08 3e-08
-12.8 8.4 0.304 1e-08 3e-08
-12.7 8.4 0.307 1e-08 3e-08
-12.6 8.4 0.309 1.5e-08 3.5e-08
-12.5 8.4 0.312 1.5e-08 3.5e-08
-12.4 8.4 0.314 3e-08 4e-08
-12.3 8.4 0.317 1.25e-08 3.75e-08
-12.2 8.4 0.319 1.25e-08 3.75e-08
-12.1 8.4 0.321 1.25e-08 3.75e-08
-12 8.4 0.324 1.5e-08 4.5e-08
-11.9 8.4 0.326 1.5e-08 4.5e-08
-11.8 8.4 0.329 1.5e-08 4.5e-08
-11.7 8.4 0.331 1.5e-08 4.5e-08
-11.6 8.4 0.334 1.75e-08 5.25e-08
-11.5 8.4 0.336 1.75e-08 5.25e-08
-11.4 8.4 0.339 2e-08 6e-08
-11.3 8.4 0.341 1.75e-08 5.25e-08
-11.2 8.4 0.344 2e-08 6e-08
-11.1 8.4 0.346 2e-08 6e-08
-11 8.4 0.349 2e-08 6e-08
-10.9 8.4 0.351 2e-08 6e-08
-10.8 8.4 0.354 2e-08 6e-08
-10.7 8.4 0.356 2.25e-08 6.75e-08
-10.6 8.4 0.359 3e-08 7e-08
-10.5 8.4 0.362 3e-08 7e-08
-10.4 8.4 0.364 2.25e-08 6.75e-08
-10.3 8.4 0.367 2.25e-08 6.75e-08
-10.2 8.4 0.369 2.5e-08 7.5e-08
-10.1 8.4 0.372 2.5e-08 7.5e-08
-10 8.4 0.374 2.5e-08 7.5e-08
-9.9 8.4 0.377 2.5e-08 7.5e-08
-9.8 8.4 0.379 3.25e-08 7.75e-08
-9.7 8.4 0.382 2.75e-08 8.25e-08
-9.6 8.4 0.385 3.5e-08 8.5e-08
-9.5 8.4 0.387 3.5e-08 8.5e-08
-9.4 8.4 0.39 3.5e-08 8.5e-08
-9.3 8.4 0.392 3.5e-08 8.5e-08
-9.2 8.4 0.395 3.5e-08 8.5e-08
-9.1 8.4 0.398 3.5e-08 8.5e-08
-9 8.4 0.4 3.5e-08 8.5e-08
-8.9 8.4 0.403 3.75e-08 9.25e-08
-8.8 8.4 0.405 3.75e-08 9.25e-08
-8.7 8.4 0.408 3.75e-08 9.25e-08
-8.6 8.4 0.411 3.75e-08 9.25e-08
-8.5 8.4 0.413 3.25e-08 9.75e-08
-8.4 8.4 0.416 3.75e-08 9.25e-08
-8.3 8.4 0.418 4e-08 1e-07
-8.2 8.4 0.421 4e-08 1e-07
-8.1 8.4 0.423 4e-08 1e-07
-8 8.4 0.426 4e-08 1e-07
-7.9 8.4 0.429 3.75e-08 9.25e-08
-7.8 8.4 0.431 3.75e-08 9.25e-08
-7.7 8.4 0.434 4e-08 1e-07
-7.6 8.4 0.436 4.5e-08 9.5e-08
-7.5 8.4 0.439 4e-08 1e-07
-7.4 8.4 0.441 4e-08 1e-07
-7.3 8.4 0.444 4e-08 1e-07
-7.2 8.4 0.447 4.5e-08 9.5e-08
-7.1 8.4 0.449 4e-08 1e-07
-7 8.4 0.452 4.5e-08 9.5e-08
-6.9 8.4 0.454 4e-08 1e-07
-6.8 8.4 0.457 4e-08 1e-07
-6.7 8.4 0.459 4.5e-08 9.5e-08
-6.6 8.4 0.462 4e-08 1e-07
-6.5 8.4 0.464 3.75e-08 9.25e-08
-6.4 8.4 0.467 4e-08 1e-07
-6.3 8.4 0.469 4e-08 1e-07
-6.2 8.4 0.472 4.5e-08 9.5e-08
-6.1 8.4 0.474 4.5e-08 9.5e-08
-6 8.4 0.477 3.75e-08 9.25e-08
-5.9 8.4 0.479 4.25e-08 8.75e-08
-5.8 8.4 0.482 3.75e-08 9.25e-08
-5.7 8.4 0.484 4.25e-08 8.75e-08
-5.6 8.4 0.487 3.5e-08 8.5e-08
-5.5 8.4 0.489 4.25e-08 8.75e-08
-5.4 8.4 0.491 4.25e-08 8.75e-08
-5.3 8.4 0.494 4e-08 8e-08
-5.2 8.4 0.496 4e-08 8e-08
-5.1 8.4 0.499 4e-08 8e-08
-5 8.4 0.501 4.5e-08 7.5e-08
-4.9 8.4 0.503 4.5e-08 7.5e-08
-4.8 8.4 0.506 4.25e-08 6.75e-08
-4.7 8.4 0.508 1.05e-07 1.25e-07
-4.6 8.4 0.511 1.2e-07 1.6e-07
-4.5 8.4 0.513 1.38e-07 1.93e-07
-4.4 8.4 0.515 1e-07 1.2e-07
-4.3 8.4 0.517 1.05e-07 1.55e-07
-4.2 8.4 0.52 4.5e-08 9.5e-08
-4.1 8.4 0.522 3.25e-08 7.75e-08
-4 8.4 0.524 2.5e-08 6.5e-08
-3.9 8.4 0.527 2.5e-08 6.5e-08
-3.8 8.4 0.529 2.5e-08 6.5e-08
-3.7 8.4 0.531 2e-08 6e-08
-3.6 8.4 0.533 2e-08 6e-08
-3.5 8.4 0.535 1.75e-08 5.25e-08
-3.4 8.4 0.538 1.5e-08 4.5e-08
-3.3 8.4 0.54 2.25e-08 4.75e-08
-3.2 8.4 0.542 2e-08 4e-08
-3.1 8.4 0.544 3.5e-08 7.5e-08
-3 8.4 0.546 2.75e-08 6.25e-08
-2.9 8.4 0.548 2.5e-08 5.5e-08
-2.8 8.4 0.55 2e-08 4e-08
-2.7 8.4 0.552 1.75e-08 2.25e-08
-2.6 8.4 0.554 1.25e-08 1.75e-08
-2.5 8.4 0.556 5e-09 5e-09
-2.4 8.4 0.558 0 0
-2.3 8.4 0.56 1e-08 1e-08
-2.2 8.4 0.562 2.5e-09 7.5e-09
-2.1 8.4 0.564 5e-09 5e-09
-2 8.4 0.566 7.5e-09 2.5e-09
-1.9 8.4 0.568 1.5e-08 2.5e-08
-1.8 8.4 0.57 7.5e-09 2.5e-09
-1.7 8.4 0.572 7.5e-09 2.5e-09
-1.6 8.4 0.573 1.5e-08 5e-09
-1.5 8.4 0.575 2e-08 1e-08
-1.4 8.4 0.577 1.5e-08 5e-09
-1.3 8.4 0.579 3e-08 1e-08
-1.2 8.4 0.581 2.25e-08 7.5e-09
-1.1 8.4 0.582 3e-08 1e-08
-1 8.4 0.584 3.75e-08 1.25e-08
-0.9 8.4 0.586 3.75e-08 1.25e-08
-0.8 8.4 0.587 4e-08 2e-08
-0.7 8.4 0.589 4.75e-08 2.25e-08
-0.6 8.4 0.591 4.75e-08 2.25e-08
-0.5 8.4 0.592 5.75e-08 2.25e-08
-0.4 8.4 0.594 6e-08 2e-08
-0.3 8.4 0.595 6e-08 2e-08
-0.2 8.4 0.597 6e-08 2e-08
-0.1 8.4 0.598 6.75e-08 2.25e-08
1.78e-15 8.4 0.6 7.5e-08 2.5e-08
0.1 8.4 0.601 7.75e-08 3.25e-08
0.2 8.4 0.603 7.75e-08 3.25e-08
0.3 8.4 0.604 8.25e-08 2.75e-08
0.4 8.4 0.605 9e-08 3e-08
0.5 8.4 0.607 9e-08 3e-08
0.6 8.4 0.608 9.75e-08 3.25e-08
0.7 8.4 0.609 9.25e-08 3.75e-08
0.8 8.4 0.61 1e-07 4e-08
0.9 8.4 0.612 1e-07 4e-08
1 8.4 0.613 1.08e-07 4.25e-08
1.1 8.4 0.614 1.15e-07 4.5e-08
1.2 8.4 0.615 1.15e-07 4.5e-08
1.3 8.4 0.616 1.15e-07 4.5e-08
1.4 8.4 0.617 1.22e-07 4.75e-08
1.5 8.4 0.618 1.22e-07 4.75e-08
1.6 8.4 0.619 1.25e-07 5.5e-08
1.7 8.4 0.62 1.3e-07 5e-08
1.8 8.4 0.621 1.3e-07 5e-08
1.9 8.4 0.622 1.38e-07 5.25e-08
2 8.4 0.623 1.38e-07 5.25e-08
2.1 8.4 0.624 1.4e-07 6e-08
2.2 8.4 0.625 1.4e-07 6e-08
2.3 8.4 0.626 1.45e-07 5.5e-08
2.4 8.4 0.627 1.47e-07 6.25e-08
2.5 8.4 0.627 1.52e-07 5.75e-08
2.6 8.4 0.628 1.52e-07 5.75e-08
2.7 8.4 0.629 1.52e-07 5.75e-08
2.8 8.4 0.63 1.55e-07 6.5e-08
2.9 8.4 0.63 1.58e-07 6.25e-08
3 8.4 0.631 1.55e-07 6.5e-08
3.1 8.4 0.632 1.63e-07 6.75e-08
3.2 8.4 0.632 1.68e-07 6.25e-08
3.3 8.4 0.633 1.63e-07 6.75e-08
3.4 8.4 0.633 1.7e-07 7e-08
3.5 8.4 0.634 1.7e-07 7e-08
3.6 8.4 0.634 1.7e-07 7e-08
3.7 8.4 0.634 1.7e-07 7e-08
3.8 8.4 0.635 1.7e-07 7e-08
3.9 8.4 0.635 1.7e-07 7e-08
4 8.4 0.636 1.7e-07 7e-08
4.1 8.4 0.636 1.77e-07 7.25e-08
4.2 8.4 0.636 1.77e-07 7.25e-08
4.3 8.4 0.636 1.77e-07 7.25e-08
4.4 8.4 0.636 1.72e-07 6.75e-08
4.5 8.4 0.637 1.77e-07 7.25e-08
4.6 8.4 0.637 1.77e-07 7.25e-08
4.7 8.4 0.637 1.85e-07 7.5e-08
4.8 8.4 0.637 1.77e-07 7.25e-08
4.9 8.4 0.637 1.8e-07 8e-08
5 8.4 0.637 1.85e-07 7.5e-08
5.1 8.4 0.637 1.8e-07 8e-08
5.2 8.4 0.637 1.77e-07 7.25e-08
5.3 8.4 0.637 1.85e-07 7.5e-08
5.4 8.4 0.637 1.77e-07 7.25e-08
5.5 8.4 0.637 1.77e-07 7.25e-08
5.6 8.4 0.636 1.72e-07 6.75e-08
5.7 8.4 0.636 1.77e-07 7.25e-08
5.8 8.4 0.636 1.77e-07 7.25e-08
5.9 8.4 0.636 1.77e-07 7.25e-08
6 8.4 0.636 1.7e-07 7e-08
6.1 8.4 0.635 1.7e-07 7e-08
6.2 8.4 0.635 1.7e-07 7e-08
6.3 8.4 0.634 1.7e-07 7e-08
6.4 8.4 0.634 1.7e-07 7e-08
6.5 8.4 0.634 1.7e-07 7e-08
6.6 8.4 0.633 1.7e-07 7e-08
6.7 8.4 0.633 1.63e-07 6.75e-08
6.8 8.4 0.632 1.68e-07 6.25e-08
6.9 8.4 0.632 1.63e-07 6.75e-08
7 8.4 0.631 1.55e-07 6.5e-08
7.1 8.4 0.63 1.58e-07 6.25e-08
7.2 8.4 0.63 1.55e-07 6.5e-08
7.3 8.4 0.629 1.52e-07 5.75e-08
7.4 8.4 0.628 1.52e-07 5.75e-08
7.5 8.4 0.627 1.52e-07 5.75e-08
7.6 8.4 0.627 1.47e-07 6.25e-08
7.7 8.4 0.626 1.45e-07 5.5e-08
7.8 8.4 0.625 1.4e-07 6e-08
7.9 8.4 0.624 1.4e-07 6e-08
8 8.4 0.623 1.38e-07 5.25e-08
8.1 8.4 0.622 1.38e-07 5.25e-08
8.2 8.4 0.621 1.3e-07 5e-08
8.3 8.4 0.62 1.3e-07 5e-08
8.4 8.4 0.619 1.25e-07 5.5e-08
8.5 8.4 0.618 1.22e-07 4.75e-08
8.6 8.4 0.617 1.22e-07 4.75e-08
8.7 8.4 0.616 1.15e-07 4.5e-08
8.8 8.4 0.615 1.15e-07 4.5e-08
8.9 8.4 0.614 1.15e-07 4.5e-08
9 8.4 0.613 1.08e-07 4.25e-08
9.1 8.4 0.612 1e-07 4e-08
9.2 8.4 0.61 1e-07 4e-08
9.3 8.4 0.609 9.25e-08 3.75e-08
9.4 8.4 0.608 9.75e-08 3.25e-08
9.5 8.4 0.607 9e-08 3e-08
9.6 8.4 0.605 9e-08 3e-08
9.7 8.4 0.604 8.25e-08 2.75e-08
9.8 8.4 0.603 7.75e-08 3.25e-08
9.9 8.4 0.601 7.75e-08 3.25e-08
10 8.4 0.6 7.5e-08 2.5e-08
10.1 8.4 0.598 6.75e-08 2.25e-08
10.2 8.4 0.597 6e-08 2e-08
10.3 8.4 0.595 6e-08 2e-08
10.4 8.4 0.594 6e-08 2e-08
10.5 8.4 0.592 5.75e-08 2.25e-08
10.6 8.4 0.591 4.75e-08 2.25e-08
10.7 8.4 0.589 4.75e-08 2.25e-08
10.8 8.4 0.587 4e-08 2e-08
10.9 8.4 0.586 3.75e-08 1.25e-08
11 8.4 0.584 3.75e-08 1.25e-08
11.1 8.4 0.582 3e-08 1e-08
11.2 8.4 0.581 2.25e-08 7.5e-09
11.3 8.4 0.579 3e-08 1e-08
11.4 8.4 0.577 1.5e-08 5e-09
11.5 8.4 0.575 2e-08 1e-08
11.6 8.4 0.573 1.5e-08 5e-09
11.7 8.4 0.572 7.5e-09 2.5e-09
11.8 8.4 0.57 7.5e-09 2.5e-09
11.9 8.4 0.568 1.5e-08 2.5e-08
12 8.4 0.566 7.5e-09 2.5e-09
12.1 8.4 0.564 5e-09 5e-09
12.2 8.4 0.562 2.5e-09 7.5e-09
12.3 8.4 0.56 1e-08 1e-08
12.4 8.4 0.558 0 0
12.5 8.4 0.556 5e-09 5e-09
12.6 8.4 0.554 1.25e-08 1.75e-08
12.7 8.4 0.552 1.75e-08 2.25e-08
12.8 8.4 0.55 2e-08 4e-08
12.9 8.4 0.548 2.5e-08 5.5e-08
13 8.4 0.546 2.75e-08 6.25e-08
13.1 8.4 0.544 3.5e-08 7.5e-08
13.2 8.4 0.542 2e-08 4e-08
13.3 8.4 0.54 2.25e-08 4.75e-08
13.4 8.4 0.538 1.5e-08 4.5e-08
13.5 8.4 0.535 1.75e-08 5.25e-08
13.6 8.4 0.533 2e-08 6e-08
13.7 8.4 0.531 2e-08 6e-08
13.8 8.4 0.529 2.5e-08 6.5e-08
13.9 8.4 0.527 2.5e-08 6.5e-08
14 8.4 0.524 2.5e-08 6.5e-08
14.1 8.4 0.522 3.25e-08 7.75e-08
14.2 8.4 0.52 4.5e-08 9.5e-08
14.3 8.4 0.517 1.05e-07 1.55e-07
14.4 8.4 0.515 1e-07 1.2e-07
14.5 8.4 0.513 1.38e-07 1.93e-07
14.6 8.4 0.511 1.2e-07 1.6e-07
14.7 8.4 0.508 1.05e-07 1.25e-07
14.8 8.4 0.506 4.25e-08 6.75e-08
14.9 8.4 0.503 4.5e-08 7.5e-08
15 8.4 0.501 4.5e-08 7.5e-08
15.1 8.4 0.499 4e-08 8e-08
15.2 8.4 0.496 4e-08 8e-08
15.3 8.4 0.494 4e-08 8e-08
15.4 8.4 0.491 4.25e-08 8.75e-08
15.5 8.4 0.489 4.25e-08 8.75e-08
15.6 8.4 0.487 3.5e-08 8.5e-08
15.7 8.4 0.484 4.25e-08 8.75e-08
15.8 8.4 0.482 3.75e-08 9.25e-08
15.9 8.4 0.479 4.25e-08 8.75e-08
16 8.4 0.477 3.75e-08 9.25e-08
16.1 8.4 0.474 4.5e-08 9.5e-08
16.2 8.4 0.472 4.5e-08 9.5e-08
16.3 8.4 0.469 4e-08 1e-07
16.4 8.4 0.467 4e-08 1e-07
16.5 8.4 0.464 3.75e-08 9.25e-08
16.6 8.4 0.462 4e-08 1e-07
16.7 8.4 0.459 4.5e-08 9.5e-08
16.8 8.4 0.457 4e-08 1e-07
16.9 8.4 0.454 4e-08 1e-07
17 8.4 0.452 4.5e-08 9.5e-08
17.1 8.4 0.449 4e-08 1e-07
17.2 8.4 0.447 4.5e-08 9.5e-08
17.3 8.4 0.444 4e-08 1e-07
17.4 8.4 0.441 4e-08 1e-07
17.5 8.4 0.439 4e-08 1e-07
17.6 8.4 0.436 4.5e-08 9.5e-08
17.7 8.4 0.434 4e-08 1e-07
17.8 8.4 0.431 3.75e-08 9.25e-08
17.9 8.4 0.429 3.75e-08 9.25e-08
18 8.4 0.426 4e-08 1e-07
18.1 8.4 0.423 4e-08 1e-07
18.2 8.4 0.421 4e-08 1e-07
18.3 8.4 0.418 4e-08 1e-07
18.4 8.4 0.416 3.75e-08 9.25e-08
18.5 8.4 0.413 3.25e-08 9.75e-08
18.6 8.4 0.411 3.75e-08 9.25e-08
18.7 8.4 0.408 3.75e-08 9.25e-08
18.8 8.4 0.405 3.75e-08 9.25e-08
18.9 8.4 0.403 3.75e-08 9.25e-08
19 8.4 0.4 3.5e-08 8.5e-08
19.1 8.4 0.398 3.5e-08 8.5e-08
19.2 8.4 0.395 3.5e-08 8.5e-08
19.3 8.4 0.392 3.5e-08 8.5e-08
19.4 8.4 0.39 3.5e-08 8.5e-08
19.5 8.4 0.387 3.5e-08 8.5e-08
19.6 8.4 0.385 3.5e-08 8.5e-08
19.7 8.4 0.382 2.75e-08 8.25e-08
19.8 8.4 0.379 3.25e-08 7.75e-08
19.9 8.4 0.377 2.5e-08 7.5e-08
20 8.4 0.374 2.5e-08 7.5e-08
20.1 8.4 0.372 2.5e-08 7.5e-08
20.2 8.4 0.369 2.5e-08 7.5e-08
20.3 8.4 0.367 2.25e-08 6.75e-08
20.4 8.4 0.364 2.25e-08 6.75e-08
20.5 8.4 0.362 3e-08 7e-08
20.6 8.4 0.359 3e-08 7e-08
20.7 8.4 0.356 2.25e-08 6.75e-08
20.8 8.4 0.354 2e-08 6e-08
20.9 8.4 0.351 2e-08 6e-08
21 8.4 0.349 2e-08 6e-08
21.1 8.4 0.346 2e-08 6e-08
21.2 8.4 0.344 2e-08 6e-08
21.3 8.4 0.341 1.75e-08 5.25e-08
21.4 8.4 0.339 2e-08 6e-08
21.5 8.4 0.336 1.75e-08 5.25e-08
21.6 8.4 0.334 1.75e-08 5.25e-08
21.7 8.4 0.331 1.5e-08 4.5e-08
21.8 8.4 0.329 1.5e-08 4.5e-08
21.9 8.4 0.326 1.5e-08 4.5e-08
22 8.4 0.324 1.5e-08 4.5e-08
22.1 8.4 0.321 1.25e-08 3.75e-08
22.2 8.4 0.319 1.25e-08 3.75e-08
22.3 8.4 0.317 1.25e-08 3.75e-08
22.4 8.4 0.314 3e-08 4e-08
22.5 8.4 0.312 1.5e-08 3.5e-08
22.6 8.4 0.309 1.5e-08 3.5e-08
22.7 8.4 0.307 1e-08 3e-08
22.8 8.4 0.304 1e-08 3e-08
22.9 8.4 0.302 1e-08 3e-08
23 8.4 0.3 7.5e-09 2.25e-08
23.1 8.4 0.297 7.5e-09 2.25e-08
23.2 8.4 0.295 7.5e-09 2.25e-08
23.3 8.4 0.293 7.5e-09 2.25e-08
23.4 8.4 0.29 7.5e-09 2.25e-08
23.5 8.4 0.288 1.25e-08 1.75e-08
23.6 8.4 0.286 5e-09 1.5e-08
23.7 8.4 0.283 5e-09 1.5e-08
23.8 8.4 0.281 2.5e-09 7.5e-09
23.9 8.4 0.279 1e-08 1e-08
24 8.4 0.276 1e-08 1e-08
24.1 8.4 0.274 2.75e-08 1.25e-08
24.2 8.4 0.272 7.5e-09 2.5e-09
24.3 8.4 0.269 0 0
24.4 8.4 0.267 7.5e-09 2.5e-09
24.5 8.4 0.265 0 0
24.6 8.4 0.263 0 0
24.7 8.4 0.261 7.5e-09 2.5e-09
24.8 8.4 0.258 5e-09 5e-09
24.9 8.4 0.256 7.5e-09 2.5e-09
25 8.4 0.254 1.5e-08 5e-09
25.1 8.4 0.252 2.25e-08 7.5e-09
25.2 8.4 0.25 2.75e-08 1.25e-08
25.3 8.4 0.247 1.5e-08 5e-09
25.4 8.4 0.245 1.5e-08 5e-09
25.5 8.4 0.243 1.5e-08 5e-09
25.6 8.4 0.241 1.75e-08 1.25e-08
25.7 8.4 0.239 2.25e-08 7.5e-09
25.8 8.4 0.237 1.5e-08 5e-09
25.9 8.4 0.235 1.5e-08 5e-09
26 8.4 0.233 1.75e-08 1.25e-08
26.1 8.4 0.231 1.75e-08 1.25e-08
26.2 8.4 0.229 2.25e-08 7.5e-09
26.3 8.4 0.227 2.25e-08 7.5e-09
26.4 8.4 0.225 2.25e-08 7.5e-09
26.5 8.4 0.223 2.25e-08 7.5e-09
26.6 8.4 0.221 2.25e-08 7.5e-09
26.7 8.4 0.219 2.25e-08 7.5e-09
26.8 8.4 0.217 2.5e-08 1.5e-08
26.9 8.4 0.215 3e-08 1e-08
27 8.4 0.213 3e-08 1e-08
27.1 8.4 0.211 3e-08 1e-08
27.2 8.4 0.209 3e-08 1e-08
27.3 8.4 0.207 3e-08 1e-08
27.4 8.4 0.205 3e-08 1e-08
27.5 8.4 0.203 3.25e-08 1.75e-08
27.6 8.4 0.201 3e-08 1e-08
27.7 8.4 0.199 3.75e-08 1.25e-08
27.8 8.4 0.197 3e-08 1e-08
27.9 8.4 0.196 3e-08 1e-08
28 8.4 0.194 3.75e-08 1.25e-08
28.1 8.4 0.192 3.75e-08 1.25e-08
28.2 8.4 0.19 3.75e-08 1.25e-08
28.3 8.4 0.188 3.75e-08 1.25e-08
28.4 8.4 0.187 3.5e-08 1.5e-08
28.5 8.4 0.185 3.75e-08 1.25e-08
28.6 8.4 0.183 3.75e-08 1.25e-08
28.7 8.4 0.181 3.75e-08 1.25e-08
28.8 8.4 0.18 3.75e-08 1.25e-08
28.9 8.4 0.178 3.75e-08 1.25e-08
29 8.4 0.176 4.25e-08 1.75e-08
29.1 8.4 0.175 4.25e-08 1.75e-08
29.2 8.4 0.173 4.25e-08 1.75e-08
29.3 8.4 0.171 4.25e-08 1.75e-08
29.4 8.4 0.17 4.25e-08 1.75e-08
29.5 8.4 0.168 4.25e-08 1.75e-08
29.6 8.4 0.166 4.25e-08 1.75e-08
29.7 8.4 0.165 5.25e-08 2.75e-08
29.8 8.4 0.163 6.75e-08 5.25e-08
29.9 8.4 0.161 4.3e-07 3.6e-07
30 8.4 0.16 3e-08 4e-08
30.1 8.4 0.158 8.75e-08 3.25e-08
30.2 8.4 0.157 1.43e-07 6.75e-08
30.3 8.4 0.155 1.25e-07 6.5e-08
30.4 8.4 0.154 1e-07 8e-08
30.5 8.4 0.152 8.5e-08 6.5e-08
30.6 8.4 0.151 7.25e-08 5.75e-08
30.7 8.4 0.149 3.25e-08 1.75e-08
30.8 8.4 0.148 3.75e-08 1.25e-08
30.9 8.4 0.146 3e-08 1e-08
31 8.4 0.145 3.25e-08 1.75e-08
31.1 8.4 0.143 3.75e-08 1.25e-08
31.2 8.4 0.142 3.25e-08 1.75e-08
31.3 8.4 0.14 3.75e-08 1.25e-08
31.4 8.4 0.139 3e-08 1e-08
31.5 8.4 0.138 3.75e-08 1.25e-08
31.6 8.4 0.136 3.25e-08 1.75e-08
31.7 8.4 0.135 3.25e-08 1.75e-08
31.8 8.4 0.133 3.25e-08 1.75e-08
31.9 8.4 0.132 3.25e-08 1.75e-08
32 8.4 0.131 3e-08 1e-08
32.1 8.4 0.129 3.25e-08 1.75e-08
32.2 8.4 0.128 3.25e-08 1.75e-08
32.3 8.4 0.127 3e-08 1e-08
32.4 8.4 0.126 3e-08 1e-08
32.5 8.4 0.124 3e-08 1e-08
32.6 8.4 0.123 3e-08 1e-08
32.7 8.4 0.122 3e-08 1e-08
32.8 8.4 0.12 3.25e-08 1.75e-08
32.9 8.4 0.119 3e-08 1e-08
33 8.4 0.118 3e-08 1e-08
33.1 8.4 0.117 3e-08 1e-08
33.2 8.4 0.116 2.25e-08 7.5e-09
33.3 8.4 0.114 3e-08 1e-08
33.4 8.4 0.113 3e-08 1e-08
33.5 8.4 0.112 3e-08 1e-08
33.6 8.4 0.111 2.25e-08 7.5e-09
33.7 8.4 0.11 3e-08 1e-08
33.8 8.4 0.108 2.25e-08 7.5e-09
33.9 8.4 0.107 2.25e-08 7.5e-09
34 8.4 0.106 2.25e-08 7.5e-09
34.1 8.4 0.105 2.5e-08 1.5e-08
34.2 8.4 0.104 2.25e-08 7.5e-09
34.3 8.4 0.103 2.25e-08 7.5e-09
34.4 8.4 0.102 2.25e-08 7.5e-09
34.5 8.4 0.101 2.25e-08 7.5e-09
34.6 8.4 0.0997 2.25e-08 7.5e-09
34.7 8.4 0.0986 2.2e-08 8e-09
34.8 8.4 0.0976 2.17e-08 7.25e-09
34.9 8.4 0.0965 2.17e-08 7.25e-09
35 8.4 0.0955 2.1e-08 7e-09
35.1 8.4 0.0945 2.02e-08 6.75e-09
35.2 8.4 0.0935 1.98e-08 7.25e-09
35.3 8.4 0.0925 2.02e-08 6.75e-09
35.4 8.4 0.0915 1.87e-08 6.25e-09
35.5 8.4 0.0905 1.87e-08 6.25e-09
35.6 8.4 0.0896 1.8e-08 6e-09
35.7 8.4 0.0886 1.8e-08 6e-09
35.8 8.4 0.0877 1.8e-08 6e-09
35.9 8.4 0.0867 1.72e-08 5.75e-09
36 8.4 0.0858 1.72e-08 5.75e-09
36.1 8.4 0.0849 1.65e-08 5.5e-09
36.2 8.4 0.084 1.65e-08 5.5e-09
36.3 8.4 0.083 1.57e-08 5.25e-09
36.4 8.4 0.0822 1.53e-08 5.75e-09
36.5 8.4 0.0813 1.5e-08 5e-09
36.6 8.4 0.0804 1.5e-08 5e-09
36.7 8.4 0.0795 1.43e-08 4.75e-09
36.8 8.4 0.0787 1.4e-08 5e-09
36.9 8.4 0.0778 1.35e-08 4.5e-09
37 8.4 0.077 1.4e-08 5e-09
37.1 8.4 0.0761 1.32e-08 4.75e-09
37.2 8.4 0.0753 1.28e-08 4.25e-09
37.3 8.4 0.0745 1.25e-08 4.5e-09
37.4 8.4 0.0737 1.2e-08 4e-09
37.5 8.4 0.0729 1.17e-08 4.25e-09
37.6 8.4 0.0721 1.1e-08 4e-09
37.7 8.4 0.0713 1.12e-08 3.75e-09
37.8 8.4 0.0705 1.05e-08 3.5e-09
37.9 8.4 0.0697 1.03e-08 3.75e-09
38 8.4 0.069 9.75e-09 3.25e-09
38.1 8.4 0.0682 9.75e-09 3.25e-09
38.2 8.4 0.0675 9.5e-09 3.5e-09
38.3 8.4 0.0667 9e-09 3e-09
38.4 8.4 0.066 8.75e-09 3.25e-09
38.5 8.4 0.0652 8.75e-09 3.25e-09
38.6 8.4 0.0645 8.25e-09 2.75e-09
38.7 8.4 0.0638 8.25e-09 2.75e-09
38.8 8.4 0.0631 8e-09 3e-09
38.9 8.4 0.0624 7.25e-09 2.75e-09
39 8.4 0.0617 7.25e-09 2.75e-09
39.1 8.4 0.061 6.75e-09 2.25e-09
39.2 8.4 0.0604 6.5e-09 2.5e-09
39.3 8.4 0.0597 6e-09 2e-09
39.4 8.4 0.059 6e-09 2e-09
39.5 8.4 0.0584 5.75e-09 2.25e-09
39.6 8.4 0.0577 5.75e-09 2.25e-09
39.7 8.4 0.0571 5.5e-09 2.5e-09
39.8 8.4 0.0565 5e-09 2e-09
39.9 8.4 0.0558 4.5e-09 1.5e-09
40 8.4 0.0552 4.5e-09 1.5e-09
40.1 8.4 0.0546 4.25e-09 1.75e-09
40.2 8.4 0.054 4.25e-09 1.75e-09
40.3 8.4 0.0534 4e-09 2e-09
40.4 8.4 0.0528 3.75e-09 1.25e-09
40.5 8.4 0.0522 3.5e-09 1.5e-09
40.6 8.4 0.0516 3e-09 1e-09
40.7 8.4 0.051 3e-09 1e-09
40.8 8.4 0.0505 3e-09 1e-09
40.9 8.4 0.0499 3e-09 1e-09
41 8.4 0.0493 2.75e-09 1.25e-09
41.1 8.4 0.0488 2.5e-09 1.5e-09
41.2 8.4 0.0482 2e-09 1e-09
41.3 8.4 0.0477 2.25e-09 7.5e-10
41.4 8.4 0.0472 1.5e-09 5e-10
41.5 8.4 0.0466 1.5e-09 5e-10
41.6 8.4 0.0461 1.25e-09 7.5e-10
41.7 8.4 0.0456 1.25e-09 7.5e-10
41.8 8.4 0.0451 1.25e-09 7.5e-10
41.9 8.4 0.0446 7.5e-10 2.5e-10
42 8.4 0.0441 5e-10 5e-10
42.1 8.4 0.0436 5.25e-09 1.47e-08
42.2 8.4 0.0431 5e-10 5e-10
42.3 8.4 0.0426 0 0
42.4 8.4 0.0421 2.5e-10 7.5e-10
42.5 8.4 0.0416 0 0
42.6 8.4 0.0412 0 0
42.7 8.4 0.0407 0 0
42.8 8.4 0.0402 0 0
42.9 8.4 0.0398 2.5e-10 7.5e-10
43 8.4 0.0393 5e-10 5e-10
43.1 8.4 0.0389 2.5e-10 7.5e-10
43.2 8.4 0.0384 2.5e-10 7.5e-10
43.3 8.4 0.038 0 0
43.4 8.4 0.0376 0 0
43.5 8.4 0.0371 5e-10 5e-10
43.6 8.4 0.0367 5e-10 5e-10
43.7 8.4 0.0363 5e-10 5e-10
43.8 8.4 0.0359 1e-09 1e-09
43.9 8.4 0.0355 7.5e-10 1.25e-09
44 8.4 0.0351 1e-09 1e-09
44.1 8.4 0.0347 1.25e-09 1.75e-09
44.2 8.4 0.0343 1.25e-09 1.75e-09
44.3 8.4 0.0339 1.5e-09 2.5e-09
44.4 8.4 0.0335 1.5e-09 2.5e-09
44.5 8.4 0.0331 1.25e-09 2.75e-09
44.6 8.4 0.0327 2e-09 3e-09
44.7 8.4 0.0324 1.5e-09 3.5e-09
44.8 8.4 0.032 1.5e-09 3.5e-09
44.9 8.4 0.0316 2e-09 4e-09
45 8.4 0.0313 2e-09 4e-09
45.1 8.4 0.0309 1.75e-09 4.25e-09
45.2 8.4 0.0306 2e-09 4e-09
45.3 8.4 0.0302 1.75e-09 4.25e-09
45.4 8.4 0.0299 2e-09 4e-09
45.5 8.4 0.0295 2.25e-09 4.75e-09
45.6 8.4 0.0292 2.25e-09 4.75e-09
45.7 8.4 0.0288 2e-09 5e-09
45.8 8.4 0.0285 2e-09 5e-09
45.9 8.4 0.0282 2e-09 5e-09
46 8.4 0.0279 2.5e-09 5.5e-09
46.1 8.4 0.0275 1e-09 3e-09
46.2 8.4 0.0272 1e-09 3e-09
46.3 8.4 0.0269 1e-09 3e-09
46.4 8.4 0.0266 1e-09 3e-09
46.5 8.4 0.0263 1e-09 3e-09
46.6 8.4 0.026 1.75e-09 3.25e-09
46.7 8.4 0.0257 1e-09 3e-09
46.8 8.4 0.0254 1e-09 3e-09
46.9 8.4 0.0251 1e-09 3e-09
47 8.4 0.0248 1e-09 3e-09
47.1 8.4 0.0245 1e-09 3e-09
47.2 8.4 0.0243 1e-09 3e-09
47.3 8.4 0.024 1e-09 3e-09
47.4 8.4 0.0237 1e-09 3e-09
47.5 8.4 0.0234 1e-09 3e-09
47.6 8.4 0.0232 1.25e-09 3.75e-09
47.7 8.4 0.0229 1e-09 3e-09
47.8 8.4 0.0226 1e-09 3e-09
47.9 8.4 0.0224 1e-09 3e-09
48 8.4 0.0221 1e-09 3e-09
48.1 8.4 0.0218 1.25e-09 3.75e-09
48.2 8.4 0.0216 1.25e-09 3.75e-09
48.3 8.4 0.0213 1e-09 3e-09
48.4 8.4 0.0211 1.25e-09 3.75e-09
48.5 8.4 0.0209 1e-09 3e-09
48.6 8.4 0.0206 1.25e-09 3.75e-09
48.7 8.4 0.0204 1e-09 3e-09
48.8 8.4 0.0201 1.25e-09 3.75e-09
48.9 8.4 0.0199 1.25e-09 3.75e-09
49 8.4 0.0197 1.25e-09 3.75e-09
49.1 8.4 0.0194 1.25e-09 3.75e-09
49.2 8.4 0.0192 1.25e-09 3.75e-09
49.3 8.4 0.019 1e-09 3e-09
49.4 8.4 0.0188 1.25e-09 3.75e-09
49.5 8.4 0.0186 1e-09 3e-09
49.6 8.4 0.0183 1.25e-09 3.75e-09
49.7 8.4 0.0181 1.25e-09 3.75e-09
49.8 8.4 0.0179 1.25e-09 3.75e-09
49.9 8.4 0.0177 1.25e-09 3.75e-09
50 8.4 0.0175 1e-09 3e-09
50.1 8.4 0.0173 1e-09 3e-09
50.2 8.4 0.0171 1.25e-09 3.75e-09
50.3 8.4 0.0169 1.25e-09 3.75e-09
50.4 8.4 0.0167 1e-09 3e-09
50.5 8.4 0.0165 1e-09 3e-09
50.6 8.4 0.0163 1.25e-09 3.75e-09
50.7 8.4 0.0161 1e-09 3e-09
50.8 8.4 0.0159 1.5e-09 3.5e-09
50.9 8.4 0.0158 1e-09 3e-09
51 8.4 0.0156 1.25e-09 3.75e-09
51.1 8.4 0.0154 1e-09 3e-09
51.2 8.4 0.0152 1e-09 3e-09
51.3 8.4 0.015 1.25e-09 3.75e-09
51.4 8.4 0.0149 1.25e-09 3.75e-09
51.5 8.4 0.0147 1.25e-09 3.75e-09
51.6 8.4 0.0145 1.75e-09 3.25e-09
51.7 8.4 0.0143 1e-09 3e-09
51.8 8.4 0.0142 1e-09 3e-09
51.9 8.4 0.014 1e-09 3e-09
52 8.4 0.0139 1e-09 3e-09
52.1 8.4 0.0137 1e-09 3e-09
52.2 8.4 0.0135 1.25e-09 3.75e-09
52.3 8.4 0.0134 1e-09 3e-09
52.4 8.4 0.0132 1e-09 3e-09
52.5 8.4 0.0131 1e-09 3e-09
52.6 8.4 0.0129 1e-09 3e-09
52.7 8.4 0.0128 1e-09 3e-09
52.8 8.4 0.0126 1e-09 3e-09
52.9 8.4 0.0125 1e-09 3e-09
53 8.4 0.0123 1e-09 3e-09
53.1 8.4 0.0122 1e-09 3e-09
53.2 8.4 0.012 1e-09 3e-09
53.3 8.4 0.0119 1e-09 3e-09
53.4 8.4 0.0118 1e-09 3e-09
53.5 8.4 0.0116 1e-09 3e-09
53.6 8.4 0.0115 1e-09 3e-09
53.7 8.4 0.0113 1e-09 3e-09
53.8 8.4 0.0112 1e-09 3e-09
53.9 8.4 0.0111 1e-09 3e-09
54 8.4 0.011 1e-09 3e-09
54.1 8.4 0.0108 1e-09 3e-09
54.2 8.4 0.0107 1e-09 3e-09
54.3 8.4 0.0106 1e-09 3e-09
54.4 8.4 0.0104 7.5e-10 2.25e-09
54.5 8.4 0.0103 1e-09 3e-09
54.6 8.4 0.0102 1e-09 3e-09
54.7 8.4 0.0101 1e-09 3e-09
54.8 8.4 0.00997 9e-10 2.7e-09
54.9 8.4 0.00985 9.5e-10 2.75e-09
55 8.4 0.00973 9.5e-10 2.75e-09
55.1 8.4 0.00962 9e-10 2.7e-09
55.2 8.4 0.00951 8.75e-10 2.62e-09
55.3 8.4 0.0094 9.25e-10 2.67e-09
55.4 8.4 0.00929 9e-10 2.6e-09
55.5 8.4 0.00918 8.75e-10 2.62e-09
55.6 8.4 0.00907 8.5e-10 2.55e-09
55.7 8.4 0.00896 8.5e-10 2.55e-09
55.8 8.4 0.00886 8.5e-10 2.55e-09
55.9 8.4 0.00875 8.5e-10 2.55e-09
56 8.4 0.00865 8.75e-10 2.52e-09
56.1 8.4 0.00855 8.5e-10 2.45e-09
56.2 8.4 0.00845 8.5e-10 2.45e-09
56.3 8.4 0.00835 8e-10 2.4e-09
56.4 8.4 0.00825 8e-10 2.4e-09
56.5 8.4 0.00816 8e-10 2.4e-09
56.6 8.4 0.00806 7.75e-10 2.33e-09
56.7 8.4 0.00797 7.75e-10 2.33e-09
56.8 8.4 0.00787 7.75e-10 2.33e-09
56.9 8.4 0.00778 8e-10 2.3e-09
57 8.4 0.00769 7.75e-10 2.33e-09
57.1 8.4 0.0076 8e-10 2.3e-09
57.2 8.4 0.00751 7.5e-10 2.25e-09
57.3 8.4 0.00742 7.25e-10 2.18e-09
57.4 8.4 0.00733 7.25e-10 2.18e-09
57.5 8.4 0.00725 7.5e-10 2.15e-09
57.6 8.4 0.00716 7.5e-10 2.15e-09
57.7 8.4 0.00708 7.75e-10 2.13e-09
57.8 8.4 0.007 7e-10 2.1e-09
57.9 8.4 0.00691 7.75e-10 2.13e-09
58 8.4 0.00683 7e-10 2.1e-09
58.1 8.4 0.00675 7e-10 2.1e-09
58.2 8.4 0.00667 6.75e-10 2.02e-09
58.3 8.4 0.00659 7.25e-10 2.07e-09
58.4 8.4 0.00652 6.75e-10 2.02e-09
58.5 8.4 0.00644 6.75e-10 2.02e-09
58.6 8.4 0.00636 7e-10 2e-09
58.7 8.4 0.00629 6.5e-10 1.95e-09
58.8 8.4 0.00622 6.5e-10 1.95e-09
58.9 8.4 0.00614 6.75e-10 1.92e-09
59 8.4 0.00607 6.25e-10 1.87e-09
59.1 8.4 0.006 6.75e-10 1.92e-09
59.2 8.4 0.00593 6.75e-10 1.92e-09
59.3 8.4 0.00586 6.25e-10 1.87e-09
59.4 8.4 0.00579 6.5e-10 1.85e-09
59.5 8.4 0.00572 6.25e-10 1.87e-09
59.6 8.4 0.00565 6e-10 1.8e-09
59.7 8.4 0.00559 6.5e-10 1.75e-09
59.8 8.4 0.00552 6.5e-10 1.75e-09
59.9 8.4 0.00546 5.75e-10 1.72e-09
60 8.4 0.00539 6.25e-10 1.67e-09
60.1 8.4 0.00533 5.75e-10 1.72e-09
60.2 8.4 0.00527 6.75e-10 1.72e-09
60.3 8.4 0.0052 6.25e-10 1.67e-09
60.4 8.4 0.00514 6e-10 1.7e-09
60.5 8.4 0.00508 6.25e-10 1.67e-09
60.6 8.4 0.00502 6.25e-10 1.67e-09
60.7 8.4 0.00496 5.5e-10 1.65e-09
60.8 8.4 0.00491 5.75e-10 1.63e-09
60.9 8.4 0.00485 5.75e-10 1.63e-09
61 8.4 0.00479 6e-10 1.6e-09
61.1 8.4 0.00473 5.25e-10 1.58e-09
61.2 8.4 0.00468 5.75e-10 1.63e-09
61.3 8.4 0.00462 5.25e-10 1.58e-09
61.4 8.4 0.00457 5e-10 1.5e-09
61.5 8.4 0.00452 5.5e-10 1.55e-09
61.6 8.4 0.00446 5.25e-10 1.47e-09
61.7 8.4 0.00441 5e-10 1.5e-09
61.8 8.4 0.00436 5.25e-10 1.47e-09
61.9 8.4 0.00431 5.25e-10 1.47e-09
62 8.4 0.00426 4.75e-10 1.42e-09
62.1 8.4 0.00421 4.75e-10 1.42e-09
62.2 8.4 0.00416 4.75e-10 1.42e-09
62.3 8.4 0.00411 4.5e-10 1.35e-09
62.4 8.4 0.00406 5e-10 1.4e-09
62.5 8.4 0.00401 4.5e-10 1.35e-09
62.6 8.4 0.00396 4.5e-10 1.35e-09
62.7 8.4 0.00392 4.5e-10 1.35e-09
62.8 8.4 0.00387 4.75e-10 1.33e-09
62.9 8.4 0.00383 4.5e-10 1.35e-09
63 8.4 0.00378 4.25e-10 1.28e-09
63.1 8.4 0.00374 4.25e-10 1.28e-09
63.2 8.4 0.00369 4.25e-10 1.28e-09
63.3 8.4 0.00365 4.25e-10 1.28e-09
63.4 8.4 0.0036 4.5e-10 1.25e-09
63.5 8.4 0.00356 4e-10 1.2e-09
63.6 8.4 0.00352 4.25e-10 1.28e-09
63.7 8.4 0.00348 4e-10 1.2e-09
63.8 8.4 0.00344 4.25e-10 1.17e-09
63.9 8.4 0.0034 4.25e-10 1.17e-09
64 8.4 0.00336 3.75e-10 1.12e-09
64.1 8.4 0.00332 3.75e-10 1.12e-09
64.2 8.4 0.00328 3.75e-10 1.12e-09
64.3 8.4 0.00324 3.75e-10 1.12e-09
64.4 8.4 0.0032 3.75e-10 1.12e-09
64.5 8.4 0.00316 4e-10 1.1e-09
64.6 8.4 0.00313 3.75e-10 1.12e-09
64.7 8.4 0.00309 3.75e-10 1.12e-09
64.8 8.4 0.00305 3.5e-10 1.05e-09
64.9 8.4 0.00302 3.5e-10 1.05e-09
65 8.4 0.00298 3.5e-10 1.05e-09
65.1 8.4 0.00295 3.25e-10 9.75e-10
65.2 8.4 0.00291 3.25e-10 9.75e-10
65.3 8.4 0.00288 3.75e-10 1.03e-09
65.4 8.4 0.00284 3.25e-10 9.75e-10
65.5 8.4 0.00281 3.25e-10 9.75e-10
65.6 8.4 0.00278 3.25e-10 9.75e-10
65.7 8.4 0.00274 3.25e-10 9.75e-10
65.8 8.4 0.00271 3e-10 9e-10
65.9 8.4 0.00268 3.25e-10 9.75e-10
66 8.4 0.00265 3e-10 9e-10
66.1 8.4 0.00262 3e-10 9e-10
66.2 8.4 0.00259 3e-10 9e-10
66.3 8.4 0.00256 3e-10 9e-10
66.4 8.4 0.00253 3e-10 9e-10
66.5 8.4 0.0025 3e-10 9e-10
66.6 8.4 0.00247 3e-10 9e-10
66.7 8.4 0.00244 3e-10 9e-10
66.8 8.4 0.00241 3e-10 9e-10
66.9 8.4 0.00238 2.75e-10 8.25e-10
67 8.4 0.00235 2.75e-10 8.25e-10
67.1 8.4 0.00232 2.75e-10 8.25e-10
67.2 8.4 0.0023 3e-10 8e-10
67.3 8.4 0.00227 2.75e-10 8.25e-10
67.4 8.4 0.00224 2.75e-10 8.25e-10
67.5 8.4 0.00222 2.75e-10 8.25e-10
67.6 8.4 0.00219 3e-10 8e-10
67.7 8.4 0.00216 2.75e-10 8.25e-10
67.8 8.4 0.00214 2.75e-10 8.25e-10
67.9 8.4 0.00211 3e-10 8e-10
68 8.4 0.00209 2.5e-10 7.5e-10
68.1 8.4 0.00206 2.5e-10 7.5e-10
68.2 8.4 0.00204 2.75e-10 7.25e-10
68.3 8.4 0.00202 2.5e-10 7.5e-10
68.4 8.4 0.00199 2.5e-10 7.5e-10
68.5 8.4 0.00197 2.25e-10 6.75e-10
68.6 8.4 0.00194 2.5e-10 7.5e-10
68.7 8.4 0.00192 2.5e-10 7.5e-10
68.8 8.4 0.0019 2.75e-10 7.25e-10
68.9 8.4 0.00188 2.25e-10 6.75e-10
69 8.4 0.00185 2.25e-10 6.75e-10
69.1 8.4 0.00183 2.25e-10 6.75e-10
69.2 8.4 0.00181 2.25e-10 6.75e-10
69.3 8.4 0.00179 2e-10 6e-10
69.4 8.4 0.00177 2e-10 6e-10
69.5 8.4 0.00175 2.25e-10 6.75e-10
69.6 8.4 0.00173 2e-10 6e-10
69.7 8.4 0.00171 2e-10 6e-10
69.8 8.4 0.00169 2e-10 6e-10
69.9 8.4 0.00167 2e-10 6e-10
70 8.4 0.00165 2e-10 6e-10
70.1 8.4 0.00163 2e-10 6e-10
70.2 8.4 0.00161 1.75e-10 5.25e-10
70.3 8.4 0.00159 1.75e-10 5.25e-10
70.4 8.4 0.00157 2e-10 6e-10
70.5 8.4 0.00155 2e-10 6e-10
70.6 8.4 0.00153 1.75e-10 5.25e-10
70.7 8.4 0.00152 2e-10 6e-10
70.8 8.4 0.0015 1.75e-10 5.25e-10
70.9 8.4 0.00148 1.75e-10 5.25e-10
71 8.4 0.00146 1.75e-10 5.25e-10
71.1 8.4 0.00144 2.25e-10 5.75e-10
71.2 8.4 0.00143 1.75e-10 5.25e-10
71.3 8.4 0.00141 1.75e-10 5.25e-10
71.4 8.4 0.00139 1.75e-10 5.25e-10
71.5 8.4 0.00138 1.75e-10 5.25e-10
71.6 8.4 0.00136 2e-10 5e-10
71.7 8.4 0.00135 1.5e-10 4.5e-10
71.8 8.4 0.00133 1.75e-10 5.25e-10
71.9 8.4 0.00131 1.5e-10 4.5e-10
72 8.4 0.0013 1.5e-10 4.5e-10
72.1 8.4 0.00128 1.5e-10 4.5e-10
72.2 8.4 0.00127 1.5e-10 4.5e-10
72.3 8.4 0.00125 1.5e-10 4.5e-10
72.4 8.4 0.00124 1.5e-10 4.5e-10
72.5 8.4 0.00122 1.5e-10 4.5e-10
72.6 8.4 0.00121 1.5e-10 4.5e-10
72.7 8.4 0.00119 1.5e-10 4.5e-10
72.8 8.4 0.00118 1.5e-10 4.5e-10
72.9 8.4 0.00117 1.5e-10 4.5e-10
73 8.4 0.00115 1.5e-10 4.5e-10
73.1 8.4 0.00114 1.5e-10 4.5e-10
73.2 8.4 0.00113 1.5e-10 4.5e-10
73.3 8.4 0.00111 1.5e-10 4.5e-10
73.4 8.4 0.0011 1.25e-10 3.75e-10
73.5 8.4 0.00109 1.5e-10 4.5e-10
73.6 8.4 0.00107 1.25e-10 3.75e-10
73.7 8.4 0.00106 1.5e-10 4.5e-10
73.8 8.4 0.00105 1.25e-10 3.75e-10
73.9 8.4 0.00104 1.25e-10 3.75e-10
74 8.4 0.00102 1.75e-10 4.25e-10
74.1 8.4 0.00101 1.25e-10 3.75e-10
74.2 8.4 0.000999 1.27e-10 3.73e-10
74.3 8.4 0.000988 1.27e-10 3.73e-10
74.4 8.4 0.000976 1.27e-10 3.73e-10
74.5 8.4 0.000964 1.25e-10 3.65e-10
74.6 8.4 0.000953 1.22e-10 3.58e-10
74.7 8.4 0.000942 1.22e-10 3.58e-10
74.8 8.4 0.000931 1.2e-10 3.5e-10
74.9 8.4 0.00092 1.18e-10 3.43e-10
75 8.4 0.000909 1.18e-10 3.43e-10
75.1 8.4 0.000898 1.18e-10 3.43e-10
75.2 8.4 0.000887 1.15e-10 3.35e-10
75.3 8.4 0.000877 1.15e-10 3.35e-10
75.4 8.4 0.000866 1.12e-10 3.28e-10
75.5 8.4 0.000856 1.1e-10 3.2e-10
75.6 8.4 0.000846 1.1e-10 3.2e-10
75.7 8.4 0.000836 1.1e-10 3.2e-10
75.8 8.4 0.000826 1.08e-10 3.13e-10
75.9 8.4 0.000816 1.02e-10 3.08e-10
76 8.4 0.000807 1.05e-10 3.05e-10
76.1 8.4 0.000797 1.05e-10 3.05e-10
76.2 8.4 0.000788 1.02e-10 2.98e-10
76.4 8.4 0.000769 1.02e-10 2.98e-10
