-25 0.00108 0.00888 0.00108 1
-24.6 0.00124 0.0393 0.0134 1
-14.7 0.0257 0.0696 0.0227 1
-14.3 0.029 0.0996 0.0309 1
-13.9 0.0327 0.129 0.033 1
-13.5 0.0369 0.158 0.0372 1
-13.1 0.0416 0.187 0.0419 1
-12.7 0.0468 0.214 0.0471 1
-12.3 0.0527 0.241 0.053 1
-11.9 0.0592 0.266 0.0595 1
-11.5 0.0665 0.289 0.0667 1
-11.1 0.0745 0.31 0.0747 1
-10.7 0.0834 0.333 0.0836 1
-10.3 0.0933 0.357 0.0934 1
-9.9 0.104 0.382 0.104 1
-9.5 0.116 0.413 0.116 1
-9.1 0.129 0.445 0.129 1
-8.7 0.143 0.478 0.143 1
-8.3 0.158 0.512 0.159 1
-7.9 0.175 0.547 0.175 1
-7.5 0.193 0.583 0.193 1
-7.1 0.212 0.619 0.212 1
-6.7 0.232 0.656 0.233 1
-6.3 0.254 0.693 0.255 1
-5.9 0.276 0.729 0.278 1
-5.5 0.3 0.765 0.302 1
-5.1 0.325 0.8 0.328 1
-4.7 0.351 0.834 0.354 1
-4.3 0.378 0.867 0.382 1
-3.9 0.406 0.898 0.41 1
-3.5 0.434 0.928 0.439 1
-3.1 0.463 0.955 0.469 1
-2.7 0.492 0.981 0.499 1
-2.3 0.522 1 0.529 1
-1.9 0.551 1.02 0.559 1
-1.5 0.581 1.04 0.588 1
-1.1 0.611 1.06 0.618 1.01
-0.7 0.64 1.07 0.646 1.01
-0.3 0.669 1.08 0.673 1.01
0.1 0.697 1.09 0.699 1
0.5 0.725 1.1 0.724 0.999
0.9 0.753 1.1 0.748 0.994
1.3 0.779 1.11 0.77 0.988
1.7 0.805 1.11 0.789 0.98
2.1 0.831 1.11 0.807 0.972
2.5 0.855 1.11 0.823 0.962
2.9 0.88 1.11 0.837 0.951
3.3 0.903 1.11 0.848 0.939
3.7 0.926 1.11 0.857 0.925
4.1 0.949 1.11 0.864 0.91
4.5 0.972 1.11 0.868 0.893
4.9 0.995 1.11 0.87 0.875
5.3 1.02 1.11 0.869 0.855
5.7 1.04 1.11 0.866 0.833
6.1 1.06 1.11 0.861 0.81
6.5 1.09 1.11 0.853 0.786
6.9 1.11 1.11 0.843 0.76
7.3 1.13 1.11 0.83 0.733
7.7 1.16 1.11 0.815 0.705
8.1 1.18 1.11 0.798 0.675
8.5 1.21 1.11 0.78 0.645
8.9 1.23 1.11 0.759 0.615
9.3 1.26 1.1 0.736 0.584
9.7 1.29 1.1 0.712 0.552
10.1 1.32 1.09 0.686 0.521
10.5 1.35 1.08 0.66 0.49
10.9 1.38 1.07 0.632 0.459
11.3 1.4 1.05 0.603 0.429
11.7 1.43 1.03 0.574 0.4
12.1 1.46 1.01 0.544 0.371
12.5 1.49 0.992 0.514 0.344
12.9 1.52 0.968 0.484 0.318
13.3 1.55 0.942 0.454 0.293
13.7 1.58 0.913 0.425 0.269
14.1 1.61 0.883 0.396 0.246
14.5 1.64 0.851 0.368 0.225
14.9 1.66 0.817 0.341 0.205
15.3 1.69 0.783 0.315 0.187
15.7 1.71 0.747 0.29 0.169
16.1 1.73 0.711 0.266 0.153
16.5 1.76 0.674 0.244 0.139
16.9 1.78 0.638 0.222 0.125
17.3 1.8 0.601 0.202 0.113
17.7 1.82 0.565 0.184 0.101
18.1 1.83 0.529 0.167 0.0911
18.5 1.85 0.495 0.151 0.0817
18.9 1.86 0.461 0.136 0.073
19.3 1.88 0.429 0.122 0.0652
19.7 1.89 0.398 0.11 0.0581
20.1 1.9 0.368 0.0986 0.0519
20.5 1.91 0.339 0.0884 0.0462
20.9 1.92 0.313 0.0791 0.0412
21.3 1.93 0.287 0.0706 0.0366
21.7 1.94 0.264 0.063 0.0325
22.1 1.94 0.241 0.0561 0.0289
22.5 1.95 0.221 0.05 0.0256
22.9 1.96 0.202 0.0444 0.0227
23.3 1.96 0.184 0.0395 0.0201
23.7 1.97 0.167 0.0351 0.0178
24.1 1.97 0.152 0.0311 0.0158
24.5 1.97 0.138 0.0276 0.014
24.9 1.98 0.125 0.0245 0.0124
25.3 1.98 0.114 0.0217 0.011
25.7 1.98 0.103 0.0192 0.00969
26.1 1.98 0.093 0.017 0.00857
26.5 1.98 0.0841 0.015 0.00757
26.9 1.99 0.076 0.0133 0.00669
27.3 1.99 0.0686 0.0118 0.00592
27.7 1.99 0.0619 0.0104 0.00523
28.1 1.99 0.0558 0.00919 0.00462
28.5 1.99 0.0503 0.00812 0.00408
28.9 1.99 0.0453 0.00718 0.0036
29.3 1.99 0.0408 0.00634 0.00318
29.7 1.99 0.0367 0.0056 0.00281
30.1 2 0.033 0.00495 0.00248
30.5 2 0.0297 0.00437 0.00219
30.9 2 0.0267 0.00386 0.00193
31.3 2 0.024 0.00341 0.00171
31.7 2 0.0215 0.00301 0.00151
32.1 2 0.0193 0.00266 0.00133
32.5 2 0.0174 0.00235 0.00117
32.9 2 0.0156 0.00207 0.00104
33.3 2 0.014 0.00183 0.000914
33.7 2 0.0125 0.00161 0.000807
34.1 2 0.0112 0.00142 0.000712
34.5 2 0.0101 0.00126 0.000629
34.9 2 0.00903 0.00111 0.000555
35.3 2 0.00809 0.00098 0.00049
35.7 2 0.00724 0.000865 0.000432
36.1 2 0.00649 0.000763 0.000382
36.5 2 0.00581 0.000673 0.000337
36.9 2 0.0052 0.000594 0.000297
37.3 2 0.00465 0.000525 0.000262
37.7 2 0.00416 0.000463 0.000232
38.1 2 0.00372 0.000409 0.000204
38.5 2 0.00333 0.000361 0.00018
38.9 2 0.00297 0.000318 0.000159
39.3 2 0.00266 0.000281 0.00014
39.7 2 0.00238 0.000248 0.000124
40.1 2 0.00213 0.000219 0.000109
40.5 2 0.0019 0.000193 9.65e-05
40.9 2 0.0017 0.00017 8.51e-05
41.3 2 0.00152 0.00015 7.51e-05
41.7 2 0.00135 0.000133 6.64e-05
42.1 2 0.00121 0.000117 5.86e-05
42.5 2 0.00108 0.000103 5.17e-05
42.9 2 0.000964 9.12e-05 4.56e-05
43.3 2 0.000861 8.05e-05 4.02e-05
43.7 2 0.000768 7.1e-05 3.55e-05
44.1 2 0.000686 6.27e-05 3.13e-05
44.5 2 0.000612 5.53e-05 2.77e-05
44.9 2 0.000546 4.88e-05 2.44e-05
45.3 2 0.000487 4.31e-05 2.15e-05
45.7 2 0.000434 3.8e-05 1.9e-05
46.1 2 0.000387 3.36e-05 1.68e-05
46.5 2 0.000345 2.96e-05 1.48e-05
46.9 2 0.000308 2.61e-05 1.31e-05
47.3 2 0.000275 2.31e-05 1.15e-05
47.7 2 0.000245 2.04e-05 1.02e-05
48.1 2 0.000218 1.8e-05 8.99e-06
48.5 2 0.000195 1.59e-05 7.93e-06
48.9 2 0.000173 1.4e-05 7e-06
49.3 2 0.000155 1.23e-05 6.17e-06
49.7 2 0.000138 1.09e-05 5.44e-06
50.1 2 0.000123 9.62e-06 4.81e-06
50.5 2 0.000109 8.49e-06 4.24e-06
50.9 2 9.74e-05 7.49e-06 3.75e-06
51.3 2 8.67e-05 6.61e-06 3.31e-06
51.7 2 7.73e-05 5.83e-06 2.92e-06
52.1 2 6.88e-05 5.15e-06 2.57e-06
52.5 2 6.13e-05 4.54e-06 2.27e-06
52.9 2 5.46e-05 4.01e-06 2.01e-06
53.3 2 4.86e-05 3.54e-06 1.77e-06
53.7 2 4.33e-05 3.12e-06 1.56e-06
54.1 2 3.85e-05 2.75e-06 1.38e-06
54.5 2 3.43e-05 2.43e-06 1.22e-06
54.9 2 3.05e-05 2.15e-06 1.07e-06
55.3 2 2.72e-05 1.89e-06 9.46e-07
55.7 2 2.42e-05 1.67e-06 8.35e-07
56.1 2 2.15e-05 1.47e-06 7.37e-07
56.5 2 1.91e-05 1.3e-06 6.51e-07
56.9 2 1.7e-05 1.15e-06 5.74e-07
57.3 2 1.52e-05 1.01e-06 5.07e-07
57.7 2 1.35e-05 8.94e-07 4.47e-07
58.1 2 1.2e-05 7.89e-07 3.95e-07
58.5 2 1.07e-05 6.97e-07 3.48e-07
58.9 2 9.49e-06 6.15e-07 3.07e-07
59.3 2 8.44e-06 5.43e-07 2.71e-07
59.7 2 7.51e-06 4.79e-07 2.4e-07
60.1 2 6.68e-06 4.23e-07 2.11e-07
60.5 2 5.94e-06 3.73e-07 1.86e-07
60.9 2 5.28e-06 3.29e-07 1.65e-07
61.3 2 4.7e-06 2.9e-07 1.45e-07
61.7 2 4.18e-06 2.56e-07 1.28e-07
62.1 2 3.71e-06 2.26e-07 1.13e-07
62.5 2 3.3e-06 1.99e-07 9.97e-08
62.9 2 2.94e-06 1.76e-07 8.8e-08
63.3 2 2.61e-06 1.55e-07 7.77e-08
63.7 2 2.32e-06 1.37e-07 6.86e-08
64.1 2 2.06e-06 1.21e-07 6.06e-08
64.5 2 1.83e-06 1.07e-07 5.34e-08
64.9 2 1.63e-06 9.43e-08 4.71e-08
65.3 2 1.45e-06 8.32e-08 4.16e-08
65.7 2 1.29e-06 7.35e-08 3.67e-08
66.1 2 1.14e-06 6.48e-08 3.24e-08
66.5 2 1.02e-06 5.72e-08 2.86e-08
66.9 2 9.02e-07 5.05e-08 2.52e-08
67.3 2 8.01e-07 4.45e-08 2.23e-08
67.7 2 7.12e-07 3.93e-08 1.96e-08
68.1 2 6.32e-07 3.47e-08 1.73e-08
68.5 2 5.61e-07 3.06e-08 1.53e-08
68.9 2 4.99e-07 2.7e-08 1.35e-08
69.3 2 4.43e-07 2.38e-08 1.19e-08
69.7 2 3.93e-07 2.1e-08 1.05e-08
70.1 2 3.49e-07 1.86e-08 9.29e-09
70.5 2 3.1e-07 1.64e-08 8.2e-09
70.9 2 2.75e-07 1.45e-08 7.23e-09
71.3 2 2.44e-07 1.28e-08 6.39e-09
71.7 2 2.17e-07 1.13e-08 5.64e-09
72.1 2 1.93e-07 9.95e-09 4.97e-09
72.5 2 1.71e-07 8.77e-09 4.39e-09
72.9 2 1.52e-07 7.74e-09 3.87e-09
73.3 2 1.35e-07 6.83e-09 3.41e-09
73.7 2 1.2e-07 6.03e-09 3.01e-09
74.1 2 1.07e-07 5.32e-09 2.66e-09
74.5 2 9.47e-08 4.69e-09 2.35e-09
74.9 2 8.41e-08 4.14e-09 2.07e-09
75.3 2 7.48e-08 3.65e-09 1.83e-09
75.7 2 6.64e-08 3.23e-09 1.61e-09
76.1 2 5.88e-08 2.85e-09 1.42e-09
76.5 2 5.22e-08 2.51e-09 1.26e-09
76.9 2 4.63e-08 2.22e-09 1.11e-09
77.3 2 4.11e-08 1.96e-09 9.79e-10
77.7 2 3.65e-08 1.73e-09 8.63e-10
78.1 2 3.24e-08 1.52e-09 7.61e-10
78.5 2 2.87e-08 1.34e-09 6.71e-10
78.9 2 2.55e-08 1.19e-09 5.93e-10
79.3 2 2.26e-08 1.05e-09 5.24e-10
79.7 2 2e-08 9.25e-10 4.63e-10
80.1 2 1.78e-08 8.16e-10 4.08e-10
80.5 2 1.58e-08 7.2e-10 3.6e-10
80.9 2 1.4e-08 6.35e-10 3.18e-10
81.3 2 1.24e-08 5.61e-10 2.8e-10
81.7 2 1.09e-08 4.95e-10 2.47e-10
82.1 2 9.69e-09 4.37e-10 2.18e-10
82.5 2 8.61e-09 3.85e-10 1.93e-10
82.9 2 7.6e-09 3.4e-10 1.7e-10
83.3 2 6.76e-09 3e-10 1.5e-10
83.7 2 5.92e-09 2.65e-10 1.32e-10
84.1 2 5.26e-09 2.34e-10 1.17e-10
84.5 2 4.64e-09 2.06e-10 1.03e-10
84.9 2 4.06e-09 1.82e-10 9.11e-11
85.3 2 3.55e-09 1.61e-10 8.03e-11
85.7 2 3.07e-09 1.42e-10 7.09e-11
86.1 2 2.69e-09 1.25e-10 6.25e-11
86.5 2 2.42e-09 1.1e-10 5.52e-11
86.9 2 2.17e-09 9.75e-11 4.87e-11
87.3 2 1.9e-09 8.6e-11 4.3e-11
87.7 2 1.67e-09 7.59e-11 3.79e-11
88.1 2 1.47e-09 6.7e-11 3.35e-11
88.5 2 1.32e-09 5.92e-11 2.96e-11
88.9 2 1.2e-09 5.22e-11 2.61e-11
89.3 2 1.07e-09 4.52e-11 2.26e-11
89.9 2 9.77e-10 3.84e-11 1.92e-11
90.4 2 8.9e-10 3.24e-11 1.62e-11
90.9 2 8.06e-10 2.73e-11 1.37e-11
91.5 2 7.23e-10 2.27e-11 1.14e-11
92.3 2 7.05e-10 1.83e-11 9.17e-12
92.9 2 6.97e-10 1.45e-11 7.26e-12
93.7 2 6.78e-10 1.13e-11 5.67e-12
94.6 2 6.8e-10 8.85e-12 4.43e-12
95.3 2 6.64e-10 6.97e-12 3.48e-12
96.2 2 6.53e-10 5.56e-12 2.78e-12
96.8 2 6.52e-10 4.34e-12 2.17e-12
97.7 2 6.31e-10 3.3e-12 1.65e-12
99 2 6.15e-10 2.4e-12 1.2e-12
99.6 2 5.65e-10 1.86e-12 9.32e-13
