-15 0.11 0.414 0.11 1
-14.6 0.118 0.436 0.118 1
-14.2 0.126 0.459 0.126 1
-13.8 0.135 0.481 0.134 1
-13.4 0.144 0.504 0.143 1
-13 0.154 0.527 0.153 1
-12.6 0.164 0.55 0.163 1
-12.2 0.175 0.574 0.174 1
-11.8 0.186 0.599 0.185 1
-11.4 0.198 0.623 0.196 1
-11 0.211 0.649 0.208 1
-10.6 0.224 0.674 0.221 1
-10.2 0.238 0.7 0.235 1
-9.8 0.252 0.726 0.248 1
-9.4 0.267 0.752 0.263 1
-9 0.282 0.778 0.278 1
-8.6 0.298 0.804 0.293 1
-8.2 0.315 0.83 0.309 1
-7.8 0.332 0.856 0.325 1
-7.4 0.35 0.881 0.341 1
-7 0.368 0.906 0.358 1
-6.6 0.387 0.93 0.376 1
-6.2 0.406 0.953 0.393 1
-5.8 0.425 0.976 0.411 1
-5.4 0.445 0.998 0.429 1
-5 0.465 1.02 0.447 1
-4.6 0.486 1.04 0.465 1
-4.2 0.507 1.06 0.483 1
-3.8 0.528 1.08 0.501 1
-3.4 0.549 1.1 0.519 1
-3 0.57 1.11 0.536 1
-2.6 0.592 1.13 0.554 1
-2.2 0.614 1.14 0.571 0.93
-1.8 0.636 1.16 0.587 0.924
-1.4 0.657 1.17 0.603 0.918
-1 0.679 1.18 0.619 0.911
-0.6 0.701 1.19 0.633 0.903
-0.2 0.723 1.2 0.647 0.895
0.2 0.745 1.21 0.661 0.887
0.6 0.766 1.21 0.673 0.879
1 0.788 1.22 0.685 0.869
1.4 0.81 1.23 0.695 0.859
1.8 0.831 1.23 0.705 0.848
2.2 0.852 1.24 0.713 0.837
2.6 0.874 1.24 0.721 0.825
3 0.895 1.24 0.727 0.813
3.4 0.916 1.25 0.733 0.8
3.8 0.937 1.25 0.737 0.786
4.2 0.958 1.25 0.74 0.772
4.6 0.979 1.25 0.741 0.757
5 1 1.25 0.742 0.742
5.4 1.02 1.25 0.741 0.726
5.8 1.04 1.25 0.74 0.71
6.2 1.06 1.25 0.737 0.693
6.6 1.08 1.25 0.733 0.676
7 1.11 1.24 0.727 0.658
7.4 1.13 1.24 0.721 0.64
7.8 1.15 1.24 0.713 0.621
8.2 1.17 1.23 0.705 0.603
8.6 1.19 1.23 0.695 0.584
9 1.21 1.22 0.685 0.565
9.4 1.23 1.21 0.673 0.546
9.8 1.26 1.21 0.661 0.526
10.2 1.28 1.2 0.647 0.507
10.6 1.3 1.19 0.633 0.488
11 1.32 1.18 0.619 0.468
11.4 1.34 1.17 0.603 0.449
11.8 1.36 1.16 0.587 0.43
12.2 1.39 1.14 0.571 0.412
12.6 1.41 1.13 0.554 0.393
13 1.43 1.11 0.536 0.375
13.4 1.45 1.1 0.519 0.358
13.8 1.47 1.08 0.501 0.34
14.2 1.49 1.06 0.483 0.323
14.6 1.51 1.04 0.465 0.307
15 1.53 1.02 0.447 0.291
15.4 1.55 0.998 0.429 0.276
15.8 1.57 0.976 0.411 0.261
16.2 1.59 0.953 0.393 0.247
16.6 1.61 0.93 0.376 0.233
17 1.63 0.906 0.358 0.22
17.4 1.65 0.881 0.341 0.207
17.8 1.67 0.856 0.325 0.195
18.2 1.68 0.83 0.309 0.183
18.6 1.7 0.804 0.293 0.172
19 1.72 0.778 0.278 0.162
19.4 1.73 0.752 0.263 0.152
19.8 1.75 0.726 0.248 0.142
20.2 1.76 0.7 0.235 0.133
20.6 1.78 0.674 0.221 0.125
21 1.79 0.648 0.208 0.117
21.4 1.8 0.623 0.196 0.109
21.8 1.81 0.598 0.185 0.102
22.2 1.83 0.573 0.174 0.0951
22.6 1.84 0.549 0.163 0.0887
23 1.85 0.525 0.153 0.0828
23.4 1.86 0.502 0.143 0.0772
23.8 1.87 0.479 0.134 0.0719
24.2 1.87 0.457 0.126 0.067
24.6 1.88 0.435 0.118 0.0625
25 1.89 0.415 0.11 0.0581
25.4 1.9 0.394 0.103 0.0541
25.8 1.9 0.375 0.0957 0.0503
26.2 1.91 0.356 0.0894 0.0468
26.6 1.92 0.338 0.0833 0.0435
27 1.92 0.321 0.0777 0.0404
27.4 1.93 0.304 0.0724 0.0376
27.8 1.93 0.288 0.0674 0.0349
28.2 1.94 0.273 0.0628 0.0324
28.6 1.94 0.258 0.0584 0.0301
29 1.95 0.244 0.0544 0.0279
29.4 1.95 0.231 0.0506 0.0259
29.8 1.95 0.218 0.047 0.0241
30.2 1.96 0.206 0.0437 0.0223
30.6 1.96 0.194 0.0406 0.0207
31 1.96 0.183 0.0377 0.0192
31.4 1.96 0.173 0.035 0.0178
31.8 1.97 0.163 0.0325 0.0165
32.2 1.97 0.153 0.0302 0.0153
32.6 1.97 0.145 0.028 0.0142
33 1.97 0.136 0.026 0.0132
33.4 1.98 0.128 0.0241 0.0122
33.8 1.98 0.12 0.0224 0.0113
34.2 1.98 0.113 0.0208 0.0105
34.6 1.98 0.107 0.0193 0.00973
35 1.98 0.1 0.0179 0.00902
35.4 1.98 0.0941 0.0166 0.00836
35.8 1.99 0.0884 0.0154 0.00775
36.2 1.99 0.0831 0.0143 0.00718
36.6 1.99 0.078 0.0132 0.00665
37 1.99 0.0732 0.0122 0.00616
37.4 1.99 0.0687 0.0113 0.0057
37.8 1.99 0.0645 0.0105 0.00528
38.2 1.99 0.0605 0.00974 0.00489
38.6 1.99 0.0568 0.00903 0.00454
39 1.99 0.0532 0.00837 0.00421
39.4 1.99 0.0499 0.00776 0.0039
39.8 1.99 0.0468 0.00719 0.00361
40.2 1.99 0.0439 0.00666 0.00334
40.6 1.99 0.0411 0.00617 0.00309
41 1.99 0.0385 0.00571 0.00287
41.4 1.99 0.0361 0.00529 0.00265
41.8 2 0.0338 0.0049 0.00246
42.2 2 0.0317 0.00454 0.00228
42.6 2 0.0297 0.00421 0.00211
43 2 0.0278 0.0039 0.00195
43.4 2 0.026 0.00361 0.00181
43.8 2 0.0243 0.00334 0.00167
44.2 2 0.0228 0.0031 0.00155
44.6 2 0.0213 0.00287 0.00143
45 2 0.0199 0.00266 0.00133
45.4 2 0.0187 0.00246 0.00123
45.8 2 0.0175 0.00228 0.00114
46.2 2 0.0163 0.00211 0.00105
46.6 2 0.0153 0.00195 0.000977
47 2 0.0143 0.00181 0.000905
47.4 2 0.0133 0.00168 0.000838
47.8 2 0.0125 0.00155 0.000776
48.2 2 0.0117 0.00144 0.000718
48.6 2 0.0109 0.00133 0.000666
49 2 0.0102 0.00123 0.000617
49.4 2 0.00953 0.00114 0.000571
49.8 2 0.0089 0.00106 0.000529
50.2 2 0.00832 0.00098 0.00049
50.6 2 0.00777 0.000907 0.000453
51 2 0.00727 0.00084 0.00042
51.4 2 0.00679 0.000778 0.000389
51.8 2 0.00634 0.00072 0.00036
52.2 2 0.00592 0.000667 0.000333
52.6 2 0.00553 0.000618 0.000309
53 2 0.00517 0.000572 0.000286
53.4 2 0.00482 0.000529 0.000265
53.8 2 0.0045 0.00049 0.000245
54.2 2 0.00421 0.000454 0.000227
54.6 2 0.00393 0.00042 0.00021
55 2 0.00367 0.000389 0.000195
55.4 2 0.00342 0.00036 0.00018
55.8 2 0.0032 0.000334 0.000167
56.2 2 0.00298 0.000309 0.000154
56.6 2 0.00278 0.000286 0.000143
57 2 0.0026 0.000265 0.000132
57.4 2 0.00242 0.000245 0.000123
57.8 2 0.00226 0.000227 0.000114
58.2 2 0.00211 0.00021 0.000105
58.6 2 0.00197 0.000195 9.74e-05
59 2 0.00184 0.00018 9.02e-05
59.4 2 0.00171 0.000167 8.36e-05
59.8 2 0.0016 0.000155 7.74e-05
60.2 2 0.00149 0.000143 7.17e-05
60.6 2 0.00139 0.000133 6.63e-05
61 2 0.0013 0.000123 6.14e-05
61.4 2 0.00121 0.000114 5.68e-05
61.8 2 0.00113 0.000105 5.26e-05
62.2 2 0.00105 9.74e-05 4.87e-05
62.6 2 0.000981 9.03e-05 4.52e-05
63 2 0.000915 8.36e-05 4.18e-05
63.4 2 0.000854 7.74e-05 3.87e-05
63.8 2 0.000796 7.17e-05 3.58e-05
64.2 2 0.000742 6.64e-05 3.32e-05
64.6 2 0.000692 6.15e-05 3.07e-05
65 2 0.000645 5.69e-05 2.85e-05
65.4 2 0.000602 5.27e-05 2.63e-05
65.8 2 0.000561 4.88e-05 2.44e-05
66.2 2 0.000523 4.52e-05 2.26e-05
66.6 2 0.000487 4.18e-05 2.09e-05
67 2 0.000454 3.87e-05 1.94e-05
67.4 2 0.000423 3.59e-05 1.79e-05
67.8 2 0.000394 3.32e-05 1.66e-05
68.2 2 0.000368 3.08e-05 1.54e-05
68.6 2 0.000343 2.85e-05 1.42e-05
69 2 0.000319 2.64e-05 1.32e-05
69.4 2 0.000297 2.44e-05 1.22e-05
69.8 2 0.000277 2.26e-05 1.13e-05
70.2 2 0.000258 2.09e-05 1.05e-05
70.6 2 0.000241 1.94e-05 9.69e-06
71 2 0.000224 1.8e-05 8.98e-06
71.4 2 0.000209 1.66e-05 8.31e-06
71.8 2 0.000195 1.54e-05 7.7e-06
72.2 2 0.000181 1.43e-05 7.13e-06
72.6 2 0.000169 1.32e-05 6.6e-06
73 2 0.000157 1.22e-05 6.11e-06
73.4 2 0.000146 1.13e-05 5.66e-06
73.8 2 0.000136 1.05e-05 5.24e-06
74.2 2 0.000127 9.71e-06 4.85e-06
74.6 2 0.000118 8.98e-06 4.49e-06
75 2 0.00011 8.32e-06 4.16e-06
75.4 2 0.000103 7.7e-06 3.85e-06
75.8 2 9.56e-05 7.13e-06 3.57e-06
76.2 2 8.9e-05 6.6e-06 3.3e-06
76.6 2 8.29e-05 6.12e-06 3.06e-06
77 2 7.72e-05 5.66e-06 2.83e-06
77.4 2 7.19e-05 5.24e-06 2.62e-06
77.8 2 6.7e-05 4.86e-06 2.43e-06
78.2 2 6.23e-05 4.5e-06 2.25e-06
78.6 2 5.8e-05 4.16e-06 2.08e-06
79 2 5.4e-05 3.85e-06 1.93e-06
79.4 2 5.03e-05 3.57e-06 1.78e-06
79.8 2 4.68e-05 3.3e-06 1.65e-06
80.2 2 4.36e-05 3.06e-06 1.53e-06
80.6 2 4.06e-05 2.83e-06 1.42e-06
81 2 3.78e-05 2.62e-06 1.31e-06
81.4 2 3.52e-05 2.43e-06 1.22e-06
81.8 2 3.27e-05 2.25e-06 1.12e-06
82.2 2 3.05e-05 2.08e-06 1.04e-06
82.6 2 2.84e-05 1.93e-06 9.65e-07
83 2 2.64e-05 1.79e-06 8.93e-07
83.4 2 2.46e-05 1.65e-06 8.27e-07
83.8 2 2.29e-05 1.53e-06 7.65e-07
84.2 2 2.13e-05 1.42e-06 7.08e-07
84.6 2 1.98e-05 1.31e-06 6.57e-07
85 2 1.84e-05 1.22e-06 6.08e-07
85.4 2 1.72e-05 1.13e-06 5.63e-07
85.8 2 1.6e-05 1.04e-06 5.21e-07
86.2 2 1.49e-05 9.64e-07 4.82e-07
86.6 2 1.38e-05 8.94e-07 4.47e-07
87 2 1.29e-05 8.28e-07 4.14e-07
87.4 2 1.2e-05 7.66e-07 3.83e-07
87.8 2 1.11e-05 7.1e-07 3.55e-07
88.2 2 1.04e-05 6.57e-07 3.29e-07
88.6 2 9.65e-06 6.08e-07 3.04e-07
89 2 8.98e-06 5.63e-07 2.82e-07
89.4 2 8.35e-06 5.22e-07 2.61e-07
89.8 2 7.77e-06 4.83e-07 2.42e-07
90.2 2 7.23e-06 4.47e-07 2.24e-07
90.6 2 6.73e-06 4.14e-07 2.07e-07
91 2 6.26e-06 3.83e-07 1.92e-07
91.4 2 5.82e-06 3.55e-07 1.78e-07
91.8 2 5.42e-06 3.29e-07 1.64e-07
92.2 2 5.04e-06 3.04e-07 1.52e-07
92.6 2 4.69e-06 2.82e-07 1.41e-07
93 2 4.36e-06 2.61e-07 1.31e-07
93.4 2 4.06e-06 2.42e-07 1.21e-07
93.8 2 3.77e-06 2.24e-07 1.12e-07
94.2 2 3.51e-06 2.07e-07 1.04e-07
94.6 2 3.26e-06 1.92e-07 9.59e-08
95 2 3.03e-06 1.78e-07 8.89e-08
95.4 2 2.82e-06 1.64e-07 8.22e-08
95.8 2 2.6e-06 1.52e-07 7.61e-08
96.2 2 2.41e-06 1.41e-07 7.05e-08
96.6 2 2.22e-06 1.31e-07 6.53e-08
97 2 2.05e-06 1.21e-07 6.05e-08
97.4 2 1.91e-06 1.12e-07 5.6e-08
97.8 2 1.78e-06 1.04e-07 5.19e-08
98.2 2 1.67e-06 9.61e-08 4.81e-08
98.6 2 1.58e-06 8.89e-08 4.45e-08
99 2 1.51e-06 8.22e-08 4.11e-08
99.4 2 1.47e-06 7.55e-08 3.78e-08
99.8 2 1.45e-06 7.2e-08 3.6e-08
