-15 0.152 0.523 0.15 1
-14.6 0.161 0.545 0.159 1
-14.2 0.17 0.567 0.168 1
-13.8 0.18 0.589 0.177 1
-13.4 0.19 0.611 0.187 1
-13 0.2 0.633 0.197 1
-12.6 0.211 0.656 0.208 1
-12.2 0.223 0.678 0.219 1
-11.8 0.235 0.701 0.23 1
-11.4 0.247 0.724 0.242 1
-11 0.26 0.747 0.254 1
-10.6 0.273 0.771 0.266 1
-10.2 0.287 0.794 0.279 1
-9.8 0.302 0.817 0.293 1
-9.4 0.316 0.84 0.306 1
-9 0.331 0.863 0.32 1
-8.6 0.347 0.886 0.335 1
-8.2 0.363 0.908 0.349 1
-7.8 0.379 0.93 0.364 1
-7.4 0.396 0.952 0.379 1
-7 0.413 0.973 0.394 1
-6.6 0.431 0.994 0.409 1
-6.2 0.448 1.01 0.425 1
-5.8 0.467 1.03 0.44 1
-5.4 0.485 1.05 0.456 1
-5 0.504 1.07 0.471 1
-4.6 0.523 1.09 0.487 1
-4.2 0.542 1.1 0.502 1
-3.8 0.561 1.12 0.517 1
-3.4 0.58 1.14 0.532 1
-3 0.6 1.15 0.546 0.91
-2.6 0.62 1.16 0.561 0.904
-2.2 0.64 1.18 0.574 0.898
-1.8 0.66 1.19 0.588 0.891
-1.4 0.68 1.2 0.601 0.884
-1 0.7 1.21 0.613 0.876
-0.6 0.72 1.22 0.625 0.868
-0.2 0.74 1.23 0.636 0.86
0.2 0.76 1.24 0.647 0.851
0.6 0.78 1.24 0.657 0.842
1 0.801 1.25 0.666 0.832
1.4 0.821 1.25 0.675 0.822
1.8 0.841 1.26 0.682 0.812
2.2 0.86 1.26 0.689 0.801
2.6 0.88 1.27 0.695 0.789
3 0.9 1.27 0.7 0.778
3.4 0.92 1.27 0.704 0.765
3.8 0.94 1.28 0.707 0.753
4.2 0.959 1.28 0.71 0.74
4.6 0.979 1.28 0.711 0.726
5 0.999 1.28 0.712 0.713
5.4 1.02 1.28 0.711 0.698
5.8 1.04 1.28 0.71 0.684
6.2 1.06 1.28 0.707 0.669
6.6 1.08 1.27 0.704 0.653
7 1.1 1.27 0.7 0.638
7.4 1.12 1.27 0.695 0.622
7.8 1.14 1.26 0.689 0.606
8.2 1.16 1.26 0.682 0.589
8.6 1.18 1.25 0.675 0.573
9 1.2 1.25 0.666 0.556
9.4 1.22 1.24 0.657 0.539
9.8 1.24 1.24 0.647 0.522
10.2 1.26 1.23 0.636 0.505
10.6 1.28 1.22 0.625 0.489
11 1.3 1.21 0.613 0.472
11.4 1.32 1.2 0.601 0.455
11.8 1.34 1.19 0.588 0.439
12.2 1.36 1.18 0.574 0.422
12.6 1.38 1.16 0.561 0.406
13 1.4 1.15 0.546 0.39
13.4 1.42 1.14 0.532 0.375
13.8 1.44 1.12 0.517 0.359
14.2 1.46 1.1 0.502 0.344
14.6 1.48 1.09 0.487 0.329
15 1.5 1.07 0.471 0.315
15.4 1.52 1.05 0.456 0.301
15.8 1.53 1.03 0.44 0.287
16.2 1.55 1.01 0.425 0.274
16.6 1.57 0.994 0.409 0.261
17 1.59 0.973 0.394 0.248
17.4 1.6 0.952 0.379 0.236
17.8 1.62 0.93 0.364 0.224
18.2 1.64 0.908 0.349 0.213
18.6 1.65 0.886 0.335 0.202
19 1.67 0.863 0.32 0.192
19.4 1.68 0.84 0.306 0.182
19.8 1.7 0.817 0.293 0.172
20.2 1.71 0.794 0.279 0.163
20.6 1.73 0.771 0.266 0.154
21 1.74 0.747 0.254 0.146
21.4 1.75 0.724 0.242 0.138
21.8 1.77 0.701 0.23 0.13
22.2 1.78 0.677 0.219 0.123
22.6 1.79 0.655 0.208 0.116
23 1.8 0.632 0.197 0.109
23.4 1.81 0.61 0.187 0.103
23.8 1.82 0.587 0.177 0.0972
24.2 1.83 0.566 0.168 0.0916
24.6 1.84 0.544 0.159 0.0862
25 1.85 0.523 0.15 0.0812
25.4 1.86 0.503 0.142 0.0764
25.8 1.86 0.483 0.134 0.0719
26.2 1.87 0.463 0.126 0.0675
26.6 1.88 0.444 0.119 0.0635
27 1.89 0.426 0.112 0.0596
27.4 1.89 0.408 0.106 0.056
27.8 1.9 0.39 0.0999 0.0526
28.2 1.9 0.373 0.0941 0.0494
28.6 1.91 0.357 0.0886 0.0464
29 1.92 0.341 0.0834 0.0435
29.4 1.92 0.326 0.0785 0.0409
29.8 1.93 0.311 0.0738 0.0383
30.2 1.93 0.297 0.0694 0.036
30.6 1.93 0.283 0.0653 0.0337
31 1.94 0.27 0.0613 0.0316
31.4 1.94 0.257 0.0576 0.0297
31.8 1.95 0.245 0.0541 0.0278
32.2 1.95 0.233 0.0508 0.0261
32.6 1.95 0.222 0.0477 0.0244
33 1.96 0.211 0.0448 0.0229
33.4 1.96 0.201 0.042 0.0215
33.8 1.96 0.191 0.0394 0.0201
34.2 1.96 0.181 0.037 0.0188
34.6 1.97 0.172 0.0347 0.0176
35 1.97 0.164 0.0325 0.0165
35.4 1.97 0.155 0.0305 0.0155
35.8 1.97 0.148 0.0286 0.0145
36.2 1.97 0.14 0.0268 0.0136
36.6 1.97 0.133 0.0251 0.0127
37 1.98 0.126 0.0235 0.0119
37.4 1.98 0.12 0.022 0.0111
37.8 1.98 0.113 0.0207 0.0104
38.2 1.98 0.108 0.0193 0.00977
38.6 1.98 0.102 0.0181 0.00914
39 1.98 0.0965 0.017 0.00855
39.4 1.98 0.0914 0.0159 0.00801
39.8 1.99 0.0866 0.0149 0.0075
40.2 1.99 0.082 0.0139 0.00702
40.6 1.99 0.0777 0.013 0.00656
41 1.99 0.0736 0.0122 0.00614
41.4 1.99 0.0696 0.0114 0.00575
41.8 1.99 0.0659 0.0107 0.00539
42.2 1.99 0.0623 0.01 0.00504
42.6 1.99 0.059 0.00939 0.00472
43 1.99 0.0558 0.00879 0.00442
43.4 1.99 0.0527 0.00823 0.00414
43.8 1.99 0.0499 0.00771 0.00387
44.2 1.99 0.0472 0.00721 0.00362
44.6 1.99 0.0446 0.00675 0.00339
45 1.99 0.0422 0.00632 0.00317
45.4 1.99 0.0398 0.00591 0.00297
45.8 1.99 0.0377 0.00553 0.00278
46.2 1.99 0.0356 0.00518 0.0026
46.6 2 0.0336 0.00485 0.00243
47 2 0.0318 0.00454 0.00227
47.4 2 0.03 0.00425 0.00213
47.8 2 0.0283 0.00397 0.00199
48.2 2 0.0268 0.00372 0.00186
48.6 2 0.0253 0.00348 0.00174
49 2 0.0239 0.00326 0.00163
49.4 2 0.0225 0.00305 0.00152
49.8 2 0.0213 0.00285 0.00143
50.2 2 0.0201 0.00267 0.00133
50.6 2 0.019 0.00249 0.00125
51 2 0.0179 0.00233 0.00117
51.4 2 0.0169 0.00218 0.00109
51.8 2 0.0159 0.00204 0.00102
52.2 2 0.015 0.00191 0.000956
52.6 2 0.0142 0.00179 0.000895
53 2 0.0134 0.00167 0.000837
53.4 2 0.0126 0.00157 0.000783
53.8 2 0.0119 0.00147 0.000733
54.2 2 0.0112 0.00137 0.000685
54.6 2 0.0106 0.00128 0.000641
55 2 0.01 0.0012 0.000599
55.4 2 0.00943 0.00112 0.000561
55.8 2 0.00889 0.00105 0.000525
56.2 2 0.00838 0.000983 0.000492
56.6 2 0.0079 0.000919 0.00046
57 2 0.00745 0.00086 0.00043
57.4 2 0.00703 0.000805 0.000402
57.8 2 0.00662 0.000753 0.000376
58.2 2 0.00624 0.000704 0.000352
58.6 2 0.00588 0.000659 0.000329
59 2 0.00555 0.000616 0.000308
59.4 2 0.00523 0.000577 0.000288
59.8 2 0.00493 0.00054 0.00027
60.2 2 0.00464 0.000505 0.000252
60.6 2 0.00437 0.000472 0.000236
61 2 0.00412 0.000442 0.000221
61.4 2 0.00388 0.000413 0.000207
61.8 2 0.00366 0.000387 0.000193
62.2 2 0.00345 0.000362 0.000181
62.6 2 0.00325 0.000338 0.000169
63 2 0.00306 0.000317 0.000158
63.4 2 0.00288 0.000296 0.000148
63.8 2 0.00271 0.000277 0.000139
64.2 2 0.00256 0.00026 0.00013
64.6 2 0.00241 0.000243 0.000121
65 2 0.00227 0.000227 0.000114
65.4 2 0.00214 0.000212 0.000106
65.8 2 0.00201 0.000199 9.93e-05
66.2 2 0.00189 0.000186 9.3e-05
66.6 2 0.00178 0.000174 8.7e-05
67 2 0.00168 0.000163 8.13e-05
67.4 2 0.00158 0.000152 7.61e-05
67.8 2 0.00149 0.000142 7.12e-05
68.2 2 0.0014 0.000133 6.66e-05
68.6 2 0.00132 0.000125 6.23e-05
69 2 0.00124 0.000117 5.83e-05
69.4 2 0.00117 0.000109 5.45e-05
69.8 2 0.0011 0.000102 5.1e-05
70.2 2 0.00104 9.53e-05 4.77e-05
70.6 2 0.000975 8.92e-05 4.46e-05
71 2 0.000917 8.35e-05 4.17e-05
71.4 2 0.000863 7.81e-05 3.9e-05
71.8 2 0.000813 7.31e-05 3.65e-05
72.2 2 0.000765 6.84e-05 3.42e-05
72.6 2 0.00072 6.39e-05 3.2e-05
73 2 0.000677 5.98e-05 2.99e-05
73.4 2 0.000637 5.6e-05 2.8e-05
73.8 2 0.0006 5.24e-05 2.62e-05
74.2 2 0.000564 4.9e-05 2.45e-05
74.6 2 0.000531 4.58e-05 2.29e-05
75 2 0.0005 4.29e-05 2.14e-05
75.4 2 0.00047 4.01e-05 2.01e-05
75.8 2 0.000442 3.75e-05 1.88e-05
76.2 2 0.000416 3.51e-05 1.75e-05
76.6 2 0.000391 3.28e-05 1.64e-05
77 2 0.000368 3.07e-05 1.54e-05
77.4 2 0.000346 2.87e-05 1.44e-05
77.8 2 0.000326 2.69e-05 1.34e-05
78.2 2 0.000306 2.51e-05 1.26e-05
78.6 2 0.000288 2.35e-05 1.18e-05
79 2 0.000271 2.2e-05 1.1e-05
79.4 2 0.000255 2.06e-05 1.03e-05
79.8 2 0.00024 1.92e-05 9.62e-06
80.2 2 0.000226 1.8e-05 9e-06
80.6 2 0.000212 1.68e-05 8.42e-06
81 2 0.0002 1.58e-05 7.89e-06
81.4 2 0.000188 1.48e-05 7.38e-06
81.8 2 0.000176 1.38e-05 6.9e-06
82.2 2 0.000166 1.29e-05 6.46e-06
82.6 2 0.000156 1.21e-05 6.04e-06
83 2 0.000147 1.13e-05 5.65e-06
83.4 2 0.000138 1.06e-05 5.28e-06
83.8 2 0.00013 9.89e-06 4.94e-06
84.2 2 0.000122 9.26e-06 4.63e-06
84.6 2 0.000115 8.65e-06 4.33e-06
85 2 0.000108 8.1e-06 4.05e-06
85.4 2 0.000101 7.57e-06 3.79e-06
85.8 2 9.53e-05 7.09e-06 3.54e-06
86.2 2 8.96e-05 6.63e-06 3.31e-06
86.6 2 8.43e-05 6.2e-06 3.1e-06
87 2 7.92e-05 5.8e-06 2.9e-06
87.4 2 7.45e-05 5.43e-06 2.71e-06
87.8 2 7e-05 5.08e-06 2.54e-06
88.2 2 6.58e-05 4.75e-06 2.37e-06
88.6 2 6.18e-05 4.44e-06 2.22e-06
89 2 5.81e-05 4.16e-06 2.08e-06
89.4 2 5.46e-05 3.89e-06 1.94e-06
89.8 2 5.14e-05 3.64e-06 1.82e-06
90.2 2 4.83e-05 3.4e-06 1.7e-06
90.6 2 4.54e-05 3.18e-06 1.59e-06
91 2 4.26e-05 2.98e-06 1.49e-06
91.4 2 4.01e-05 2.79e-06 1.39e-06
91.8 2 3.77e-05 2.61e-06 1.3e-06
92.2 2 3.54e-05 2.44e-06 1.22e-06
92.6 2 3.33e-05 2.28e-06 1.14e-06
93 2 3.13e-05 2.13e-06 1.07e-06
93.4 2 2.94e-05 2e-06 9.98e-07
93.8 2 2.76e-05 1.87e-06 9.34e-07
94.2 2 2.59e-05 1.75e-06 8.74e-07
94.6 2 2.44e-05 1.63e-06 8.17e-07
95 2 2.29e-05 1.53e-06 7.64e-07
95.4 2 2.15e-05 1.43e-06 7.15e-07
95.8 2 2.01e-05 1.34e-06 6.69e-07
96.2 2 1.87e-05 1.25e-06 6.25e-07
96.6 2 1.75e-05 1.17e-06 5.85e-07
97 2 1.64e-05 1.1e-06 5.48e-07
97.4 2 1.53e-05 1.03e-06 5.13e-07
97.8 2 1.44e-05 9.6e-07 4.8e-07
98.2 2 1.37e-05 8.97e-07 4.49e-07
98.6 2 1.31e-05 8.39e-07 4.2e-07
99 2 1.26e-05 7.84e-07 3.92e-07
99.4 2 1.23e-05 7.28e-07 3.64e-07
99.8 2 1.22e-05 6.99e-07 3.49e-07
