-15 0.0526 0.234 0.0528 1
-14.6 0.0578 0.253 0.058 1
-14.2 0.0634 0.273 0.0635 1
-13.8 0.0695 0.293 0.0696 1
-13.4 0.0761 0.313 0.0763 1
-13 0.0833 0.334 0.0835 1
-12.6 0.0911 0.356 0.0912 1
-12.2 0.0996 0.379 0.0997 1
-11.8 0.109 0.403 0.109 1
-11.4 0.118 0.428 0.119 1
-11 0.129 0.454 0.129 1
-10.6 0.14 0.482 0.14 1
-10.2 0.152 0.509 0.152 1
-9.8 0.165 0.538 0.165 1
-9.4 0.179 0.567 0.179 1
-9 0.193 0.597 0.194 1
-8.6 0.208 0.627 0.209 1
-8.2 0.225 0.657 0.226 1
-7.8 0.241 0.688 0.243 1
-7.4 0.259 0.718 0.261 1
-7 0.278 0.747 0.279 1
-6.6 0.297 0.777 0.299 1
-6.2 0.317 0.805 0.319 1
-5.8 0.337 0.833 0.341 1
-5.4 0.358 0.86 0.362 1
-5 0.38 0.886 0.385 1
-4.6 0.402 0.91 0.407 1
-4.2 0.425 0.933 0.431 1
-3.8 0.448 0.954 0.454 1
-3.4 0.471 0.974 0.478 1
-3 0.494 0.991 0.502 1
-2.6 0.517 1.01 0.526 1
-2.2 0.54 1.02 0.55 1
-1.8 0.563 1.03 0.574 1
-1.4 0.586 1.04 0.598 1
-1 0.608 1.05 0.621 1
-0.6 0.63 1.06 0.644 1
-0.2 0.652 1.06 0.667 1
0.2 0.673 1.06 0.689 1
0.6 0.693 1.06 0.71 1
1 0.713 1.06 0.731 1
1.4 0.732 1.06 0.751 1
1.8 0.75 1.05 0.77 1.03
2.2 0.768 1.05 0.788 1.03
2.6 0.784 1.04 0.806 1.03
3 0.8 1.04 0.823 1.03
3.4 0.815 1.03 0.838 1.03
3.8 0.83 1.02 0.853 1.03
4.2 0.843 1.01 0.867 1.03
4.6 0.856 1 0.88 1.03
5 0.868 0.99 0.892 1.03
5.4 0.879 0.979 0.904 1.03
5.8 0.89 0.969 0.914 1.03
6.2 0.899 0.958 0.924 1.03
6.6 0.909 0.948 0.933 1.03
7 0.917 0.939 0.941 1.03
7.4 0.925 0.929 0.949 1.03
7.8 0.933 0.92 0.956 1.02
8.2 0.94 0.911 0.962 1.02
8.6 0.946 0.903 0.968 1.02
9 0.952 0.896 0.973 1.02
9.4 0.958 0.889 0.977 1.02
9.8 0.964 0.883 0.981 1.02
10.2 0.969 0.877 0.985 1.02
10.6 0.974 0.872 0.987 1.01
11 0.979 0.868 0.99 1.01
11.4 0.983 0.865 0.992 1.01
11.8 0.988 0.862 0.993 1.01
12.2 0.992 0.86 0.994 1
12.6 0.996 0.859 0.995 0.999
13 1 0.858 0.995 0.995
13.4 1 0.859 0.995 0.991
13.8 1.01 0.86 0.994 0.986
14.2 1.01 0.862 0.993 0.981
14.6 1.02 0.865 0.992 0.975
15 1.02 0.868 0.99 0.969
15.4 1.03 0.872 0.987 0.963
15.8 1.03 0.877 0.985 0.955
16.2 1.04 0.883 0.981 0.947
16.6 1.04 0.889 0.977 0.938
17 1.05 0.896 0.973 0.929
17.4 1.05 0.903 0.968 0.919
17.8 1.06 0.911 0.962 0.908
18.2 1.07 0.92 0.956 0.896
18.6 1.07 0.929 0.949 0.883
19 1.08 0.939 0.941 0.869
19.4 1.09 0.948 0.933 0.855
19.8 1.1 0.958 0.924 0.84
20.2 1.11 0.969 0.914 0.823
20.6 1.12 0.979 0.904 0.806
21 1.13 0.99 0.892 0.788
21.4 1.14 1 0.88 0.769
21.8 1.16 1.01 0.867 0.749
22.2 1.17 1.02 0.853 0.729
22.6 1.18 1.03 0.838 0.708
23 1.2 1.04 0.823 0.686
23.4 1.22 1.04 0.806 0.663
23.8 1.23 1.05 0.788 0.64
24.2 1.25 1.05 0.77 0.616
24.6 1.27 1.06 0.751 0.592
25 1.29 1.06 0.731 0.568
25.4 1.31 1.06 0.71 0.543
25.8 1.33 1.06 0.689 0.519
26.2 1.35 1.06 0.667 0.495
26.6 1.37 1.06 0.644 0.47
27 1.39 1.05 0.621 0.446
27.4 1.41 1.04 0.598 0.423
27.8 1.44 1.03 0.574 0.399
28.2 1.46 1.02 0.55 0.377
28.6 1.48 1.01 0.526 0.355
29 1.51 0.991 0.502 0.333
29.4 1.53 0.974 0.478 0.313
29.8 1.55 0.954 0.454 0.293
30.2 1.58 0.933 0.431 0.273
30.6 1.6 0.91 0.407 0.255
31 1.62 0.886 0.385 0.237
31.4 1.64 0.86 0.362 0.221
31.8 1.66 0.833 0.341 0.205
32.2 1.68 0.805 0.319 0.19
32.6 1.7 0.777 0.299 0.176
33 1.72 0.747 0.279 0.162
33.4 1.74 0.718 0.261 0.15
33.8 1.76 0.688 0.243 0.138
34.2 1.78 0.657 0.226 0.127
34.6 1.79 0.627 0.209 0.117
35 1.81 0.597 0.194 0.107
35.4 1.82 0.567 0.179 0.0984
35.8 1.83 0.538 0.165 0.0901
36.2 1.85 0.509 0.152 0.0825
36.6 1.86 0.481 0.14 0.0755
37 1.87 0.454 0.129 0.069
37.4 1.88 0.428 0.119 0.0631
37.8 1.89 0.402 0.109 0.0575
38.2 1.9 0.378 0.0997 0.0524
38.6 1.91 0.354 0.0912 0.0478
39 1.92 0.332 0.0835 0.0436
39.4 1.92 0.31 0.0763 0.0397
39.8 1.93 0.29 0.0696 0.0361
40.2 1.94 0.27 0.0635 0.0328
40.6 1.94 0.252 0.0579 0.0298
41 1.95 0.235 0.0528 0.0271
41.4 1.95 0.218 0.0481 0.0246
41.8 1.96 0.203 0.0437 0.0224
42.2 1.96 0.188 0.0398 0.0203
42.6 1.96 0.175 0.0362 0.0184
43 1.97 0.162 0.0329 0.0167
43.4 1.97 0.15 0.0299 0.0152
43.8 1.97 0.139 0.0271 0.0137
44.2 1.98 0.128 0.0246 0.0125
44.6 1.98 0.119 0.0223 0.0113
45 1.98 0.11 0.0203 0.0102
45.4 1.98 0.101 0.0184 0.00928
45.8 1.98 0.0933 0.0167 0.00841
46.2 1.98 0.0861 0.0151 0.00762
46.6 1.99 0.0794 0.0137 0.0069
47 1.99 0.0731 0.0124 0.00624
47.4 1.99 0.0674 0.0113 0.00566
47.8 1.99 0.062 0.0102 0.00513
48.2 1.99 0.0571 0.00924 0.00465
48.6 1.99 0.0526 0.00837 0.0042
49 1.99 0.0483 0.00758 0.00381
49.4 1.99 0.0445 0.00687 0.00345
49.8 1.99 0.0409 0.00622 0.00312
50.2 1.99 0.0376 0.00563 0.00282
50.6 2 0.0345 0.0051 0.00255
51 2 0.0317 0.00462 0.00231
51.4 2 0.0291 0.00418 0.00209
51.8 2 0.0267 0.00378 0.00189
52.2 2 0.0245 0.00343 0.00171
52.6 2 0.0225 0.0031 0.00155
53 2 0.0207 0.00281 0.0014
53.4 2 0.0189 0.00254 0.00127
53.8 2 0.0174 0.0023 0.00115
54.2 2 0.0159 0.00208 0.00104
54.6 2 0.0146 0.00188 0.000941
55 2 0.0134 0.0017 0.000851
55.4 2 0.0123 0.00154 0.000771
55.8 2 0.0112 0.0014 0.000698
56.2 2 0.0103 0.00126 0.000632
56.6 2 0.00943 0.00114 0.000571
57 2 0.00864 0.00103 0.000517
57.4 2 0.00791 0.000936 0.000468
57.8 2 0.00724 0.000847 0.000424
58.2 2 0.00663 0.000767 0.000384
58.6 2 0.00607 0.000694 0.000347
59 2 0.00555 0.000628 0.000314
59.4 2 0.00508 0.000568 0.000284
59.8 2 0.00465 0.000514 0.000257
60.2 2 0.00425 0.000465 0.000233
60.6 2 0.00389 0.000421 0.000211
61 2 0.00356 0.000381 0.000191
61.4 2 0.00325 0.000345 0.000172
61.8 2 0.00297 0.000312 0.000156
62.2 2 0.00272 0.000282 0.000141
62.6 2 0.00249 0.000255 0.000128
63 2 0.00227 0.000231 0.000115
63.4 2 0.00208 0.000209 0.000105
63.8 2 0.0019 0.000189 9.46e-05
64.2 2 0.00173 0.000171 8.56e-05
64.6 2 0.00158 0.000155 7.75e-05
65 2 0.00145 0.00014 7.01e-05
65.4 2 0.00132 0.000127 6.35e-05
65.8 2 0.00121 0.000115 5.75e-05
66.2 2 0.0011 0.000104 5.2e-05
66.6 2 0.00101 9.4e-05 4.7e-05
67 2 0.00092 8.5e-05 4.25e-05
67.4 2 0.00084 7.7e-05 3.85e-05
67.8 2 0.000767 6.96e-05 3.48e-05
68.2 2 0.000701 6.3e-05 3.15e-05
68.6 2 0.00064 5.7e-05 2.85e-05
69 2 0.000584 5.16e-05 2.58e-05
69.4 2 0.000533 4.67e-05 2.33e-05
69.8 2 0.000486 4.22e-05 2.11e-05
70.2 2 0.000444 3.82e-05 1.91e-05
70.6 2 0.000405 3.46e-05 1.73e-05
71 2 0.000369 3.13e-05 1.56e-05
71.4 2 0.000337 2.83e-05 1.42e-05
71.8 2 0.000308 2.56e-05 1.28e-05
72.2 2 0.000281 2.32e-05 1.16e-05
72.6 2 0.000256 2.1e-05 1.05e-05
73 2 0.000234 1.9e-05 9.49e-06
73.4 2 0.000213 1.72e-05 8.59e-06
73.8 2 0.000194 1.55e-05 7.77e-06
74.2 2 0.000177 1.41e-05 7.03e-06
74.6 2 0.000162 1.27e-05 6.36e-06
75 2 0.000147 1.15e-05 5.75e-06
75.4 2 0.000134 1.04e-05 5.21e-06
75.8 2 0.000122 9.42e-06 4.71e-06
76.2 2 0.000112 8.53e-06 4.27e-06
76.6 2 0.000102 7.72e-06 3.86e-06
77 2 9.28e-05 6.98e-06 3.49e-06
77.4 2 8.46e-05 6.32e-06 3.16e-06
77.8 2 7.71e-05 5.72e-06 2.86e-06
78.2 2 7.03e-05 5.17e-06 2.59e-06
78.6 2 6.41e-05 4.68e-06 2.34e-06
79 2 5.84e-05 4.23e-06 2.12e-06
79.4 2 5.32e-05 3.83e-06 1.92e-06
79.8 2 4.85e-05 3.47e-06 1.73e-06
80.2 2 4.42e-05 3.14e-06 1.57e-06
80.6 2 4.03e-05 2.84e-06 1.42e-06
81 2 3.67e-05 2.57e-06 1.28e-06
81.4 2 3.34e-05 2.32e-06 1.16e-06
81.8 2 3.05e-05 2.1e-06 1.05e-06
82.2 2 2.77e-05 1.9e-06 9.52e-07
82.6 2 2.53e-05 1.72e-06 8.61e-07
83 2 2.3e-05 1.56e-06 7.8e-07
83.4 2 2.1e-05 1.41e-06 7.05e-07
83.8 2 1.91e-05 1.27e-06 6.37e-07
84.2 2 1.74e-05 1.15e-06 5.77e-07
84.6 2 1.58e-05 1.04e-06 5.22e-07
85 2 1.44e-05 9.45e-07 4.73e-07
85.4 2 1.31e-05 8.55e-07 4.28e-07
85.8 2 1.2e-05 7.74e-07 3.87e-07
86.2 2 1.09e-05 7e-07 3.5e-07
86.6 2 9.92e-06 6.33e-07 3.17e-07
87 2 9.04e-06 5.73e-07 2.87e-07
87.4 2 8.23e-06 5.19e-07 2.59e-07
87.8 2 7.49e-06 4.69e-07 2.35e-07
88.2 2 6.82e-06 4.25e-07 2.12e-07
88.6 2 6.21e-06 3.84e-07 1.92e-07
89 2 5.65e-06 3.48e-07 1.74e-07
89.4 2 5.15e-06 3.15e-07 1.57e-07
89.8 2 4.68e-06 2.85e-07 1.42e-07
90.2 2 4.26e-06 2.58e-07 1.29e-07
90.6 2 3.88e-06 2.33e-07 1.17e-07
91 2 3.53e-06 2.11e-07 1.05e-07
91.4 2 3.21e-06 1.91e-07 9.54e-08
91.8 2 2.92e-06 1.73e-07 8.63e-08
92.2 2 2.66e-06 1.56e-07 7.8e-08
92.6 2 2.42e-06 1.41e-07 7.07e-08
93 2 2.2e-06 1.28e-07 6.4e-08
93.4 2 2e-06 1.16e-07 5.79e-08
93.8 2 1.82e-06 1.05e-07 5.24e-08
94.2 2 1.66e-06 9.47e-08 4.73e-08
94.6 2 1.51e-06 8.57e-08 4.29e-08
95 2 1.37e-06 7.76e-08 3.88e-08
95.4 2 1.25e-06 7.02e-08 3.51e-08
95.8 2 1.13e-06 6.35e-08 3.18e-08
96.2 2 1.02e-06 5.75e-08 2.87e-08
96.6 2 9.19e-07 5.2e-08 2.6e-08
97 2 8.31e-07 4.7e-08 2.35e-08
97.4 2 7.53e-07 4.26e-08 2.13e-08
97.8 2 6.86e-07 3.85e-08 1.93e-08
98.2 2 6.3e-07 3.49e-08 1.74e-08
98.6 2 5.86e-07 3.15e-08 1.58e-08
99 2 5.54e-07 2.85e-08 1.42e-08
99.4 2 5.33e-07 2.55e-08 1.28e-08
99.8 2 5.24e-07 2.4e-08 1.2e-08
