     -25        0   0.0178        0
   -24.8        0   0.0185        0
   -24.6        0   0.0192        0
   -24.4        0     0.02        0
   -24.2        0   0.0207        0
     -24        0   0.0215        0
   -23.8        0   0.0224        0
   -23.6        0   0.0232        0
   -23.4        0   0.0241        0
   -23.2        0    0.025        0
     -23        0    0.026        0
   -22.8        0   0.0269        0
   -22.6        0    0.028        0
   -22.4        0    0.029        0
   -22.2        0   0.0301        0
     -22        0   0.0313        0
   -21.8        0   0.0324        0
   -21.6        0   0.0337        0
   -21.4        0   0.0349        0
   -21.2        0   0.0362        0
     -21        0   0.0376        0
   -20.8        0    0.039        0
   -20.6        0   0.0405        0
   -20.4        0    0.042        0
   -20.2        0   0.0435        0
     -20        0   0.0451        0
   -19.8        0   0.0468        0
   -19.6        0   0.0485        0
   -19.4        0   0.0503        0
   -19.2        0   0.0522        0
     -19        0   0.0541        0
   -18.8        0   0.0561        0
   -18.6        0   0.0581        0
   -18.4        0   0.0602        0
   -18.2        0   0.0624        0
     -18        0   0.0647        0
   -17.8        0    0.067        0
   -17.6        0   0.0694        0
   -17.4        0   0.0719        0
   -17.2        0   0.0745        0
     -17        0   0.0772        0
   -16.8        0   0.0799        0
   -16.6        0   0.0828        0
   -16.4        0   0.0857        0
   -16.2        0   0.0887        0
     -16        0   0.0918        0
   -15.8        0    0.095        0
   -15.6        0   0.0983        0
   -15.4        0    0.102        0
   -15.2        0    0.105        0
     -15        0    0.109        0
   -14.8        0    0.113        0
   -14.6        0    0.116        0
   -14.4        0     0.12        0
   -14.2        0    0.124        0
     -14        0    0.128        0
   -13.8        0    0.133        0
   -13.6        0    0.137        0
   -13.4        0    0.142        0
   -13.2        0    0.146        0
     -13        0    0.151        0
   -12.8        0    0.156        0
   -12.6        0    0.161        0
   -12.4        0    0.166        0
   -12.2        0    0.171        0
     -12        0    0.177        0
   -11.8        0    0.182        0
   -11.6        0    0.188        0
   -11.4        0    0.193        0
   -11.2        0    0.199        0
     -11        0    0.205        0
   -10.8        0    0.211        0
   -10.6        0    0.218        0
   -10.4        0    0.224        0
   -10.2        0    0.231        0
     -10        0    0.237        0
    -9.8        0    0.244        0
    -9.6        0    0.251        0
    -9.4        0    0.258        0
    -9.2        0    0.265        0
      -9        0    0.272        0
    -8.8        0     0.28        0
    -8.6        0    0.287        0
    -8.4        0    0.295        0
    -8.2        0    0.302        0
      -8        0     0.31        0
    -7.8        0    0.318        0
    -7.6        0    0.326        0
    -7.4        0    0.334        0
    -7.2        0    0.342        0
      -7        0     0.35        0
    -6.8        0    0.359        0
    -6.6        0    0.367        0
    -6.4        0    0.376        0
    -6.2        0    0.384        0
      -6        0    0.393        0
    -5.8        0    0.401        0
    -5.6        0     0.41        0
    -5.4        0    0.419        0
    -5.2        0    0.428        0
      -5        0    0.437        0
    -4.8        0    0.445        0
    -4.6        0    0.454        0
    -4.4        0    0.463        0
    -4.2        0    0.472        0
      -4        0    0.481        0
    -3.8        0     0.49        0
    -3.6        0    0.499        0
    -3.4        0    0.508        0
    -3.2        0    0.517        0
      -3        0    0.526        0
    -2.8        0    0.534        0
    -2.6        0    0.543        0
    -2.4        0    0.552        0
    -2.2        0    0.561        0
      -2        0    0.569        0
    -1.8        0    0.578        0
    -1.6        0    0.586        0
    -1.4        0    0.595        0
    -1.2        0    0.603        0
      -1        0    0.611        0
    -0.8        0    0.619        0
    -0.6        0    0.627        0
    -0.4        0    0.635        0
    -0.2        0    0.643        0
1.95e-14        0    0.651        0
     0.2        0    0.658        0
     0.4        0    0.666        0
     0.6        0    0.673        0
     0.8        0    0.681        0
       1        0    0.688        0
     1.2        0    0.695        0
     1.4        0    0.702        0
     1.6        0    0.708        0
     1.8        0    0.715        0
       2        0    0.721        0
     2.2        0    0.728        0
     2.4        0    0.734        0
     2.6        0     0.74        0
     2.8        0    0.745        0
       3        0    0.751        0
     3.2        0    0.757        0
     3.4        0    0.762        0
     3.6        0    0.767        0
     3.8        0    0.772        0
       4        0    0.777        0
     4.2        0    0.782        0
     4.4        0    0.786        0
     4.6        0    0.791        0
     4.8        0    0.795        0
       5        0    0.799        0
     5.2        0    0.803        0
     5.4        0    0.807        0
     5.6        0     0.81        0
     5.8        0    0.814        0
       6        0    0.817        0
     6.2        0     0.82        0
     6.4        0    0.823        0
     6.6        0    0.826        0
     6.8        0    0.829        0
       7        0    0.831        0
     7.2        0    0.833        0
     7.4        0    0.836        0
     7.6        0    0.838        0
     7.8        0    0.839        0
       8        0    0.841        0
     8.2        0    0.842        0
     8.4        0    0.844        0
     8.6        0    0.845        0
     8.8        0    0.846        0
       9        0    0.847        0
     9.2        0    0.848        0
     9.4        0    0.848        0
     9.6        0    0.849        0
     9.8        0    0.849        0
      10        0    0.849        0
    10.2        0    0.849        0
    10.4        0    0.849        0
    10.6        0    0.848        0
    10.8        0    0.848        0
      11        0    0.847        0
    11.2        0    0.846        0
    11.4        0    0.845        0
    11.6        0    0.844        0
    11.8        0    0.842        0
      12        0    0.841        0
    12.2        0    0.839        0
    12.4        0    0.838        0
    12.6        0    0.836        0
    12.8        0    0.833        0
      13        0    0.831        0
    13.2        0    0.829        0
    13.4        0    0.826        0
    13.6        0    0.823        0
    13.8        0     0.82        0
      14        0    0.817        0
    14.2        0    0.814        0
    14.4        0     0.81        0
    14.6        0    0.807        0
    14.8        0    0.803        0
      15        0    0.799        0
    15.2        0    0.795        0
    15.4        0    0.791        0
    15.6        0    0.786        0
    15.8        0    0.782        0
      16        0    0.777        0
    16.2        0    0.772        0
    16.4        0    0.767        0
    16.6        0    0.762        0
    16.8        0    0.757        0
      17        0    0.751        0
    17.2        0    0.745        0
    17.4        0     0.74        0
    17.6        0    0.734        0
    17.8        0    0.728        0
      18        0    0.721        0
    18.2        0    0.715        0
    18.4        0    0.708        0
    18.6        0    0.702        0
    18.8        0    0.695        0
      19        0    0.688        0
    19.2        0    0.681        0
    19.4        0    0.673        0
    19.6        0    0.666        0
    19.8        0    0.658        0
      20        0    0.651        0
    20.2        0    0.643        0
    20.4        0    0.635        0
    20.6        0    0.627        0
    20.8        0    0.619        0
      21        0    0.611        0
    21.2        0    0.603        0
    21.4        0    0.595        0
    21.6        0    0.586        0
    21.8        0    0.578        0
      22        0    0.569        0
    22.2        0    0.561        0
    22.4        0    0.552        0
    22.6        0    0.543        0
    22.8        0    0.534        0
      23        0    0.526        0
    23.2        0    0.517        0
    23.4        0    0.508        0
    23.6        0    0.499        0
    23.8        0     0.49        0
      24        0    0.481        0
    24.2        0    0.472        0
    24.4        0    0.463        0
    24.6        0    0.454        0
    24.8        0    0.445        0
      25        0    0.437        0
    25.2        0    0.428        0
    25.4        0    0.419        0
    25.6        0     0.41        0
    25.8        0    0.401        0
      26        0    0.393        0
    26.2        0    0.384        0
    26.4        0    0.376        0
    26.6        0    0.367        0
    26.8        0    0.359        0
      27        0     0.35        0
    27.2        0    0.342        0
    27.4        0    0.334        0
    27.6        0    0.326        0
    27.8        0    0.318        0
      28        0     0.31        0
    28.2        0    0.302        0
    28.4        0    0.295        0
    28.6        0    0.287        0
    28.8        0     0.28        0
      29        0    0.272        0
    29.2        0    0.265        0
    29.4        0    0.258        0
    29.6        0    0.251        0
    29.8        0    0.244        0
      30        0    0.237        0
    30.2        0    0.231        0
    30.4        0    0.224        0
    30.6        0    0.218        0
    30.8        0    0.211        0
      31        0    0.205        0
    31.2        0    0.199        0
    31.4        0    0.193        0
    31.6        0    0.188        0
    31.8        0    0.182        0
      32        0    0.177        0
    32.2        0    0.171        0
    32.4        0    0.166        0
    32.6        0    0.161        0
    32.8        0    0.156        0
      33        0    0.151        0
    33.2        0    0.146        0
    33.4        0    0.142        0
    33.6        0    0.137        0
    33.8        0    0.133        0
      34        0    0.128        0
    34.2        0    0.124        0
    34.4        0     0.12        0
    34.6        0    0.116        0
    34.8        0    0.113        0
      35        0    0.109        0
    35.2        0    0.105        0
    35.4        0    0.102        0
    35.6        0   0.0983        0
    35.8        0    0.095        0
      36        0   0.0918        0
    36.2        0   0.0887        0
    36.4        0   0.0857        0
    36.6        0   0.0828        0
    36.8        0   0.0799        0
      37        0   0.0772        0
    37.2        0   0.0745        0
    37.4        0   0.0719        0
    37.6        0   0.0694        0
    37.8        0    0.067        0
      38        0   0.0647        0
    38.2        0   0.0624        0
    38.4        0   0.0602        0
    38.6        0   0.0581        0
    38.8        0   0.0561        0
      39        0   0.0541        0
    39.2        0   0.0522        0
    39.4        0   0.0503        0
    39.6        0   0.0485        0
    39.8        0   0.0468        0
      40        0   0.0451        0
    40.2        0   0.0435        0
    40.4        0    0.042        0
    40.6        0   0.0405        0
    40.8        0    0.039        0
      41        0   0.0376        0
    41.2        0   0.0362        0
    41.4        0   0.0349        0
    41.6        0   0.0337        0
    41.8        0   0.0324        0
      42        0   0.0313        0
    42.2        0   0.0301        0
    42.4        0    0.029        0
    42.6        0    0.028        0
    42.8        0   0.0269        0
      43        0    0.026        0
    43.2        0    0.025        0
    43.4        0   0.0241        0
    43.6        0   0.0232        0
    43.8        0   0.0224        0
      44        0   0.0215        0
    44.2        0   0.0207        0
    44.4        0     0.02        0
    44.6        0   0.0192        0
    44.8        0   0.0185        0
      45        0   0.0178        0
    45.2        0   0.0172        0
    45.4        0   0.0165        0
    45.6        0   0.0159        0
    45.8        0   0.0153        0
      46        0   0.0148        0
    46.2        0   0.0142        0
    46.4        0   0.0137        0
    46.6        0   0.0132        0
    46.8        0   0.0127        0
      47        0   0.0122        0
    47.2        0   0.0118        0
    47.4        0   0.0113        0
    47.6        0   0.0109        0
    47.8        0   0.0105        0
      48        0   0.0101        0
    48.2        0  0.00974        0
    48.4        0  0.00938        0
    48.6        0  0.00903        0
    48.8        0  0.00869        0
      49        0  0.00836        0
    49.2        0  0.00805        0
    49.4        0  0.00775        0
    49.6        0  0.00746        0
    49.8        0  0.00718        0
      50        0  0.00691        0
    50.2        0  0.00665        0
    50.4        0   0.0064        0
    50.6        0  0.00616        0
    50.8        0  0.00593        0
      51        0  0.00571        0
    51.2        0   0.0055        0
    51.4        0  0.00529        0
    51.6        0  0.00509        0
    51.8        0   0.0049        0
      52        0  0.00472        0
    52.2        0  0.00454        0
    52.4        0  0.00437        0
    52.6        0  0.00421        0
    52.8        0  0.00405        0
      53        0   0.0039        0
    53.2        0  0.00375        0
    53.4        0  0.00361        0
    53.6        0  0.00347        0
    53.8        0  0.00334        0
      54        0  0.00322        0
    54.2        0   0.0031        0
    54.4        0  0.00298        0
    54.6        0  0.00287        0
    54.8        0  0.00276        0
      55        0  0.00266        0
    55.2        0  0.00256        0
    55.4        0  0.00246        0
    55.6        0  0.00237        0
    55.8        0  0.00228        0
      56        0  0.00219        0
    56.2        0  0.00211        0
    56.4        0  0.00203        0
    56.6        0  0.00195        0
    56.8        0  0.00188        0
      57        0  0.00181        0
    57.2        0  0.00174        0
    57.4        0  0.00168        0
    57.6        0  0.00161        0
    57.8        0  0.00155        0
      58        0  0.00149        0
    58.2        0  0.00144        0
    58.4        0  0.00138        0
    58.6        0  0.00133        0
    58.8        0  0.00128        0
      59        0  0.00123        0
    59.2        0  0.00119        0
    59.4        0  0.00114        0
    59.6        0   0.0011        0
    59.8        0  0.00106        0
      60        0  0.00102        0
    60.2        0 0.000979        0
    60.4        0 0.000942        0
    60.6        0 0.000907        0
    60.8        0 0.000873        0
      61        0  0.00084        0
    61.2        0 0.000808        0
    61.4        0 0.000778        0
    61.6        0 0.000748        0
    61.8        0  0.00072        0
      62        0 0.000693        0
    62.2        0 0.000667        0
    62.4        0 0.000642        0
    62.6        0 0.000617        0
    62.8        0 0.000594        0
      63        0 0.000572        0
    63.2        0  0.00055        0
    63.4        0 0.000529        0
    63.6        0 0.000509        0
    63.8        0  0.00049        0
      64        0 0.000472        0
    64.2        0 0.000454        0
    64.4        0 0.000437        0
    64.6        0  0.00042        0
    64.8        0 0.000405        0
      65        0 0.000389        0
    65.2        0 0.000375        0
    65.4        0  0.00036        0
    65.6        0 0.000347        0
    65.8        0 0.000334        0
      66        0 0.000321        0
    66.2        0 0.000309        0
    66.4        0 0.000297        0
    66.6        0 0.000286        0
    66.8        0 0.000275        0
      67        0 0.000265        0
    67.2        0 0.000255        0
    67.4        0 0.000245        0
    67.6        0 0.000236        0
    67.8        0 0.000227        0
      68        0 0.000219        0
    68.2        0  0.00021        0
    68.4        0 0.000202        0
    68.6        0 0.000195        0
    68.8        0 0.000187        0
      69        0  0.00018        0
    69.2        0 0.000174        0
    69.4        0 0.000167        0
    69.6        0 0.000161        0
    69.8        0 0.000155        0
      70        0 0.000149        0
    70.2        0 0.000143        0
    70.4        0 0.000138        0
    70.6        0 0.000133        0
    70.8        0 0.000128        0
      71        0 0.000123        0
    71.2        0 0.000118        0
    71.4        0 0.000114        0
    71.6        0 0.000109        0
    71.8        0 0.000105        0
      72        0 0.000101        0
    72.2        0 9.76e-05        0
    72.4        0 9.38e-05        0
    72.6        0 9.03e-05        0
    72.8        0 8.69e-05        0
      73        0 8.36e-05        0
    73.2        0 8.05e-05        0
    73.4        0 7.74e-05        0
    73.6        0 7.45e-05        0
    73.8        0 7.17e-05        0
      74        0  6.9e-05        0
    74.2        0 6.64e-05        0
    74.4        0 6.39e-05        0
    74.6        0 6.15e-05        0
    74.8        0 5.91e-05        0
      75        0 5.69e-05        0
    75.2        0 5.48e-05        0
    75.4        0 5.27e-05        0
    75.6        0 5.07e-05        0
    75.8        0 4.88e-05        0
      76        0  4.7e-05        0
    76.2        0 4.52e-05        0
    76.4        0 4.35e-05        0
    76.6        0 3.16e-05        0
    94.2        0        0        0
    94.4        0 1.36e-06        0
    94.6        0 1.31e-06        0
    94.8        0 1.26e-06        0
      95        0 1.22e-06        0
    95.2        0 1.17e-06        0
    95.4        0 1.13e-06        0
    95.6        0 1.08e-06        0
    95.8        0 1.04e-06        0
      96        0    1e-06        0
    96.2        0 9.65e-07        0
    96.4        0 9.29e-07        0
    96.6        0 8.94e-07        0
    96.8        0  8.6e-07        0
      97        0 8.28e-07        0
    97.2        0 7.96e-07        0
    97.4        0 7.66e-07        0
    97.6        0 7.38e-07        0
    97.8        0  7.1e-07        0
      98        0 6.83e-07        0
    98.2        0 6.57e-07        0
    98.4        0 6.32e-07        0
    98.6        0 6.08e-07        0
    98.8        0 5.86e-07        0
      99        0 5.63e-07        0
    99.2        0 5.42e-07        0
    99.4        0 5.22e-07        0
    99.6        0 5.02e-07        0
    99.8        0 4.81e-07        0
