-25 6 0.0324 1.05e-08 2.25e-08
-24.9 6 0.033 1e-08 2.1e-08
-24.8 6 0.0335 9.25e-09 1.87e-08
-24.7 6 0.034 7.75e-09 1.62e-08
-24.6 6 0.0346 8.75e-09 1.23e-08
-24.5 6 0.0352 8e-09 1e-08
-24.4 6 0.0357 6e-09 8e-09
-24.3 6 0.0363 4.5e-09 5.5e-09
-24.2 6 0.0369 3.25e-09 2.75e-09
-24.1 6 0.0375 1.5e-09 5e-10
-24 6 0.0381 2e-09 2e-09
-23.9 6 0.0387 2.5e-09 2.5e-09
-23.8 6 0.0393 2e-09 2e-09
-23.7 6 0.0399 1.75e-09 1.25e-09
-23.6 6 0.0406 1.75e-09 2.25e-09
-23.5 6 0.0412 1e-09 3e-09
-23.4 6 0.0419 1.75e-09 4.25e-09
-23.3 6 0.0426 2.5e-09 5.5e-09
-23.2 6 0.0432 5.25e-09 7.75e-09
-23.1 6 0.0439 1.62e-08 1.28e-08
-23 6 0.0446 3.8e-08 9.6e-08
-22.9 6 0.0454 1.6e-08 2e-08
-22.8 6 0.0461 1.57e-08 1.43e-08
-22.7 6 0.0468 1.65e-08 1.25e-08
-22.6 6 0.0476 1.75e-08 1.15e-08
-22.5 6 0.0483 1.93e-08 1.17e-08
-22.4 6 0.0491 2.12e-08 1.17e-08
-22.3 6 0.0499 2.25e-08 1.15e-08
-22.2 6 0.0506 2.5e-08 1.2e-08
-22.1 6 0.0514 2.7e-08 1.3e-08
-22 6 0.0523 2.9e-08 1.3e-08
-21.9 6 0.0531 3.12e-08 1.38e-08
-21.8 6 0.0539 3.33e-08 1.47e-08
-21.7 6 0.0548 3.57e-08 1.53e-08
-21.6 6 0.0556 3.8e-08 1.6e-08
-21.5 6 0.0565 4.02e-08 1.68e-08
-21.4 6 0.0574 4.28e-08 1.72e-08
-21.3 6 0.0583 4.5e-08 1.8e-08
-21.2 6 0.0592 4.78e-08 1.93e-08
-21.1 6 0.0601 5.05e-08 1.95e-08
-21 6 0.0611 5.27e-08 2.02e-08
-20.9 6 0.062 5.55e-08 2.15e-08
-20.8 6 0.063 5.83e-08 2.27e-08
-20.7 6 0.064 6.12e-08 2.38e-08
-20.6 6 0.065 6.42e-08 2.47e-08
-20.5 6 0.066 6.72e-08 2.57e-08
-20.4 6 0.067 7e-08 2.6e-08
-20.3 6 0.0681 7.3e-08 2.7e-08
-20.2 6 0.0691 7.6e-08 2.8e-08
-20.1 6 0.0702 7.9e-08 2.9e-08
-20 6 0.0713 8.22e-08 2.97e-08
-19.9 6 0.0724 8.57e-08 3.12e-08
-19.8 6 0.0735 8.92e-08 3.18e-08
-19.7 6 0.0746 9.27e-08 3.33e-08
-19.6 6 0.0758 9.57e-08 3.42e-08
-19.5 6 0.0769 9.87e-08 3.53e-08
-19.4 6 0.0781 1.02e-07 3.65e-08
-19.3 6 0.0793 1.06e-07 3.72e-08
-19.2 6 0.0805 1.09e-07 3.85e-08
-19.1 6 0.0817 1.13e-07 3.98e-08
-19 6 0.083 1.17e-07 4.07e-08
-18.9 6 0.0843 1.21e-07 4.2e-08
-18.8 6 0.0855 1.24e-07 4.3e-08
-18.7 6 0.0868 1.28e-07 4.4e-08
-18.6 6 0.0881 1.31e-07 4.48e-08
-18.5 6 0.0895 1.35e-07 4.6e-08
-18.4 6 0.0908 1.39e-07 4.73e-08
-18.3 6 0.0922 1.43e-07 4.82e-08
-18.2 6 0.0936 1.46e-07 4.9e-08
-18.1 6 0.095 1.5e-07 5.03e-08
-18 6 0.0964 1.53e-07 5.2e-08
-17.9 6 0.0979 1.57e-07 5.4e-08
-17.8 6 0.0993 1.61e-07 5.6e-08
-17.7 6 0.101 1.6e-07 6e-08
-17.6 6 0.102 1.68e-07 6.25e-08
-17.5 6 0.104 1.68e-07 6.25e-08
-17.4 6 0.105 1.75e-07 6.5e-08
-17.3 6 0.107 1.75e-07 6.5e-08
-17.2 6 0.108 1.82e-07 6.75e-08
-17.1 6 0.11 1.82e-07 6.75e-08
-17 6 0.112 1.9e-07 7e-08
-16.9 6 0.113 1.9e-07 7e-08
-16.8 6 0.115 1.93e-07 7.75e-08
-16.7 6 0.117 1.95e-07 7.5e-08
-16.6 6 0.118 2e-07 8e-08
-16.5 6 0.12 2.07e-07 8.25e-08
-16.4 6 0.122 2.02e-07 8.75e-08
-16.3 6 0.124 2.1e-07 9e-08
-16.2 6 0.125 2.1e-07 9e-08
-16.1 6 0.127 2.1e-07 9e-08
-16 6 0.129 2.18e-07 9.25e-08
-15.9 6 0.131 2.15e-07 9.5e-08
-15.8 6 0.133 2.18e-07 9.25e-08
-15.7 6 0.135 2.2e-07 1e-07
-15.6 6 0.137 2.15e-07 1.05e-07
-15.5 6 0.138 2.22e-07 1.08e-07
-15.4 6 0.14 2.15e-07 1.05e-07
-15.3 6 0.142 4.27e-07 3.63e-07
-15.2 6 0.144 4.98e-07 4.03e-07
-15.1 6 0.146 5.67e-07 4.42e-07
-15 6 0.148 6.32e-07 4.87e-07
-14.9 6 0.151 6.97e-07 5.22e-07
-14.8 6 0.153 7.67e-07 5.63e-07
-14.7 6 0.155 9.42e-07 4.77e-07
-14.6 6 0.157 1.02e-06 5e-07
-14.5 6 0.159 6.4e-07 2.3e-07
-14.4 6 0.161 5.97e-07 2.72e-07
-14.3 6 0.163 2.62e-07 3.48e-07
-14.2 6 0.166 1.41e-05 5.27e-06
-14.1 6 0.168 6.63e-07 6.97e-07
-14 6 0.17 4.15e-07 2.75e-07
-13.9 6 0.173 3.53e-07 1.97e-07
-13.8 6 0.175 3.22e-07 1.58e-07
-13.7 6 0.177 3e-07 1.4e-07
-13.6 6 0.18 2.85e-07 1.25e-07
-13.5 6 0.182 2.77e-07 1.12e-07
-13.4 6 0.184 2.7e-07 1.1e-07
-13.3 6 0.187 2.55e-07 9.5e-08
-13.2 6 0.189 2.48e-07 9.25e-08
-13.1 6 0.192 2.48e-07 9.25e-08
-13 6 0.194 2.35e-07 8.5e-08
-12.9 6 0.197 2.3e-07 8e-08
-12.8 6 0.199 2.22e-07 7.75e-08
-12.7 6 0.202 2.1e-07 7e-08
-12.6 6 0.205 2.02e-07 6.75e-08
-12.5 6 0.207 2.02e-07 6.75e-08
-12.4 6 0.21 1.9e-07 7e-08
-12.3 6 0.213 1.82e-07 6.75e-08
-12.2 6 0.215 1.7e-07 7e-08
-12.1 6 0.218 1.68e-07 6.25e-08
-12 6 0.221 1.58e-07 6.25e-08
-11.9 6 0.224 1.47e-07 6.25e-08
-11.8 6 0.226 1.4e-07 6e-08
-11.7 6 0.229 1.25e-07 5.5e-08
-11.6 6 0.232 1.17e-07 5.25e-08
-11.5 6 0.235 1.1e-07 5e-08
-11.4 6 0.238 9.5e-08 4.5e-08
-11.3 6 0.241 8.75e-08 4.25e-08
-11.2 6 0.244 7e-08 4e-08
-11.1 6 0.247 5.75e-08 3.25e-08
-11 6 0.25 4e-08 2e-08
-10.9 6 0.253 3e-08 2e-08
-10.8 6 0.256 7e-08 3e-08
-10.7 6 0.259 3.5e-08 1.5e-08
-10.6 6 0.262 1.5e-08 5e-09
-10.5 6 0.265 1.75e-08 1.25e-08
-10.4 6 0.268 3.25e-08 1.75e-08
-10.3 6 0.271 4.25e-08 2.75e-08
-10.2 6 0.274 1.02e-07 1.77e-07
-10.1 6 0.277 2.25e-07 1.35e-07
-10 6 0.28 1.08e-07 1.12e-07
-9.9 6 0.284 9.25e-08 1.17e-07
-9.8 6 0.287 8.75e-08 1.33e-07
-9.7 6 0.29 8e-08 1.4e-07
-9.6 6 0.293 8.5e-08 1.55e-07
-9.5 6 0.297 9e-08 1.7e-07
-9.4 6 0.3 9.5e-08 1.85e-07
-9.3 6 0.303 1e-07 2e-07
-9.2 6 0.307 1.02e-07 2.07e-07
-9.1 6 0.31 1.2e-07 2.1e-07
-9 6 0.313 2.18e-07 2.82e-07
-8.9 6 0.317 2.25e-07 3.15e-07
-8.8 6 0.32 1.5e-07 3e-07
-8.7 6 0.323 1.3e-07 3.1e-07
-8.6 6 0.327 1.3e-07 3.2e-07
-8.5 6 0.33 1.22e-07 3.37e-07
-8.4 6 0.334 1.22e-07 3.48e-07
-8.3 6 0.337 1.27e-07 3.63e-07
-8.2 6 0.34 1.33e-07 3.77e-07
-8.1 6 0.344 1.4e-07 3.9e-07
-8 6 0.347 1.47e-07 4.03e-07
-7.9 6 0.351 1.52e-07 4.18e-07
-7.8 6 0.354 1.65e-07 4.35e-07
-7.7 6 0.358 1.65e-07 4.45e-07
-7.6 6 0.361 1.75e-07 4.65e-07
-7.5 6 0.365 1.82e-07 4.68e-07
-7.4 6 0.369 1.95e-07 4.85e-07
-7.3 6 0.372 1.97e-07 4.93e-07
-7.2 6 0.376 2.1e-07 5.1e-07
-7.1 6 0.379 2.13e-07 5.18e-07
-7 6 0.383 2.25e-07 5.35e-07
-6.9 6 0.386 2.32e-07 5.38e-07
-6.8 6 0.39 2.32e-07 5.48e-07
-6.7 6 0.393 2.4e-07 5.6e-07
-6.6 6 0.397 2.43e-07 5.67e-07
-6.5 6 0.401 2.53e-07 5.77e-07
-6.4 6 0.404 2.62e-07 5.87e-07
-6.3 6 0.408 2.7e-07 5.9e-07
-6.2 6 0.411 2.72e-07 5.97e-07
-6.1 6 0.415 2.8e-07 6e-07
-6 6 0.418 2.88e-07 6.02e-07
-5.9 6 0.422 2.82e-07 6.08e-07
-5.8 6 0.426 2.9e-07 6.1e-07
-5.7 6 0.429 2.98e-07 6.12e-07
-5.6 6 0.433 3.05e-07 6.15e-07
-5.5 6 0.436 3.05e-07 6.15e-07
-5.4 6 0.44 3.05e-07 6.15e-07
-5.3 6 0.443 3.13e-07 6.18e-07
-5.2 6 0.447 3.13e-07 6.18e-07
-5.1 6 0.45 3.1e-07 6.1e-07
-5 6 0.454 3.17e-07 6.12e-07
-4.9 6 0.457 3.2e-07 6e-07
-4.8 6 0.461 3.25e-07 5.95e-07
-4.7 6 0.464 3.22e-07 5.87e-07
-4.6 6 0.468 3.22e-07 5.87e-07
-4.5 6 0.471 3.27e-07 5.83e-07
-4.4 6 0.475 3.3e-07 5.7e-07
-4.3 6 0.478 3.22e-07 5.57e-07
-4.2 6 0.482 3.22e-07 5.48e-07
-4.1 6 0.485 3.25e-07 5.35e-07
-4 6 0.488 3.2e-07 5.2e-07
-3.9 6 0.492 3.27e-07 5.02e-07
-3.8 6 0.495 3.22e-07 4.87e-07
-3.7 6 0.498 3.22e-07 4.68e-07
-3.6 6 0.502 3.3e-07 4.5e-07
-3.5 6 0.505 7.57e-07 9.13e-07
-3.4 6 0.508 8.18e-07 1.04e-06
-3.3 6 0.512 8.77e-07 1.17e-06
-3.2 6 0.515 9.25e-07 1.28e-06
-3.1 6 0.518 7.08e-07 1.56e-06
-3 6 0.521 8.35e-07 6.45e-07
-2.9 6 0.524 1.27e-06 1.44e-06
-2.8 6 0.528 3.48e-07 6.32e-07
-2.7 6 0.531 2.2e-07 4.9e-07
-2.6 6 0.534 1.7e-07 4.3e-07
-2.5 6 0.537 1.38e-07 3.82e-07
-2.4 6 0.54 1.17e-07 3.43e-07
-2.3 6 0.543 1.15e-07 3.05e-07
-2.2 6 0.546 1.05e-07 2.75e-07
-2.1 6 0.549 2.13e-07 4.98e-07
-2 6 0.552 1.72e-07 3.98e-07
-1.9 6 0.555 1.35e-07 3.05e-07
-1.8 6 0.557 1.22e-07 1.77e-07
-1.7 6 0.56 6.5e-08 8.5e-08
-1.6 6 0.563 1e-08 2e-08
-1.5 6 0.566 4.5e-08 7.5e-08
-1.4 6 0.568 2.25e-08 3.75e-08
-1.3 6 0.571 2e-08 1e-08
-1.2 6 0.574 5.5e-08 3.5e-08
-1.1 6 0.576 5.25e-08 6.75e-08
-1 6 0.579 7.75e-08 4.25e-08
-0.9 6 0.581 1.05e-07 4.5e-08
-0.8 6 0.584 1.38e-07 5.25e-08
-0.7 6 0.586 1.68e-07 6.25e-08
-0.6 6 0.589 1.95e-07 7.5e-08
-0.5 6 0.591 2.3e-07 9e-08
-0.4 6 0.593 2.5e-07 1e-07
-0.3 6 0.595 2.25e-07 1.75e-07
-0.2 6 0.598 3.2e-07 1.3e-07
-0.1 6 0.6 3.45e-07 1.45e-07
-1.78e-15 6 0.602 3.8e-07 1.6e-07
0.1 6 0.604 4.05e-07 1.75e-07
0.2 6 0.606 4.35e-07 1.85e-07
0.3 6 0.608 4.6e-07 2e-07
0.4 6 0.61 4.85e-07 2.15e-07
0.5 6 0.612 5.18e-07 2.32e-07
0.6 6 0.614 5.48e-07 2.43e-07
0.7 6 0.616 5.75e-07 2.65e-07
0.8 6 0.617 6.05e-07 2.75e-07
0.9 6 0.619 6.22e-07 2.88e-07
1 6 0.621 6.48e-07 3.03e-07
1.1 6 0.622 6.73e-07 3.17e-07
1.2 6 0.624 6.97e-07 3.32e-07
1.3 6 0.625 7.28e-07 3.43e-07
1.4 6 0.627 7.52e-07 3.58e-07
1.5 6 0.628 7.7e-07 3.7e-07
1.6 6 0.63 7.95e-07 3.85e-07
1.7 6 0.631 8.18e-07 3.93e-07
1.8 6 0.632 8.4e-07 4e-07
1.9 6 0.633 8.6e-07 4.2e-07
2 6 0.635 8.8e-07 4.2e-07
2.1 6 0.636 8.97e-07 4.32e-07
2.2 6 0.637 9.15e-07 4.45e-07
2.3 6 0.638 9.35e-07 4.55e-07
2.4 6 0.639 9.48e-07 4.63e-07
2.5 6 0.639 9.63e-07 4.68e-07
2.6 6 0.64 9.77e-07 4.83e-07
2.7 6 0.641 9.95e-07 4.85e-07
2.8 6 0.642 1e-06 4.95e-07
2.9 6 0.642 1.02e-06 5e-07
3 6 0.643 1.03e-06 5.02e-07
3.1 6 0.643 1.04e-06 5.12e-07
3.2 6 0.644 1.04e-06 5.15e-07
3.3 6 0.644 1.06e-06 5.22e-07
3.4 6 0.645 1.06e-06 5.22e-07
3.5 6 0.645 1.07e-06 5.3e-07
3.6 6 0.645 1.08e-06 5.35e-07
3.7 6 0.645 1.08e-06 5.32e-07
3.8 6 0.646 1.08e-06 5.38e-07
3.9 6 0.646 1.08e-06 5.38e-07
4 6 0.646 1.08e-06 5.35e-07
4.1 6 0.646 1.08e-06 5.38e-07
4.2 6 0.646 1.08e-06 5.38e-07
4.3 6 0.645 1.08e-06 5.32e-07
4.4 6 0.645 1.08e-06 5.35e-07
4.5 6 0.645 1.07e-06 5.3e-07
4.6 6 0.645 1.06e-06 5.22e-07
4.7 6 0.644 1.06e-06 5.22e-07
4.8 6 0.644 1.04e-06 5.15e-07
4.9 6 0.643 1.04e-06 5.12e-07
5 6 0.643 1.03e-06 5.02e-07
5.1 6 0.642 1.02e-06 5e-07
5.2 6 0.642 1e-06 4.95e-07
5.3 6 0.641 9.95e-07 4.85e-07
5.4 6 0.64 9.77e-07 4.83e-07
5.5 6 0.639 9.63e-07 4.68e-07
5.6 6 0.639 9.48e-07 4.63e-07
5.7 6 0.638 9.35e-07 4.55e-07
5.8 6 0.637 9.15e-07 4.45e-07
5.9 6 0.636 8.97e-07 4.32e-07
6 6 0.635 8.8e-07 4.2e-07
6.1 6 0.633 8.6e-07 4.2e-07
6.2 6 0.632 8.4e-07 4e-07
6.3 6 0.631 8.18e-07 3.93e-07
6.4 6 0.63 7.95e-07 3.85e-07
6.5 6 0.628 7.7e-07 3.7e-07
6.6 6 0.627 7.52e-07 3.58e-07
6.7 6 0.625 7.28e-07 3.43e-07
6.8 6 0.624 6.97e-07 3.32e-07
6.9 6 0.622 6.73e-07 3.17e-07
7 6 0.621 6.48e-07 3.03e-07
7.1 6 0.619 6.22e-07 2.88e-07
7.2 6 0.617 6.05e-07 2.75e-07
7.3 6 0.616 5.75e-07 2.65e-07
7.4 6 0.614 5.48e-07 2.43e-07
7.5 6 0.612 5.18e-07 2.32e-07
7.6 6 0.61 4.85e-07 2.15e-07
7.7 6 0.608 4.6e-07 2e-07
7.8 6 0.606 4.35e-07 1.85e-07
7.9 6 0.604 4.05e-07 1.75e-07
8 6 0.602 3.8e-07 1.6e-07
8.1 6 0.6 3.45e-07 1.45e-07
8.2 6 0.598 3.2e-07 1.3e-07
8.3 6 0.595 2.25e-07 1.75e-07
8.4 6 0.593 2.5e-07 1e-07
8.5 6 0.591 2.3e-07 9e-08
8.6 6 0.589 1.95e-07 7.5e-08
8.7 6 0.586 1.68e-07 6.25e-08
8.8 6 0.584 1.38e-07 5.25e-08
8.9 6 0.581 1.05e-07 4.5e-08
9 6 0.579 7.75e-08 4.25e-08
9.1 6 0.576 5.25e-08 6.75e-08
9.2 6 0.574 5.5e-08 3.5e-08
9.3 6 0.571 2e-08 1e-08
9.4 6 0.568 2.25e-08 3.75e-08
9.5 6 0.566 4.5e-08 7.5e-08
9.6 6 0.563 1e-08 2e-08
9.7 6 0.56 6.5e-08 8.5e-08
9.8 6 0.557 1.22e-07 1.77e-07
9.9 6 0.555 1.35e-07 3.05e-07
10 6 0.552 1.72e-07 3.98e-07
10.1 6 0.549 2.13e-07 4.98e-07
10.2 6 0.546 1.05e-07 2.75e-07
10.3 6 0.543 1.15e-07 3.05e-07
10.4 6 0.54 1.17e-07 3.43e-07
10.5 6 0.537 1.38e-07 3.82e-07
10.6 6 0.534 1.7e-07 4.3e-07
10.7 6 0.531 2.2e-07 4.9e-07
10.8 6 0.528 3.48e-07 6.32e-07
10.9 6 0.524 1.27e-06 1.44e-06
11 6 0.521 8.35e-07 6.45e-07
11.1 6 0.518 7.08e-07 1.56e-06
11.2 6 0.515 9.25e-07 1.28e-06
11.3 6 0.512 8.77e-07 1.17e-06
11.4 6 0.508 8.18e-07 1.04e-06
11.5 6 0.505 7.57e-07 9.13e-07
11.6 6 0.502 3.3e-07 4.5e-07
11.7 6 0.498 3.22e-07 4.68e-07
11.8 6 0.495 3.22e-07 4.87e-07
11.9 6 0.492 3.27e-07 5.02e-07
12 6 0.488 3.2e-07 5.2e-07
12.1 6 0.485 3.25e-07 5.35e-07
12.2 6 0.482 3.22e-07 5.48e-07
12.3 6 0.478 3.22e-07 5.57e-07
12.4 6 0.475 3.3e-07 5.7e-07
12.5 6 0.471 3.27e-07 5.83e-07
12.6 6 0.468 3.22e-07 5.87e-07
12.7 6 0.464 3.22e-07 5.87e-07
12.8 6 0.461 3.25e-07 5.95e-07
12.9 6 0.457 3.2e-07 6e-07
13 6 0.454 3.17e-07 6.12e-07
13.1 6 0.45 3.1e-07 6.1e-07
13.2 6 0.447 3.13e-07 6.18e-07
13.3 6 0.443 3.13e-07 6.18e-07
13.4 6 0.44 3.05e-07 6.15e-07
13.5 6 0.436 3.05e-07 6.15e-07
13.6 6 0.433 3.05e-07 6.15e-07
13.7 6 0.429 2.98e-07 6.12e-07
13.8 6 0.426 2.9e-07 6.1e-07
13.9 6 0.422 2.82e-07 6.08e-07
14 6 0.418 2.88e-07 6.02e-07
14.1 6 0.415 2.8e-07 6e-07
14.2 6 0.411 2.72e-07 5.97e-07
14.3 6 0.408 2.7e-07 5.9e-07
14.4 6 0.404 2.62e-07 5.87e-07
14.5 6 0.401 2.53e-07 5.77e-07
14.6 6 0.397 2.43e-07 5.67e-07
14.7 6 0.393 2.4e-07 5.6e-07
14.8 6 0.39 2.32e-07 5.48e-07
14.9 6 0.386 2.32e-07 5.38e-07
15 6 0.383 2.25e-07 5.35e-07
15.1 6 0.379 2.13e-07 5.18e-07
15.2 6 0.376 2.1e-07 5.1e-07
15.3 6 0.372 1.97e-07 4.93e-07
15.4 6 0.369 1.95e-07 4.85e-07
15.5 6 0.365 1.82e-07 4.68e-07
15.6 6 0.361 1.75e-07 4.65e-07
15.7 6 0.358 1.65e-07 4.45e-07
15.8 6 0.354 1.65e-07 4.35e-07
15.9 6 0.351 1.52e-07 4.18e-07
16 6 0.347 1.47e-07 4.03e-07
16.1 6 0.344 1.4e-07 3.9e-07
16.2 6 0.34 1.33e-07 3.77e-07
16.3 6 0.337 1.27e-07 3.63e-07
16.4 6 0.334 1.22e-07 3.48e-07
16.5 6 0.33 1.22e-07 3.37e-07
16.6 6 0.327 1.3e-07 3.2e-07
16.7 6 0.323 1.3e-07 3.1e-07
16.8 6 0.32 1.5e-07 3e-07
16.9 6 0.317 2.25e-07 3.15e-07
17 6 0.313 2.18e-07 2.82e-07
17.1 6 0.31 1.2e-07 2.1e-07
17.2 6 0.307 1.02e-07 2.07e-07
17.3 6 0.303 1e-07 2e-07
17.4 6 0.3 9.5e-08 1.85e-07
17.5 6 0.297 9e-08 1.7e-07
17.6 6 0.293 8.5e-08 1.55e-07
17.7 6 0.29 8e-08 1.4e-07
17.8 6 0.287 8.75e-08 1.33e-07
17.9 6 0.284 9.25e-08 1.17e-07
18 6 0.28 1.08e-07 1.12e-07
18.1 6 0.277 2.25e-07 1.35e-07
18.2 6 0.274 1.02e-07 1.77e-07
18.3 6 0.271 4.25e-08 2.75e-08
18.4 6 0.268 3.25e-08 1.75e-08
18.5 6 0.265 1.75e-08 1.25e-08
18.6 6 0.262 1.5e-08 5e-09
18.7 6 0.259 3.5e-08 1.5e-08
18.8 6 0.256 7e-08 3e-08
18.9 6 0.253 3e-08 2e-08
19 6 0.25 4e-08 2e-08
19.1 6 0.247 5.75e-08 3.25e-08
19.2 6 0.244 7e-08 4e-08
19.3 6 0.241 8.75e-08 4.25e-08
19.4 6 0.238 9.5e-08 4.5e-08
19.5 6 0.235 1.1e-07 5e-08
19.6 6 0.232 1.17e-07 5.25e-08
19.7 6 0.229 1.25e-07 5.5e-08
19.8 6 0.226 1.4e-07 6e-08
19.9 6 0.224 1.47e-07 6.25e-08
20 6 0.221 1.58e-07 6.25e-08
20.1 6 0.218 1.68e-07 6.25e-08
20.2 6 0.215 1.7e-07 7e-08
20.3 6 0.213 1.82e-07 6.75e-08
20.4 6 0.21 1.9e-07 7e-08
20.5 6 0.207 2.02e-07 6.75e-08
20.6 6 0.205 2.02e-07 6.75e-08
20.7 6 0.202 2.1e-07 7e-08
20.8 6 0.199 2.22e-07 7.75e-08
20.9 6 0.197 2.3e-07 8e-08
21 6 0.194 2.35e-07 8.5e-08
21.1 6 0.192 2.48e-07 9.25e-08
21.2 6 0.189 2.48e-07 9.25e-08
21.3 6 0.187 2.55e-07 9.5e-08
21.4 6 0.184 2.7e-07 1.1e-07
21.5 6 0.182 2.77e-07 1.12e-07
21.6 6 0.18 2.85e-07 1.25e-07
21.7 6 0.177 3e-07 1.4e-07
21.8 6 0.175 3.22e-07 1.58e-07
21.9 6 0.173 3.53e-07 1.97e-07
22 6 0.17 4.15e-07 2.75e-07
22.1 6 0.168 6.63e-07 6.97e-07
22.2 6 0.166 1.41e-05 5.27e-06
22.3 6 0.163 2.62e-07 3.48e-07
22.4 6 0.161 5.97e-07 2.72e-07
22.5 6 0.159 6.4e-07 2.3e-07
22.6 6 0.157 1.02e-06 5e-07
22.7 6 0.155 9.42e-07 4.77e-07
22.8 6 0.153 7.67e-07 5.63e-07
22.9 6 0.151 6.97e-07 5.22e-07
23 6 0.148 6.32e-07 4.87e-07
23.1 6 0.146 5.67e-07 4.42e-07
23.2 6 0.144 4.98e-07 4.03e-07
23.3 6 0.142 4.27e-07 3.63e-07
23.4 6 0.14 2.15e-07 1.05e-07
23.5 6 0.138 2.22e-07 1.08e-07
23.6 6 0.137 2.15e-07 1.05e-07
23.7 6 0.135 2.2e-07 1e-07
23.8 6 0.133 2.18e-07 9.25e-08
23.9 6 0.131 2.15e-07 9.5e-08
24 6 0.129 2.18e-07 9.25e-08
24.1 6 0.127 2.1e-07 9e-08
24.2 6 0.125 2.1e-07 9e-08
24.3 6 0.124 2.1e-07 9e-08
24.4 6 0.122 2.02e-07 8.75e-08
24.5 6 0.12 2.07e-07 8.25e-08
24.6 6 0.118 2e-07 8e-08
24.7 6 0.117 1.95e-07 7.5e-08
24.8 6 0.115 1.93e-07 7.75e-08
24.9 6 0.113 1.9e-07 7e-08
25 6 0.112 1.9e-07 7e-08
25.1 6 0.11 1.82e-07 6.75e-08
25.2 6 0.108 1.82e-07 6.75e-08
25.3 6 0.107 1.75e-07 6.5e-08
25.4 6 0.105 1.75e-07 6.5e-08
25.5 6 0.104 1.68e-07 6.25e-08
25.6 6 0.102 1.68e-07 6.25e-08
25.7 6 0.101 1.6e-07 6e-08
25.8 6 0.0993 1.61e-07 5.6e-08
25.9 6 0.0979 1.57e-07 5.4e-08
26 6 0.0964 1.53e-07 5.2e-08
26.1 6 0.095 1.5e-07 5.03e-08
26.2 6 0.0936 1.46e-07 4.9e-08
26.3 6 0.0922 1.43e-07 4.82e-08
26.4 6 0.0908 1.39e-07 4.73e-08
26.5 6 0.0895 1.35e-07 4.6e-08
26.6 6 0.0881 1.31e-07 4.48e-08
26.7 6 0.0868 1.28e-07 4.4e-08
26.8 6 0.0855 1.24e-07 4.3e-08
26.9 6 0.0843 1.21e-07 4.2e-08
27 6 0.083 1.17e-07 4.07e-08
27.1 6 0.0817 1.13e-07 3.98e-08
27.2 6 0.0805 1.09e-07 3.85e-08
27.3 6 0.0793 1.06e-07 3.72e-08
27.4 6 0.0781 1.02e-07 3.65e-08
27.5 6 0.0769 9.87e-08 3.53e-08
27.6 6 0.0758 9.57e-08 3.42e-08
27.7 6 0.0746 9.27e-08 3.33e-08
27.8 6 0.0735 8.92e-08 3.18e-08
27.9 6 0.0724 8.57e-08 3.12e-08
28 6 0.0713 8.22e-08 2.97e-08
28.1 6 0.0702 7.9e-08 2.9e-08
28.2 6 0.0691 7.6e-08 2.8e-08
28.3 6 0.0681 7.3e-08 2.7e-08
28.4 6 0.067 7e-08 2.6e-08
28.5 6 0.066 6.72e-08 2.57e-08
28.6 6 0.065 6.42e-08 2.47e-08
28.7 6 0.064 6.12e-08 2.38e-08
28.8 6 0.063 5.83e-08 2.27e-08
28.9 6 0.062 5.55e-08 2.15e-08
29 6 0.0611 5.27e-08 2.02e-08
29.1 6 0.0601 5.05e-08 1.95e-08
29.2 6 0.0592 4.78e-08 1.93e-08
29.3 6 0.0583 4.5e-08 1.8e-08
29.4 6 0.0574 4.28e-08 1.72e-08
29.5 6 0.0565 4.02e-08 1.68e-08
29.6 6 0.0556 3.8e-08 1.6e-08
29.7 6 0.0548 3.57e-08 1.53e-08
29.8 6 0.0539 3.33e-08 1.47e-08
29.9 6 0.0531 3.12e-08 1.38e-08
30 6 0.0523 2.9e-08 1.3e-08
30.1 6 0.0514 2.7e-08 1.3e-08
30.2 6 0.0506 2.5e-08 1.2e-08
30.3 6 0.0499 2.25e-08 1.15e-08
30.4 6 0.0491 2.12e-08 1.17e-08
30.5 6 0.0483 1.93e-08 1.17e-08
30.6 6 0.0476 1.75e-08 1.15e-08
30.7 6 0.0468 1.65e-08 1.25e-08
30.8 6 0.0461 1.57e-08 1.43e-08
30.9 6 0.0454 1.6e-08 2e-08
31 6 0.0446 3.8e-08 9.6e-08
31.1 6 0.0439 1.62e-08 1.28e-08
31.2 6 0.0432 5.25e-09 7.75e-09
31.3 6 0.0426 2.5e-09 5.5e-09
31.4 6 0.0419 1.75e-09 4.25e-09
31.5 6 0.0412 1e-09 3e-09
31.6 6 0.0406 1.75e-09 2.25e-09
31.7 6 0.0399 1.75e-09 1.25e-09
31.8 6 0.0393 2e-09 2e-09
31.9 6 0.0387 2.5e-09 2.5e-09
32 6 0.0381 2e-09 2e-09
32.1 6 0.0375 1.5e-09 5e-10
32.2 6 0.0369 3.25e-09 2.75e-09
32.3 6 0.0363 4.5e-09 5.5e-09
32.4 6 0.0357 6e-09 8e-09
32.5 6 0.0352 8e-09 1e-08
32.6 6 0.0346 8.75e-09 1.23e-08
32.7 6 0.034 7.75e-09 1.62e-08
32.8 6 0.0335 9.25e-09 1.87e-08
32.9 6 0.033 1e-08 2.1e-08
33 6 0.0324 1.05e-08 2.25e-08
33.1 6 0.0319 1.17e-08 2.53e-08
33.2 6 0.0314 1.2e-08 2.7e-08
33.3 6 0.0309 1.3e-08 2.9e-08
33.4 6 0.0304 1.4e-08 3.1e-08
33.5 6 0.0299 1.43e-08 3.27e-08
33.6 6 0.0295 1.53e-08 3.38e-08
33.7 6 0.029 1.55e-08 3.55e-08
33.8 6 0.0285 1.68e-08 3.72e-08
33.9 6 0.0281 8.25e-09 1.98e-08
34 6 0.0276 8e-09 2e-08
34.1 6 0.0272 7.75e-09 2.02e-08
34.2 6 0.0267 8.25e-09 2.08e-08
34.3 6 0.0263 8.5e-09 2.15e-08
34.4 6 0.0259 8.25e-09 2.17e-08
34.5 6 0.0255 8.25e-09 2.17e-08
34.6 6 0.0251 8e-09 2.2e-08
34.7 6 0.0247 8.75e-09 2.23e-08
34.8 6 0.0243 9e-09 2.3e-08
34.9 6 0.0239 9e-09 2.3e-08
35 6 0.0235 8.25e-09 2.27e-08
35.1 6 0.0231 8.5e-09 2.35e-08
35.2 6 0.0227 9e-09 2.4e-08
35.3 6 0.0224 8.5e-09 2.35e-08
35.4 6 0.022 8.25e-09 2.38e-08
35.5 6 0.0217 8.75e-09 2.42e-08
35.6 6 0.0213 8.75e-09 2.42e-08
35.7 6 0.021 8.75e-09 2.42e-08
35.8 6 0.0206 9e-09 2.5e-08
35.9 6 0.0203 8.75e-09 2.42e-08
36 6 0.02 8.5e-09 2.45e-08
36.1 6 0.0196 8.5e-09 2.45e-08
36.2 6 0.0193 8.5e-09 2.45e-08
36.3 6 0.019 8.25e-09 2.47e-08
36.4 6 0.0187 9e-09 2.5e-08
36.5 6 0.0184 8.25e-09 2.47e-08
36.6 6 0.0181 8.75e-09 2.42e-08
36.7 6 0.0178 8.25e-09 2.47e-08
36.8 6 0.0175 8.5e-09 2.45e-08
36.9 6 0.0172 8.5e-09 2.45e-08
37 6 0.017 8.25e-09 2.47e-08
37.1 6 0.0167 8.5e-09 2.45e-08
37.2 6 0.0164 8.25e-09 2.47e-08
37.3 6 0.0162 8.25e-09 2.47e-08
37.4 6 0.0159 8e-09 2.4e-08
37.5 6 0.0156 8e-09 2.4e-08
37.6 6 0.0154 8.5e-09 2.45e-08
37.7 6 0.0151 8e-09 2.4e-08
37.8 6 0.0149 8e-09 2.4e-08
37.9 6 0.0146 8e-09 2.4e-08
38 6 0.0144 8e-09 2.4e-08
38.1 6 0.0142 7.75e-09 2.32e-08
38.2 6 0.0139 7.75e-09 2.32e-08
38.3 6 0.0137 7.75e-09 2.32e-08
38.4 6 0.0135 8.25e-09 2.27e-08
38.5 6 0.0133 7.75e-09 2.32e-08
38.6 6 0.0131 7.5e-09 2.25e-08
38.7 6 0.0128 8.25e-09 2.27e-08
38.8 6 0.0126 7.5e-09 2.25e-08
38.9 6 0.0124 8e-09 2.2e-08
39 6 0.0122 7.5e-09 2.25e-08
39.1 6 0.012 7.25e-09 2.17e-08
39.2 6 0.0118 7.75e-09 2.23e-08
39.3 6 0.0116 7.25e-09 2.17e-08
39.4 6 0.0114 7.25e-09 2.17e-08
39.5 6 0.0113 7e-09 2.1e-08
39.6 6 0.0111 7e-09 2.1e-08
39.7 6 0.0109 7e-09 2.1e-08
39.8 6 0.0107 7.25e-09 2.08e-08
39.9 6 0.0105 6.75e-09 2.02e-08
40 6 0.0104 7.5e-09 2.05e-08
40.1 6 0.0102 6.75e-09 2.02e-08
40.2 6 0.01 6.75e-09 2.02e-08
40.3 6 0.00987 6.85e-09 1.98e-08
40.4 6 0.00971 6.72e-09 1.97e-08
40.5 6 0.00955 6.72e-09 1.95e-08
40.6 6 0.00939 6.58e-09 1.92e-08
40.7 6 0.00924 6.52e-09 1.91e-08
40.8 6 0.00909 6.45e-09 1.89e-08
40.9 6 0.00894 6.4e-09 1.87e-08
41 6 0.00879 6.33e-09 1.85e-08
41.1 6 0.00865 6.27e-09 1.83e-08
41.2 6 0.00851 6.2e-09 1.81e-08
41.3 6 0.00837 6.13e-09 1.79e-08
41.4 6 0.00823 6.05e-09 1.76e-08
41.5 6 0.00809 6.03e-09 1.75e-08
41.6 6 0.00796 5.97e-09 1.73e-08
41.7 6 0.00783 5.85e-09 1.71e-08
41.8 6 0.0077 5.83e-09 1.69e-08
41.9 6 0.00758 5.72e-09 1.67e-08
42 6 0.00745 5.68e-09 1.65e-08
42.1 6 0.00733 5.65e-09 1.64e-08
42.2 6 0.00721 5.58e-09 1.61e-08
42.3 6 0.00709 5.48e-09 1.59e-08
42.4 6 0.00698 5.42e-09 1.58e-08
42.5 6 0.00686 5.42e-09 1.56e-08
42.6 6 0.00675 5.32e-09 1.54e-08
42.7 6 0.00664 5.22e-09 1.52e-08
42.8 6 0.00653 5.2e-09 1.5e-08
42.9 6 0.00642 5.1e-09 1.48e-08
43 6 0.00632 5.07e-09 1.46e-08
43.1 6 0.00621 5e-09 1.44e-08
43.2 6 0.00611 4.97e-09 1.42e-08
43.3 6 0.00601 4.9e-09 1.4e-08
43.4 6 0.00591 4.8e-09 1.39e-08
43.5 6 0.00581 4.73e-09 1.37e-08
43.6 6 0.00572 4.67e-09 1.35e-08
43.7 6 0.00563 4.63e-09 1.34e-08
43.8 6 0.00553 4.63e-09 1.32e-08
43.9 6 0.00544 4.5e-09 1.3e-08
44 6 0.00535 4.42e-09 1.28e-08
44.1 6 0.00526 4.42e-09 1.27e-08
44.2 6 0.00518 4.32e-09 1.25e-08
44.3 6 0.00509 4.3e-09 1.23e-08
44.4 6 0.00501 4.25e-09 1.21e-08
44.5 6 0.00493 4.18e-09 1.19e-08
44.6 6 0.00485 4.2e-09 1.18e-08
44.7 6 0.00477 4.08e-09 1.16e-08
44.8 6 0.00469 4.08e-09 1.15e-08
44.9 6 0.00461 4.1e-09 1.13e-08
45 6 0.00454 4e-09 1.11e-08
45.1 6 0.00446 4e-09 1.09e-08
45.2 6 0.00439 4.15e-09 1.06e-08
45.3 6 0.00432 5.68e-09 1.14e-08
45.4 6 0.00424 4.28e-09 1.08e-08
45.5 6 0.00417 4e-09 1.06e-08
45.6 6 0.00411 3.8e-09 1.04e-08
45.7 6 0.00404 3.67e-09 1.02e-08
45.8 6 0.00397 3.63e-09 1.01e-08
45.9 6 0.00391 3.58e-09 9.92e-09
46 6 0.00384 3.45e-09 9.75e-09
46.1 6 0.00378 3.38e-09 9.63e-09
46.2 6 0.00372 3.3e-09 9.5e-09
46.3 6 0.00366 3.32e-09 9.37e-09
46.4 6 0.0036 3.25e-09 9.25e-09
46.5 6 0.00354 3.17e-09 9.13e-09
46.6 6 0.00348 3.15e-09 8.95e-09
46.7 6 0.00342 3.1e-09 8.8e-09
46.8 6 0.00336 3.03e-09 8.67e-09
46.9 6 0.00331 3.03e-09 8.58e-09
47 6 0.00325 2.95e-09 8.45e-09
47.1 6 0.0032 2.95e-09 8.35e-09
47.2 6 0.00315 2.83e-09 8.18e-09
47.3 6 0.0031 2.85e-09 8.05e-09
47.4 6 0.00305 2.75e-09 7.95e-09
47.5 6 0.00299 2.72e-09 7.87e-09
47.6 6 0.00295 2.67e-09 7.72e-09
47.7 6 0.0029 2.65e-09 7.65e-09
47.8 6 0.00285 2.6e-09 7.5e-09
47.9 6 0.0028 2.55e-09 7.35e-09
48 6 0.00276 2.52e-09 7.27e-09
48.1 6 0.00271 2.47e-09 7.13e-09
48.2 6 0.00267 2.5e-09 7.1e-09
48.3 6 0.00262 2.4e-09 6.9e-09
48.4 6 0.00258 2.38e-09 6.82e-09
48.5 6 0.00254 2.35e-09 6.75e-09
48.6 6 0.00249 2.33e-09 6.68e-09
48.7 6 0.00245 2.28e-09 6.52e-09
48.8 6 0.00241 2.25e-09 6.45e-09
48.9 6 0.00237 2.23e-09 6.38e-09
49 6 0.00233 2.18e-09 6.23e-09
49.1 6 0.0023 2.15e-09 6.15e-09
49.2 6 0.00226 2.07e-09 6.03e-09
49.3 6 0.00222 2.05e-09 5.95e-09
49.4 6 0.00218 2.1e-09 5.9e-09
49.5 6 0.00215 2.02e-09 5.77e-09
49.6 6 0.00211 1.97e-09 5.72e-09
49.7 6 0.00208 1.97e-09 5.62e-09
49.8 6 0.00204 1.95e-09 5.55e-09
49.9 6 0.00201 1.87e-09 5.42e-09
50 6 0.00198 1.85e-09 5.35e-09
50.1 6 0.00194 1.83e-09 5.28e-09
50.2 6 0.00191 1.83e-09 5.18e-09
50.3 6 0.00188 1.77e-09 5.13e-09
50.4 6 0.00185 1.75e-09 5.05e-09
50.5 6 0.00182 1.75e-09 4.95e-09
50.6 6 0.00179 1.7e-09 4.9e-09
50.7 6 0.00176 1.65e-09 4.75e-09
50.8 6 0.00173 1.65e-09 4.75e-09
50.9 6 0.0017 1.63e-09 4.67e-09
51 6 0.00167 1.6e-09 4.6e-09
51.1 6 0.00165 1.58e-09 4.52e-09
51.2 6 0.00162 1.55e-09 4.45e-09
51.3 6 0.00159 1.53e-09 4.38e-09
51.4 6 0.00157 1.5e-09 4.3e-09
51.5 6 0.00154 1.47e-09 4.22e-09
51.6 6 0.00151 1.5e-09 4.2e-09
51.7 6 0.00149 1.42e-09 4.08e-09
51.8 6 0.00147 1.4e-09 4e-09
51.9 6 0.00144 1.35e-09 3.95e-09
52 6 0.00142 1.37e-09 3.93e-09
52.1 6 0.00139 1.3e-09 3.8e-09
52.2 6 0.00137 1.33e-09 3.77e-09
52.3 6 0.00135 1.33e-09 3.77e-09
52.4 6 0.00133 1.25e-09 3.65e-09
52.5 6 0.0013 1.28e-09 3.63e-09
52.6 6 0.00128 1.23e-09 3.58e-09
52.7 6 0.00126 1.2e-09 3.5e-09
52.8 6 0.00124 1.23e-09 3.48e-09
52.9 6 0.00122 1.15e-09 3.35e-09
53 6 0.0012 1.15e-09 3.35e-09
53.1 6 0.00118 1.17e-09 3.32e-09
53.2 6 0.00116 1.1e-09 3.2e-09
53.3 6 0.00114 1.12e-09 3.17e-09
53.4 6 0.00112 1.07e-09 3.12e-09
53.5 6 0.0011 1.07e-09 3.12e-09
53.6 6 0.00109 1.07e-09 3.03e-09
53.7 6 0.00107 1.07e-09 3.03e-09
53.8 6 0.00105 1.05e-09 2.95e-09
53.9 6 0.00103 1e-09 2.9e-09
54 6 0.00102 9.75e-10 2.83e-09
54.1 6 0.000999 9.8e-10 2.8e-09
54.2 6 0.000983 9.65e-10 2.76e-09
54.3 6 0.000966 9.48e-10 2.71e-09
54.4 6 0.000951 9.3e-10 2.67e-09
54.5 6 0.000935 9.15e-10 2.62e-09
54.6 6 0.000919 9e-10 2.58e-09
54.7 6 0.000904 8.85e-10 2.54e-09
54.8 6 0.000889 8.7e-10 2.5e-09
54.9 6 0.000875 8.57e-10 2.46e-09
55 6 0.00086 8.45e-10 2.42e-09
55.1 6 0.000846 8.3e-10 2.38e-09
55.2 6 0.000832 8.23e-10 2.35e-09
55.3 6 0.000818 8.05e-10 2.3e-09
55.4 6 0.000805 7.93e-10 2.27e-09
55.5 6 0.000791 7.77e-10 2.23e-09
55.6 6 0.000778 7.65e-10 2.19e-09
55.7 6 0.000766 7.55e-10 2.16e-09
55.8 6 0.000753 7.42e-10 2.13e-09
55.9 6 0.00074 7.28e-10 2.09e-09
56 6 0.000728 7.23e-10 2.06e-09
56.1 6 0.000716 7.12e-10 2.03e-09
56.2 6 0.000704 6.95e-10 1.99e-09
56.3 6 0.000693 6.85e-10 1.97e-09
56.4 6 0.000681 6.73e-10 1.93e-09
56.5 6 0.00067 6.63e-10 1.9e-09
56.6 6 0.000659 6.52e-10 1.87e-09
56.7 6 0.000648 6.4e-10 1.84e-09
56.8 6 0.000637 6.33e-10 1.81e-09
56.9 6 0.000627 6.2e-10 1.78e-09
57 6 0.000616 6.1e-10 1.75e-09
57.1 6 0.000606 6e-10 1.72e-09
57.2 6 0.000596 5.87e-10 1.69e-09
57.3 6 0.000586 5.85e-10 1.66e-09
57.4 6 0.000577 5.73e-10 1.64e-09
57.5 6 0.000567 5.67e-10 1.61e-09
57.6 6 0.000558 5.53e-10 1.59e-09
57.7 6 0.000549 5.48e-10 1.56e-09
57.8 6 0.00054 5.35e-10 1.53e-09
57.9 6 0.000531 5.32e-10 1.51e-09
58 6 0.000522 5.18e-10 1.48e-09
58.1 6 0.000513 5.1e-10 1.46e-09
58.2 6 0.000505 5e-10 1.44e-09
58.3 6 0.000496 4.93e-10 1.42e-09
58.4 6 0.000488 4.88e-10 1.39e-09
58.5 6 0.00048 4.8e-10 1.37e-09
58.6 6 0.000472 4.67e-10 1.34e-09
58.7 6 0.000464 4.63e-10 1.33e-09
58.8 6 0.000457 4.55e-10 1.3e-09
58.9 6 0.000449 4.48e-10 1.28e-09
59 6 0.000442 4.4e-10 1.26e-09
59.1 6 0.000435 4.3e-10 1.24e-09
59.2 6 0.000427 4.22e-10 1.22e-09
59.3 6 0.00042 4.18e-10 1.2e-09
59.4 6 0.000413 4.15e-10 1.18e-09
59.5 6 0.000407 4.05e-10 1.17e-09
59.6 6 0.0004 3.98e-10 1.14e-09
59.7 6 0.000393 3.9e-10 1.12e-09
59.8 6 0.000387 3.85e-10 1.11e-09
59.9 6 0.00038 3.8e-10 1.09e-09
60 6 0.000374 3.75e-10 1.07e-09
60.1 6 0.000368 3.68e-10 1.05e-09
60.2 6 0.000362 3.62e-10 1.04e-09
60.3 6 0.000356 3.58e-10 1.02e-09
60.4 6 0.00035 3.5e-10 1e-09
60.5 6 0.000344 3.45e-10 9.85e-10
60.6 6 0.000338 3.38e-10 9.72e-10
60.7 6 0.000333 3.3e-10 9.5e-10
60.8 6 0.000327 3.28e-10 9.43e-10
60.9 6 0.000322 3.2e-10 9.2e-10
61 6 0.000317 3.17e-10 9.13e-10
61.1 6 0.000311 3.1e-10 8.9e-10
61.2 6 0.000306 3.05e-10 8.75e-10
61.3 6 0.000301 3e-10 8.6e-10
61.4 6 0.000296 2.98e-10 8.53e-10
61.5 6 0.000291 2.9e-10 8.3e-10
61.6 6 0.000287 2.87e-10 8.23e-10
61.7 6 0.000282 2.8e-10 8.1e-10
61.8 6 0.000277 2.8e-10 8e-10
61.9 6 0.000273 2.75e-10 7.85e-10
62 6 0.000268 2.65e-10 7.65e-10
62.1 6 0.000264 2.65e-10 7.55e-10
62.2 6 0.000259 2.57e-10 7.42e-10
62.3 6 0.000255 2.55e-10 7.35e-10
62.4 6 0.000251 2.5e-10 7.2e-10
62.5 6 0.000247 2.48e-10 7.12e-10
62.6 6 0.000243 2.42e-10 6.98e-10
62.7 6 0.000239 2.42e-10 6.87e-10
62.8 6 0.000235 2.35e-10 6.75e-10
62.9 6 0.000231 2.3e-10 6.6e-10
63 6 0.000227 2.27e-10 6.52e-10
63.1 6 0.000223 2.25e-10 6.45e-10
63.2 6 0.000219 2.2e-10 6.3e-10
63.3 6 0.000216 2.17e-10 6.22e-10
63.4 6 0.000212 2.12e-10 6.08e-10
63.5 6 0.000209 2.1e-10 6e-10
63.6 6 0.000205 2.08e-10 5.92e-10
63.7 6 0.000202 2.05e-10 5.85e-10
63.8 6 0.000199 2.02e-10 5.78e-10
63.9 6 0.000195 1.97e-10 5.62e-10
64 6 0.000192 1.9e-10 5.5e-10
64.1 6 0.000189 1.87e-10 5.43e-10
64.2 6 0.000186 1.85e-10 5.35e-10
64.3 6 0.000183 1.82e-10 5.27e-10
64.4 6 0.00018 1.82e-10 5.18e-10
64.5 6 0.000177 1.8e-10 5.1e-10
64.6 6 0.000174 1.72e-10 4.97e-10
64.7 6 0.000171 1.7e-10 4.9e-10
64.8 6 0.000168 1.67e-10 4.83e-10
64.9 6 0.000165 1.65e-10 4.75e-10
65 6 0.000163 1.63e-10 4.67e-10
65.1 6 0.00016 1.6e-10 4.6e-10
65.2 6 0.000157 1.57e-10 4.52e-10
65.3 6 0.000155 1.6e-10 4.5e-10
65.4 6 0.000152 1.52e-10 4.37e-10
65.5 6 0.00015 1.52e-10 4.37e-10
65.6 6 0.000147 1.48e-10 4.22e-10
65.7 6 0.000145 1.45e-10 4.15e-10
65.8 6 0.000142 1.42e-10 4.07e-10
65.9 6 0.00014 1.42e-10 4.07e-10
66 6 0.000138 1.37e-10 3.92e-10
66.1 6 0.000135 1.35e-10 3.85e-10
66.2 6 0.000133 1.35e-10 3.85e-10
66.3 6 0.000131 1.33e-10 3.77e-10
66.4 6 0.000129 1.3e-10 3.7e-10
66.5 6 0.000127 1.27e-10 3.62e-10
66.6 6 0.000125 1.27e-10 3.62e-10
66.7 6 0.000122 1.25e-10 3.55e-10
66.8 6 0.00012 1.22e-10 3.47e-10
66.9 6 0.000118 1.18e-10 3.43e-10
67 6 0.000117 1.15e-10 3.35e-10
67.1 6 0.000115 1.18e-10 3.32e-10
67.2 6 0.000113 1.15e-10 3.25e-10
67.3 6 0.000111 1.1e-10 3.2e-10
67.4 6 0.000109 1.12e-10 3.17e-10
67.5 6 0.000107 1.1e-10 3.1e-10
67.6 6 0.000105 1.05e-10 3.05e-10
67.7 6 0.000104 1.02e-10 2.98e-10
67.8 6 0.000102 1.02e-10 2.98e-10
67.9 6 0.0001 1.02e-10 2.87e-10
88.2 6 3.4e-06 3.45e-12 9.85e-12
88.3 6 3.35e-06 3.38e-12 9.73e-12
88.4 6 3.29e-06 3.35e-12 9.55e-12
88.5 6 3.24e-06 3.3e-12 9.4e-12
88.6 6 3.18e-06 3.25e-12 9.25e-12
88.7 6 3.13e-06 3.15e-12 9.05e-12
88.8 6 3.08e-06 3.1e-12 8.9e-12
88.9 6 3.03e-06 3.1e-12 8.8e-12
89 6 2.98e-06 3.05e-12 8.65e-12
89.1 6 2.93e-06 2.95e-12 8.45e-12
89.2 6 2.88e-06 2.93e-12 8.38e-12
89.3 6 2.83e-06 2.88e-12 8.22e-12
89.4 6 2.79e-06 2.8e-12 8.1e-12
89.5 6 2.74e-06 2.78e-12 7.92e-12
89.6 6 2.7e-06 2.7e-12 7.8e-12
89.7 6 2.65e-06 2.65e-12 7.65e-12
89.8 6 2.61e-06 2.65e-12 7.55e-12
89.9 6 2.56e-06 2.57e-12 7.42e-12
90 6 2.52e-06 2.57e-12 7.32e-12
90.1 6 2.48e-06 2.5e-12 7.2e-12
90.2 6 2.44e-06 2.45e-12 7.05e-12
90.3 6 2.4e-06 2.42e-12 6.97e-12
90.4 6 2.36e-06 2.37e-12 6.82e-12
90.5 6 2.32e-06 2.35e-12 6.75e-12
90.6 6 2.28e-06 2.3e-12 6.6e-12
90.7 6 2.24e-06 2.27e-12 6.52e-12
90.8 6 2.21e-06 2.22e-12 6.37e-12
90.9 6 2.17e-06 2.2e-12 6.3e-12
91 6 2.13e-06 2.17e-12 6.22e-12
91.1 6 2.1e-06 2.12e-12 6.07e-12
91.2 6 2.06e-06 2.1e-12 6e-12
91.3 6 2.03e-06 2.05e-12 5.85e-12
91.4 6 2e-06 2.02e-12 5.77e-12
91.5 6 1.96e-06 1.97e-12 5.72e-12
91.6 6 1.93e-06 1.97e-12 5.62e-12
91.7 6 1.9e-06 1.95e-12 5.55e-12
91.8 6 1.87e-06 1.9e-12 5.4e-12
91.9 6 1.84e-06 1.87e-12 5.33e-12
92 6 1.81e-06 1.82e-12 5.28e-12
92.1 6 1.78e-06 1.82e-12 5.18e-12
92.2 6 1.75e-06 1.8e-12 5.1e-12
92.3 6 1.72e-06 1.73e-12 4.98e-12
92.4 6 1.69e-06 1.78e-12 4.93e-12
92.5 6 1.66e-06 1.68e-12 4.83e-12
92.6 6 1.63e-06 1.65e-12 4.75e-12
92.7 6 1.61e-06 1.63e-12 4.68e-12
92.8 6 1.58e-06 1.6e-12 4.6e-12
92.9 6 1.55e-06 1.55e-12 4.45e-12
93 6 1.53e-06 1.55e-12 4.45e-12
93.1 6 1.5e-06 1.53e-12 4.38e-12
93.2 6 1.48e-06 1.5e-12 4.3e-12
93.3 6 1.45e-06 1.48e-12 4.23e-12
93.4 6 1.43e-06 1.45e-12 4.15e-12
93.5 6 1.41e-06 1.43e-12 4.08e-12
93.6 6 1.38e-06 1.43e-12 4.08e-12
93.7 6 1.36e-06 1.38e-12 3.93e-12
93.8 6 1.34e-06 1.35e-12 3.85e-12
93.9 6 1.32e-06 1.35e-12 3.85e-12
94 6 1.29e-06 1.32e-12 3.78e-12
94.1 6 1.27e-06 1.3e-12 3.7e-12
94.2 6 1.25e-06 1.27e-12 3.63e-12
94.3 6 1.23e-06 1.25e-12 3.55e-12
94.4 6 1.21e-06 1.2e-12 3.5e-12
94.5 6 1.19e-06 1.17e-12 3.43e-12
94.6 6 1.17e-06 1.2e-12 3.4e-12
94.7 6 1.15e-06 1.17e-12 3.33e-12
94.8 6 1.13e-06 1.15e-12 3.25e-12
94.9 6 1.11e-06 1.15e-12 3.25e-12
95 6 1.1e-06 1.07e-12 3.13e-12
95.1 6 1.08e-06 1.1e-12 3.1e-12
95.2 6 1.06e-06 1.1e-12 3.1e-12
95.3 6 1.04e-06 1.07e-12 3.03e-12
95.4 6 1.03e-06 1.05e-12 2.95e-12
95.5 6 1.01e-06 1e-12 2.9e-12
95.6 6 9.91e-07 1.01e-12 2.88e-12
95.7 6 9.75e-07 9.87e-13 2.82e-12
95.8 6 9.59e-07 9.7e-13 2.78e-12
95.9 6 9.43e-07 9.55e-13 2.73e-12
96 6 9.28e-07 9.37e-13 2.68e-12
96.1 6 9.12e-07 9.2e-13 2.64e-12
96.2 6 8.97e-07 9.05e-13 2.6e-12
96.3 6 8.82e-07 8.95e-13 2.55e-12
96.4 6 8.68e-07 8.78e-13 2.51e-12
96.5 6 8.53e-07 8.6e-13 2.47e-12
96.6 6 8.39e-07 8.5e-13 2.43e-12
96.7 6 8.25e-07 8.38e-13 2.39e-12
96.8 6 8.12e-07 8.25e-13 2.35e-12
96.9 6 7.98e-07 8.08e-13 2.31e-12
97 6 7.85e-07 7.93e-13 2.28e-12
97.1 6 7.72e-07 7.8e-13 2.24e-12
97.2 6 7.59e-07 7.68e-13 2.2e-12
97.3 6 7.47e-07 7.55e-13 2.17e-12
97.4 6 7.34e-07 7.43e-13 2.13e-12
97.5 6 7.22e-07 7.3e-13 2.09e-12
97.6 6 7.1e-07 7.15e-13 2.06e-12
97.7 6 6.99e-07 7.07e-13 2.02e-12
97.8 6 6.87e-07 6.93e-13 1.99e-12
97.9 6 6.76e-07 6.82e-13 1.96e-12
98 6 6.65e-07 6.73e-13 1.93e-12
98.1 6 6.54e-07 6.6e-13 1.89e-12
98.2 6 6.43e-07 6.52e-13 1.87e-12
98.3 6 6.32e-07 6.4e-13 1.83e-12
98.4 6 6.22e-07 6.28e-13 1.8e-12
98.5 6 6.11e-07 6.18e-13 1.77e-12
98.6 6 6.01e-07 6.07e-13 1.74e-12
98.7 6 5.91e-07 5.98e-13 1.71e-12
98.8 6 5.82e-07 5.87e-13 1.68e-12
98.9 6 5.72e-07 5.8e-13 1.66e-12
99 6 5.63e-07 5.67e-13 1.63e-12
99.1 6 5.53e-07 5.57e-13 1.6e-12
99.2 6 5.44e-07 5.53e-13 1.58e-12
99.3 6 5.35e-07 5.4e-13 1.55e-12
99.4 6 5.26e-07 5.35e-13 1.53e-12
99.5 6 5.18e-07 5.23e-13 1.5e-12
99.6 6 5.09e-07 5.15e-13 1.48e-12
99.7 6 5.01e-07 5.08e-13 1.45e-12
99.8 6 4.92e-07 5e-13 1.43e-12
99.9 6 4.84e-07 4.87e-13 1.4e-12
