-25 0.8 1.83e-12 3.68e-13 3.02e-13
-24.9 0.8 2.08e-12 4.17e-13 3.42e-13
-24.8 0.8 2.35e-12 4.73e-13 3.88e-13
-24.7 0.8 2.67e-12 5.36e-13 4.4e-13
-24.6 0.8 3.02e-12 6.07e-13 4.98e-13
-24.5 0.8 3.42e-12 6.88e-13 5.65e-13
-24.4 0.8 3.88e-12 7.8e-13 6.4e-13
-24.3 0.8 4.4e-12 8.84e-13 7.25e-13
-24.2 0.8 4.98e-12 1e-12 8.21e-13
-24.1 0.8 5.65e-12 1.13e-12 9.31e-13
-24 0.8 6.4e-12 1.29e-12 1.05e-12
-23.9 0.8 7.25e-12 1.46e-12 1.2e-12
-23.8 0.8 8.22e-12 1.65e-12 1.35e-12
-23.7 0.8 9.31e-12 1.87e-12 1.53e-12
-20.3 0.8 6.53e-10 1.31e-10 1.08e-10
-20.2 0.8 7.4e-10 1.49e-10 1.22e-10
-20.1 0.8 8.38e-10 1.68e-10 1.38e-10
-20 0.8 9.5e-10 1.91e-10 1.57e-10
-19.9 0.8 1.08e-09 2.16e-10 1.77e-10
-19.8 0.8 1.22e-09 2.45e-10 2.01e-10
-19.7 0.8 1.38e-09 2.78e-10 2.28e-10
-19.6 0.8 1.57e-09 3.15e-10 2.58e-10
-19.5 0.8 1.77e-09 3.56e-10 2.92e-10
-19.4 0.8 2.01e-09 4.04e-10 3.31e-10
-19.3 0.8 2.28e-09 4.58e-10 3.76e-10
-19.2 0.8 2.58e-09 5.19e-10 4.25e-10
-19.1 0.8 2.92e-09 5.88e-10 4.82e-10
-19 0.8 3.31e-09 6.66e-10 5.46e-10
-18.9 0.8 3.76e-09 7.55e-10 6.19e-10
-18.8 0.8 4.26e-09 8.55e-10 7.02e-10
-18.7 0.8 4.82e-09 9.69e-10 7.95e-10
-18.6 0.8 5.46e-09 1.1e-09 9.01e-10
-18.5 0.8 6.19e-09 1.24e-09 1.02e-09
-18.4 0.8 7.02e-09 1.41e-09 1.16e-09
-18.3 0.8 7.95e-09 1.6e-09 1.31e-09
-18.2 0.8 9.01e-09 1.81e-09 1.49e-09
-18.1 0.8 1.02e-08 2.05e-09 1.68e-09
-18 0.8 1.16e-08 2.32e-09 1.91e-09
-17.9 0.8 1.31e-08 2.63e-09 2.16e-09
-17.8 0.8 1.49e-08 2.98e-09 2.45e-09
-17.7 0.8 1.68e-08 3.38e-09 2.77e-09
-17.6 0.8 1.91e-08 3.83e-09 3.14e-09
-17.5 0.8 2.16e-08 4.34e-09 3.56e-09
-17.4 0.8 2.45e-08 4.92e-09 4.04e-09
-17.3 0.8 2.78e-08 5.58e-09 4.57e-09
-17.2 0.8 3.14e-08 6.32e-09 5.18e-09
-17.1 0.8 3.56e-08 7.16e-09 5.87e-09
-17 0.8 4.04e-08 8.11e-09 6.66e-09
-16.9 0.8 4.58e-08 9.19e-09 7.54e-09
-16.8 0.8 5.18e-08 1.04e-08 8.55e-09
-16.7 0.8 5.87e-08 1.18e-08 9.68e-09
-16.6 0.8 6.66e-08 1.34e-08 1.1e-08
-16.5 0.8 7.54e-08 1.52e-08 1.24e-08
-16.4 0.8 8.55e-08 1.72e-08 1.41e-08
-16.3 0.8 9.69e-08 1.95e-08 1.6e-08
-16.2 0.8 1.1e-07 2.21e-08 1.81e-08
-16.1 0.8 1.24e-07 2.5e-08 2.05e-08
-16 0.8 1.41e-07 2.83e-08 2.32e-08
-15.9 0.8 1.6e-07 3.21e-08 2.63e-08
-15.8 0.8 1.81e-07 3.64e-08 2.98e-08
-15.7 0.8 2.05e-07 4.12e-08 3.38e-08
-15.6 0.8 2.32e-07 4.67e-08 3.83e-08
-15.5 0.8 2.63e-07 5.29e-08 4.34e-08
-15.4 0.8 2.98e-07 6e-08 4.92e-08
-15.3 0.8 3.38e-07 6.79e-08 5.57e-08
-15.2 0.8 3.83e-07 7.7e-08 6.31e-08
-15.1 0.8 4.34e-07 8.72e-08 7.16e-08
-15 0.8 4.92e-07 9.88e-08 8.11e-08
-14.9 0.8 5.57e-07 1.12e-07 9.19e-08
-14.8 0.8 6.32e-07 1.27e-07 1.04e-07
-14.7 0.8 7.16e-07 1.44e-07 1.18e-07
-14.6 0.8 8.11e-07 1.63e-07 1.34e-07
-14.5 0.8 9.19e-07 1.85e-07 1.51e-07
-14.4 0.8 1.04e-06 2.09e-07 1.72e-07
-14.3 0.8 1.18e-06 2.37e-07 1.95e-07
-14.2 0.8 1.34e-06 2.69e-07 2.2e-07
-14.1 0.8 1.52e-06 3.04e-07 2.5e-07
-14 0.8 1.72e-06 3.45e-07 2.83e-07
-13.9 0.8 1.95e-06 3.91e-07 3.21e-07
-13.8 0.8 2.2e-06 4.43e-07 3.63e-07
-13.7 0.8 2.5e-06 5.02e-07 4.12e-07
-13.6 0.8 2.83e-06 5.69e-07 4.67e-07
-13.5 0.8 3.21e-06 6.44e-07 5.29e-07
-13.4 0.8 3.63e-06 7.3e-07 5.99e-07
-13.3 0.8 4.12e-06 8.28e-07 6.79e-07
-13.2 0.8 4.67e-06 9.38e-07 7.69e-07
-13.1 0.8 5.29e-06 1.06e-06 8.72e-07
-13 0.8 5.99e-06 1.2e-06 9.88e-07
-12.9 0.8 6.79e-06 1.36e-06 1.12e-06
-12.8 0.8 7.69e-06 1.55e-06 1.27e-06
-12.7 0.8 8.72e-06 1.75e-06 1.44e-06
-12.6 0.8 9.88e-06 1.98e-06 1.63e-06
-12.5 0.8 1.12e-05 2.25e-06 1.84e-06
-12.4 0.8 1.27e-05 2.55e-06 2.09e-06
-12.3 0.8 1.44e-05 2.89e-06 2.37e-06
-12.2 0.8 1.63e-05 3.27e-06 2.68e-06
-12.1 0.8 1.85e-05 3.71e-06 3.04e-06
-12 0.8 2.09e-05 4.2e-06 3.45e-06
-11.9 0.8 2.37e-05 4.76e-06 3.9e-06
-11.8 0.8 2.69e-05 5.39e-06 4.42e-06
-11.7 0.8 3.04e-05 6.11e-06 5.01e-06
-11.6 0.8 3.45e-05 6.92e-06 5.68e-06
-11.5 0.8 3.91e-05 7.85e-06 6.43e-06
-11.4 0.8 4.43e-05 8.89e-06 7.29e-06
-11.3 0.8 5.02e-05 1.01e-05 8.26e-06
-11.2 0.8 5.68e-05 1.14e-05 9.36e-06
-11.1 0.8 6.44e-05 1.29e-05 1.06e-05
-11 0.8 7.3e-05 1.46e-05 1.2e-05
-10.9 0.8 8.27e-05 1.66e-05 1.36e-05
-10.8 0.8 9.37e-05 1.88e-05 1.54e-05
-10.7 0.8 0.000106 2.13e-05 1.75e-05
-10.6 0.8 0.00012 2.41e-05 1.98e-05
-10.5 0.8 0.000136 2.73e-05 2.24e-05
-10.4 0.8 0.000154 3.1e-05 2.54e-05
-10.3 0.8 0.000175 3.51e-05 2.87e-05
-10.2 0.8 0.000198 3.97e-05 3.25e-05
-10.1 0.8 0.000225 4.5e-05 3.68e-05
-10 0.8 0.000254 5.1e-05 4.17e-05
-9.9 0.8 0.000288 5.77e-05 4.72e-05
-9.8 0.8 0.000326 6.53e-05 5.35e-05
-9.7 0.8 0.00037 7.4e-05 6.05e-05
-9.6 0.8 0.000419 8.37e-05 6.85e-05
-9.5 0.8 0.000475 9.48e-05 7.75e-05
-9.4 0.8 0.000538 0.000107 8.76e-05
-9.3 0.8 0.000609 0.000121 9.91e-05
-9.2 0.8 0.00069 0.000137 0.000112
-9.1 0.8 0.000781 0.000155 0.000127
-9 0.8 0.000884 0.000176 0.000143
-8.9 0.8 0.001 0.000199 0.000162
-8.8 0.8 0.00113 0.000225 0.000182
-8.7 0.8 0.00128 0.000254 0.000206
-8.6 0.8 0.00145 0.000287 0.000232
-8.5 0.8 0.00164 0.000324 0.000262
-8.4 0.8 0.00186 0.000365 0.000295
-8.3 0.8 0.0021 0.000412 0.000332
-8.2 0.8 0.00238 0.000464 0.000373
-8.1 0.8 0.00269 0.000523 0.000419
-8 0.8 0.00304 0.000588 0.00047
-7.9 0.8 0.00344 0.000662 0.000526
-7.8 0.8 0.00389 0.000743 0.000589
-7.7 0.8 0.00439 0.000834 0.000658
-7.6 0.8 0.00495 0.000935 0.000733
-7.5 0.8 0.00559 0.00105 0.000815
-7.4 0.8 0.0063 0.00117 0.000904
-7.3 0.8 0.00711 0.00131 0.001
-7.2 0.8 0.008 0.00145 0.0011
-7.1 0.8 0.00901 0.00162 0.00121
-7 0.8 0.0101 0.00179 0.00132
-6.9 0.8 0.0114 0.00198 0.00144
-6.8 0.8 0.0128 0.00219 0.00156
-6.7 0.8 0.0143 0.00241 0.00168
-6.6 0.8 0.0161 0.00264 0.00179
-6.5 0.8 0.018 0.00289 0.0019
-6.4 0.8 0.0201 0.00315 0.00199
-6.3 0.8 0.0224 0.00343 0.00206
-6.2 0.8 0.025 0.00371 0.0021
-6.1 0.8 0.0278 0.00401 0.00211
-6 0.8 0.0308 0.00433 0.00207
-5.9 0.8 0.0342 0.00467 0.00261
-5.8 0.8 0.0378 0.00504 0.00326
-5.7 0.8 0.0418 0.00546 0.00401
-5.6 0.8 0.046 0.00596 0.0049
-5.5 0.8 0.0506 0.00658 0.00592
-5.4 0.8 0.0554 0.00749 0.00698
-5.3 0.8 0.0608 0.00853 0.0084
-5.2 0.8 0.0666 0.0101 0.0101
-5.1 0.8 0.073 0.0124 0.012
-5 0.8 0.0801 0.0165 0.0146
-4.9 0.8 0.0886 0.0242 0.0182
-4.8 0.8 0.101 0.0429 0.0255
-4.7 0.8 0.141 0.142 0.0598
-4.6 0.8 0.0548 0.054 0.136
-4.5 0.8 0.0901 0.0267 0.0508
-4.4 0.8 0.103 0.0218 0.033
-4.3 0.8 0.112 0.02 0.025
-4.2 0.8 0.122 0.0189 0.0221
-4.1 0.8 0.13 0.019 0.0193
-4 0.8 0.138 0.019 0.017
-3.9 0.8 0.146 0.0187 0.0147
-3.8 0.8 0.153 0.0179 0.0123
-3.7 0.8 0.155 0.0205 0.0124
-3.6 0.8 0.162 0.0184 0.0162
-3.5 0.8 0.168 0.0154 0.0192
-3.4 0.8 0.167 0.0126 0.014
-3.3 0.8 0.174 0.0155 0.0152
-3.2 0.8 0.181 0.0174 0.0208
-3.1 0.8 0.19 0.0181 0.0255
-3 0.8 0.2 0.0174 0.0285
-2.9 0.8 0.212 0.0153 0.0294
-2.8 0.8 0.225 0.0117 0.0277
-2.7 0.8 0.248 0.0379 0.032
-2.6 0.8 0.263 0.0384 0.0241
-2.5 0.8 0.259 0.00775 0.0175
-2.4 0.8 0.278 0.0222 0.0194
-2.3 0.8 0.29 0.0203 0.0143
-2.2 0.8 0.298 0.00681 0.00541
-2.1 0.8 0.322 0.0237 0.0146
-2 0.8 0.33 0.0262 0.0117
-1.9 0.8 0.334 0.00493 0.00342
-1.8 0.8 0.345 0.00568 0.00307
-1.7 0.8 0.355 0.0112 0.00661
-1.6 0.8 0.364 0.00393 0.00417
-1.5 0.8 0.376 0.00282 0.00276
-1.4 0.8 0.387 0.000593 0.000637
-1.3 0.8 0.398 0.000435 0.00044
-1.2 0.8 0.41 0.000817 0.000723
-1.1 0.8 0.421 0.00119 0.000894
-1 0.8 0.436 0.00304 0.00288
-0.9 0.8 0.446 0.00103 0.000759
-0.8 0.8 0.457 0.000942 0.000638
-0.7 0.8 0.469 0.00109 0.00098
-0.6 0.8 0.481 0.00175 0.00182
-0.5 0.8 0.492 0.00137 0.00186
-0.4 0.8 0.503 0.00129 0.0019
-0.3 0.8 0.515 0.000973 0.00144
-0.2 0.8 0.527 0.000497 0.000629
-0.1 0.8 0.538 0.000201 0.000389
2.31e-14 0.8 0.554 0.0124 0.00442
0.1 0.8 0.562 0.000955 0.000611
0.2 0.8 0.573 0.00195 0.00128
0.3 0.8 0.584 0.00312 0.00372
0.4 0.8 0.597 0.0122 0.0095
0.5 0.8 0.61 0.0123 0.00477
0.6 0.8 0.618 0.0159 0.0161
0.7 0.8 0.623 0.00565 0.0135
0.8 0.8 0.633 0.00669 0.0131
0.9 0.8 0.637 0.0141 0.0392
1 0.8 0.644 0.0173 0.0394
1.1 0.8 0.653 0.019 0.0356
1.2 0.8 0.678 0.00376 0.0104
1.3 0.8 0.686 0.0134 0.0253
1.4 0.8 0.697 0.019 0.0272
1.5 0.8 0.709 0.0229 0.0266
1.6 0.8 0.726 0.0189 0.00705
1.7 0.8 0.737 0.0197 0.00895
1.8 0.8 0.733 0.0282 0.0362
1.9 0.8 0.745 0.0304 0.031
2 0.8 0.763 0.0235 0.00996
2.1 0.8 0.772 0.0228 0.0114
2.2 0.8 0.78 0.021 0.0119
2.3 0.8 0.787 0.0185 0.0118
2.4 0.8 0.793 0.0157 0.011
2.5 0.8 0.799 0.0128 0.00987
2.6 0.8 0.803 0.00999 0.00852
2.7 0.8 0.808 0.00746 0.00709
2.8 0.8 0.812 0.0061 0.00569
2.9 0.8 0.817 0.00536 0.00439
3 0.8 0.82 0.00455 0.00325
3.1 0.8 0.825 0.00597 0.00303
3.2 0.8 0.829 0.00533 0.00228
3.3 0.8 0.832 0.00466 0.00167
3.4 0.8 0.836 0.00402 0.00169
3.5 0.8 0.839 0.00345 0.00184
3.6 0.8 0.842 0.00296 0.00183
3.7 0.8 0.845 0.00258 0.0017
3.8 0.8 0.847 0.00163 0.00313
3.9 0.8 0.85 0.00226 0.00131
4 0.8 0.852 0.00272 0.00314
4.1 0.8 0.799 0.0581 0.17
4.2 0.8 0.859 0.00535 0.00338
4.3 0.8 0.859 0.00427 0.00763
4.4 0.8 0.865 0.0063 0.0032
4.5 0.8 0.865 0.00181 0.0015
4.6 0.8 0.866 0.000988 0.00109
4.7 0.8 0.867 0.000656 0.000865
4.8 0.8 0.868 0.000482 0.000717
4.9 0.8 0.869 0.000375 0.000606
5 0.8 0.87 0.000447 0.000724
5.1 0.8 0.871 0.000373 0.000611
5.2 0.8 0.871 0.000314 0.000516
5.3 0.8 0.872 0.000267 0.000435
5.4 0.8 0.873 0.000229 0.000366
5.5 0.8 0.873 0.000197 0.000307
5.6 0.8 0.874 0.000194 0.000233
5.7 0.8 0.874 0.000168 0.000194
5.8 0.8 0.875 0.000147 0.000161
5.9 0.8 0.875 0.000129 0.000132
6 0.8 0.875 0.000116 0.000108
6.1 0.8 0.876 0.000109 8.82e-05
6.2 0.8 0.876 0.000109 7.34e-05
6.3 0.8 0.876 0.00013 6.76e-05
6.4 0.8 0.876 0.000285 0.000141
6.5 0.8 0.876 0.000107 0.00022
6.6 0.8 0.877 4.43e-05 4.98e-05
6.7 0.8 0.877 2.91e-05 1.94e-05
6.8 0.8 0.877 2.39e-05 1.49e-05
6.9 0.8 0.877 1.8e-05 1.29e-05
7 0.8 0.877 1.36e-05 1.05e-05
7.1 0.8 0.877 1.01e-05 8.07e-06
7.2 0.8 0.877 7.35e-06 5.83e-06
7.3 0.8 0.877 5.14e-06 3.79e-06
7.4 0.8 0.877 3.34e-06 2.46e-06
7.5 0.8 0.877 1.87e-06 2.04e-06
7.6 0.8 0.877 1.11e-06 1.67e-06
7.7 0.8 0.877 2.39e-06 1.34e-06
7.8 0.8 0.877 3.51e-06 1.31e-06
7.9 0.8 0.877 5.82e-06 4.77e-06
8 0.8 0.877 6.84e-06 5.03e-06
8.1 0.8 0.878 7.74e-06 5.27e-06
8.2 0.8 0.878 8.53e-06 5.48e-06
8.3 0.8 0.878 9.23e-06 5.67e-06
8.4 0.8 0.878 9.83e-06 5.84e-06
8.5 0.8 0.878 1.04e-05 5.98e-06
8.6 0.8 0.878 1.08e-05 6.12e-06
8.7 0.8 0.878 1.13e-05 6.24e-06
8.8 0.8 0.878 1.16e-05 6.35e-06
8.9 0.8 0.878 1.19e-05 6.44e-06
9 0.8 0.878 1.22e-05 6.52e-06
9.1 0.8 0.878 1.25e-05 6.6e-06
9.2 0.8 0.878 1.27e-05 6.67e-06
9.3 0.8 0.878 1.29e-05 6.72e-06
9.4 0.8 0.878 1.3e-05 6.77e-06
9.5 0.8 0.878 1.32e-05 6.82e-06
9.6 0.8 0.878 1.33e-05 6.86e-06
9.7 0.8 0.878 1.34e-05 6.9e-06
9.8 0.8 0.878 1.35e-05 6.92e-06
9.9 0.8 0.878 1.36e-05 6.95e-06
10 0.8 0.878 1.37e-05 6.98e-06
10.1 0.8 0.878 1.37e-05 6.99e-06
10.2 0.8 0.878 1.38e-05 7.01e-06
10.3 0.8 0.878 1.39e-05 7.03e-06
10.4 0.8 0.878 1.39e-05 7.04e-06
10.5 0.8 0.878 1.39e-05 7.05e-06
10.6 0.8 0.878 1.39e-05 7.06e-06
10.7 0.8 0.878 1.4e-05 7.07e-06
10.8 0.8 0.878 1.4e-05 7.07e-06
10.9 0.8 0.878 1.4e-05 7.08e-06
11 0.8 0.878 1.4e-05 7.07e-06
11.1 0.8 0.878 1.4e-05 7.08e-06
11.2 0.8 0.878 1.4e-05 7.07e-06
11.3 0.8 0.878 1.4e-05 7.07e-06
11.4 0.8 0.878 1.39e-05 7.06e-06
11.5 0.8 0.878 1.39e-05 7.05e-06
11.6 0.8 0.878 1.39e-05 7.04e-06
11.7 0.8 0.878 1.39e-05 7.03e-06
11.8 0.8 0.878 1.38e-05 7.01e-06
11.9 0.8 0.878 1.37e-05 6.99e-06
12 0.8 0.878 1.37e-05 6.98e-06
12.1 0.8 0.878 1.36e-05 6.95e-06
12.2 0.8 0.878 1.35e-05 6.92e-06
12.3 0.8 0.878 1.34e-05 6.9e-06
12.4 0.8 0.878 1.33e-05 6.86e-06
12.5 0.8 0.878 1.32e-05 6.82e-06
12.6 0.8 0.878 1.3e-05 6.77e-06
12.7 0.8 0.878 1.29e-05 6.72e-06
12.8 0.8 0.878 1.27e-05 6.67e-06
12.9 0.8 0.878 1.25e-05 6.6e-06
13 0.8 0.878 1.22e-05 6.52e-06
13.1 0.8 0.878 1.19e-05 6.44e-06
13.2 0.8 0.878 1.16e-05 6.35e-06
13.3 0.8 0.878 1.13e-05 6.24e-06
13.4 0.8 0.878 1.08e-05 6.12e-06
13.5 0.8 0.878 1.04e-05 5.98e-06
13.6 0.8 0.878 9.83e-06 5.84e-06
13.7 0.8 0.878 9.23e-06 5.67e-06
13.8 0.8 0.878 8.53e-06 5.48e-06
13.9 0.8 0.878 7.74e-06 5.27e-06
14 0.8 0.877 6.84e-06 5.03e-06
14.1 0.8 0.877 5.82e-06 4.77e-06
14.2 0.8 0.877 3.51e-06 1.31e-06
14.3 0.8 0.877 2.39e-06 1.34e-06
14.4 0.8 0.877 1.11e-06 1.67e-06
14.5 0.8 0.877 1.87e-06 2.04e-06
14.6 0.8 0.877 3.34e-06 2.46e-06
14.7 0.8 0.877 5.14e-06 3.79e-06
14.8 0.8 0.877 7.35e-06 5.83e-06
14.9 0.8 0.877 1.01e-05 8.07e-06
15 0.8 0.877 1.36e-05 1.05e-05
15.1 0.8 0.877 1.8e-05 1.29e-05
15.2 0.8 0.877 2.39e-05 1.49e-05
15.3 0.8 0.877 2.91e-05 1.94e-05
15.4 0.8 0.877 4.43e-05 4.98e-05
15.5 0.8 0.876 0.000107 0.00022
15.6 0.8 0.876 0.000285 0.000141
15.7 0.8 0.876 0.00013 6.76e-05
15.8 0.8 0.876 0.000109 7.34e-05
15.9 0.8 0.876 0.000109 8.82e-05
16 0.8 0.875 0.000116 0.000108
16.1 0.8 0.875 0.000129 0.000132
16.2 0.8 0.875 0.000147 0.000161
16.3 0.8 0.874 0.000168 0.000194
16.4 0.8 0.874 0.000194 0.000233
16.5 0.8 0.873 0.000197 0.000307
16.6 0.8 0.873 0.000229 0.000366
16.7 0.8 0.872 0.000267 0.000435
16.8 0.8 0.871 0.000314 0.000516
16.9 0.8 0.871 0.000373 0.000611
17 0.8 0.87 0.000447 0.000724
17.1 0.8 0.869 0.000375 0.000606
17.2 0.8 0.868 0.000482 0.000717
17.3 0.8 0.867 0.000656 0.000865
17.4 0.8 0.866 0.000988 0.00109
17.5 0.8 0.865 0.00181 0.0015
17.6 0.8 0.865 0.0063 0.0032
17.7 0.8 0.859 0.00427 0.00763
17.8 0.8 0.859 0.00535 0.00338
17.9 0.8 0.799 0.0581 0.17
18 0.8 0.852 0.00272 0.00314
18.1 0.8 0.85 0.00226 0.00131
18.2 0.8 0.847 0.00163 0.00313
18.3 0.8 0.845 0.00258 0.0017
18.4 0.8 0.842 0.00296 0.00183
18.5 0.8 0.839 0.00345 0.00184
18.6 0.8 0.836 0.00402 0.00169
18.7 0.8 0.832 0.00466 0.00167
18.8 0.8 0.829 0.00533 0.00228
18.9 0.8 0.825 0.00597 0.00303
19 0.8 0.82 0.00455 0.00325
19.1 0.8 0.817 0.00536 0.00439
19.2 0.8 0.812 0.0061 0.00569
19.3 0.8 0.808 0.00746 0.00709
19.4 0.8 0.803 0.00999 0.00852
19.5 0.8 0.799 0.0128 0.00987
19.6 0.8 0.793 0.0157 0.011
19.7 0.8 0.787 0.0185 0.0118
19.8 0.8 0.78 0.021 0.0119
19.9 0.8 0.772 0.0228 0.0114
20 0.8 0.763 0.0235 0.00996
20.1 0.8 0.745 0.0304 0.031
20.2 0.8 0.733 0.0282 0.0362
20.3 0.8 0.737 0.0197 0.00895
20.4 0.8 0.726 0.0189 0.00705
20.5 0.8 0.709 0.0229 0.0266
20.6 0.8 0.697 0.019 0.0272
20.7 0.8 0.686 0.0134 0.0253
20.8 0.8 0.678 0.00376 0.0104
20.9 0.8 0.653 0.019 0.0356
21 0.8 0.644 0.0173 0.0394
21.1 0.8 0.637 0.0141 0.0392
21.2 0.8 0.633 0.00669 0.0131
21.3 0.8 0.623 0.00565 0.0135
21.4 0.8 0.618 0.0159 0.0161
21.5 0.8 0.61 0.0123 0.00477
21.6 0.8 0.597 0.0122 0.0095
21.7 0.8 0.584 0.00312 0.00372
21.8 0.8 0.573 0.00195 0.00128
21.9 0.8 0.562 0.000955 0.000611
22 0.8 0.554 0.0124 0.00442
22.1 0.8 0.538 0.000201 0.000389
22.2 0.8 0.527 0.000497 0.000629
22.3 0.8 0.515 0.000973 0.00144
22.4 0.8 0.503 0.00129 0.0019
22.5 0.8 0.492 0.00137 0.00186
22.6 0.8 0.481 0.00175 0.00182
22.7 0.8 0.469 0.00109 0.00098
22.8 0.8 0.457 0.000942 0.000638
22.9 0.8 0.446 0.00103 0.000759
23 0.8 0.436 0.00304 0.00288
23.1 0.8 0.421 0.00119 0.000894
23.2 0.8 0.41 0.000817 0.000723
23.3 0.8 0.398 0.000435 0.00044
23.4 0.8 0.387 0.000593 0.000637
23.5 0.8 0.376 0.00282 0.00276
23.6 0.8 0.364 0.00393 0.00417
23.7 0.8 0.355 0.0112 0.00661
23.8 0.8 0.345 0.00568 0.00307
23.9 0.8 0.334 0.00493 0.00342
24 0.8 0.33 0.0262 0.0117
24.1 0.8 0.322 0.0237 0.0146
24.2 0.8 0.298 0.00681 0.00541
24.3 0.8 0.29 0.0203 0.0143
24.4 0.8 0.278 0.0222 0.0194
24.5 0.8 0.259 0.00775 0.0175
24.6 0.8 0.263 0.0384 0.0241
24.7 0.8 0.248 0.0379 0.032
24.8 0.8 0.225 0.0117 0.0277
24.9 0.8 0.212 0.0153 0.0294
25 0.8 0.2 0.0174 0.0285
25.1 0.8 0.19 0.0181 0.0255
25.2 0.8 0.181 0.0174 0.0208
25.3 0.8 0.174 0.0155 0.0152
25.4 0.8 0.167 0.0126 0.014
25.5 0.8 0.168 0.0154 0.0192
25.6 0.8 0.162 0.0184 0.0162
25.7 0.8 0.155 0.0205 0.0124
25.8 0.8 0.153 0.0179 0.0123
25.9 0.8 0.146 0.0187 0.0147
26 0.8 0.138 0.019 0.017
26.1 0.8 0.13 0.019 0.0193
26.2 0.8 0.122 0.0189 0.0221
26.3 0.8 0.112 0.02 0.025
26.4 0.8 0.103 0.0218 0.033
26.5 0.8 0.0901 0.0267 0.0508
26.6 0.8 0.0548 0.054 0.136
26.7 0.8 0.141 0.142 0.0598
26.8 0.8 0.101 0.0429 0.0255
26.9 0.8 0.0886 0.0242 0.0182
27 0.8 0.0801 0.0165 0.0146
27.1 0.8 0.073 0.0124 0.012
27.2 0.8 0.0666 0.0101 0.0101
27.3 0.8 0.0608 0.00853 0.0084
27.4 0.8 0.0554 0.00749 0.00698
27.5 0.8 0.0506 0.00658 0.00592
27.6 0.8 0.046 0.00596 0.0049
27.7 0.8 0.0418 0.00546 0.00401
27.8 0.8 0.0378 0.00504 0.00326
27.9 0.8 0.0342 0.00467 0.00261
28 0.8 0.0308 0.00433 0.00207
28.1 0.8 0.0278 0.00401 0.00211
28.2 0.8 0.025 0.00371 0.0021
28.3 0.8 0.0224 0.00343 0.00206
28.4 0.8 0.0201 0.00315 0.00199
28.5 0.8 0.018 0.00289 0.0019
28.6 0.8 0.0161 0.00264 0.00179
28.7 0.8 0.0143 0.00241 0.00168
28.8 0.8 0.0128 0.00219 0.00156
28.9 0.8 0.0114 0.00198 0.00144
29 0.8 0.0101 0.00179 0.00132
29.1 0.8 0.00901 0.00162 0.00121
29.2 0.8 0.008 0.00145 0.0011
29.3 0.8 0.00711 0.00131 0.001
29.4 0.8 0.0063 0.00117 0.000904
29.5 0.8 0.00559 0.00105 0.000815
29.6 0.8 0.00495 0.000935 0.000733
29.7 0.8 0.00439 0.000834 0.000658
29.8 0.8 0.00389 0.000743 0.000589
29.9 0.8 0.00344 0.000662 0.000526
30 0.8 0.00304 0.000588 0.00047
30.1 0.8 0.00269 0.000523 0.000419
30.2 0.8 0.00238 0.000464 0.000373
30.3 0.8 0.0021 0.000412 0.000332
30.4 0.8 0.00186 0.000365 0.000295
30.5 0.8 0.00164 0.000324 0.000262
30.6 0.8 0.00145 0.000287 0.000232
30.7 0.8 0.00128 0.000254 0.000206
30.8 0.8 0.00113 0.000225 0.000182
30.9 0.8 0.001 0.000199 0.000162
31 0.8 0.000884 0.000176 0.000143
31.1 0.8 0.000781 0.000155 0.000127
31.2 0.8 0.00069 0.000137 0.000112
31.3 0.8 0.000609 0.000121 9.91e-05
31.4 0.8 0.000538 0.000107 8.76e-05
31.5 0.8 0.000475 9.48e-05 7.75e-05
31.6 0.8 0.000419 8.37e-05 6.85e-05
31.7 0.8 0.00037 7.4e-05 6.05e-05
31.8 0.8 0.000326 6.53e-05 5.35e-05
31.9 0.8 0.000288 5.77e-05 4.72e-05
32 0.8 0.000254 5.1e-05 4.17e-05
32.1 0.8 0.000225 4.5e-05 3.68e-05
32.2 0.8 0.000198 3.97e-05 3.25e-05
32.3 0.8 0.000175 3.51e-05 2.87e-05
32.4 0.8 0.000154 3.1e-05 2.54e-05
32.5 0.8 0.000136 2.73e-05 2.24e-05
32.6 0.8 0.00012 2.41e-05 1.98e-05
32.7 0.8 0.000106 2.13e-05 1.75e-05
32.8 0.8 9.37e-05 1.88e-05 1.54e-05
32.9 0.8 8.27e-05 1.66e-05 1.36e-05
33 0.8 7.3e-05 1.46e-05 1.2e-05
33.1 0.8 6.44e-05 1.29e-05 1.06e-05
33.2 0.8 5.68e-05 1.14e-05 9.36e-06
33.3 0.8 5.02e-05 1.01e-05 8.26e-06
33.4 0.8 4.43e-05 8.89e-06 7.29e-06
33.5 0.8 3.91e-05 7.85e-06 6.43e-06
33.6 0.8 3.45e-05 6.92e-06 5.68e-06
33.7 0.8 3.04e-05 6.11e-06 5.01e-06
33.8 0.8 2.69e-05 5.39e-06 4.42e-06
33.9 0.8 2.37e-05 4.76e-06 3.9e-06
34 0.8 2.09e-05 4.2e-06 3.45e-06
34.1 0.8 1.85e-05 3.71e-06 3.04e-06
34.2 0.8 1.63e-05 3.27e-06 2.68e-06
34.3 0.8 1.44e-05 2.89e-06 2.37e-06
34.4 0.8 1.27e-05 2.55e-06 2.09e-06
34.5 0.8 1.12e-05 2.25e-06 1.84e-06
34.6 0.8 9.88e-06 1.98e-06 1.63e-06
34.7 0.8 8.72e-06 1.75e-06 1.44e-06
34.8 0.8 7.69e-06 1.55e-06 1.27e-06
34.9 0.8 6.79e-06 1.36e-06 1.12e-06
35 0.8 5.99e-06 1.2e-06 9.88e-07
35.1 0.8 5.29e-06 1.06e-06 8.72e-07
35.2 0.8 4.67e-06 9.38e-07 7.69e-07
35.3 0.8 4.12e-06 8.28e-07 6.79e-07
35.4 0.8 3.63e-06 7.3e-07 5.99e-07
35.5 0.8 3.21e-06 6.44e-07 5.29e-07
35.6 0.8 2.83e-06 5.69e-07 4.67e-07
35.7 0.8 2.5e-06 5.02e-07 4.12e-07
35.8 0.8 2.2e-06 4.43e-07 3.63e-07
35.9 0.8 1.95e-06 3.91e-07 3.21e-07
36 0.8 1.72e-06 3.45e-07 2.83e-07
36.1 0.8 1.52e-06 3.04e-07 2.5e-07
36.2 0.8 1.34e-06 2.69e-07 2.2e-07
36.3 0.8 1.18e-06 2.37e-07 1.95e-07
36.4 0.8 1.04e-06 2.09e-07 1.72e-07
36.5 0.8 9.19e-07 1.85e-07 1.51e-07
36.6 0.8 8.11e-07 1.63e-07 1.34e-07
36.7 0.8 7.16e-07 1.44e-07 1.18e-07
36.8 0.8 6.32e-07 1.27e-07 1.04e-07
36.9 0.8 5.57e-07 1.12e-07 9.19e-08
37 0.8 4.92e-07 9.88e-08 8.11e-08
37.1 0.8 4.34e-07 8.72e-08 7.16e-08
37.2 0.8 3.83e-07 7.7e-08 6.31e-08
37.3 0.8 3.38e-07 6.79e-08 5.57e-08
37.4 0.8 2.98e-07 6e-08 4.92e-08
37.5 0.8 2.63e-07 5.29e-08 4.34e-08
37.6 0.8 2.32e-07 4.67e-08 3.83e-08
37.7 0.8 2.05e-07 4.12e-08 3.38e-08
37.8 0.8 1.81e-07 3.64e-08 2.98e-08
37.9 0.8 1.6e-07 3.21e-08 2.63e-08
38 0.8 1.41e-07 2.83e-08 2.32e-08
38.1 0.8 1.24e-07 2.5e-08 2.05e-08
38.2 0.8 1.1e-07 2.21e-08 1.81e-08
38.3 0.8 9.69e-08 1.95e-08 1.6e-08
38.4 0.8 8.55e-08 1.72e-08 1.41e-08
38.5 0.8 7.54e-08 1.52e-08 1.24e-08
38.6 0.8 6.66e-08 1.34e-08 1.1e-08
38.7 0.8 5.87e-08 1.18e-08 9.68e-09
38.8 0.8 5.18e-08 1.04e-08 8.55e-09
38.9 0.8 4.58e-08 9.19e-09 7.54e-09
39 0.8 4.04e-08 8.11e-09 6.66e-09
39.1 0.8 3.56e-08 7.16e-09 5.87e-09
39.2 0.8 3.14e-08 6.32e-09 5.18e-09
39.3 0.8 2.78e-08 5.58e-09 4.57e-09
39.4 0.8 2.45e-08 4.92e-09 4.04e-09
39.5 0.8 2.16e-08 4.34e-09 3.56e-09
39.6 0.8 1.91e-08 3.83e-09 3.14e-09
39.7 0.8 1.68e-08 3.38e-09 2.77e-09
39.8 0.8 1.49e-08 2.98e-09 2.45e-09
39.9 0.8 1.31e-08 2.63e-09 2.16e-09
40 0.8 1.16e-08 2.32e-09 1.91e-09
40.1 0.8 1.02e-08 2.05e-09 1.68e-09
40.2 0.8 9.01e-09 1.81e-09 1.49e-09
40.3 0.8 7.95e-09 1.6e-09 1.31e-09
40.4 0.8 7.02e-09 1.41e-09 1.16e-09
40.5 0.8 6.19e-09 1.24e-09 1.02e-09
40.6 0.8 5.46e-09 1.1e-09 9.01e-10
40.7 0.8 4.82e-09 9.69e-10 7.95e-10
40.8 0.8 4.26e-09 8.55e-10 7.02e-10
40.9 0.8 3.76e-09 7.55e-10 6.19e-10
41 0.8 3.31e-09 6.66e-10 5.46e-10
41.1 0.8 2.92e-09 5.88e-10 4.82e-10
41.2 0.8 2.58e-09 5.19e-10 4.25e-10
41.3 0.8 2.28e-09 4.58e-10 3.76e-10
41.4 0.8 2.01e-09 4.04e-10 3.31e-10
41.5 0.8 1.77e-09 3.56e-10 2.92e-10
41.6 0.8 1.57e-09 3.15e-10 2.58e-10
41.7 0.8 1.38e-09 2.78e-10 2.28e-10
41.8 0.8 1.22e-09 2.45e-10 2.01e-10
41.9 0.8 1.08e-09 2.16e-10 1.77e-10
42 0.8 9.5e-10 1.91e-10 1.57e-10
42.1 0.8 8.38e-10 1.68e-10 1.38e-10
42.2 0.8 7.4e-10 1.49e-10 1.22e-10
42.3 0.8 6.53e-10 1.31e-10 1.08e-10
45.7 0.8 9.31e-12 1.87e-12 1.53e-12
45.8 0.8 8.22e-12 1.65e-12 1.35e-12
45.9 0.8 7.25e-12 1.46e-12 1.2e-12
46 0.8 6.4e-12 1.29e-12 1.05e-12
46.1 0.8 5.65e-12 1.13e-12 9.31e-13
46.2 0.8 4.98e-12 1e-12 8.21e-13
46.3 0.8 4.4e-12 8.84e-13 7.25e-13
46.4 0.8 3.88e-12 7.8e-13 6.4e-13
46.5 0.8 3.42e-12 6.88e-13 5.65e-13
46.6 0.8 3.02e-12 6.07e-13 4.98e-13
46.7 0.8 2.67e-12 5.36e-13 4.4e-13
46.8 0.8 2.35e-12 4.73e-13 3.88e-13
46.9 0.8 2.08e-12 4.17e-13 3.42e-13
47 0.8 1.83e-12 3.68e-13 3.02e-13
47.1 0.8 1.62e-12 3.25e-13 2.67e-13
47.2 0.8 1.43e-12 2.87e-13 2.35e-13
47.3 0.8 1.26e-12 2.53e-13 2.08e-13
47.4 0.8 1.11e-12 2.23e-13 1.83e-13
47.5 0.8 9.81e-13 1.97e-13 1.62e-13
47.6 0.8 8.66e-13 1.74e-13 1.43e-13
47.7 0.8 7.64e-13 1.54e-13 1.26e-13
47.8 0.8 6.74e-13 1.36e-13 1.11e-13
47.9 0.8 5.95e-13 1.2e-13 9.81e-14
48 0.8 5.25e-13 1.06e-13 8.66e-14
48.1 0.8 4.63e-13 9.31e-14 7.64e-14
48.2 0.8 4.09e-13 8.22e-14 6.74e-14
48.3 0.8 3.61e-13 7.25e-14 5.95e-14
48.4 0.8 3.19e-13 6.4e-14 5.25e-14
48.5 0.8 2.81e-13 5.65e-14 4.63e-14
48.6 0.8 2.48e-13 4.99e-14 4.09e-14
48.7 0.8 2.19e-13 4.4e-14 3.61e-14
48.8 0.8 1.93e-13 3.88e-14 3.18e-14
48.9 0.8 1.71e-13 3.43e-14 2.81e-14
49 0.8 1.5e-13 3.02e-14 2.48e-14
49.1 0.8 1.33e-13 2.67e-14 2.19e-14
49.2 0.8 1.17e-13 2.35e-14 1.93e-14
49.3 0.8 1.03e-13 2.08e-14 1.7e-14
49.4 0.8 9.13e-14 1.83e-14 1.5e-14
49.5 0.8 8.05e-14 1.62e-14 1.33e-14
49.6 0.8 7.11e-14 1.43e-14 1.17e-14
49.7 0.8 6.27e-14 1.26e-14 1.03e-14
49.8 0.8 5.54e-14 1.11e-14 9.12e-15
49.9 0.8 4.89e-14 9.82e-15 8.05e-15
50 0.8 4.31e-14 8.66e-15 7.11e-15
50.1 0.8 3.8e-14 7.64e-15 6.27e-15
50.2 0.8 3.36e-14 6.75e-15 5.53e-15
50.3 0.8 2.96e-14 5.95e-15 4.88e-15
50.4 0.8 2.61e-14 5.25e-15 4.31e-15
50.5 0.8 2.31e-14 4.64e-15 3.8e-15
50.6 0.8 2.04e-14 4.09e-15 3.36e-15
50.7 0.8 1.8e-14 3.61e-15 2.96e-15
50.8 0.8 1.59e-14 3.19e-15 2.61e-15
50.9 0.8 1.4e-14 2.81e-15 2.31e-15
51 0.8 1.24e-14 2.48e-15 2.04e-15
51.1 0.8 1.09e-14 2.19e-15 1.8e-15
51.2 0.8 9.62e-15 1.93e-15 1.59e-15
51.3 0.8 8.49e-15 1.71e-15 1.4e-15
51.4 0.8 7.49e-15 1.51e-15 1.23e-15
51.5 0.8 6.61e-15 1.33e-15 1.09e-15
51.6 0.8 5.83e-15 1.17e-15 9.62e-16
51.7 0.8 5.15e-15 1.03e-15 8.49e-16
51.8 0.8 4.54e-15 9.13e-16 7.49e-16
51.9 0.8 4.01e-15 8.06e-16 6.61e-16
52 0.8 3.54e-15 7.11e-16 5.83e-16
52.1 0.8 3.12e-15 6.28e-16 5.15e-16
52.2 0.8 2.76e-15 5.54e-16 4.54e-16
52.3 0.8 2.43e-15 4.89e-16 4.01e-16
52.4 0.8 2.15e-15 4.31e-16 3.54e-16
52.5 0.8 1.89e-15 3.81e-16 3.12e-16
52.6 0.8 1.67e-15 3.36e-16 2.76e-16
52.7 0.8 1.48e-15 2.96e-16 2.43e-16
52.8 0.8 1.3e-15 2.62e-16 2.15e-16
52.9 0.8 1.15e-15 2.31e-16 1.89e-16
53 0.8 1.01e-15 2.04e-16 1.67e-16
53.1 0.8 8.95e-16 1.8e-16 1.47e-16
53.2 0.8 7.9e-16 1.59e-16 1.3e-16
53.3 0.8 6.97e-16 1.4e-16 1.15e-16
53.4 0.8 6.15e-16 1.24e-16 1.01e-16
53.5 0.8 5.43e-16 1.09e-16 8.95e-17
53.6 0.8 4.79e-16 9.62e-17 7.89e-17
53.7 0.8 4.23e-16 8.49e-17 6.97e-17
53.8 0.8 3.73e-16 7.49e-17 6.15e-17
53.9 0.8 3.29e-16 6.61e-17 5.43e-17
54 0.8 2.9e-16 5.84e-17 4.79e-17
54.1 0.8 2.56e-16 5.15e-17 4.23e-17
54.2 0.8 2.26e-16 4.55e-17 3.73e-17
54.3 0.8 2e-16 4.01e-17 3.29e-17
54.4 0.8 1.76e-16 3.54e-17 2.9e-17
54.5 0.8 1.55e-16 3.12e-17 2.56e-17
54.6 0.8 1.37e-16 2.76e-17 2.26e-17
54.7 0.8 1.21e-16 2.43e-17 2e-17
54.8 0.8 1.07e-16 2.15e-17 1.76e-17
54.9 0.8 9.43e-17 1.89e-17 1.55e-17
55 0.8 8.32e-17 1.67e-17 1.37e-17
55.1 0.8 7.34e-17 1.48e-17 1.21e-17
55.2 0.8 6.48e-17 1.3e-17 1.07e-17
55.3 0.8 5.72e-17 1.15e-17 9.43e-18
55.4 0.8 5.05e-17 1.01e-17 8.32e-18
55.5 0.8 4.45e-17 8.95e-18 7.34e-18
55.6 0.8 3.93e-17 7.9e-18 6.48e-18
55.7 0.8 3.47e-17 6.97e-18 5.72e-18
55.8 0.8 3.06e-17 6.15e-18 5.05e-18
55.9 0.8 2.7e-17 5.43e-18 4.45e-18
56 0.8 2.38e-17 4.79e-18 3.93e-18
56.1 0.8 2.1e-17 4.23e-18 3.47e-18
56.2 0.8 1.86e-17 3.73e-18 3.06e-18
56.3 0.8 1.64e-17 3.29e-18 2.7e-18
56.4 0.8 1.45e-17 2.91e-18 2.38e-18
56.5 0.8 1.28e-17 2.56e-18 2.1e-18
56.6 0.8 1.13e-17 2.26e-18 1.86e-18
56.7 0.8 9.94e-18 2e-18 1.64e-18
56.8 0.8 8.77e-18 1.76e-18 1.45e-18
56.9 0.8 7.74e-18 1.56e-18 1.28e-18
57 0.8 6.83e-18 1.37e-18 1.13e-18
57.1 0.8 6.03e-18 1.21e-18 9.94e-19
57.2 0.8 5.32e-18 1.07e-18 8.77e-19
57.3 0.8 4.7e-18 9.43e-19 7.74e-19
57.4 0.8 4.14e-18 8.33e-19 6.83e-19
57.5 0.8 3.66e-18 7.35e-19 6.03e-19
57.6 0.8 3.23e-18 6.48e-19 5.32e-19
57.7 0.8 2.85e-18 5.72e-19 4.69e-19
57.8 0.8 2.51e-18 5.05e-19 4.14e-19
57.9 0.8 2.22e-18 4.46e-19 3.66e-19
58 0.8 1.96e-18 3.93e-19 3.23e-19
58.1 0.8 1.73e-18 3.47e-19 2.85e-19
58.2 0.8 1.52e-18 3.06e-19 2.51e-19
58.3 0.8 1.35e-18 2.7e-19 2.22e-19
58.4 0.8 1.19e-18 2.39e-19 1.96e-19
58.5 0.8 1.05e-18 2.11e-19 1.73e-19
58.6 0.8 9.25e-19 1.86e-19 1.52e-19
58.7 0.8 8.16e-19 1.64e-19 1.34e-19
58.8 0.8 7.2e-19 1.45e-19 1.19e-19
58.9 0.8 6.35e-19 1.28e-19 1.05e-19
59 0.8 5.61e-19 1.13e-19 9.24e-20
59.1 0.8 4.95e-19 9.94e-20 8.16e-20
59.2 0.8 4.37e-19 8.78e-20 7.2e-20
59.3 0.8 3.85e-19 7.74e-20 6.35e-20
59.4 0.8 3.4e-19 6.83e-20 5.61e-20
59.5 0.8 3e-19 6.03e-20 4.95e-20
59.6 0.8 2.65e-19 5.32e-20 4.37e-20
59.7 0.8 2.34e-19 4.7e-20 3.85e-20
59.8 0.8 2.06e-19 4.15e-20 3.4e-20
59.9 0.8 1.82e-19 3.66e-20 3e-20
60 0.8 1.61e-19 3.23e-20 2.65e-20
60.1 0.8 1.42e-19 2.85e-20 2.34e-20
60.2 0.8 1.25e-19 2.51e-20 2.06e-20
60.3 0.8 1.1e-19 2.22e-20 1.82e-20
60.4 0.8 9.74e-20 1.96e-20 1.61e-20
60.5 0.8 8.6e-20 1.73e-20 1.42e-20
60.6 0.8 7.59e-20 1.52e-20 1.25e-20
60.7 0.8 6.7e-20 1.35e-20 1.1e-20
60.8 0.8 5.91e-20 1.19e-20 9.74e-21
60.9 0.8 5.22e-20 1.05e-20 8.6e-21
61 0.8 4.6e-20 9.25e-21 7.59e-21
61.1 0.8 4.06e-20 8.16e-21 6.7e-21
61.2 0.8 3.58e-20 7.2e-21 5.91e-21
61.3 0.8 3.16e-20 6.36e-21 5.21e-21
61.4 0.8 2.79e-20 5.61e-21 4.6e-21
61.5 0.8 2.46e-20 4.95e-21 4.06e-21
61.6 0.8 2.17e-20 4.37e-21 3.58e-21
61.7 0.8 1.92e-20 3.86e-21 3.16e-21
61.8 0.8 1.69e-20 3.4e-21 2.79e-21
61.9 0.8 1.49e-20 3e-21 2.46e-21
62 0.8 1.32e-20 2.65e-21 2.17e-21
62.1 0.8 1.16e-20 2.34e-21 1.92e-21
62.2 0.8 1.03e-20 2.06e-21 1.69e-21
62.3 0.8 9.06e-21 1.82e-21 1.49e-21
62.4 0.8 8e-21 1.61e-21 1.32e-21
62.5 0.8 7.06e-21 1.42e-21 1.16e-21
62.6 0.8 6.23e-21 1.25e-21 1.03e-21
62.7 0.8 5.5e-21 1.1e-21 9.06e-22
62.8 0.8 4.85e-21 9.75e-22 8e-22
62.9 0.8 4.28e-21 8.6e-22 7.06e-22
63 0.8 3.78e-21 7.59e-22 6.23e-22
63.1 0.8 3.33e-21 6.7e-22 5.5e-22
63.2 0.8 2.94e-21 5.91e-22 4.85e-22
63.3 0.8 2.6e-21 5.22e-22 4.28e-22
63.4 0.8 2.29e-21 4.6e-22 3.78e-22
63.5 0.8 2.02e-21 4.06e-22 3.33e-22
63.6 0.8 1.78e-21 3.59e-22 2.94e-22
63.7 0.8 1.58e-21 3.16e-22 2.6e-22
63.8 0.8 1.39e-21 2.79e-22 2.29e-22
63.9 0.8 1.23e-21 2.46e-22 2.02e-22
64 0.8 1.08e-21 2.18e-22 1.78e-22
64.1 0.8 9.55e-22 1.92e-22 1.57e-22
64.2 0.8 8.43e-22 1.69e-22 1.39e-22
64.3 0.8 7.44e-22 1.5e-22 1.23e-22
64.4 0.8 6.57e-22 1.32e-22 1.08e-22
64.5 0.8 5.79e-22 1.16e-22 9.55e-23
64.6 0.8 5.11e-22 1.03e-22 8.43e-23
64.7 0.8 4.51e-22 9.07e-23 7.44e-23
64.8 0.8 3.98e-22 8e-23 6.56e-23
64.9 0.8 3.51e-22 7.06e-23 5.79e-23
65 0.8 3.1e-22 6.23e-23 5.11e-23
65.1 0.8 2.74e-22 5.5e-23 4.51e-23
65.2 0.8 2.42e-22 4.85e-23 3.98e-23
65.3 0.8 2.13e-22 4.28e-23 3.51e-23
65.4 0.8 1.88e-22 3.78e-23 3.1e-23
65.5 0.8 1.66e-22 3.34e-23 2.74e-23
65.6 0.8 1.47e-22 2.94e-23 2.41e-23
65.7 0.8 1.29e-22 2.6e-23 2.13e-23
65.8 0.8 1.14e-22 2.29e-23 1.88e-23
65.9 0.8 1.01e-22 2.02e-23 1.66e-23
66 0.8 8.89e-23 1.79e-23 1.46e-23
66.1 0.8 7.84e-23 1.58e-23 1.29e-23
66.2 0.8 6.92e-23 1.39e-23 1.14e-23
66.3 0.8 6.11e-23 1.23e-23 1.01e-23
66.4 0.8 5.39e-23 1.08e-23 8.88e-24
66.5 0.8 4.76e-23 9.56e-24 7.84e-24
66.6 0.8 4.2e-23 8.43e-24 6.92e-24
66.7 0.8 3.7e-23 7.44e-24 6.11e-24
66.8 0.8 3.27e-23 6.57e-24 5.39e-24
66.9 0.8 2.88e-23 5.8e-24 4.76e-24
67 0.8 2.55e-23 5.12e-24 4.2e-24
67.1 0.8 2.25e-23 4.51e-24 3.7e-24
67.2 0.8 1.98e-23 3.98e-24 3.27e-24
67.3 0.8 1.75e-23 3.52e-24 2.88e-24
67.4 0.8 1.54e-23 3.1e-24 2.55e-24
67.5 0.8 1.36e-23 2.74e-24 2.25e-24
67.6 0.8 1.2e-23 2.42e-24 1.98e-24
67.7 0.8 1.06e-23 2.13e-24 1.75e-24
67.8 0.8 9.37e-24 1.88e-24 1.54e-24
67.9 0.8 8.27e-24 1.66e-24 1.36e-24
68 0.8 7.29e-24 1.47e-24 1.2e-24
68.1 0.8 6.44e-24 1.29e-24 1.06e-24
68.2 0.8 5.68e-24 1.14e-24 9.36e-25
68.3 0.8 5.01e-24 1.01e-24 8.26e-25
68.4 0.8 4.42e-24 8.89e-25 7.29e-25
68.5 0.8 3.9e-24 7.85e-25 6.44e-25
68.6 0.8 3.45e-24 6.92e-25 5.68e-25
68.7 0.8 3.04e-24 6.11e-25 5.01e-25
68.8 0.8 2.68e-24 5.39e-25 4.42e-25
68.9 0.8 2.37e-24 4.76e-25 3.9e-25
69 0.8 2.09e-24 4.2e-25 3.44e-25
69.1 0.8 1.84e-24 3.71e-25 3.04e-25
69.2 0.8 1.63e-24 3.27e-25 2.68e-25
69.3 0.8 1.44e-24 2.89e-25 2.37e-25
69.4 0.8 1.27e-24 2.55e-25 2.09e-25
69.5 0.8 1.12e-24 2.25e-25 1.84e-25
69.6 0.8 9.87e-25 1.98e-25 1.63e-25
69.7 0.8 8.71e-25 1.75e-25 1.44e-25
69.8 0.8 7.69e-25 1.54e-25 1.27e-25
69.9 0.8 6.78e-25 1.36e-25 1.12e-25
70 0.8 5.99e-25 1.2e-25 9.87e-26
70.1 0.8 5.28e-25 1.06e-25 8.71e-26
70.2 0.8 4.66e-25 9.37e-26 7.69e-26
70.3 0.8 4.12e-25 8.27e-26 6.78e-26
70.4 0.8 3.63e-25 7.3e-26 5.99e-26
70.5 0.8 3.2e-25 6.44e-26 5.28e-26
70.6 0.8 2.83e-25 5.68e-26 4.66e-26
70.7 0.8 2.5e-25 5.02e-26 4.11e-26
70.8 0.8 2.2e-25 4.43e-26 3.63e-26
70.9 0.8 1.94e-25 3.91e-26 3.2e-26
71 0.8 1.72e-25 3.45e-26 2.83e-26
71.1 0.8 1.51e-25 3.04e-26 2.5e-26
71.2 0.8 1.34e-25 2.68e-26 2.2e-26
71.3 0.8 1.18e-25 2.37e-26 1.94e-26
71.4 0.8 1.04e-25 2.09e-26 1.72e-26
71.5 0.8 9.18e-26 1.84e-26 1.51e-26
71.6 0.8 8.1e-26 1.63e-26 1.34e-26
71.7 0.8 7.15e-26 1.44e-26 1.18e-26
71.8 0.8 6.31e-26 1.27e-26 1.04e-26
71.9 0.8 5.57e-26 1.12e-26 9.18e-27
72 0.8 4.91e-26 9.88e-27 8.1e-27
72.1 0.8 4.34e-26 8.72e-27 7.15e-27
72.2 0.8 3.83e-26 7.69e-27 6.31e-27
72.3 0.8 3.38e-26 6.79e-27 5.57e-27
72.4 0.8 2.98e-26 5.99e-27 4.91e-27
72.5 0.8 2.63e-26 5.29e-27 4.34e-27
72.6 0.8 2.32e-26 4.66e-27 3.83e-27
72.7 0.8 2.05e-26 4.12e-27 3.38e-27
72.8 0.8 1.81e-26 3.63e-27 2.98e-27
72.9 0.8 1.6e-26 3.21e-27 2.63e-27
73 0.8 1.41e-26 2.83e-27 2.32e-27
73.1 0.8 1.24e-26 2.5e-27 2.05e-27
73.2 0.8 1.1e-26 2.2e-27 1.81e-27
73.3 0.8 9.68e-27 1.94e-27 1.6e-27
73.4 0.8 8.54e-27 1.72e-27 1.41e-27
73.5 0.8 7.54e-27 1.51e-27 1.24e-27
73.6 0.8 6.65e-27 1.34e-27 1.1e-27
73.7 0.8 5.87e-27 1.18e-27 9.68e-28
73.8 0.8 5.18e-27 1.04e-27 8.54e-28
73.9 0.8 4.57e-27 9.19e-28 7.54e-28
74 0.8 4.03e-27 8.11e-28 6.65e-28
74.1 0.8 3.56e-27 7.15e-28 5.87e-28
74.2 0.8 3.14e-27 6.31e-28 5.18e-28
74.3 0.8 2.77e-27 5.57e-28 4.57e-28
74.4 0.8 2.45e-27 4.92e-28 4.03e-28
74.5 0.8 2.16e-27 4.34e-28 3.56e-28
74.6 0.8 1.91e-27 3.83e-28 3.14e-28
74.7 0.8 1.68e-27 3.38e-28 2.77e-28
74.8 0.8 1.48e-27 2.98e-28 2.45e-28
74.9 0.8 1.31e-27 2.63e-28 2.16e-28
75 0.8 1.16e-27 2.32e-28 1.91e-28
75.1 0.8 1.02e-27 2.05e-28 1.68e-28
75.2 0.8 9e-28 1.81e-28 1.48e-28
75.3 0.8 7.94e-28 1.6e-28 1.31e-28
75.4 0.8 7.01e-28 1.41e-28 1.16e-28
75.5 0.8 6.19e-28 1.24e-28 1.02e-28
75.6 0.8 5.46e-28 1.1e-28 9e-29
75.7 0.8 4.82e-28 9.68e-29 7.94e-29
75.8 0.8 4.25e-28 8.54e-29 7.01e-29
75.9 0.8 3.75e-28 7.54e-29 6.19e-29
76 0.8 3.31e-28 6.65e-29 5.46e-29
76.1 0.8 2.92e-28 5.87e-29 4.82e-29
76.2 0.8 2.58e-28 5.18e-29 4.25e-29
76.3 0.8 2.28e-28 4.57e-29 3.75e-29
76.4 0.8 2.01e-28 4.04e-29 3.31e-29
76.5 0.8 1.77e-28 3.56e-29 2.92e-29
76.6 0.8 1.56e-28 3.14e-29 2.58e-29
76.7 0.8 1.38e-28 2.77e-29 2.28e-29
76.8 0.8 1.22e-28 2.45e-29 2.01e-29
76.9 0.8 1.08e-28 2.16e-29 1.77e-29
77 0.8 9.49e-29 1.91e-29 1.56e-29
77.1 0.8 8.37e-29 1.68e-29 1.38e-29
77.2 0.8 7.39e-29 1.48e-29 1.22e-29
77.3 0.8 6.52e-29 1.31e-29 1.07e-29
77.4 0.8 5.75e-29 1.16e-29 9.49e-30
77.5 0.8 5.08e-29 1.02e-29 8.37e-30
77.6 0.8 4.48e-29 9.01e-30 7.39e-30
77.7 0.8 3.96e-29 7.95e-30 6.52e-30
77.8 0.8 3.49e-29 7.01e-30 5.75e-30
77.9 0.8 3.08e-29 6.19e-30 5.08e-30
78 0.8 2.72e-29 5.46e-30 4.48e-30
78.1 0.8 2.4e-29 4.82e-30 3.95e-30
78.2 0.8 2.12e-29 4.25e-30 3.49e-30
78.3 0.8 1.87e-29 3.75e-30 3.08e-30
78.4 0.8 1.65e-29 3.31e-30 2.72e-30
78.5 0.8 1.45e-29 2.92e-30 2.4e-30
78.6 0.8 1.28e-29 2.58e-30 2.12e-30
78.7 0.8 1.13e-29 2.28e-30 1.87e-30
78.8 0.8 1e-29 2.01e-30 1.65e-30
78.9 0.8 8.82e-30 1.77e-30 1.45e-30
79 0.8 7.79e-30 1.56e-30 1.28e-30
79.1 0.8 6.87e-30 1.38e-30 1.13e-30
79.2 0.8 6.07e-30 1.22e-30 1e-30
79.3 0.8 5.35e-30 1.08e-30 8.82e-31
79.4 0.8 4.72e-30 9.49e-31 7.79e-31
79.5 0.8 4.17e-30 8.38e-31 6.87e-31
79.6 0.8 3.68e-30 7.39e-31 6.06e-31
79.7 0.8 3.25e-30 6.52e-31 5.35e-31
79.8 0.8 2.86e-30 5.76e-31 4.72e-31
79.9 0.8 2.53e-30 5.08e-31 4.17e-31
80 0.8 2.23e-30 4.48e-31 3.68e-31
80.1 0.8 1.97e-30 3.96e-31 3.25e-31
80.2 0.8 1.74e-30 3.49e-31 2.86e-31
80.3 0.8 1.53e-30 3.08e-31 2.53e-31
80.4 0.8 1.35e-30 2.72e-31 2.23e-31
80.5 0.8 1.19e-30 2.4e-31 1.97e-31
80.6 0.8 1.05e-30 2.12e-31 1.74e-31
80.7 0.8 9.3e-31 1.87e-31 1.53e-31
80.8 0.8 8.21e-31 1.65e-31 1.35e-31
80.9 0.8 7.24e-31 1.46e-31 1.19e-31
81 0.8 6.39e-31 1.28e-31 1.05e-31
81.1 0.8 5.64e-31 1.13e-31 9.3e-32
81.2 0.8 4.98e-31 1e-31 8.21e-32
81.3 0.8 4.39e-31 8.83e-32 7.24e-32
81.4 0.8 3.88e-31 7.79e-32 6.39e-32
81.5 0.8 3.42e-31 6.88e-32 5.64e-32
81.6 0.8 3.02e-31 6.07e-32 4.98e-32
81.7 0.8 2.66e-31 5.35e-32 4.39e-32
81.8 0.8 2.35e-31 4.73e-32 3.88e-32
81.9 0.8 2.08e-31 4.17e-32 3.42e-32
82 0.8 1.83e-31 3.68e-32 3.02e-32
82.1 0.8 1.62e-31 3.25e-32 2.66e-32
82.2 0.8 1.43e-31 2.87e-32 2.35e-32
82.3 0.8 1.26e-31 2.53e-32 2.08e-32
82.4 0.8 1.11e-31 2.23e-32 1.83e-32
82.5 0.8 9.8e-32 1.97e-32 1.62e-32
82.6 0.8 8.65e-32 1.74e-32 1.43e-32
82.7 0.8 7.63e-32 1.53e-32 1.26e-32
82.8 0.8 6.74e-32 1.35e-32 1.11e-32
82.9 0.8 5.95e-32 1.19e-32 9.8e-33
83 0.8 5.25e-32 1.05e-32 8.65e-33
83.1 0.8 4.63e-32 9.31e-33 7.63e-33
83.2 0.8 4.09e-32 8.21e-33 6.74e-33
83.3 0.8 3.61e-32 7.25e-33 5.94e-33
83.4 0.8 3.18e-32 6.4e-33 5.25e-33
83.5 0.8 2.81e-32 5.64e-33 4.63e-33
83.6 0.8 2.48e-32 4.98e-33 4.09e-33
83.7 0.8 2.19e-32 4.4e-33 3.61e-33
83.8 0.8 1.93e-32 3.88e-33 3.18e-33
83.9 0.8 1.7e-32 3.42e-33 2.81e-33
84 0.8 1.5e-32 3.02e-33 2.48e-33
84.1 0.8 1.33e-32 2.67e-33 2.19e-33
84.2 0.8 1.17e-32 2.35e-33 1.93e-33
84.3 0.8 1.03e-32 2.08e-33 1.7e-33
84.4 0.8 9.12e-33 1.83e-33 1.5e-33
84.5 0.8 8.05e-33 1.62e-33 1.33e-33
84.6 0.8 7.1e-33 1.43e-33 1.17e-33
84.7 0.8 6.27e-33 1.26e-33 1.03e-33
84.8 0.8 5.53e-33 1.11e-33 9.12e-34
84.9 0.8 4.88e-33 9.81e-34 8.05e-34
85 0.8 4.31e-33 8.66e-34 7.1e-34
85.1 0.8 3.8e-33 7.64e-34 6.27e-34
85.2 0.8 3.35e-33 6.74e-34 5.53e-34
85.3 0.8 2.96e-33 5.95e-34 4.88e-34
85.4 0.8 2.61e-33 5.25e-34 4.31e-34
85.5 0.8 2.31e-33 4.63e-34 3.8e-34
85.6 0.8 2.03e-33 4.09e-34 3.35e-34
85.7 0.8 1.8e-33 3.61e-34 2.96e-34
85.8 0.8 1.58e-33 3.18e-34 2.61e-34
85.9 0.8 1.4e-33 2.81e-34 2.31e-34
86 0.8 1.23e-33 2.48e-34 2.03e-34
86.1 0.8 1.09e-33 2.19e-34 1.8e-34
86.2 0.8 9.61e-34 1.93e-34 1.58e-34
86.3 0.8 8.48e-34 1.7e-34 1.4e-34
86.4 0.8 7.49e-34 1.5e-34 1.23e-34
86.5 0.8 6.61e-34 1.33e-34 1.09e-34
86.6 0.8 5.83e-34 1.17e-34 9.61e-35
86.7 0.8 5.14e-34 1.03e-34 8.48e-35
86.8 0.8 4.54e-34 9.12e-35 7.48e-35
86.9 0.8 4.01e-34 8.05e-35 6.6e-35
87 0.8 3.54e-34 7.1e-35 5.83e-35
87.1 0.8 3.12e-34 6.27e-35 5.14e-35
87.2 0.8 2.75e-34 5.53e-35 4.54e-35
87.3 0.8 2.43e-34 4.88e-35 4.01e-35
87.4 0.8 2.14e-34 4.31e-35 3.54e-35
87.5 0.8 1.89e-34 3.8e-35 3.12e-35
87.6 0.8 1.67e-34 3.36e-35 2.75e-35
87.7 0.8 1.47e-34 2.96e-35 2.43e-35
87.8 0.8 1.3e-34 2.61e-35 2.14e-35
87.9 0.8 1.15e-34 2.31e-35 1.89e-35
88 0.8 1.01e-34 2.04e-35 1.67e-35
88.1 0.8 8.94e-35 1.8e-35 1.47e-35
88.2 0.8 7.89e-35 1.59e-35 1.3e-35
88.3 0.8 6.96e-35 1.4e-35 1.15e-35
88.4 0.8 6.14e-35 1.23e-35 1.01e-35
88.5 0.8 5.42e-35 1.09e-35 8.94e-36
88.6 0.8 4.79e-35 9.62e-36 7.89e-36
88.7 0.8 4.22e-35 8.49e-36 6.96e-36
88.8 0.8 3.73e-35 7.49e-36 6.14e-36
88.9 0.8 3.29e-35 6.61e-36 5.42e-36
89 0.8 2.9e-35 5.83e-36 4.78e-36
89.1 0.8 2.56e-35 5.15e-36 4.22e-36
89.2 0.8 2.26e-35 4.54e-36 3.73e-36
89.3 0.8 1.99e-35 4.01e-36 3.29e-36
89.4 0.8 1.76e-35 3.54e-36 2.9e-36
89.5 0.8 1.55e-35 3.12e-36 2.56e-36
89.6 0.8 1.37e-35 2.75e-36 2.26e-36
89.7 0.8 1.21e-35 2.43e-36 1.99e-36
89.8 0.8 1.07e-35 2.15e-36 1.76e-36
89.9 0.8 9.42e-36 1.89e-36 1.55e-36
90 0.8 8.32e-36 1.67e-36 1.37e-36
90.1 0.8 7.34e-36 1.47e-36 1.21e-36
90.2 0.8 6.48e-36 1.3e-36 1.07e-36
90.3 0.8 5.71e-36 1.15e-36 9.42e-37
90.4 0.8 5.04e-36 1.01e-36 8.31e-37
90.5 0.8 4.45e-36 8.94e-37 7.34e-37
90.6 0.8 3.93e-36 7.89e-37 6.47e-37
90.7 0.8 3.47e-36 6.97e-37 5.71e-37
90.8 0.8 3.06e-36 6.15e-37 5.04e-37
90.9 0.8 2.7e-36 5.42e-37 4.45e-37
91 0.8 2.38e-36 4.79e-37 3.93e-37
91.1 0.8 2.1e-36 4.22e-37 3.47e-37
91.2 0.8 1.86e-36 3.73e-37 3.06e-37
91.3 0.8 1.64e-36 3.29e-37 2.7e-37
91.4 0.8 1.44e-36 2.9e-37 2.38e-37
91.5 0.8 1.28e-36 2.56e-37 2.1e-37
91.6 0.8 1.13e-36 2.26e-37 1.86e-37
91.7 0.8 9.93e-37 2e-37 1.64e-37
91.8 0.8 8.76e-37 1.76e-37 1.44e-37
91.9 0.8 7.73e-37 1.55e-37 1.27e-37
92 0.8 6.83e-37 1.37e-37 1.13e-37
92.1 0.8 6.02e-37 1.21e-37 9.93e-38
92.2 0.8 5.32e-37 1.07e-37 8.76e-38
92.3 0.8 4.69e-37 9.43e-38 7.73e-38
92.4 0.8 4.14e-37 8.32e-38 6.82e-38
92.5 0.8 3.65e-37 7.34e-38 6.02e-38
92.6 0.8 3.22e-37 6.48e-38 5.31e-38
92.7 0.8 2.85e-37 5.72e-38 4.69e-38
92.8 0.8 2.51e-37 5.05e-38 4.14e-38
92.9 0.8 2.22e-37 4.45e-38 3.65e-38
93 0.8 1.96e-37 3.93e-38 3.22e-38
93.1 0.8 1.73e-37 3.47e-38 2.84e-38
93.2 0.8 1.52e-37 3.06e-38 2.51e-38
93.3 0.8 1.34e-37 2.7e-38 2.22e-38
93.4 0.8 1.19e-37 2.38e-38 1.96e-38
93.5 0.8 1.05e-37 2.1e-38 1.73e-38
93.6 0.8 9.24e-38 1.86e-38 1.52e-38
93.7 0.8 8.15e-38 1.64e-38 1.34e-38
93.8 0.8 7.19e-38 1.45e-38 1.19e-38
93.9 0.8 6.35e-38 1.28e-38 1.05e-38
94 0.8 5.6e-38 1.13e-38 9.24e-39
94.1 0.8 4.94e-38 9.94e-39 8.15e-39
94.2 0.8 4.36e-38 8.77e-39 7.19e-39
94.3 0.8 3.85e-38 7.74e-39 6.35e-39
94.4 0.8 3.4e-38 6.83e-39 5.6e-39
94.5 0.8 3e-38 6.03e-39 4.94e-39
94.6 0.8 2.65e-38 5.32e-39 4.36e-39
94.7 0.8 2.34e-38 4.69e-39 3.85e-39
94.8 0.8 2.06e-38 4.14e-39 3.4e-39
94.9 0.8 1.82e-38 3.65e-39 3e-39
95 0.8 1.61e-38 3.23e-39 2.65e-39
95.1 0.8 1.42e-38 2.85e-39 2.34e-39
95.2 0.8 1.25e-38 2.51e-39 2.06e-39
95.3 0.8 1.1e-38 2.22e-39 1.82e-39
95.4 0.8 9.74e-39 1.96e-39 1.6e-39
95.5 0.8 8.59e-39 1.73e-39 1.42e-39
95.6 0.8 7.58e-39 1.52e-39 1.25e-39
95.7 0.8 6.69e-39 1.34e-39 1.1e-39
95.8 0.8 5.91e-39 1.19e-39 9.73e-40
95.9 0.8 5.21e-39 1.05e-39 8.59e-40
96 0.8 4.6e-39 9.24e-40 7.58e-40
96.1 0.8 4.06e-39 8.16e-40 6.69e-40
96.2 0.8 3.58e-39 7.2e-40 5.9e-40
96.3 0.8 3.16e-39 6.35e-40 5.21e-40
96.4 0.8 2.79e-39 5.61e-40 4.6e-40
96.5 0.8 2.46e-39 4.95e-40 4.06e-40
96.6 0.8 2.17e-39 4.37e-40 3.58e-40
96.7 0.8 1.92e-39 3.85e-40 3.16e-40
96.8 0.8 1.69e-39 3.4e-40 2.79e-40
96.9 0.8 1.49e-39 3e-40 2.46e-40
97 0.8 1.32e-39 2.65e-40 2.17e-40
97.1 0.8 1.16e-39 2.34e-40 1.92e-40
97.2 0.8 1.03e-39 2.06e-40 1.69e-40
97.3 0.8 9.06e-40 1.82e-40 1.49e-40
97.4 0.8 7.99e-40 1.61e-40 1.32e-40
97.5 0.8 7.05e-40 1.42e-40 1.16e-40
97.6 0.8 6.22e-40 1.25e-40 1.03e-40
97.7 0.8 5.49e-40 1.1e-40 9.05e-41
97.8 0.8 4.85e-40 9.74e-41 7.99e-41
97.9 0.8 4.28e-40 8.6e-41 7.05e-41
98 0.8 3.78e-40 7.59e-41 6.22e-41
98.1 0.8 3.33e-40 6.69e-41 5.49e-41
98.2 0.8 2.94e-40 5.91e-41 4.85e-41
98.3 0.8 2.59e-40 5.21e-41 4.28e-41
98.4 0.8 2.29e-40 4.6e-41 3.77e-41
98.5 0.8 2.02e-40 4.06e-41 3.33e-41
98.6 0.8 1.78e-40 3.58e-41 2.94e-41
98.7 0.8 1.57e-40 3.16e-41 2.59e-41
98.8 0.8 1.39e-40 2.79e-41 2.29e-41
98.9 0.8 1.23e-40 2.46e-41 2.02e-41
99 0.8 1.08e-40 2.17e-41 1.78e-41
99.1 0.8 9.54e-41 1.92e-41 1.57e-41
99.2 0.8 8.42e-41 1.69e-41 1.39e-41
99.3 0.8 7.43e-41 1.49e-41 1.23e-41
99.4 0.8 6.56e-41 1.32e-41 1.08e-41
99.5 0.8 5.79e-41 1.16e-41 9.54e-42
99.6 0.8 5.11e-41 1.03e-41 8.42e-42
99.7 0.8 4.51e-41 9.06e-42 7.43e-42
99.8 0.8 3.98e-41 8e-42 6.56e-42
99.9 0.8 3.51e-41 7.06e-42 5.79e-42
