-25 2.2 4.19e-05 1.91e-08 4.37e-08
-24.9 2.2 4.38e-05 2e-08 4.58e-08
-24.8 2.2 4.59e-05 2.09e-08 4.79e-08
-24.7 2.2 4.8e-05 2.18e-08 5.01e-08
-24.6 2.2 5.02e-05 2.29e-08 5.24e-08
-24.5 2.2 5.26e-05 2.39e-08 5.49e-08
-24.4 2.2 5.5e-05 2.5e-08 5.74e-08
-24.3 2.2 5.76e-05 2.62e-08 6.01e-08
-24.2 2.2 6.03e-05 2.74e-08 6.29e-08
-24.1 2.2 6.31e-05 2.87e-08 6.58e-08
-24 2.2 6.6e-05 3e-08 6.88e-08
-23.9 2.2 6.91e-05 3.14e-08 7.2e-08
-23.8 2.2 7.23e-05 3.29e-08 7.53e-08
-23.7 2.2 7.56e-05 3.44e-08 7.88e-08
-23.6 2.2 7.91e-05 3.6e-08 8.25e-08
-23.5 2.2 8.28e-05 3.76e-08 8.63e-08
-23.4 2.2 8.67e-05 3.94e-08 9.03e-08
-23.3 2.2 9.07e-05 4.12e-08 9.45e-08
-23.2 2.2 9.49e-05 4.31e-08 9.89e-08
-23.1 2.2 9.93e-05 4.51e-08 1.03e-07
-23 2.2 0.000104 4.72e-08 1.08e-07
-22.9 2.2 0.000109 4.94e-08 1.13e-07
-22.8 2.2 0.000114 5.16e-08 1.18e-07
-22.7 2.2 0.000119 5.4e-08 1.24e-07
-22.6 2.2 0.000125 5.65e-08 1.3e-07
-22.5 2.2 0.00013 5.91e-08 1.36e-07
-22.4 2.2 0.000137 6.19e-08 1.42e-07
-22.3 2.2 0.000143 6.47e-08 1.48e-07
-22.2 2.2 0.00015 6.77e-08 1.55e-07
-22.1 2.2 0.000156 7.08e-08 1.63e-07
-22 2.2 0.000164 7.41e-08 1.7e-07
-21.9 2.2 0.000171 7.75e-08 1.78e-07
-21.8 2.2 0.000179 8.11e-08 1.86e-07
-21.7 2.2 0.000188 8.48e-08 1.95e-07
-21.6 2.2 0.000196 8.87e-08 2.04e-07
-21.5 2.2 0.000206 9.28e-08 2.13e-07
-21.4 2.2 0.000215 9.71e-08 2.23e-07
-21.3 2.2 0.000225 1.02e-07 2.33e-07
-21.2 2.2 0.000236 1.06e-07 2.44e-07
-21.1 2.2 0.000246 1.11e-07 2.55e-07
-21 2.2 0.000258 1.16e-07 2.67e-07
-20.9 2.2 0.00027 1.21e-07 2.79e-07
-20.8 2.2 0.000282 1.27e-07 2.92e-07
-20.7 2.2 0.000296 1.33e-07 3.05e-07
-20.6 2.2 0.000309 1.39e-07 3.19e-07
-20.5 2.2 0.000324 1.45e-07 3.34e-07
-20.4 2.2 0.000339 1.52e-07 3.49e-07
-20.3 2.2 0.000354 1.59e-07 3.65e-07
-20.2 2.2 0.000371 1.66e-07 3.81e-07
-20.1 2.2 0.000388 1.74e-07 3.99e-07
-20 2.2 0.000406 1.82e-07 4.17e-07
-19.9 2.2 0.000425 1.9e-07 4.36e-07
-19.8 2.2 0.000445 1.98e-07 4.56e-07
-19.7 2.2 0.000466 2.07e-07 4.77e-07
-19.6 2.2 0.000487 2.17e-07 4.98e-07
-19.5 2.2 0.00051 2.27e-07 5.21e-07
-19.4 2.2 0.000533 2.37e-07 5.44e-07
-19.3 2.2 0.000558 2.48e-07 5.69e-07
-19.2 2.2 0.000584 2.59e-07 5.95e-07
-19.1 2.2 0.000611 2.7e-07 6.21e-07
-19 2.2 0.00064 2.82e-07 6.49e-07
-18.9 2.2 0.000669 2.95e-07 6.79e-07
-18.8 2.2 0.0007 3.08e-07 7.09e-07
-18.7 2.2 0.000733 3.22e-07 7.41e-07
-18.6 2.2 0.000767 3.37e-07 7.74e-07
-18.5 2.2 0.000803 3.51e-07 8.09e-07
-18.4 2.2 0.00084 3.67e-07 8.45e-07
-18.3 2.2 0.000879 3.83e-07 8.82e-07
-18.2 2.2 0.00092 4e-07 9.21e-07
-18.1 2.2 0.000962 4.18e-07 9.62e-07
-18 2.2 0.00101 4.36e-07 1e-06
-17.9 2.2 0.00105 4.56e-07 1.05e-06
-17.8 2.2 0.0011 4.75e-07 1.1e-06
-17.7 2.2 0.00115 4.96e-07 1.14e-06
-17.6 2.2 0.00121 5.18e-07 1.19e-06
-17.5 2.2 0.00126 5.4e-07 1.25e-06
-17.4 2.2 0.00132 5.64e-07 1.3e-06
-17.3 2.2 0.00138 5.88e-07 1.36e-06
-17.2 2.2 0.00145 6.13e-07 1.41e-06
-17.1 2.2 0.00151 6.39e-07 1.47e-06
-17 2.2 0.00158 6.66e-07 1.54e-06
-16.9 2.2 0.00166 6.95e-07 1.6e-06
-16.8 2.2 0.00173 7.24e-07 1.67e-06
-16.7 2.2 0.00182 7.54e-07 1.74e-06
-16.6 2.2 0.0019 7.86e-07 1.82e-06
-16.5 2.2 0.00199 8.18e-07 1.89e-06
-16.4 2.2 0.00208 8.52e-07 1.97e-06
-16.3 2.2 0.00218 8.87e-07 2.05e-06
-16.2 2.2 0.00228 9.23e-07 2.14e-06
-16.1 2.2 0.00238 9.6e-07 2.22e-06
-16 2.2 0.00249 9.99e-07 2.31e-06
-15.9 2.2 0.00261 1.04e-06 2.41e-06
-15.8 2.2 0.00273 1.08e-06 2.5e-06
-15.7 2.2 0.00285 1.12e-06 2.6e-06
-15.6 2.2 0.00298 1.17e-06 2.7e-06
-15.5 2.2 0.00312 1.21e-06 2.81e-06
-15.4 2.2 0.00327 1.26e-06 2.92e-06
-15.3 2.2 0.00342 1.3e-06 3.03e-06
-15.2 2.2 0.00358 1.35e-06 3.14e-06
-15.1 2.2 0.00374 1.4e-06 3.26e-06
-15 2.2 0.00391 1.45e-06 3.38e-06
-14.9 2.2 0.00409 1.5e-06 3.5e-06
-14.8 2.2 0.00428 1.56e-06 3.63e-06
-14.7 2.2 0.00448 1.61e-06 3.76e-06
-14.6 2.2 0.00468 1.67e-06 3.89e-06
-14.5 2.2 0.0049 1.72e-06 4.02e-06
-14.4 2.2 0.00513 1.78e-06 4.16e-06
-14.3 2.2 0.00536 1.84e-06 4.29e-06
-14.2 2.2 0.00561 1.89e-06 4.43e-06
-14.1 2.2 0.00586 1.95e-06 4.57e-06
-14 2.2 0.00613 2.01e-06 4.71e-06
-13.9 2.2 0.00642 2.07e-06 4.85e-06
-13.8 2.2 0.00671 2.13e-06 4.99e-06
-13.7 2.2 0.00702 2.18e-06 5.13e-06
-13.6 2.2 0.00734 2.24e-06 5.27e-06
-13.5 2.2 0.00767 2.3e-06 5.4e-06
-13.4 2.2 0.00802 2.35e-06 5.54e-06
-13.3 2.2 0.00839 2.41e-06 5.66e-06
-13.2 2.2 0.00877 2.46e-06 5.79e-06
-13.1 2.2 0.00917 2.51e-06 5.91e-06
-13 2.2 0.00959 2.55e-06 6.02e-06
-12.9 2.2 0.01 2.6e-06 6.12e-06
-12.8 2.2 0.0105 2.64e-06 6.22e-06
-12.7 2.2 0.011 2.67e-06 6.31e-06
-12.6 2.2 0.0115 2.71e-06 6.38e-06
-12.5 2.2 0.012 2.73e-06 6.44e-06
-12.4 2.2 0.0125 2.76e-06 6.48e-06
-12.3 2.2 0.0131 2.77e-06 6.51e-06
-12.2 2.2 0.0137 2.78e-06 6.52e-06
-12.1 2.2 0.0143 2.79e-06 6.51e-06
-12 2.2 0.0149 2.78e-06 6.47e-06
-11.9 2.2 0.0156 2.77e-06 6.41e-06
-11.8 2.2 0.0163 2.75e-06 6.32e-06
-11.7 2.2 0.017 2.72e-06 6.21e-06
-11.6 2.2 0.0178 2.68e-06 6.05e-06
-11.5 2.2 0.0186 2.63e-06 5.87e-06
-11.4 2.2 0.0194 2.58e-06 5.64e-06
-11.3 2.2 0.0203 2.56e-06 5.38e-06
-11.2 2.2 0.0212 2.61e-06 5.07e-06
-11.1 2.2 0.0221 2.65e-06 4.72e-06
-11 2.2 0.0231 2.68e-06 4.32e-06
-10.9 2.2 0.0241 2.69e-06 3.86e-06
-10.8 2.2 0.0252 2.7e-06 3.36e-06
-10.7 2.2 0.0263 2.7e-06 2.12e-06
-10.6 2.2 0.0274 2.54e-06 1.79e-06
-10.5 2.2 0.0286 2.39e-06 2.43e-06
-10.4 2.2 0.0299 2.25e-06 3.13e-06
-10.3 2.2 0.0312 2.14e-06 3.89e-06
-10.2 2.2 0.0325 2.07e-06 4.72e-06
-10.1 2.2 0.0339 2.06e-06 5.63e-06
-10 2.2 0.0354 3.24e-06 5.56e-06
-9.9 2.2 0.0369 3.27e-06 6.88e-06
-9.8 2.2 0.0385 3.19e-06 8.88e-06
-9.7 2.2 0.0402 5.02e-06 1.11e-05
-9.6 2.2 0.0419 5.15e-06 1.2e-05
-9.5 2.2 0.0436 7.57e-06 1.4e-05
-9.4 2.2 0.0455 1.19e-05 1.67e-05
-9.3 2.2 0.0474 2.06e-05 2.09e-05
-9.2 2.2 0.0494 4.29e-05 2.96e-05
-9.1 2.2 0.0515 0.000183 7.77e-05
-9 2.2 0.0535 6.14e-05 0.000144
-8.9 2.2 0.0558 3.88e-05 6.16e-05
-8.8 2.2 0.0581 3.43e-05 4.36e-05
-8.7 2.2 0.0604 3.34e-05 3.59e-05
-8.6 2.2 0.0629 3.36e-05 3.17e-05
-8.5 2.2 0.0654 3.43e-05 2.92e-05
-8.4 2.2 0.0681 3.53e-05 2.75e-05
-8.3 2.2 0.0708 3.63e-05 2.62e-05
-8.2 2.2 0.0736 3.73e-05 2.53e-05
-8.1 2.2 0.0765 3.83e-05 2.45e-05
-8 2.2 0.0795 3.92e-05 2.37e-05
-7.9 2.2 0.0827 3.99e-05 2.3e-05
-7.8 2.2 0.0859 6.46e-05 6.09e-05
-7.7 2.2 0.0892 7.36e-05 6.64e-05
-7.6 2.2 0.0927 8.28e-05 7.21e-05
-7.5 2.2 0.0962 9.2e-05 7.77e-05
-7.4 2.2 0.0998 0.000101 8.33e-05
-7.3 2.2 0.104 0.00011 8.88e-05
-7.2 2.2 0.107 0.000119 9.41e-05
-7.1 2.2 0.111 0.000128 9.91e-05
-7 2.2 0.116 0.000137 0.000104
-6.9 2.2 0.12 0.000164 8.83e-05
-6.8 2.2 0.124 0.000173 9.04e-05
-6.7 2.2 0.128 0.000182 9.21e-05
-6.6 2.2 0.133 0.000189 9.32e-05
-6.5 2.2 0.138 0.000196 9.37e-05
-6.4 2.2 0.142 0.000201 9.36e-05
-6.3 2.2 0.147 0.000112 4.98e-05
-6.2 2.2 0.152 0.000107 5.24e-05
-6.1 2.2 0.158 0.0001 5.48e-05
-6 2.2 0.163 9.23e-05 5.72e-05
-5.9 2.2 0.168 8.34e-05 5.95e-05
-5.8 2.2 0.174 3.35e-05 2.82e-05
-5.7 2.2 0.179 4e-05 3.51e-05
-5.6 2.2 0.185 4.75e-05 4.32e-05
-5.5 2.2 0.191 5.68e-05 5.27e-05
-5.4 2.2 0.197 6.91e-05 6.44e-05
-5.3 2.2 0.203 8.72e-05 8.07e-05
-5.2 2.2 0.209 0.000119 0.000108
-5.1 2.2 0.216 0.000193 0.000168
-5 2.2 0.223 0.000624 0.00049
-4.9 2.2 0.228 0.000412 0.000406
-4.8 2.2 0.235 0.000158 0.00015
-4.7 2.2 0.242 0.000103 0.000123
-4.6 2.2 0.249 9.82e-05 0.000145
-4.5 2.2 0.256 0.000145 0.000296
-4.4 2.2 0.264 0.00249 0.00093
-4.3 2.2 0.271 0.000294 0.000229
-4.2 2.2 0.278 0.000215 0.000308
-4.1 2.2 0.275 0.0109 0.0324
-4 2.2 0.293 0.000209 0.000129
-3.9 2.2 0.301 8.92e-05 8.13e-05
-3.8 2.2 0.309 0.000108 0.000102
-3.7 2.2 0.316 0.000101 0.000109
-3.6 2.2 0.324 0.000101 0.000119
-3.5 2.2 0.332 0.000103 0.000129
-3.4 2.2 0.34 0.000106 0.000139
-3.3 2.2 0.348 0.00011 0.000148
-3.2 2.2 0.357 0.000114 0.000156
-3.1 2.2 0.365 0.000118 0.000164
-3 2.2 0.373 0.000121 0.00017
-2.9 2.2 0.382 0.000123 0.000174
-2.8 2.2 0.39 0.000124 0.000178
-2.7 2.2 0.398 0.000125 0.00018
-2.6 2.2 0.407 0.000125 0.00018
-2.5 2.2 0.415 0.000124 0.000179
-2.4 2.2 0.424 0.000123 0.000177
-2.3 2.2 0.433 0.00012 0.000174
-2.2 2.2 0.441 0.000117 0.000169
-2.1 2.2 0.45 0.000113 0.000163
-2 2.2 0.459 0.000109 0.000156
-1.9 2.2 0.467 0.000105 0.000148
-1.8 2.2 0.476 9.94e-05 0.000138
-1.7 2.2 0.485 9.38e-05 0.000128
-1.6 2.2 0.493 8.77e-05 0.000117
-1.5 2.2 0.502 8.12e-05 0.000105
-1.4 2.2 0.511 7.43e-05 9.24e-05
-1.3 2.2 0.519 6.7e-05 7.91e-05
-1.2 2.2 0.528 2.44e-05 2.32e-05
-1.1 2.2 0.537 2.32e-05 2.05e-05
-1 2.2 0.545 2.2e-05 1.76e-05
-0.9 2.2 0.554 2.06e-05 1.45e-05
-0.8 2.2 0.562 1.91e-05 1.12e-05
-0.7 2.2 0.571 1.76e-05 1.5e-05
-0.6 2.2 0.579 1.59e-05 2.12e-05
-0.5 2.2 0.587 4.53e-05 3.76e-05
-0.4 2.2 0.596 4.4e-05 0.000111
-0.3 2.2 0.604 4.27e-05 0.000101
-0.2 2.2 0.612 4.1e-05 9.01e-05
-0.1 2.2 0.62 5.07e-05 6.67e-05
2.31e-14 2.2 0.628 4.57e-05 5.7e-05
0.1 2.2 0.636 4.02e-05 4.69e-05
0.2 2.2 0.644 3.44e-05 3.64e-05
0.3 2.2 0.652 2.82e-05 2.56e-05
0.4 2.2 0.659 2.18e-05 1.89e-05
0.5 2.2 0.667 1.53e-05 1.81e-05
0.6 2.2 0.674 8.6e-06 1.7e-05
0.7 2.2 0.682 1.87e-05 1.57e-05
0.8 2.2 0.689 2.95e-05 1.42e-05
0.9 2.2 0.696 5.32e-05 5.19e-05
1 2.2 0.703 0.000166 6.05e-05
1.1 2.2 0.71 0.000162 6.16e-05
1.2 2.2 0.717 0.000157 6.22e-05
1.3 2.2 0.724 0.00015 6.24e-05
1.4 2.2 0.73 0.000122 8.26e-05
1.5 2.2 0.737 0.000116 7.98e-05
1.6 2.2 0.743 0.000108 7.65e-05
1.7 2.2 0.749 0.0001 7.27e-05
1.8 2.2 0.756 9.11e-05 6.84e-05
1.9 2.2 0.762 8.17e-05 6.37e-05
2 2.2 0.768 7.18e-05 5.86e-05
2.1 2.2 0.773 6.16e-05 5.32e-05
2.2 2.2 0.779 6.23e-06 1.11e-05
2.3 2.2 0.784 4.05e-06 1e-05
2.4 2.2 0.79 8.7e-06 8.82e-06
2.5 2.2 0.795 1.3e-05 7.61e-06
2.6 2.2 0.8 2.28e-05 2.39e-05
2.7 2.2 0.805 2.7e-05 2.45e-05
2.8 2.2 0.81 3.06e-05 2.48e-05
2.9 2.2 0.815 3.38e-05 2.49e-05
3 2.2 0.82 3.66e-05 2.47e-05
3.1 2.2 0.824 3.88e-05 2.44e-05
3.2 2.2 0.829 4.07e-05 2.4e-05
3.3 2.2 0.833 4.21e-05 2.34e-05
3.4 2.2 0.837 4.31e-05 2.27e-05
3.5 2.2 0.841 4.38e-05 2.19e-05
3.6 2.2 0.845 4.41e-05 2.1e-05
3.7 2.2 0.849 8.28e-05 3.56e-05
3.8 2.2 0.853 7.72e-05 3.4e-05
3.9 2.2 0.856 7.18e-05 3.24e-05
4 2.2 0.86 6.65e-05 3.07e-05
4.1 2.2 0.863 6.13e-05 2.9e-05
4.2 2.2 0.866 5.64e-05 2.74e-05
4.3 2.2 0.87 4.51e-05 3.22e-05
4.4 2.2 0.873 4.13e-05 2.99e-05
4.5 2.2 0.876 3.77e-05 2.76e-05
4.6 2.2 0.879 3.43e-05 2.55e-05
4.7 2.2 0.881 3.1e-05 2.34e-05
4.8 2.2 0.884 2.8e-05 2.14e-05
4.9 2.2 0.887 2.51e-05 1.96e-05
5 2.2 0.889 2.24e-05 1.78e-05
5.1 2.2 0.892 1.99e-05 1.62e-05
5.2 2.2 0.894 1.76e-05 1.46e-05
5.3 2.2 0.896 1.54e-05 1.32e-05
5.4 2.2 0.898 1.34e-05 1.18e-05
5.5 2.2 0.9 1.16e-05 1.06e-05
5.6 2.2 0.902 9.94e-06 9.42e-06
5.7 2.2 0.904 8.4e-06 8.35e-06
5.8 2.2 0.906 7.67e-06 7.37e-06
5.9 2.2 0.908 7.13e-06 6.46e-06
6 2.2 0.91 6.63e-06 5.64e-06
6.1 2.2 0.911 6.16e-06 4.88e-06
6.2 2.2 0.913 5.72e-06 4.19e-06
6.3 2.2 0.915 1.56e-05 6.21e-06
6.4 2.2 0.916 1.48e-05 5.93e-06
6.5 2.2 0.917 1.4e-05 5.65e-06
6.6 2.2 0.919 1.33e-05 5.38e-06
6.7 2.2 0.92 1.27e-05 5.13e-06
6.8 2.2 0.921 1.2e-05 4.9e-06
6.9 2.2 0.923 1.14e-05 4.67e-06
7 2.2 0.924 1.09e-05 4.46e-06
7.1 2.2 0.925 1.04e-05 4.26e-06
7.2 2.2 0.926 9.9e-06 4.07e-06
7.3 2.2 0.927 9.45e-06 3.89e-06
7.4 2.2 0.928 9.03e-06 3.74e-06
7.5 2.2 0.929 8.64e-06 3.58e-06
7.6 2.2 0.93 8.28e-06 3.43e-06
7.7 2.2 0.931 7.94e-06 3.29e-06
7.8 2.2 0.931 7.63e-06 3.17e-06
7.9 2.2 0.932 7.33e-06 3.05e-06
8 2.2 0.933 7.07e-06 2.93e-06
8.1 2.2 0.934 6.81e-06 2.83e-06
8.2 2.2 0.934 6.58e-06 2.73e-06
8.3 2.2 0.935 6.36e-06 2.65e-06
8.4 2.2 0.935 6.16e-06 2.56e-06
8.5 2.2 0.936 5.97e-06 2.48e-06
8.6 2.2 0.937 5.8e-06 2.4e-06
8.7 2.2 0.937 5.64e-06 2.34e-06
8.8 2.2 0.937 5.49e-06 2.27e-06
8.9 2.2 0.938 5.35e-06 2.21e-06
9 2.2 0.938 5.22e-06 2.16e-06
9.1 2.2 0.939 5.11e-06 2.11e-06
9.2 2.2 0.939 5e-06 2.06e-06
9.3 2.2 0.94 4.9e-06 2.02e-06
9.4 2.2 0.94 4.8e-06 1.98e-06
9.5 2.2 0.94 4.72e-06 1.95e-06
9.6 2.2 0.94 4.64e-06 1.91e-06
9.7 2.2 0.941 4.58e-06 1.88e-06
9.8 2.2 0.941 4.51e-06 1.85e-06
9.9 2.2 0.941 4.46e-06 1.83e-06
10 2.2 0.941 4.4e-06 1.81e-06
10.1 2.2 0.942 4.36e-06 1.79e-06
10.2 2.2 0.942 4.32e-06 1.77e-06
10.3 2.2 0.942 4.28e-06 1.75e-06
10.4 2.2 0.942 4.25e-06 1.74e-06
10.5 2.2 0.942 4.23e-06 1.73e-06
10.6 2.2 0.942 4.21e-06 1.72e-06
10.7 2.2 0.942 4.19e-06 1.72e-06
10.8 2.2 0.942 4.18e-06 1.7e-06
10.9 2.2 0.942 4.17e-06 1.7e-06
11 2.2 0.942 4.17e-06 1.7e-06
11.1 2.2 0.942 4.17e-06 1.7e-06
11.2 2.2 0.942 4.18e-06 1.7e-06
11.3 2.2 0.942 4.19e-06 1.72e-06
11.4 2.2 0.942 4.21e-06 1.72e-06
11.5 2.2 0.942 4.23e-06 1.73e-06
11.6 2.2 0.942 4.25e-06 1.74e-06
11.7 2.2 0.942 4.28e-06 1.75e-06
11.8 2.2 0.942 4.32e-06 1.77e-06
11.9 2.2 0.942 4.36e-06 1.79e-06
12 2.2 0.941 4.4e-06 1.81e-06
12.1 2.2 0.941 4.46e-06 1.83e-06
12.2 2.2 0.941 4.51e-06 1.85e-06
12.3 2.2 0.941 4.58e-06 1.88e-06
12.4 2.2 0.94 4.64e-06 1.91e-06
12.5 2.2 0.94 4.72e-06 1.95e-06
12.6 2.2 0.94 4.8e-06 1.98e-06
12.7 2.2 0.94 4.9e-06 2.02e-06
12.8 2.2 0.939 5e-06 2.06e-06
12.9 2.2 0.939 5.11e-06 2.11e-06
13 2.2 0.938 5.22e-06 2.16e-06
13.1 2.2 0.938 5.35e-06 2.21e-06
13.2 2.2 0.937 5.49e-06 2.27e-06
13.3 2.2 0.937 5.64e-06 2.34e-06
13.4 2.2 0.937 5.8e-06 2.4e-06
13.5 2.2 0.936 5.97e-06 2.48e-06
13.6 2.2 0.935 6.16e-06 2.56e-06
13.7 2.2 0.935 6.36e-06 2.65e-06
13.8 2.2 0.934 6.58e-06 2.73e-06
13.9 2.2 0.934 6.81e-06 2.83e-06
14 2.2 0.933 7.07e-06 2.93e-06
14.1 2.2 0.932 7.33e-06 3.05e-06
14.2 2.2 0.931 7.63e-06 3.17e-06
14.3 2.2 0.931 7.94e-06 3.29e-06
14.4 2.2 0.93 8.28e-06 3.43e-06
14.5 2.2 0.929 8.64e-06 3.58e-06
14.6 2.2 0.928 9.03e-06 3.74e-06
14.7 2.2 0.927 9.45e-06 3.89e-06
14.8 2.2 0.926 9.9e-06 4.07e-06
14.9 2.2 0.925 1.04e-05 4.26e-06
15 2.2 0.924 1.09e-05 4.46e-06
15.1 2.2 0.923 1.14e-05 4.67e-06
15.2 2.2 0.921 1.2e-05 4.9e-06
15.3 2.2 0.92 1.27e-05 5.13e-06
15.4 2.2 0.919 1.33e-05 5.38e-06
15.5 2.2 0.917 1.4e-05 5.65e-06
15.6 2.2 0.916 1.48e-05 5.93e-06
15.7 2.2 0.915 1.56e-05 6.21e-06
15.8 2.2 0.913 5.72e-06 4.19e-06
15.9 2.2 0.911 6.16e-06 4.88e-06
16 2.2 0.91 6.63e-06 5.64e-06
16.1 2.2 0.908 7.13e-06 6.46e-06
16.2 2.2 0.906 7.67e-06 7.37e-06
16.3 2.2 0.904 8.4e-06 8.35e-06
16.4 2.2 0.902 9.94e-06 9.42e-06
16.5 2.2 0.9 1.16e-05 1.06e-05
16.6 2.2 0.898 1.34e-05 1.18e-05
16.7 2.2 0.896 1.54e-05 1.32e-05
16.8 2.2 0.894 1.76e-05 1.46e-05
16.9 2.2 0.892 1.99e-05 1.62e-05
17 2.2 0.889 2.24e-05 1.78e-05
17.1 2.2 0.887 2.51e-05 1.96e-05
17.2 2.2 0.884 2.8e-05 2.14e-05
17.3 2.2 0.881 3.1e-05 2.34e-05
17.4 2.2 0.879 3.43e-05 2.55e-05
17.5 2.2 0.876 3.77e-05 2.76e-05
17.6 2.2 0.873 4.13e-05 2.99e-05
17.7 2.2 0.87 4.51e-05 3.22e-05
17.8 2.2 0.866 5.64e-05 2.74e-05
17.9 2.2 0.863 6.13e-05 2.9e-05
18 2.2 0.86 6.65e-05 3.07e-05
18.1 2.2 0.856 7.18e-05 3.24e-05
18.2 2.2 0.853 7.72e-05 3.4e-05
18.3 2.2 0.849 8.28e-05 3.56e-05
18.4 2.2 0.845 4.41e-05 2.1e-05
18.5 2.2 0.841 4.38e-05 2.19e-05
18.6 2.2 0.837 4.31e-05 2.27e-05
18.7 2.2 0.833 4.21e-05 2.34e-05
18.8 2.2 0.829 4.07e-05 2.4e-05
18.9 2.2 0.824 3.88e-05 2.44e-05
19 2.2 0.82 3.66e-05 2.47e-05
19.1 2.2 0.815 3.38e-05 2.49e-05
19.2 2.2 0.81 3.06e-05 2.48e-05
19.3 2.2 0.805 2.7e-05 2.45e-05
19.4 2.2 0.8 2.28e-05 2.39e-05
19.5 2.2 0.795 1.3e-05 7.61e-06
19.6 2.2 0.79 8.7e-06 8.82e-06
19.7 2.2 0.784 4.05e-06 1e-05
19.8 2.2 0.779 6.23e-06 1.11e-05
19.9 2.2 0.773 6.16e-05 5.32e-05
20 2.2 0.768 7.18e-05 5.86e-05
20.1 2.2 0.762 8.17e-05 6.37e-05
20.2 2.2 0.756 9.11e-05 6.84e-05
20.3 2.2 0.749 0.0001 7.27e-05
20.4 2.2 0.743 0.000108 7.65e-05
20.5 2.2 0.737 0.000116 7.98e-05
20.6 2.2 0.73 0.000122 8.26e-05
20.7 2.2 0.724 0.00015 6.24e-05
20.8 2.2 0.717 0.000157 6.22e-05
20.9 2.2 0.71 0.000162 6.16e-05
21 2.2 0.703 0.000166 6.05e-05
21.1 2.2 0.696 5.32e-05 5.19e-05
21.2 2.2 0.689 2.95e-05 1.42e-05
21.3 2.2 0.682 1.87e-05 1.57e-05
21.4 2.2 0.674 8.6e-06 1.7e-05
21.5 2.2 0.667 1.53e-05 1.81e-05
21.6 2.2 0.659 2.18e-05 1.89e-05
21.7 2.2 0.652 2.82e-05 2.56e-05
21.8 2.2 0.644 3.44e-05 3.64e-05
21.9 2.2 0.636 4.02e-05 4.69e-05
22 2.2 0.628 4.57e-05 5.7e-05
22.1 2.2 0.62 5.07e-05 6.67e-05
22.2 2.2 0.612 4.1e-05 9.01e-05
22.3 2.2 0.604 4.27e-05 0.000101
22.4 2.2 0.596 4.4e-05 0.000111
22.5 2.2 0.587 4.53e-05 3.76e-05
22.6 2.2 0.579 1.59e-05 2.12e-05
22.7 2.2 0.571 1.76e-05 1.5e-05
22.8 2.2 0.562 1.91e-05 1.12e-05
22.9 2.2 0.554 2.06e-05 1.45e-05
23 2.2 0.545 2.2e-05 1.76e-05
23.1 2.2 0.537 2.32e-05 2.05e-05
23.2 2.2 0.528 2.44e-05 2.32e-05
23.3 2.2 0.519 6.7e-05 7.91e-05
23.4 2.2 0.511 7.43e-05 9.24e-05
23.5 2.2 0.502 8.12e-05 0.000105
23.6 2.2 0.493 8.77e-05 0.000117
23.7 2.2 0.485 9.38e-05 0.000128
23.8 2.2 0.476 9.94e-05 0.000138
23.9 2.2 0.467 0.000105 0.000148
24 2.2 0.459 0.000109 0.000156
24.1 2.2 0.45 0.000113 0.000163
24.2 2.2 0.441 0.000117 0.000169
24.3 2.2 0.433 0.00012 0.000174
24.4 2.2 0.424 0.000123 0.000177
24.5 2.2 0.415 0.000124 0.000179
24.6 2.2 0.407 0.000125 0.00018
24.7 2.2 0.398 0.000125 0.00018
24.8 2.2 0.39 0.000124 0.000178
24.9 2.2 0.382 0.000123 0.000174
25 2.2 0.373 0.000121 0.00017
25.1 2.2 0.365 0.000118 0.000164
25.2 2.2 0.357 0.000114 0.000156
25.3 2.2 0.348 0.00011 0.000148
25.4 2.2 0.34 0.000106 0.000139
25.5 2.2 0.332 0.000103 0.000129
25.6 2.2 0.324 0.000101 0.000119
25.7 2.2 0.316 0.000101 0.000109
25.8 2.2 0.309 0.000108 0.000102
25.9 2.2 0.301 8.92e-05 8.13e-05
26 2.2 0.293 0.000209 0.000129
26.1 2.2 0.275 0.0109 0.0324
26.2 2.2 0.278 0.000215 0.000308
26.3 2.2 0.271 0.000294 0.000229
26.4 2.2 0.264 0.00249 0.00093
26.5 2.2 0.256 0.000145 0.000296
26.6 2.2 0.249 9.82e-05 0.000145
26.7 2.2 0.242 0.000103 0.000123
26.8 2.2 0.235 0.000158 0.00015
26.9 2.2 0.228 0.000412 0.000406
27 2.2 0.223 0.000624 0.00049
27.1 2.2 0.216 0.000193 0.000168
27.2 2.2 0.209 0.000119 0.000108
27.3 2.2 0.203 8.72e-05 8.07e-05
27.4 2.2 0.197 6.91e-05 6.44e-05
27.5 2.2 0.191 5.68e-05 5.27e-05
27.6 2.2 0.185 4.75e-05 4.32e-05
27.7 2.2 0.179 4e-05 3.51e-05
27.8 2.2 0.174 3.35e-05 2.82e-05
27.9 2.2 0.168 8.34e-05 5.95e-05
28 2.2 0.163 9.23e-05 5.72e-05
28.1 2.2 0.158 0.0001 5.48e-05
28.2 2.2 0.152 0.000107 5.24e-05
28.3 2.2 0.147 0.000112 4.98e-05
28.4 2.2 0.142 0.000201 9.36e-05
28.5 2.2 0.138 0.000196 9.37e-05
28.6 2.2 0.133 0.000189 9.32e-05
28.7 2.2 0.128 0.000182 9.21e-05
28.8 2.2 0.124 0.000173 9.04e-05
28.9 2.2 0.12 0.000164 8.83e-05
29 2.2 0.116 0.000137 0.000104
29.1 2.2 0.111 0.000128 9.91e-05
29.2 2.2 0.107 0.000119 9.41e-05
29.3 2.2 0.104 0.00011 8.88e-05
29.4 2.2 0.0998 0.000101 8.33e-05
29.5 2.2 0.0962 9.2e-05 7.77e-05
29.6 2.2 0.0927 8.28e-05 7.21e-05
29.7 2.2 0.0892 7.36e-05 6.64e-05
29.8 2.2 0.0859 6.46e-05 6.09e-05
29.9 2.2 0.0827 3.99e-05 2.3e-05
30 2.2 0.0795 3.92e-05 2.37e-05
30.1 2.2 0.0765 3.83e-05 2.45e-05
30.2 2.2 0.0736 3.73e-05 2.53e-05
30.3 2.2 0.0708 3.63e-05 2.62e-05
30.4 2.2 0.0681 3.53e-05 2.75e-05
30.5 2.2 0.0654 3.43e-05 2.92e-05
30.6 2.2 0.0629 3.36e-05 3.17e-05
30.7 2.2 0.0604 3.34e-05 3.59e-05
30.8 2.2 0.0581 3.43e-05 4.36e-05
30.9 2.2 0.0558 3.88e-05 6.16e-05
31 2.2 0.0535 6.14e-05 0.000144
31.1 2.2 0.0515 0.000183 7.77e-05
31.2 2.2 0.0494 4.29e-05 2.96e-05
31.3 2.2 0.0474 2.06e-05 2.09e-05
31.4 2.2 0.0455 1.19e-05 1.67e-05
31.5 2.2 0.0436 7.57e-06 1.4e-05
31.6 2.2 0.0419 5.15e-06 1.2e-05
31.7 2.2 0.0402 5.02e-06 1.11e-05
31.8 2.2 0.0385 3.19e-06 8.88e-06
31.9 2.2 0.0369 3.27e-06 6.88e-06
32 2.2 0.0354 3.24e-06 5.56e-06
32.1 2.2 0.0339 2.06e-06 5.63e-06
32.2 2.2 0.0325 2.07e-06 4.72e-06
32.3 2.2 0.0312 2.14e-06 3.89e-06
32.4 2.2 0.0299 2.25e-06 3.13e-06
32.5 2.2 0.0286 2.39e-06 2.43e-06
32.6 2.2 0.0274 2.54e-06 1.79e-06
32.7 2.2 0.0263 2.7e-06 2.12e-06
32.8 2.2 0.0252 2.7e-06 3.36e-06
32.9 2.2 0.0241 2.69e-06 3.86e-06
33 2.2 0.0231 2.68e-06 4.32e-06
33.1 2.2 0.0221 2.65e-06 4.72e-06
33.2 2.2 0.0212 2.61e-06 5.07e-06
33.3 2.2 0.0203 2.56e-06 5.38e-06
33.4 2.2 0.0194 2.58e-06 5.64e-06
33.5 2.2 0.0186 2.63e-06 5.87e-06
33.6 2.2 0.0178 2.68e-06 6.05e-06
33.7 2.2 0.017 2.72e-06 6.21e-06
33.8 2.2 0.0163 2.75e-06 6.32e-06
33.9 2.2 0.0156 2.77e-06 6.41e-06
34 2.2 0.0149 2.78e-06 6.47e-06
34.1 2.2 0.0143 2.79e-06 6.51e-06
34.2 2.2 0.0137 2.78e-06 6.52e-06
34.3 2.2 0.0131 2.77e-06 6.51e-06
34.4 2.2 0.0125 2.76e-06 6.48e-06
34.5 2.2 0.012 2.73e-06 6.44e-06
34.6 2.2 0.0115 2.71e-06 6.38e-06
34.7 2.2 0.011 2.67e-06 6.31e-06
34.8 2.2 0.0105 2.64e-06 6.22e-06
34.9 2.2 0.01 2.6e-06 6.12e-06
35 2.2 0.00959 2.55e-06 6.02e-06
35.1 2.2 0.00917 2.51e-06 5.91e-06
35.2 2.2 0.00877 2.46e-06 5.79e-06
35.3 2.2 0.00839 2.41e-06 5.66e-06
35.4 2.2 0.00802 2.35e-06 5.54e-06
35.5 2.2 0.00767 2.3e-06 5.4e-06
35.6 2.2 0.00734 2.24e-06 5.27e-06
35.7 2.2 0.00702 2.18e-06 5.13e-06
35.8 2.2 0.00671 2.13e-06 4.99e-06
35.9 2.2 0.00642 2.07e-06 4.85e-06
36 2.2 0.00613 2.01e-06 4.71e-06
36.1 2.2 0.00586 1.95e-06 4.57e-06
36.2 2.2 0.00561 1.89e-06 4.43e-06
36.3 2.2 0.00536 1.84e-06 4.29e-06
36.4 2.2 0.00513 1.78e-06 4.16e-06
36.5 2.2 0.0049 1.72e-06 4.02e-06
36.6 2.2 0.00468 1.67e-06 3.89e-06
36.7 2.2 0.00448 1.61e-06 3.76e-06
36.8 2.2 0.00428 1.56e-06 3.63e-06
36.9 2.2 0.00409 1.5e-06 3.5e-06
37 2.2 0.00391 1.45e-06 3.38e-06
37.1 2.2 0.00374 1.4e-06 3.26e-06
37.2 2.2 0.00358 1.35e-06 3.14e-06
37.3 2.2 0.00342 1.3e-06 3.03e-06
37.4 2.2 0.00327 1.26e-06 2.92e-06
37.5 2.2 0.00312 1.21e-06 2.81e-06
37.6 2.2 0.00298 1.17e-06 2.7e-06
37.7 2.2 0.00285 1.12e-06 2.6e-06
37.8 2.2 0.00273 1.08e-06 2.5e-06
37.9 2.2 0.00261 1.04e-06 2.41e-06
38 2.2 0.00249 9.99e-07 2.31e-06
38.1 2.2 0.00238 9.6e-07 2.22e-06
38.2 2.2 0.00228 9.23e-07 2.14e-06
38.3 2.2 0.00218 8.87e-07 2.05e-06
38.4 2.2 0.00208 8.52e-07 1.97e-06
38.5 2.2 0.00199 8.18e-07 1.89e-06
38.6 2.2 0.0019 7.86e-07 1.82e-06
38.7 2.2 0.00182 7.54e-07 1.74e-06
38.8 2.2 0.00173 7.24e-07 1.67e-06
38.9 2.2 0.00166 6.95e-07 1.6e-06
39 2.2 0.00158 6.66e-07 1.54e-06
39.1 2.2 0.00151 6.39e-07 1.47e-06
39.2 2.2 0.00145 6.13e-07 1.41e-06
39.3 2.2 0.00138 5.88e-07 1.36e-06
39.4 2.2 0.00132 5.64e-07 1.3e-06
39.5 2.2 0.00126 5.4e-07 1.25e-06
39.6 2.2 0.00121 5.18e-07 1.19e-06
39.7 2.2 0.00115 4.96e-07 1.14e-06
39.8 2.2 0.0011 4.75e-07 1.1e-06
39.9 2.2 0.00105 4.56e-07 1.05e-06
40 2.2 0.00101 4.36e-07 1e-06
40.1 2.2 0.000962 4.18e-07 9.62e-07
40.2 2.2 0.00092 4e-07 9.21e-07
40.3 2.2 0.000879 3.83e-07 8.82e-07
40.4 2.2 0.00084 3.67e-07 8.45e-07
40.5 2.2 0.000803 3.51e-07 8.09e-07
40.6 2.2 0.000767 3.37e-07 7.74e-07
40.7 2.2 0.000733 3.22e-07 7.41e-07
40.8 2.2 0.0007 3.08e-07 7.09e-07
40.9 2.2 0.000669 2.95e-07 6.79e-07
41 2.2 0.00064 2.82e-07 6.49e-07
41.1 2.2 0.000611 2.7e-07 6.21e-07
41.2 2.2 0.000584 2.59e-07 5.95e-07
41.3 2.2 0.000558 2.48e-07 5.69e-07
41.4 2.2 0.000533 2.37e-07 5.44e-07
41.5 2.2 0.00051 2.27e-07 5.21e-07
41.6 2.2 0.000487 2.17e-07 4.98e-07
41.7 2.2 0.000466 2.07e-07 4.77e-07
41.8 2.2 0.000445 1.98e-07 4.56e-07
41.9 2.2 0.000425 1.9e-07 4.36e-07
42 2.2 0.000406 1.82e-07 4.17e-07
42.1 2.2 0.000388 1.74e-07 3.99e-07
42.2 2.2 0.000371 1.66e-07 3.81e-07
42.3 2.2 0.000354 1.59e-07 3.65e-07
42.4 2.2 0.000339 1.52e-07 3.49e-07
42.5 2.2 0.000324 1.45e-07 3.34e-07
42.6 2.2 0.000309 1.39e-07 3.19e-07
42.7 2.2 0.000296 1.33e-07 3.05e-07
42.8 2.2 0.000282 1.27e-07 2.92e-07
42.9 2.2 0.00027 1.21e-07 2.79e-07
43 2.2 0.000258 1.16e-07 2.67e-07
43.1 2.2 0.000246 1.11e-07 2.55e-07
43.2 2.2 0.000236 1.06e-07 2.44e-07
43.3 2.2 0.000225 1.02e-07 2.33e-07
43.4 2.2 0.000215 9.71e-08 2.23e-07
43.5 2.2 0.000206 9.28e-08 2.13e-07
43.6 2.2 0.000196 8.87e-08 2.04e-07
43.7 2.2 0.000188 8.48e-08 1.95e-07
43.8 2.2 0.000179 8.11e-08 1.86e-07
43.9 2.2 0.000171 7.75e-08 1.78e-07
44 2.2 0.000164 7.41e-08 1.7e-07
44.1 2.2 0.000156 7.08e-08 1.63e-07
44.2 2.2 0.00015 6.77e-08 1.55e-07
44.3 2.2 0.000143 6.47e-08 1.48e-07
44.4 2.2 0.000137 6.19e-08 1.42e-07
44.5 2.2 0.00013 5.91e-08 1.36e-07
44.6 2.2 0.000125 5.65e-08 1.3e-07
44.7 2.2 0.000119 5.4e-08 1.24e-07
44.8 2.2 0.000114 5.16e-08 1.18e-07
44.9 2.2 0.000109 4.94e-08 1.13e-07
45 2.2 0.000104 4.72e-08 1.08e-07
45.1 2.2 9.93e-05 4.51e-08 1.03e-07
45.2 2.2 9.49e-05 4.31e-08 9.89e-08
45.3 2.2 9.07e-05 4.12e-08 9.45e-08
45.4 2.2 8.67e-05 3.94e-08 9.03e-08
45.5 2.2 8.28e-05 3.76e-08 8.63e-08
45.6 2.2 7.91e-05 3.6e-08 8.25e-08
45.7 2.2 7.56e-05 3.44e-08 7.88e-08
45.8 2.2 7.23e-05 3.29e-08 7.53e-08
45.9 2.2 6.91e-05 3.14e-08 7.2e-08
46 2.2 6.6e-05 3e-08 6.88e-08
46.1 2.2 6.31e-05 2.87e-08 6.58e-08
46.2 2.2 6.03e-05 2.74e-08 6.29e-08
46.3 2.2 5.76e-05 2.62e-08 6.01e-08
46.4 2.2 5.5e-05 2.5e-08 5.74e-08
46.5 2.2 5.26e-05 2.39e-08 5.49e-08
46.6 2.2 5.02e-05 2.29e-08 5.24e-08
46.7 2.2 4.8e-05 2.18e-08 5.01e-08
46.8 2.2 4.59e-05 2.09e-08 4.79e-08
46.9 2.2 4.38e-05 2e-08 4.58e-08
47 2.2 4.19e-05 1.91e-08 4.37e-08
47.1 2.2 4e-05 1.82e-08 4.18e-08
47.2 2.2 3.82e-05 1.74e-08 3.99e-08
47.3 2.2 3.65e-05 1.66e-08 3.82e-08
47.4 2.2 3.49e-05 1.59e-08 3.65e-08
47.5 2.2 3.34e-05 1.52e-08 3.49e-08
47.6 2.2 3.19e-05 1.45e-08 3.33e-08
47.7 2.2 3.05e-05 1.39e-08 3.18e-08
47.8 2.2 2.91e-05 1.33e-08 3.04e-08
47.9 2.2 2.78e-05 1.27e-08 2.91e-08
48 2.2 2.66e-05 1.21e-08 2.78e-08
48.1 2.2 2.54e-05 1.16e-08 2.65e-08
48.2 2.2 2.43e-05 1.11e-08 2.54e-08
48.3 2.2 2.32e-05 1.06e-08 2.42e-08
48.4 2.2 2.22e-05 1.01e-08 2.32e-08
48.5 2.2 2.12e-05 9.65e-09 2.21e-08
48.6 2.2 2.02e-05 9.23e-09 2.12e-08
48.7 2.2 1.93e-05 8.82e-09 2.02e-08
48.8 2.2 1.85e-05 8.42e-09 1.93e-08
48.9 2.2 1.77e-05 8.05e-09 1.85e-08
49 2.2 1.69e-05 7.69e-09 1.76e-08
49.1 2.2 1.61e-05 7.35e-09 1.69e-08
49.2 2.2 1.54e-05 7.03e-09 1.61e-08
49.3 2.2 1.47e-05 6.71e-09 1.54e-08
49.4 2.2 1.41e-05 6.42e-09 1.47e-08
49.5 2.2 1.34e-05 6.13e-09 1.41e-08
49.6 2.2 1.28e-05 5.86e-09 1.34e-08
49.7 2.2 1.23e-05 5.6e-09 1.28e-08
49.8 2.2 1.17e-05 5.35e-09 1.23e-08
49.9 2.2 1.12e-05 5.11e-09 1.17e-08
50 2.2 1.07e-05 4.88e-09 1.12e-08
50.1 2.2 1.02e-05 4.67e-09 1.07e-08
50.2 2.2 9.78e-06 4.46e-09 1.02e-08
50.3 2.2 9.35e-06 4.26e-09 9.77e-09
50.4 2.2 8.93e-06 4.07e-09 9.34e-09
50.5 2.2 8.54e-06 3.89e-09 8.92e-09
50.6 2.2 8.16e-06 3.72e-09 8.53e-09
50.7 2.2 7.79e-06 3.55e-09 8.15e-09
50.8 2.2 7.45e-06 3.4e-09 7.79e-09
50.9 2.2 7.12e-06 3.25e-09 7.44e-09
51 2.2 6.8e-06 3.1e-09 7.11e-09
51.1 2.2 6.5e-06 2.96e-09 6.8e-09
51.2 2.2 6.21e-06 2.83e-09 6.49e-09
51.3 2.2 5.93e-06 2.71e-09 6.2e-09
51.4 2.2 5.67e-06 2.59e-09 5.93e-09
51.5 2.2 5.42e-06 2.47e-09 5.67e-09
51.6 2.2 5.18e-06 2.36e-09 5.41e-09
51.7 2.2 4.95e-06 2.26e-09 5.17e-09
51.8 2.2 4.73e-06 2.16e-09 4.94e-09
51.9 2.2 4.52e-06 2.06e-09 4.72e-09
52 2.2 4.32e-06 1.97e-09 4.51e-09
52.1 2.2 4.12e-06 1.88e-09 4.31e-09
52.2 2.2 3.94e-06 1.8e-09 4.12e-09
52.3 2.2 3.77e-06 1.72e-09 3.94e-09
52.4 2.2 3.6e-06 1.64e-09 3.76e-09
52.5 2.2 3.44e-06 1.57e-09 3.6e-09
52.6 2.2 3.29e-06 1.5e-09 3.44e-09
52.7 2.2 3.14e-06 1.43e-09 3.28e-09
52.8 2.2 3e-06 1.37e-09 3.14e-09
52.9 2.2 2.87e-06 1.31e-09 3e-09
53 2.2 2.74e-06 1.25e-09 2.87e-09
53.1 2.2 2.62e-06 1.19e-09 2.74e-09
53.2 2.2 2.5e-06 1.14e-09 2.62e-09
53.3 2.2 2.39e-06 1.09e-09 2.5e-09
53.4 2.2 2.28e-06 1.04e-09 2.39e-09
53.5 2.2 2.18e-06 9.96e-10 2.28e-09
53.6 2.2 2.09e-06 9.51e-10 2.18e-09
53.7 2.2 1.99e-06 9.09e-10 2.08e-09
53.8 2.2 1.9e-06 8.69e-10 1.99e-09
53.9 2.2 1.82e-06 8.3e-10 1.9e-09
54 2.2 1.74e-06 7.93e-10 1.82e-09
54.1 2.2 1.66e-06 7.58e-10 1.74e-09
54.2 2.2 1.59e-06 7.24e-10 1.66e-09
54.3 2.2 1.52e-06 6.92e-10 1.59e-09
54.4 2.2 1.45e-06 6.61e-10 1.52e-09
54.5 2.2 1.39e-06 6.32e-10 1.45e-09
54.6 2.2 1.32e-06 6.04e-10 1.38e-09
54.7 2.2 1.27e-06 5.77e-10 1.32e-09
54.8 2.2 1.21e-06 5.52e-10 1.26e-09
54.9 2.2 1.16e-06 5.27e-10 1.21e-09
55 2.2 1.1e-06 5.04e-10 1.15e-09
55.1 2.2 1.05e-06 4.81e-10 1.1e-09
55.2 2.2 1.01e-06 4.6e-10 1.05e-09
55.3 2.2 9.63e-07 4.39e-10 1.01e-09
55.4 2.2 9.2e-07 4.2e-10 9.63e-10
55.5 2.2 8.79e-07 4.01e-10 9.2e-10
55.6 2.2 8.4e-07 3.83e-10 8.79e-10
55.7 2.2 8.03e-07 3.66e-10 8.4e-10
55.8 2.2 7.67e-07 3.5e-10 8.03e-10
55.9 2.2 7.33e-07 3.34e-10 7.67e-10
56 2.2 7.01e-07 3.2e-10 7.33e-10
56.1 2.2 6.69e-07 3.05e-10 7e-10
56.2 2.2 6.4e-07 2.92e-10 6.69e-10
56.3 2.2 6.11e-07 2.79e-10 6.39e-10
56.4 2.2 5.84e-07 2.66e-10 6.11e-10
56.5 2.2 5.58e-07 2.55e-10 5.84e-10
56.6 2.2 5.33e-07 2.43e-10 5.58e-10
56.7 2.2 5.1e-07 2.33e-10 5.33e-10
56.8 2.2 4.87e-07 2.22e-10 5.09e-10
56.9 2.2 4.65e-07 2.12e-10 4.87e-10
57 2.2 4.45e-07 2.03e-10 4.65e-10
57.1 2.2 4.25e-07 1.94e-10 4.45e-10
57.2 2.2 4.06e-07 1.85e-10 4.25e-10
57.3 2.2 3.88e-07 1.77e-10 4.06e-10
57.4 2.2 3.71e-07 1.69e-10 3.88e-10
57.5 2.2 3.54e-07 1.62e-10 3.71e-10
57.6 2.2 3.39e-07 1.54e-10 3.54e-10
57.7 2.2 3.24e-07 1.48e-10 3.38e-10
57.8 2.2 3.09e-07 1.41e-10 3.23e-10
57.9 2.2 2.95e-07 1.35e-10 3.09e-10
58 2.2 2.82e-07 1.29e-10 2.95e-10
58.1 2.2 2.7e-07 1.23e-10 2.82e-10
58.2 2.2 2.58e-07 1.18e-10 2.7e-10
58.3 2.2 2.46e-07 1.12e-10 2.58e-10
58.4 2.2 2.35e-07 1.07e-10 2.46e-10
58.5 2.2 2.25e-07 1.03e-10 2.35e-10
65.5 2.2 9.34e-09 4.26e-12 9.77e-12
65.6 2.2 8.92e-09 4.07e-12 9.33e-12
65.7 2.2 8.52e-09 3.89e-12 8.92e-12
65.8 2.2 8.15e-09 3.72e-12 8.52e-12
65.9 2.2 7.78e-09 3.55e-12 8.14e-12
66 2.2 7.44e-09 3.39e-12 7.78e-12
66.1 2.2 7.11e-09 3.24e-12 7.43e-12
66.2 2.2 6.79e-09 3.1e-12 7.1e-12
66.3 2.2 6.49e-09 2.96e-12 6.79e-12
66.4 2.2 6.2e-09 2.83e-12 6.49e-12
66.5 2.2 5.93e-09 2.7e-12 6.2e-12
66.6 2.2 5.66e-09 2.58e-12 5.92e-12
66.7 2.2 5.41e-09 2.47e-12 5.66e-12
66.8 2.2 5.17e-09 2.36e-12 5.41e-12
66.9 2.2 4.94e-09 2.25e-12 5.17e-12
67 2.2 4.72e-09 2.15e-12 4.94e-12
67.1 2.2 4.51e-09 2.06e-12 4.72e-12
67.2 2.2 4.31e-09 1.97e-12 4.51e-12
67.3 2.2 4.12e-09 1.88e-12 4.31e-12
67.4 2.2 3.94e-09 1.8e-12 4.12e-12
67.5 2.2 3.76e-09 1.72e-12 3.93e-12
67.6 2.2 3.59e-09 1.64e-12 3.76e-12
67.7 2.2 3.43e-09 1.57e-12 3.59e-12
67.8 2.2 3.28e-09 1.5e-12 3.43e-12
67.9 2.2 3.14e-09 1.43e-12 3.28e-12
68 2.2 3e-09 1.37e-12 3.13e-12
68.1 2.2 2.86e-09 1.31e-12 3e-12
68.2 2.2 2.74e-09 1.25e-12 2.86e-12
68.3 2.2 2.61e-09 1.19e-12 2.73e-12
68.4 2.2 2.5e-09 1.14e-12 2.61e-12
68.5 2.2 2.39e-09 1.09e-12 2.5e-12
68.6 2.2 2.28e-09 1.04e-12 2.39e-12
68.7 2.2 2.18e-09 9.94e-13 2.28e-12
68.8 2.2 2.08e-09 9.5e-13 2.18e-12
68.9 2.2 1.99e-09 9.08e-13 2.08e-12
69 2.2 1.9e-09 8.68e-13 1.99e-12
69.1 2.2 1.82e-09 8.29e-13 1.9e-12
69.2 2.2 1.74e-09 7.92e-13 1.82e-12
69.3 2.2 1.66e-09 7.57e-13 1.74e-12
69.4 2.2 1.59e-09 7.23e-13 1.66e-12
69.5 2.2 1.52e-09 6.91e-13 1.59e-12
69.6 2.2 1.45e-09 6.61e-13 1.51e-12
69.7 2.2 1.38e-09 6.31e-13 1.45e-12
69.8 2.2 1.32e-09 6.03e-13 1.38e-12
69.9 2.2 1.26e-09 5.76e-13 1.32e-12
70 2.2 1.21e-09 5.51e-13 1.26e-12
70.1 2.2 1.15e-09 5.26e-13 1.21e-12
70.2 2.2 1.1e-09 5.03e-13 1.15e-12
70.3 2.2 1.05e-09 4.81e-13 1.1e-12
70.4 2.2 1.01e-09 4.59e-13 1.05e-12
70.5 2.2 9.62e-10 4.39e-13 1.01e-12
70.6 2.2 9.19e-10 4.19e-13 9.61e-13
70.7 2.2 8.78e-10 4.01e-13 9.19e-13
70.8 2.2 8.39e-10 3.83e-13 8.78e-13
70.9 2.2 8.02e-10 3.66e-13 8.39e-13
71 2.2 7.66e-10 3.5e-13 8.02e-13
71.1 2.2 7.32e-10 3.34e-13 7.66e-13
71.2 2.2 7e-10 3.19e-13 7.32e-13
71.3 2.2 6.69e-10 3.05e-13 6.99e-13
71.4 2.2 6.39e-10 2.91e-13 6.68e-13
71.5 2.2 6.1e-10 2.79e-13 6.39e-13
71.6 2.2 5.83e-10 2.66e-13 6.1e-13
71.7 2.2 5.57e-10 2.54e-13 5.83e-13
71.8 2.2 5.33e-10 2.43e-13 5.57e-13
71.9 2.2 5.09e-10 2.32e-13 5.32e-13
72 2.2 4.86e-10 2.22e-13 5.09e-13
72.1 2.2 4.65e-10 2.12e-13 4.86e-13
72.2 2.2 4.44e-10 2.03e-13 4.65e-13
72.3 2.2 4.24e-10 1.94e-13 4.44e-13
72.4 2.2 4.06e-10 1.85e-13 4.24e-13
72.5 2.2 3.88e-10 1.77e-13 4.05e-13
72.6 2.2 3.7e-10 1.69e-13 3.87e-13
72.7 2.2 3.54e-10 1.61e-13 3.7e-13
72.8 2.2 3.38e-10 1.54e-13 3.54e-13
72.9 2.2 3.23e-10 1.47e-13 3.38e-13
73 2.2 3.09e-10 1.41e-13 3.23e-13
73.1 2.2 2.95e-10 1.35e-13 3.09e-13
73.2 2.2 2.82e-10 1.29e-13 2.95e-13
73.3 2.2 2.69e-10 1.23e-13 2.82e-13
73.4 2.2 2.57e-10 1.17e-13 2.69e-13
73.5 2.2 2.46e-10 1.12e-13 2.57e-13
73.6 2.2 2.35e-10 1.07e-13 2.46e-13
73.7 2.2 2.25e-10 1.02e-13 2.35e-13
73.8 2.2 2.15e-10 9.79e-14 2.24e-13
73.9 2.2 2.05e-10 9.36e-14 2.15e-13
74 2.2 1.96e-10 8.94e-14 2.05e-13
74.1 2.2 1.87e-10 8.54e-14 1.96e-13
74.2 2.2 1.79e-10 8.16e-14 1.87e-13
74.3 2.2 1.71e-10 7.8e-14 1.79e-13
74.4 2.2 1.63e-10 7.45e-14 1.71e-13
74.5 2.2 1.56e-10 7.12e-14 1.63e-13
74.6 2.2 1.49e-10 6.81e-14 1.56e-13
74.7 2.2 1.43e-10 6.5e-14 1.49e-13
74.8 2.2 1.36e-10 6.21e-14 1.42e-13
74.9 2.2 1.3e-10 5.94e-14 1.36e-13
75 2.2 1.24e-10 5.67e-14 1.3e-13
75.1 2.2 1.19e-10 5.42e-14 1.24e-13
75.2 2.2 1.14e-10 5.18e-14 1.19e-13
75.3 2.2 1.09e-10 4.95e-14 1.14e-13
75.4 2.2 1.04e-10 4.73e-14 1.08e-13
80.6 2.2 9.76e-12 4.45e-15 1.02e-14
80.7 2.2 9.32e-12 4.25e-15 9.75e-15
80.8 2.2 8.91e-12 4.06e-15 9.32e-15
80.9 2.2 8.51e-12 3.88e-15 8.9e-15
81 2.2 8.13e-12 3.71e-15 8.51e-15
81.1 2.2 7.77e-12 3.55e-15 8.13e-15
81.2 2.2 7.43e-12 3.39e-15 7.77e-15
81.3 2.2 7.1e-12 3.24e-15 7.42e-15
81.4 2.2 6.78e-12 3.09e-15 7.09e-15
81.5 2.2 6.48e-12 2.96e-15 6.78e-15
81.6 2.2 6.19e-12 2.83e-15 6.48e-15
81.7 2.2 5.92e-12 2.7e-15 6.19e-15
81.8 2.2 5.65e-12 2.58e-15 5.91e-15
81.9 2.2 5.4e-12 2.47e-15 5.65e-15
82 2.2 5.16e-12 2.36e-15 5.4e-15
82.1 2.2 4.93e-12 2.25e-15 5.16e-15
82.2 2.2 4.71e-12 2.15e-15 4.93e-15
82.3 2.2 4.5e-12 2.06e-15 4.71e-15
82.4 2.2 4.3e-12 1.96e-15 4.5e-15
82.5 2.2 4.11e-12 1.88e-15 4.3e-15
82.6 2.2 3.93e-12 1.79e-15 4.11e-15
82.7 2.2 3.76e-12 1.71e-15 3.93e-15
82.8 2.2 3.59e-12 1.64e-15 3.75e-15
82.9 2.2 3.43e-12 1.56e-15 3.59e-15
83 2.2 3.28e-12 1.5e-15 3.43e-15
83.1 2.2 3.13e-12 1.43e-15 3.28e-15
83.2 2.2 2.99e-12 1.37e-15 3.13e-15
83.3 2.2 2.86e-12 1.3e-15 2.99e-15
83.4 2.2 2.73e-12 1.25e-15 2.86e-15
83.5 2.2 2.61e-12 1.19e-15 2.73e-15
83.6 2.2 2.49e-12 1.14e-15 2.61e-15
83.7 2.2 2.38e-12 1.09e-15 2.49e-15
83.8 2.2 2.28e-12 1.04e-15 2.38e-15
83.9 2.2 2.18e-12 9.93e-16 2.28e-15
84 2.2 2.08e-12 9.49e-16 2.18e-15
84.1 2.2 1.99e-12 9.07e-16 2.08e-15
84.2 2.2 1.9e-12 8.67e-16 1.99e-15
84.3 2.2 1.81e-12 8.28e-16 1.9e-15
84.4 2.2 1.73e-12 7.91e-16 1.81e-15
84.5 2.2 1.66e-12 7.56e-16 1.73e-15
84.6 2.2 1.58e-12 7.22e-16 1.66e-15
84.7 2.2 1.51e-12 6.9e-16 1.58e-15
84.8 2.2 1.45e-12 6.6e-16 1.51e-15
84.9 2.2 1.38e-12 6.3e-16 1.45e-15
85 2.2 1.32e-12 6.02e-16 1.38e-15
85.1 2.2 1.26e-12 5.76e-16 1.32e-15
85.2 2.2 1.21e-12 5.5e-16 1.26e-15
85.3 2.2 1.15e-12 5.26e-16 1.21e-15
85.4 2.2 1.1e-12 5.02e-16 1.15e-15
85.5 2.2 1.05e-12 4.8e-16 1.1e-15
85.6 2.2 1.01e-12 4.59e-16 1.05e-15
85.7 2.2 9.61e-13 4.38e-16 1e-15
85.8 2.2 9.18e-13 4.19e-16 9.6e-16
85.9 2.2 8.77e-13 4e-16 9.17e-16
86 2.2 8.38e-13 3.82e-16 8.77e-16
86.1 2.2 8.01e-13 3.65e-16 8.38e-16
86.2 2.2 7.65e-13 3.49e-16 8.01e-16
86.3 2.2 7.31e-13 3.34e-16 7.65e-16
86.4 2.2 6.99e-13 3.19e-16 7.31e-16
86.5 2.2 6.68e-13 3.05e-16 6.98e-16
86.6 2.2 6.38e-13 2.91e-16 6.67e-16
86.7 2.2 6.1e-13 2.78e-16 6.38e-16
86.8 2.2 5.83e-13 2.66e-16 6.09e-16
86.9 2.2 5.57e-13 2.54e-16 5.82e-16
87 2.2 5.32e-13 2.43e-16 5.56e-16
87.1 2.2 5.08e-13 2.32e-16 5.32e-16
87.2 2.2 4.86e-13 2.22e-16 5.08e-16
87.3 2.2 4.64e-13 2.12e-16 4.86e-16
87.4 2.2 4.44e-13 2.02e-16 4.64e-16
87.5 2.2 4.24e-13 1.93e-16 4.43e-16
87.6 2.2 4.05e-13 1.85e-16 4.24e-16
87.7 2.2 3.87e-13 1.77e-16 4.05e-16
87.8 2.2 3.7e-13 1.69e-16 3.87e-16
87.9 2.2 3.53e-13 1.61e-16 3.7e-16
88 2.2 3.38e-13 1.54e-16 3.53e-16
88.1 2.2 3.23e-13 1.47e-16 3.38e-16
88.2 2.2 3.08e-13 1.41e-16 3.23e-16
88.3 2.2 2.95e-13 1.34e-16 3.08e-16
88.4 2.2 2.82e-13 1.28e-16 2.94e-16
88.5 2.2 2.69e-13 1.23e-16 2.81e-16
88.6 2.2 2.57e-13 1.17e-16 2.69e-16
88.7 2.2 2.46e-13 1.12e-16 2.57e-16
88.8 2.2 2.35e-13 1.07e-16 2.46e-16
88.9 2.2 2.24e-13 1.02e-16 2.35e-16
89 2.2 2.14e-13 9.78e-17 2.24e-16
89.1 2.2 2.05e-13 9.34e-17 2.14e-16
89.2 2.2 1.96e-13 8.93e-17 2.05e-16
89.3 2.2 1.87e-13 8.53e-17 1.96e-16
89.4 2.2 1.79e-13 8.15e-17 1.87e-16
89.5 2.2 1.71e-13 7.79e-17 1.79e-16
89.6 2.2 1.63e-13 7.44e-17 1.71e-16
89.7 2.2 1.56e-13 7.11e-17 1.63e-16
89.8 2.2 1.49e-13 6.8e-17 1.56e-16
89.9 2.2 1.42e-13 6.49e-17 1.49e-16
90 2.2 1.36e-13 6.21e-17 1.42e-16
90.1 2.2 1.3e-13 5.93e-17 1.36e-16
90.2 2.2 1.24e-13 5.67e-17 1.3e-16
90.3 2.2 1.19e-13 5.42e-17 1.24e-16
90.4 2.2 1.13e-13 5.17e-17 1.19e-16
90.5 2.2 1.08e-13 4.94e-17 1.13e-16
90.6 2.2 1.04e-13 4.72e-17 1.08e-16
90.7 2.2 9.9e-14 4.51e-17 1.04e-16
90.8 2.2 9.46e-14 4.31e-17 9.89e-17
90.9 2.2 9.04e-14 4.12e-17 9.45e-17
91 2.2 8.63e-14 3.94e-17 9.03e-17
91.1 2.2 8.25e-14 3.76e-17 8.63e-17
91.2 2.2 7.88e-14 3.6e-17 8.25e-17
91.3 2.2 7.53e-14 3.44e-17 7.88e-17
91.4 2.2 7.2e-14 3.28e-17 7.53e-17
91.5 2.2 6.88e-14 3.14e-17 7.2e-17
91.6 2.2 6.57e-14 3e-17 6.88e-17
91.7 2.2 6.28e-14 2.87e-17 6.57e-17
91.8 2.2 6e-14 2.74e-17 6.28e-17
91.9 2.2 5.74e-14 2.62e-17 6e-17
92 2.2 5.48e-14 2.5e-17 5.73e-17
92.1 2.2 5.24e-14 2.39e-17 5.48e-17
92.2 2.2 5e-14 2.28e-17 5.24e-17
92.3 2.2 4.78e-14 2.18e-17 5e-17
92.4 2.2 4.57e-14 2.08e-17 4.78e-17
92.5 2.2 4.37e-14 1.99e-17 4.57e-17
92.6 2.2 4.17e-14 1.9e-17 4.36e-17
92.7 2.2 3.99e-14 1.82e-17 4.17e-17
92.8 2.2 3.81e-14 1.74e-17 3.99e-17
92.9 2.2 3.64e-14 1.66e-17 3.81e-17
93 2.2 3.48e-14 1.59e-17 3.64e-17
93.1 2.2 3.32e-14 1.52e-17 3.48e-17
93.2 2.2 3.18e-14 1.45e-17 3.32e-17
93.3 2.2 3.04e-14 1.38e-17 3.18e-17
93.4 2.2 2.9e-14 1.32e-17 3.03e-17
93.5 2.2 2.77e-14 1.26e-17 2.9e-17
93.6 2.2 2.65e-14 1.21e-17 2.77e-17
93.7 2.2 2.53e-14 1.15e-17 2.65e-17
93.8 2.2 2.42e-14 1.1e-17 2.53e-17
93.9 2.2 2.31e-14 1.05e-17 2.42e-17
94 2.2 2.21e-14 1.01e-17 2.31e-17
94.1 2.2 2.11e-14 9.63e-18 2.21e-17
94.2 2.2 2.02e-14 9.2e-18 2.11e-17
94.3 2.2 1.93e-14 8.79e-18 2.02e-17
94.4 2.2 1.84e-14 8.4e-18 1.93e-17
94.5 2.2 1.76e-14 8.03e-18 1.84e-17
94.6 2.2 1.68e-14 7.67e-18 1.76e-17
94.7 2.2 1.61e-14 7.33e-18 1.68e-17
94.8 2.2 1.53e-14 7e-18 1.61e-17
94.9 2.2 1.47e-14 6.69e-18 1.53e-17
95 2.2 1.4e-14 6.39e-18 1.47e-17
95.1 2.2 1.34e-14 6.11e-18 1.4e-17
95.2 2.2 1.28e-14 5.84e-18 1.34e-17
95.3 2.2 1.22e-14 5.58e-18 1.28e-17
95.4 2.2 1.17e-14 5.33e-18 1.22e-17
95.5 2.2 1.12e-14 5.09e-18 1.17e-17
95.6 2.2 1.07e-14 4.87e-18 1.12e-17
95.7 2.2 1.02e-14 4.65e-18 1.07e-17
95.8 2.2 9.74e-15 4.45e-18 1.02e-17
95.9 2.2 9.31e-15 4.25e-18 9.74e-18
96 2.2 8.9e-15 4.06e-18 9.31e-18
96.1 2.2 8.5e-15 3.88e-18 8.89e-18
96.2 2.2 8.12e-15 3.71e-18 8.5e-18
96.3 2.2 7.76e-15 3.54e-18 8.12e-18
96.4 2.2 7.42e-15 3.38e-18 7.76e-18
96.5 2.2 7.09e-15 3.23e-18 7.41e-18
96.6 2.2 6.77e-15 3.09e-18 7.08e-18
96.7 2.2 6.47e-15 2.95e-18 6.77e-18
96.8 2.2 6.18e-15 2.82e-18 6.47e-18
96.9 2.2 5.91e-15 2.7e-18 6.18e-18
97 2.2 5.65e-15 2.58e-18 5.91e-18
97.1 2.2 5.4e-15 2.46e-18 5.64e-18
97.2 2.2 5.16e-15 2.35e-18 5.39e-18
97.3 2.2 4.93e-15 2.25e-18 5.15e-18
97.4 2.2 4.71e-15 2.15e-18 4.93e-18
97.5 2.2 4.5e-15 2.05e-18 4.71e-18
97.6 2.2 4.3e-15 1.96e-18 4.5e-18
97.7 2.2 4.11e-15 1.87e-18 4.3e-18
97.8 2.2 3.93e-15 1.79e-18 4.11e-18
97.9 2.2 3.75e-15 1.71e-18 3.92e-18
98 2.2 3.58e-15 1.64e-18 3.75e-18
98.1 2.2 3.43e-15 1.56e-18 3.58e-18
98.2 2.2 3.27e-15 1.49e-18 3.42e-18
98.3 2.2 3.13e-15 1.43e-18 3.27e-18
98.4 2.2 2.99e-15 1.36e-18 3.13e-18
98.5 2.2 2.86e-15 1.3e-18 2.99e-18
98.6 2.2 2.73e-15 1.24e-18 2.85e-18
98.7 2.2 2.61e-15 1.19e-18 2.73e-18
98.8 2.2 2.49e-15 1.14e-18 2.61e-18
98.9 2.2 2.38e-15 1.09e-18 2.49e-18
99 2.2 2.28e-15 1.04e-18 2.38e-18
99.1 2.2 2.17e-15 9.92e-19 2.27e-18
99.2 2.2 2.08e-15 9.48e-19 2.17e-18
99.3 2.2 1.99e-15 9.06e-19 2.08e-18
99.4 2.2 1.9e-15 8.65e-19 1.98e-18
99.5 2.2 1.81e-15 8.27e-19 1.9e-18
99.6 2.2 1.73e-15 7.9e-19 1.81e-18
99.7 2.2 1.66e-15 7.55e-19 1.73e-18
99.8 2.2 1.58e-15 7.22e-19 1.65e-18
99.9 2.2 1.51e-15 6.89e-19 1.58e-18
