-25 6 0.0324 1.1e-08 1.5e-08
-24.9 6 0.033 9.75e-09 1.32e-08
-24.8 6 0.0335 8.75e-09 1.12e-08
-24.7 6 0.034 7e-09 9e-09
-24.6 6 0.0346 5.75e-09 7.25e-09
-24.5 6 0.0351 5e-09 5e-09
-24.4 6 0.0357 3.25e-09 2.75e-09
-24.3 6 0.0363 1.75e-09 1.25e-09
-24.2 6 0.0369 2.25e-09 1.75e-09
-24.1 6 0.0375 3.25e-09 4.75e-09
-24 6 0.0381 3.5e-09 4.5e-09
-23.9 6 0.0387 1.75e-09 2.25e-09
-23.8 6 0.0393 2e-09 2e-09
-23.7 6 0.0399 1.25e-09 1.75e-09
-23.6 6 0.0406 1e-09 2e-09
-23.5 6 0.0412 1.25e-09 3.75e-09
-23.4 6 0.0419 1.75e-09 4.25e-09
-23.3 6 0.0425 2.75e-09 6.25e-09
-23.2 6 0.0432 7.75e-09 8.25e-09
-23.1 6 0.0439 5.7e-08 2.6e-08
-23 6 0.0446 1.62e-08 2.57e-08
-22.9 6 0.0453 1.4e-08 1.4e-08
-22.8 6 0.0461 1.43e-08 1.17e-08
-22.7 6 0.0468 1.57e-08 1.03e-08
-22.6 6 0.0475 1.72e-08 1.08e-08
-22.5 6 0.0483 1.85e-08 1.05e-08
-22.4 6 0.0491 2.02e-08 1.08e-08
-22.3 6 0.0498 2.2e-08 1.1e-08
-22.2 6 0.0506 2.42e-08 1.17e-08
-22.1 6 0.0514 2.6e-08 1.2e-08
-22 6 0.0522 2.83e-08 1.28e-08
-21.9 6 0.0531 3.03e-08 1.38e-08
-21.8 6 0.0539 3.23e-08 1.38e-08
-21.7 6 0.0547 3.42e-08 1.47e-08
-21.6 6 0.0556 3.6e-08 1.5e-08
-21.5 6 0.0565 3.85e-08 1.55e-08
-21.4 6 0.0574 4.07e-08 1.62e-08
-21.3 6 0.0583 4.33e-08 1.78e-08
-21.2 6 0.0592 4.6e-08 1.8e-08
-21.1 6 0.0601 4.82e-08 1.87e-08
-21 6 0.0611 5.05e-08 1.95e-08
-20.9 6 0.062 5.27e-08 2.02e-08
-20.8 6 0.063 5.55e-08 2.15e-08
-20.7 6 0.064 5.77e-08 2.23e-08
-20.6 6 0.065 6.1e-08 2.3e-08
-20.5 6 0.066 6.35e-08 2.35e-08
-20.4 6 0.067 6.63e-08 2.47e-08
-20.3 6 0.068 6.88e-08 2.53e-08
-20.2 6 0.0691 7.13e-08 2.57e-08
-20.1 6 0.0701 7.48e-08 2.72e-08
-20 6 0.0712 7.78e-08 2.83e-08
-19.9 6 0.0723 8.08e-08 2.93e-08
-19.8 6 0.0734 8.3e-08 3e-08
-19.7 6 0.0746 8.68e-08 3.12e-08
-19.6 6 0.0757 8.92e-08 3.18e-08
-19.5 6 0.0769 9.22e-08 3.27e-08
-19.4 6 0.0781 9.55e-08 3.35e-08
-19.3 6 0.0793 9.9e-08 3.5e-08
-19.2 6 0.0805 1.02e-07 3.57e-08
-19.1 6 0.0817 1.05e-07 3.65e-08
-19 6 0.0829 1.08e-07 3.75e-08
-18.9 6 0.0842 1.12e-07 3.83e-08
-18.8 6 0.0855 1.14e-07 3.95e-08
-18.7 6 0.0868 1.18e-07 4.02e-08
-18.6 6 0.0881 1.21e-07 4.1e-08
-18.5 6 0.0894 1.24e-07 4.2e-08
-18.4 6 0.0908 1.27e-07 4.3e-08
-18.3 6 0.0921 1.3e-07 4.37e-08
-18.2 6 0.0935 1.33e-07 4.55e-08
-18.1 6 0.0949 1.37e-07 4.65e-08
-18 6 0.0964 1.4e-07 4.82e-08
-17.9 6 0.0978 1.43e-07 5e-08
-17.8 6 0.0993 1.46e-07 5.17e-08
-17.7 6 0.101 1.52e-07 5.75e-08
-17.6 6 0.102 1.52e-07 5.75e-08
-17.5 6 0.104 1.52e-07 5.75e-08
-17.4 6 0.105 1.6e-07 6e-08
-17.3 6 0.107 1.63e-07 5.75e-08
-17.2 6 0.108 1.6e-07 6e-08
-17.1 6 0.11 1.68e-07 6.25e-08
-17 6 0.112 1.72e-07 6.75e-08
-16.9 6 0.113 1.75e-07 6.5e-08
-16.8 6 0.115 1.75e-07 6.5e-08
-16.7 6 0.117 1.77e-07 7.25e-08
-16.6 6 0.118 1.77e-07 7.25e-08
-16.5 6 0.12 1.85e-07 7.5e-08
-16.4 6 0.122 1.82e-07 7.75e-08
-16.3 6 0.124 1.85e-07 7.5e-08
-16.2 6 0.125 1.8e-07 8e-08
-16.1 6 0.127 1.88e-07 8.25e-08
-16 6 0.129 1.85e-07 8.5e-08
-15.9 6 0.131 1.93e-07 8.75e-08
-15.8 6 0.133 1.93e-07 8.75e-08
-15.7 6 0.135 1.85e-07 8.5e-08
-15.6 6 0.137 1.93e-07 9.75e-08
-15.5 6 0.138 1.85e-07 9.5e-08
-15.4 6 0.14 4.15e-07 3.45e-07
-15.3 6 0.142 4.77e-07 3.82e-07
-15.2 6 0.144 5.35e-07 4.15e-07
-15.1 6 0.146 6.02e-07 4.58e-07
-15 6 0.149 6.6e-07 4.9e-07
-14.9 6 0.151 8.28e-07 4.22e-07
-14.8 6 0.153 9e-07 4.4e-07
-14.7 6 0.155 5.73e-07 1.97e-07
-14.6 6 0.157 5.38e-07 2.32e-07
-14.5 6 0.159 1.97e-07 2.72e-07
-14.4 6 0.161 4.83e-06 2.02e-06
-14.3 6 0.164 5.73e-07 6.38e-07
-14.2 6 0.166 3.48e-07 2.32e-07
-14.1 6 0.168 2.98e-07 1.63e-07
-14 6 0.17 2.7e-07 1.3e-07
-13.9 6 0.173 2.53e-07 1.17e-07
-13.8 6 0.175 2.48e-07 1.02e-07
-13.7 6 0.177 2.35e-07 9.5e-08
-13.6 6 0.18 2.25e-07 8.5e-08
-13.5 6 0.182 2.25e-07 8.5e-08
-13.4 6 0.185 2.13e-07 7.75e-08
-13.3 6 0.187 2.05e-07 7.5e-08
-13.2 6 0.19 2e-07 7e-08
-13.1 6 0.192 2e-07 7e-08
-13 6 0.195 1.88e-07 6.25e-08
-12.9 6 0.197 1.88e-07 6.25e-08
-12.8 6 0.2 1.8e-07 6e-08
-12.7 6 0.202 1.75e-07 6.5e-08
-12.6 6 0.205 1.65e-07 5.5e-08
-12.5 6 0.208 1.6e-07 6e-08
-12.4 6 0.21 1.52e-07 5.75e-08
-12.3 6 0.213 1.47e-07 6.25e-08
-12.2 6 0.216 1.38e-07 5.25e-08
-12.1 6 0.219 1.33e-07 5.75e-08
-12 6 0.221 1.25e-07 5.5e-08
-11.9 6 0.224 1.17e-07 5.25e-08
-11.8 6 0.227 1.05e-07 4.5e-08
-11.7 6 0.23 9.75e-08 4.25e-08
-11.6 6 0.233 9.5e-08 4.5e-08
-11.5 6 0.236 8.75e-08 4.25e-08
-11.4 6 0.239 7.75e-08 4.25e-08
-11.3 6 0.241 6.5e-08 3.5e-08
-11.2 6 0.244 5.75e-08 3.25e-08
-11.1 6 0.247 1e-07 4e-08
-11 6 0.25 7.5e-08 3.5e-08
-10.9 6 0.254 4e-08 2e-08
-10.8 6 0.257 2.5e-09 7.5e-09
-10.7 6 0.26 1.5e-08 2.5e-08
-10.6 6 0.263 1.5e-08 5e-09
-10.5 6 0.266 2e-08 1e-08
-10.4 6 0.269 3.25e-08 1.75e-08
-10.3 6 0.272 6.5e-08 9.5e-08
-10.2 6 0.275 1.68e-07 1.02e-07
-10.1 6 0.279 7.75e-08 8.25e-08
-10 6 0.282 6.25e-08 8.75e-08
-9.9 6 0.285 5.75e-08 9.25e-08
-9.8 6 0.289 5.75e-08 1.02e-07
-9.7 6 0.292 6.25e-08 1.17e-07
-9.6 6 0.295 6e-08 1.3e-07
-9.5 6 0.299 6e-08 1.4e-07
-9.4 6 0.302 6.5e-08 1.55e-07
-9.3 6 0.305 6.75e-08 1.63e-07
-9.2 6 0.309 7.5e-08 1.75e-07
-9.1 6 0.312 7.5e-08 1.85e-07
-9 6 0.316 7.75e-08 2.02e-07
-8.9 6 0.319 8.25e-08 2.07e-07
-8.8 6 0.323 9e-08 2.2e-07
-8.7 6 0.326 9.5e-08 2.25e-07
-8.6 6 0.33 1.25e-07 2.15e-07
-8.5 6 0.333 2.07e-07 3.03e-07
-8.4 6 0.337 1.27e-07 2.93e-07
-8.3 6 0.34 1.15e-07 2.95e-07
-8.2 6 0.344 1.05e-07 3.05e-07
-8.1 6 0.348 1.1e-07 3.2e-07
-8 6 0.351 1.17e-07 3.22e-07
-7.9 6 0.355 1.25e-07 3.45e-07
-7.8 6 0.358 1.3e-07 3.5e-07
-7.7 6 0.362 1.35e-07 3.65e-07
-7.6 6 0.366 1.4e-07 3.7e-07
-7.5 6 0.37 1.5e-07 3.8e-07
-7.4 6 0.373 1.5e-07 3.9e-07
-7.3 6 0.377 1.58e-07 4.03e-07
-7.2 6 0.381 1.68e-07 4.13e-07
-7.1 6 0.385 1.75e-07 4.25e-07
-7 6 0.388 1.77e-07 4.32e-07
-6.9 6 0.392 1.8e-07 4.4e-07
-6.8 6 0.396 1.82e-07 4.48e-07
-6.7 6 0.4 1.93e-07 4.58e-07
-6.6 6 0.403 1.95e-07 4.65e-07
-6.5 6 0.407 2e-07 4.8e-07
-6.4 6 0.411 2.05e-07 4.85e-07
-6.3 6 0.415 2.1e-07 4.9e-07
-6.2 6 0.419 2.13e-07 4.98e-07
-6.1 6 0.423 2.2e-07 5e-07
-6 6 0.427 2.22e-07 5.08e-07
-5.9 6 0.43 2.25e-07 5.15e-07
-5.8 6 0.434 2.27e-07 5.22e-07
-5.7 6 0.438 2.38e-07 5.32e-07
-5.6 6 0.442 2.35e-07 5.35e-07
-5.5 6 0.446 2.4e-07 5.3e-07
-5.4 6 0.45 2.4e-07 5.4e-07
-5.3 6 0.454 2.48e-07 5.42e-07
-5.2 6 0.458 2.55e-07 5.45e-07
-5.1 6 0.462 2.53e-07 5.48e-07
-5 6 0.466 2.55e-07 5.45e-07
-4.9 6 0.469 2.58e-07 5.53e-07
-4.8 6 0.473 2.58e-07 5.53e-07
-4.7 6 0.477 2.58e-07 5.53e-07
-4.6 6 0.481 2.58e-07 5.53e-07
-4.5 6 0.485 2.65e-07 5.55e-07
-4.4 6 0.489 2.58e-07 5.53e-07
-4.3 6 0.493 2.58e-07 5.53e-07
-4.2 6 0.497 2.65e-07 5.55e-07
-4.1 6 0.501 2.62e-07 5.48e-07
-4 6 0.505 2.62e-07 5.48e-07
-3.9 6 0.509 2.6e-07 5.4e-07
-3.8 6 0.512 2.6e-07 5.4e-07
-3.7 6 0.516 2.6e-07 5.4e-07
-3.6 6 0.52 2.58e-07 5.32e-07
-3.5 6 0.524 2.55e-07 5.25e-07
-3.4 6 0.528 2.55e-07 5.25e-07
-3.3 6 0.532 2.53e-07 5.18e-07
-3.2 6 0.536 2.58e-07 5.12e-07
-3.1 6 0.54 2.53e-07 5.08e-07
-3 6 0.543 2.45e-07 4.95e-07
-2.9 6 0.547 2.5e-07 4.9e-07
-2.8 6 0.551 2.48e-07 4.83e-07
-2.7 6 0.555 2.45e-07 4.75e-07
-2.6 6 0.559 2.45e-07 4.65e-07
-2.5 6 0.563 2.43e-07 4.58e-07
-2.4 6 0.566 2.35e-07 4.45e-07
-2.3 6 0.57 2.35e-07 4.35e-07
-2.2 6 0.574 2.35e-07 4.25e-07
-2.1 6 0.578 2.27e-07 4.13e-07
-2 6 0.581 2.27e-07 3.93e-07
-1.9 6 0.585 2.27e-07 3.82e-07
-1.8 6 0.589 2.27e-07 3.63e-07
-1.7 6 0.592 2.98e-07 7.32e-07
-1.6 6 0.596 2.7e-07 6.7e-07
-1.5 6 0.6 2.55e-07 6.05e-07
-1.4 6 0.603 2.38e-07 5.02e-07
-1.3 6 0.607 5.75e-07 9.65e-07
-1.2 6 0.611 1.06e-06 5.15e-07
-1.1 6 0.614 1.06e-06 8.65e-07
-1 6 0.618 4.05e-07 5.75e-07
-0.9 6 0.621 3.5e-07 4.3e-07
-0.8 6 0.625 2.93e-07 3.67e-07
-0.7 6 0.628 2.45e-07 3.15e-07
-0.6 6 0.632 2.13e-07 2.67e-07
-0.5 6 0.635 1.77e-07 2.22e-07
-0.4 6 0.639 1.5e-07 1.8e-07
-0.3 6 0.642 1.15e-07 1.35e-07
-0.2 6 0.646 9e-08 9e-08
-0.1 6 0.649 6.5e-08 6.5e-08
2.31e-14 6 0.652 3.75e-08 5.25e-08
0.1 6 0.656 5.75e-08 1.72e-07
0.2 6 0.659 6e-08 1.6e-07
0.3 6 0.662 4.75e-08 1.43e-07
0.4 6 0.666 4.25e-08 1.27e-07
0.5 6 0.669 4e-08 1.2e-07
0.6 6 0.672 4e-08 1e-07
0.7 6 0.675 3.5e-08 8.5e-08
0.8 6 0.679 5.25e-08 7.75e-08
0.9 6 0.682 2.75e-08 5.25e-08
1 6 0.685 2e-08 4e-08
1.1 6 0.688 1.5e-08 2.5e-08
1.2 6 0.691 1.25e-08 7.5e-09
1.3 6 0.694 5e-09 5e-09
1.4 6 0.697 2.25e-08 1.75e-08
1.5 6 0.7 3.25e-08 1.75e-08
1.6 6 0.703 5e-08 3e-08
1.7 6 0.706 6e-08 3e-08
1.8 6 0.709 6.5e-08 5.5e-08
1.9 6 0.712 9e-08 4e-08
2 6 0.715 1.08e-07 5.25e-08
2.1 6 0.717 1.17e-07 5.25e-08
2.2 6 0.72 1.3e-07 6e-08
2.3 6 0.723 1.43e-07 6.75e-08
2.4 6 0.726 1.58e-07 7.25e-08
2.5 6 0.728 1.72e-07 7.75e-08
2.6 6 0.731 1.88e-07 8.25e-08
2.7 6 0.734 2e-07 9e-08
2.8 6 0.736 2.1e-07 9e-08
2.9 6 0.739 2.2e-07 1e-07
3 6 0.742 2.4e-07 1e-07
3.1 6 0.744 2.5e-07 1.1e-07
3.2 6 0.747 2.58e-07 1.12e-07
3.3 6 0.749 2.72e-07 1.17e-07
3.4 6 0.752 2.88e-07 1.22e-07
3.5 6 0.754 2.95e-07 1.25e-07
3.6 6 0.756 3.03e-07 1.27e-07
3.7 6 0.759 3.17e-07 1.33e-07
3.8 6 0.761 3.27e-07 1.43e-07
3.9 6 0.763 3.4e-07 1.4e-07
4 6 0.766 3.48e-07 1.43e-07
4.1 6 0.768 3.63e-07 1.47e-07
4.2 6 0.77 3.65e-07 1.55e-07
4.3 6 0.772 3.72e-07 1.58e-07
4.4 6 0.774 3.87e-07 1.63e-07
4.5 6 0.776 3.95e-07 1.65e-07
4.6 6 0.778 4.08e-07 1.63e-07
4.7 6 0.78 4.15e-07 1.65e-07
4.8 6 0.782 4.25e-07 1.75e-07
4.9 6 0.784 4.32e-07 1.77e-07
5 6 0.786 4.4e-07 1.8e-07
5.1 6 0.788 4.48e-07 1.82e-07
5.2 6 0.79 4.6e-07 1.8e-07
5.3 6 0.792 4.63e-07 1.88e-07
5.4 6 0.794 4.7e-07 1.9e-07
5.5 6 0.796 4.77e-07 1.93e-07
5.6 6 0.797 4.85e-07 1.95e-07
5.7 6 0.799 4.93e-07 1.97e-07
5.8 6 0.801 5e-07 2e-07
5.9 6 0.802 5e-07 2e-07
6 6 0.804 5.08e-07 2.02e-07
6.1 6 0.806 5.22e-07 2.07e-07
6.2 6 0.807 5.22e-07 2.07e-07
6.3 6 0.809 5.3e-07 2.1e-07
6.4 6 0.81 5.3e-07 2.1e-07
6.5 6 0.812 5.38e-07 2.13e-07
6.6 6 0.813 5.45e-07 2.15e-07
6.7 6 0.814 5.45e-07 2.15e-07
6.8 6 0.816 5.53e-07 2.18e-07
6.9 6 0.817 5.57e-07 2.13e-07
7 6 0.818 5.6e-07 2.2e-07
7.1 6 0.82 5.7e-07 2.2e-07
7.2 6 0.821 5.7e-07 2.2e-07
7.3 6 0.822 5.75e-07 2.25e-07
7.4 6 0.823 5.83e-07 2.27e-07
7.5 6 0.824 5.83e-07 2.27e-07
7.6 6 0.826 5.83e-07 2.27e-07
7.7 6 0.827 5.9e-07 2.3e-07
7.8 6 0.828 5.97e-07 2.32e-07
7.9 6 0.829 5.97e-07 2.32e-07
8 6 0.83 6.02e-07 2.27e-07
8.1 6 0.831 6.05e-07 2.35e-07
8.2 6 0.831 6.05e-07 2.35e-07
8.3 6 0.832 6.05e-07 2.35e-07
8.4 6 0.833 6.1e-07 2.3e-07
8.5 6 0.834 6.12e-07 2.38e-07
8.6 6 0.835 6.12e-07 2.38e-07
8.7 6 0.836 6.2e-07 2.4e-07
8.8 6 0.836 6.2e-07 2.4e-07
8.9 6 0.837 6.25e-07 2.35e-07
9 6 0.838 6.25e-07 2.35e-07
9.1 6 0.838 6.2e-07 2.4e-07
9.2 6 0.839 6.28e-07 2.43e-07
9.3 6 0.839 6.28e-07 2.43e-07
9.4 6 0.84 6.25e-07 2.35e-07
9.5 6 0.84 6.32e-07 2.38e-07
9.6 6 0.841 6.28e-07 2.43e-07
9.7 6 0.841 6.35e-07 2.45e-07
9.8 6 0.842 6.35e-07 2.45e-07
9.9 6 0.842 6.4e-07 2.4e-07
10 6 0.842 6.4e-07 2.4e-07
10.1 6 0.843 6.4e-07 2.4e-07
10.2 6 0.843 6.4e-07 2.4e-07
10.3 6 0.843 6.35e-07 2.45e-07
10.4 6 0.843 6.4e-07 2.4e-07
10.5 6 0.844 6.4e-07 2.4e-07
10.6 6 0.844 6.4e-07 2.4e-07
10.7 6 0.844 6.35e-07 2.45e-07
10.8 6 0.844 6.4e-07 2.4e-07
10.9 6 0.844 6.4e-07 2.4e-07
11 6 0.844 6.4e-07 2.4e-07
11.1 6 0.844 6.4e-07 2.4e-07
11.2 6 0.844 6.4e-07 2.4e-07
11.3 6 0.844 6.35e-07 2.45e-07
11.4 6 0.844 6.4e-07 2.4e-07
11.5 6 0.844 6.4e-07 2.4e-07
11.6 6 0.843 6.4e-07 2.4e-07
11.7 6 0.843 6.35e-07 2.45e-07
11.8 6 0.843 6.4e-07 2.4e-07
11.9 6 0.843 6.4e-07 2.4e-07
12 6 0.842 6.4e-07 2.4e-07
12.1 6 0.842 6.4e-07 2.4e-07
12.2 6 0.842 6.35e-07 2.45e-07
12.3 6 0.841 6.35e-07 2.45e-07
12.4 6 0.841 6.28e-07 2.43e-07
12.5 6 0.84 6.32e-07 2.38e-07
12.6 6 0.84 6.25e-07 2.35e-07
12.7 6 0.839 6.28e-07 2.43e-07
12.8 6 0.839 6.28e-07 2.43e-07
12.9 6 0.838 6.2e-07 2.4e-07
13 6 0.838 6.25e-07 2.35e-07
13.1 6 0.837 6.25e-07 2.35e-07
13.2 6 0.836 6.2e-07 2.4e-07
13.3 6 0.836 6.2e-07 2.4e-07
13.4 6 0.835 6.12e-07 2.38e-07
13.5 6 0.834 6.12e-07 2.38e-07
13.6 6 0.833 6.1e-07 2.3e-07
13.7 6 0.832 6.05e-07 2.35e-07
13.8 6 0.831 6.05e-07 2.35e-07
13.9 6 0.831 6.05e-07 2.35e-07
14 6 0.83 6.02e-07 2.27e-07
14.1 6 0.829 5.97e-07 2.32e-07
14.2 6 0.828 5.97e-07 2.32e-07
14.3 6 0.827 5.9e-07 2.3e-07
14.4 6 0.826 5.83e-07 2.27e-07
14.5 6 0.824 5.83e-07 2.27e-07
14.6 6 0.823 5.83e-07 2.27e-07
14.7 6 0.822 5.75e-07 2.25e-07
14.8 6 0.821 5.7e-07 2.2e-07
14.9 6 0.82 5.7e-07 2.2e-07
15 6 0.818 5.6e-07 2.2e-07
15.1 6 0.817 5.57e-07 2.13e-07
15.2 6 0.816 5.53e-07 2.18e-07
15.3 6 0.814 5.45e-07 2.15e-07
15.4 6 0.813 5.45e-07 2.15e-07
15.5 6 0.812 5.38e-07 2.13e-07
15.6 6 0.81 5.3e-07 2.1e-07
15.7 6 0.809 5.3e-07 2.1e-07
15.8 6 0.807 5.22e-07 2.07e-07
15.9 6 0.806 5.22e-07 2.07e-07
16 6 0.804 5.08e-07 2.02e-07
16.1 6 0.802 5e-07 2e-07
16.2 6 0.801 5e-07 2e-07
16.3 6 0.799 4.93e-07 1.97e-07
16.4 6 0.797 4.85e-07 1.95e-07
16.5 6 0.796 4.77e-07 1.93e-07
16.6 6 0.794 4.7e-07 1.9e-07
16.7 6 0.792 4.63e-07 1.88e-07
16.8 6 0.79 4.6e-07 1.8e-07
16.9 6 0.788 4.48e-07 1.82e-07
17 6 0.786 4.4e-07 1.8e-07
17.1 6 0.784 4.32e-07 1.77e-07
17.2 6 0.782 4.25e-07 1.75e-07
17.3 6 0.78 4.15e-07 1.65e-07
17.4 6 0.778 4.08e-07 1.63e-07
17.5 6 0.776 3.95e-07 1.65e-07
17.6 6 0.774 3.87e-07 1.63e-07
17.7 6 0.772 3.72e-07 1.58e-07
17.8 6 0.77 3.65e-07 1.55e-07
17.9 6 0.768 3.63e-07 1.47e-07
18 6 0.766 3.48e-07 1.43e-07
18.1 6 0.763 3.4e-07 1.4e-07
18.2 6 0.761 3.27e-07 1.43e-07
18.3 6 0.759 3.17e-07 1.33e-07
18.4 6 0.756 3.03e-07 1.27e-07
18.5 6 0.754 2.95e-07 1.25e-07
18.6 6 0.752 2.88e-07 1.22e-07
18.7 6 0.749 2.72e-07 1.17e-07
18.8 6 0.747 2.58e-07 1.12e-07
18.9 6 0.744 2.5e-07 1.1e-07
19 6 0.742 2.4e-07 1e-07
19.1 6 0.739 2.2e-07 1e-07
19.2 6 0.736 2.1e-07 9e-08
19.3 6 0.734 2e-07 9e-08
19.4 6 0.731 1.88e-07 8.25e-08
19.5 6 0.728 1.72e-07 7.75e-08
19.6 6 0.726 1.58e-07 7.25e-08
19.7 6 0.723 1.43e-07 6.75e-08
19.8 6 0.72 1.3e-07 6e-08
19.9 6 0.717 1.17e-07 5.25e-08
20 6 0.715 1.08e-07 5.25e-08
20.1 6 0.712 9e-08 4e-08
20.2 6 0.709 6.5e-08 5.5e-08
20.3 6 0.706 6e-08 3e-08
20.4 6 0.703 5e-08 3e-08
20.5 6 0.7 3.25e-08 1.75e-08
20.6 6 0.697 2.25e-08 1.75e-08
20.7 6 0.694 5e-09 5e-09
20.8 6 0.691 1.25e-08 7.5e-09
20.9 6 0.688 1.5e-08 2.5e-08
21 6 0.685 2e-08 4e-08
21.1 6 0.682 2.75e-08 5.25e-08
21.2 6 0.679 5.25e-08 7.75e-08
21.3 6 0.675 3.5e-08 8.5e-08
21.4 6 0.672 4e-08 1e-07
21.5 6 0.669 4e-08 1.2e-07
21.6 6 0.666 4.25e-08 1.27e-07
21.7 6 0.662 4.75e-08 1.43e-07
21.8 6 0.659 6e-08 1.6e-07
21.9 6 0.656 5.75e-08 1.72e-07
22 6 0.652 3.75e-08 5.25e-08
22.1 6 0.649 6.5e-08 6.5e-08
22.2 6 0.646 9e-08 9e-08
22.3 6 0.642 1.15e-07 1.35e-07
22.4 6 0.639 1.5e-07 1.8e-07
22.5 6 0.635 1.77e-07 2.22e-07
22.6 6 0.632 2.13e-07 2.67e-07
22.7 6 0.628 2.45e-07 3.15e-07
22.8 6 0.625 2.93e-07 3.67e-07
22.9 6 0.621 3.5e-07 4.3e-07
23 6 0.618 4.05e-07 5.75e-07
23.1 6 0.614 1.06e-06 8.65e-07
23.2 6 0.611 1.06e-06 5.15e-07
23.3 6 0.607 5.75e-07 9.65e-07
23.4 6 0.603 2.38e-07 5.02e-07
23.5 6 0.6 2.55e-07 6.05e-07
23.6 6 0.596 2.7e-07 6.7e-07
23.7 6 0.592 2.98e-07 7.32e-07
23.8 6 0.589 2.27e-07 3.63e-07
23.9 6 0.585 2.27e-07 3.82e-07
24 6 0.581 2.27e-07 3.93e-07
24.1 6 0.578 2.27e-07 4.13e-07
24.2 6 0.574 2.35e-07 4.25e-07
24.3 6 0.57 2.35e-07 4.35e-07
24.4 6 0.566 2.35e-07 4.45e-07
24.5 6 0.563 2.43e-07 4.58e-07
24.6 6 0.559 2.45e-07 4.65e-07
24.7 6 0.555 2.45e-07 4.75e-07
24.8 6 0.551 2.48e-07 4.83e-07
24.9 6 0.547 2.5e-07 4.9e-07
25 6 0.543 2.45e-07 4.95e-07
25.1 6 0.54 2.53e-07 5.08e-07
25.2 6 0.536 2.58e-07 5.12e-07
25.3 6 0.532 2.53e-07 5.18e-07
25.4 6 0.528 2.55e-07 5.25e-07
25.5 6 0.524 2.55e-07 5.25e-07
25.6 6 0.52 2.58e-07 5.32e-07
25.7 6 0.516 2.6e-07 5.4e-07
25.8 6 0.512 2.6e-07 5.4e-07
25.9 6 0.509 2.6e-07 5.4e-07
26 6 0.505 2.62e-07 5.48e-07
26.1 6 0.501 2.62e-07 5.48e-07
26.2 6 0.497 2.65e-07 5.55e-07
26.3 6 0.493 2.58e-07 5.53e-07
26.4 6 0.489 2.58e-07 5.53e-07
26.5 6 0.485 2.65e-07 5.55e-07
26.6 6 0.481 2.58e-07 5.53e-07
26.7 6 0.477 2.58e-07 5.53e-07
26.8 6 0.473 2.58e-07 5.53e-07
26.9 6 0.469 2.58e-07 5.53e-07
27 6 0.466 2.55e-07 5.45e-07
27.1 6 0.462 2.53e-07 5.48e-07
27.2 6 0.458 2.55e-07 5.45e-07
27.3 6 0.454 2.48e-07 5.42e-07
27.4 6 0.45 2.4e-07 5.4e-07
27.5 6 0.446 2.4e-07 5.3e-07
27.6 6 0.442 2.35e-07 5.35e-07
27.7 6 0.438 2.38e-07 5.32e-07
27.8 6 0.434 2.27e-07 5.22e-07
27.9 6 0.43 2.25e-07 5.15e-07
28 6 0.427 2.22e-07 5.08e-07
28.1 6 0.423 2.2e-07 5e-07
28.2 6 0.419 2.13e-07 4.98e-07
28.3 6 0.415 2.1e-07 4.9e-07
28.4 6 0.411 2.05e-07 4.85e-07
28.5 6 0.407 2e-07 4.8e-07
28.6 6 0.403 1.95e-07 4.65e-07
28.7 6 0.4 1.93e-07 4.58e-07
28.8 6 0.396 1.82e-07 4.48e-07
28.9 6 0.392 1.8e-07 4.4e-07
29 6 0.388 1.77e-07 4.32e-07
29.1 6 0.385 1.75e-07 4.25e-07
29.2 6 0.381 1.68e-07 4.13e-07
29.3 6 0.377 1.58e-07 4.03e-07
29.4 6 0.373 1.5e-07 3.9e-07
29.5 6 0.37 1.5e-07 3.8e-07
29.6 6 0.366 1.4e-07 3.7e-07
29.7 6 0.362 1.35e-07 3.65e-07
29.8 6 0.358 1.3e-07 3.5e-07
29.9 6 0.355 1.25e-07 3.45e-07
30 6 0.351 1.17e-07 3.22e-07
30.1 6 0.348 1.1e-07 3.2e-07
30.2 6 0.344 1.05e-07 3.05e-07
30.3 6 0.34 1.15e-07 2.95e-07
30.4 6 0.337 1.27e-07 2.93e-07
30.5 6 0.333 2.07e-07 3.03e-07
30.6 6 0.33 1.25e-07 2.15e-07
30.7 6 0.326 9.5e-08 2.25e-07
30.8 6 0.323 9e-08 2.2e-07
30.9 6 0.319 8.25e-08 2.07e-07
31 6 0.316 7.75e-08 2.02e-07
31.1 6 0.312 7.5e-08 1.85e-07
31.2 6 0.309 7.5e-08 1.75e-07
31.3 6 0.305 6.75e-08 1.63e-07
31.4 6 0.302 6.5e-08 1.55e-07
31.5 6 0.299 6e-08 1.4e-07
31.6 6 0.295 6e-08 1.3e-07
31.7 6 0.292 6.25e-08 1.17e-07
31.8 6 0.289 5.75e-08 1.02e-07
31.9 6 0.285 5.75e-08 9.25e-08
32 6 0.282 6.25e-08 8.75e-08
32.1 6 0.279 7.75e-08 8.25e-08
32.2 6 0.275 1.68e-07 1.02e-07
32.3 6 0.272 6.5e-08 9.5e-08
32.4 6 0.269 3.25e-08 1.75e-08
32.5 6 0.266 2e-08 1e-08
32.6 6 0.263 1.5e-08 5e-09
32.7 6 0.26 1.5e-08 2.5e-08
32.8 6 0.257 2.5e-09 7.5e-09
32.9 6 0.254 4e-08 2e-08
33 6 0.25 7.5e-08 3.5e-08
33.1 6 0.247 1e-07 4e-08
33.2 6 0.244 5.75e-08 3.25e-08
33.3 6 0.241 6.5e-08 3.5e-08
33.4 6 0.239 7.75e-08 4.25e-08
33.5 6 0.236 8.75e-08 4.25e-08
33.6 6 0.233 9.5e-08 4.5e-08
33.7 6 0.23 9.75e-08 4.25e-08
33.8 6 0.227 1.05e-07 4.5e-08
33.9 6 0.224 1.17e-07 5.25e-08
34 6 0.221 1.25e-07 5.5e-08
34.1 6 0.219 1.33e-07 5.75e-08
34.2 6 0.216 1.38e-07 5.25e-08
34.3 6 0.213 1.47e-07 6.25e-08
34.4 6 0.21 1.52e-07 5.75e-08
34.5 6 0.208 1.6e-07 6e-08
34.6 6 0.205 1.65e-07 5.5e-08
34.7 6 0.202 1.75e-07 6.5e-08
34.8 6 0.2 1.8e-07 6e-08
34.9 6 0.197 1.88e-07 6.25e-08
35 6 0.195 1.88e-07 6.25e-08
35.1 6 0.192 2e-07 7e-08
35.2 6 0.19 2e-07 7e-08
35.3 6 0.187 2.05e-07 7.5e-08
35.4 6 0.185 2.13e-07 7.75e-08
35.5 6 0.182 2.25e-07 8.5e-08
35.6 6 0.18 2.25e-07 8.5e-08
35.7 6 0.177 2.35e-07 9.5e-08
35.8 6 0.175 2.48e-07 1.02e-07
35.9 6 0.173 2.53e-07 1.17e-07
36 6 0.17 2.7e-07 1.3e-07
36.1 6 0.168 2.98e-07 1.63e-07
36.2 6 0.166 3.48e-07 2.32e-07
36.3 6 0.164 5.73e-07 6.38e-07
36.4 6 0.161 4.83e-06 2.02e-06
36.5 6 0.159 1.97e-07 2.72e-07
36.6 6 0.157 5.38e-07 2.32e-07
36.7 6 0.155 5.73e-07 1.97e-07
36.8 6 0.153 9e-07 4.4e-07
36.9 6 0.151 8.28e-07 4.22e-07
37 6 0.149 6.6e-07 4.9e-07
37.1 6 0.146 6.02e-07 4.58e-07
37.2 6 0.144 5.35e-07 4.15e-07
37.3 6 0.142 4.77e-07 3.82e-07
37.4 6 0.14 4.15e-07 3.45e-07
37.5 6 0.138 1.85e-07 9.5e-08
37.6 6 0.137 1.93e-07 9.75e-08
37.7 6 0.135 1.85e-07 8.5e-08
37.8 6 0.133 1.93e-07 8.75e-08
37.9 6 0.131 1.93e-07 8.75e-08
38 6 0.129 1.85e-07 8.5e-08
38.1 6 0.127 1.88e-07 8.25e-08
38.2 6 0.125 1.8e-07 8e-08
38.3 6 0.124 1.85e-07 7.5e-08
38.4 6 0.122 1.82e-07 7.75e-08
38.5 6 0.12 1.85e-07 7.5e-08
38.6 6 0.118 1.77e-07 7.25e-08
38.7 6 0.117 1.77e-07 7.25e-08
38.8 6 0.115 1.75e-07 6.5e-08
38.9 6 0.113 1.75e-07 6.5e-08
39 6 0.112 1.72e-07 6.75e-08
39.1 6 0.11 1.68e-07 6.25e-08
39.2 6 0.108 1.6e-07 6e-08
39.3 6 0.107 1.63e-07 5.75e-08
39.4 6 0.105 1.6e-07 6e-08
39.5 6 0.104 1.52e-07 5.75e-08
39.6 6 0.102 1.52e-07 5.75e-08
39.7 6 0.101 1.52e-07 5.75e-08
39.8 6 0.0993 1.46e-07 5.17e-08
39.9 6 0.0978 1.43e-07 5e-08
40 6 0.0964 1.4e-07 4.82e-08
40.1 6 0.0949 1.37e-07 4.65e-08
40.2 6 0.0935 1.33e-07 4.55e-08
40.3 6 0.0921 1.3e-07 4.37e-08
40.4 6 0.0908 1.27e-07 4.3e-08
40.5 6 0.0894 1.24e-07 4.2e-08
40.6 6 0.0881 1.21e-07 4.1e-08
40.7 6 0.0868 1.18e-07 4.02e-08
40.8 6 0.0855 1.14e-07 3.95e-08
40.9 6 0.0842 1.12e-07 3.83e-08
41 6 0.0829 1.08e-07 3.75e-08
41.1 6 0.0817 1.05e-07 3.65e-08
41.2 6 0.0805 1.02e-07 3.57e-08
41.3 6 0.0793 9.9e-08 3.5e-08
41.4 6 0.0781 9.55e-08 3.35e-08
41.5 6 0.0769 9.22e-08 3.27e-08
41.6 6 0.0757 8.92e-08 3.18e-08
41.7 6 0.0746 8.68e-08 3.12e-08
41.8 6 0.0734 8.3e-08 3e-08
41.9 6 0.0723 8.08e-08 2.93e-08
42 6 0.0712 7.78e-08 2.83e-08
42.1 6 0.0701 7.48e-08 2.72e-08
42.2 6 0.0691 7.13e-08 2.57e-08
42.3 6 0.068 6.88e-08 2.53e-08
42.4 6 0.067 6.63e-08 2.47e-08
42.5 6 0.066 6.35e-08 2.35e-08
42.6 6 0.065 6.1e-08 2.3e-08
42.7 6 0.064 5.77e-08 2.23e-08
42.8 6 0.063 5.55e-08 2.15e-08
42.9 6 0.062 5.27e-08 2.02e-08
43 6 0.0611 5.05e-08 1.95e-08
43.1 6 0.0601 4.82e-08 1.87e-08
43.2 6 0.0592 4.6e-08 1.8e-08
43.3 6 0.0583 4.33e-08 1.78e-08
43.4 6 0.0574 4.07e-08 1.62e-08
43.5 6 0.0565 3.85e-08 1.55e-08
43.6 6 0.0556 3.6e-08 1.5e-08
43.7 6 0.0547 3.42e-08 1.47e-08
43.8 6 0.0539 3.23e-08 1.38e-08
43.9 6 0.0531 3.03e-08 1.38e-08
44 6 0.0522 2.83e-08 1.28e-08
44.1 6 0.0514 2.6e-08 1.2e-08
44.2 6 0.0506 2.42e-08 1.17e-08
44.3 6 0.0498 2.2e-08 1.1e-08
44.4 6 0.0491 2.02e-08 1.08e-08
44.5 6 0.0483 1.85e-08 1.05e-08
44.6 6 0.0475 1.72e-08 1.08e-08
44.7 6 0.0468 1.57e-08 1.03e-08
44.8 6 0.0461 1.43e-08 1.17e-08
44.9 6 0.0453 1.4e-08 1.4e-08
45 6 0.0446 1.62e-08 2.57e-08
45.1 6 0.0439 5.7e-08 2.6e-08
45.2 6 0.0432 7.75e-09 8.25e-09
45.3 6 0.0425 2.75e-09 6.25e-09
45.4 6 0.0419 1.75e-09 4.25e-09
45.5 6 0.0412 1.25e-09 3.75e-09
45.6 6 0.0406 1e-09 2e-09
45.7 6 0.0399 1.25e-09 1.75e-09
45.8 6 0.0393 2e-09 2e-09
45.9 6 0.0387 1.75e-09 2.25e-09
46 6 0.0381 3.5e-09 4.5e-09
46.1 6 0.0375 3.25e-09 4.75e-09
46.2 6 0.0369 2.25e-09 1.75e-09
46.3 6 0.0363 1.75e-09 1.25e-09
46.4 6 0.0357 3.25e-09 2.75e-09
46.5 6 0.0351 5e-09 5e-09
46.6 6 0.0346 5.75e-09 7.25e-09
46.7 6 0.034 7e-09 9e-09
46.8 6 0.0335 8.75e-09 1.12e-08
46.9 6 0.033 9.75e-09 1.32e-08
47 6 0.0324 1.1e-08 1.5e-08
47.1 6 0.0319 9.5e-09 1.95e-08
47.2 6 0.0314 1.05e-08 2.15e-08
47.3 6 0.0309 1.12e-08 2.38e-08
47.4 6 0.0304 1.23e-08 2.57e-08
47.5 6 0.0299 1.28e-08 2.72e-08
47.6 6 0.0295 1.35e-08 2.95e-08
47.7 6 0.029 1.38e-08 3.12e-08
47.8 6 0.0285 1.45e-08 3.25e-08
47.9 6 0.0281 1.5e-08 3.4e-08
48 6 0.0276 1.62e-08 3.57e-08
48.1 6 0.0272 1.65e-08 3.65e-08
48.2 6 0.0267 1.72e-08 3.77e-08
48.3 6 0.0263 1.72e-08 3.87e-08
48.4 6 0.0259 8.25e-09 2.08e-08
48.5 6 0.0255 8e-09 2.1e-08
48.6 6 0.0251 8e-09 2.1e-08
48.7 6 0.0247 8e-09 2.2e-08
48.8 6 0.0243 8.25e-09 2.17e-08
48.9 6 0.0239 8.5e-09 2.25e-08
49 6 0.0235 8.75e-09 2.23e-08
49.1 6 0.0231 8.25e-09 2.27e-08
49.2 6 0.0227 8.75e-09 2.32e-08
49.3 6 0.0224 8e-09 2.3e-08
49.4 6 0.022 8e-09 2.3e-08
49.5 6 0.0217 8.5e-09 2.35e-08
49.6 6 0.0213 8.5e-09 2.35e-08
49.7 6 0.021 8.5e-09 2.35e-08
49.8 6 0.0206 8e-09 2.4e-08
49.9 6 0.0203 8.5e-09 2.35e-08
50 6 0.02 8.75e-09 2.42e-08
50.1 6 0.0196 8.75e-09 2.42e-08
50.2 6 0.0193 8.25e-09 2.38e-08
50.3 6 0.019 8e-09 2.4e-08
50.4 6 0.0187 8.75e-09 2.42e-08
50.5 6 0.0184 8.75e-09 2.42e-08
50.6 6 0.0181 8e-09 2.4e-08
50.7 6 0.0178 8.5e-09 2.45e-08
50.8 6 0.0175 8.5e-09 2.45e-08
50.9 6 0.0172 8.75e-09 2.42e-08
51 6 0.017 8e-09 2.4e-08
51.1 6 0.0167 8e-09 2.4e-08
51.2 6 0.0164 8.5e-09 2.35e-08
51.3 6 0.0161 8.5e-09 2.35e-08
51.4 6 0.0159 7.75e-09 2.32e-08
51.5 6 0.0156 8e-09 2.4e-08
51.6 6 0.0154 8e-09 2.4e-08
51.7 6 0.0151 8.25e-09 2.38e-08
51.8 6 0.0149 8.5e-09 2.35e-08
51.9 6 0.0146 7.75e-09 2.32e-08
52 6 0.0144 7.75e-09 2.32e-08
52.1 6 0.0142 7.75e-09 2.32e-08
52.2 6 0.0139 7.5e-09 2.25e-08
52.3 6 0.0137 7.75e-09 2.32e-08
52.4 6 0.0135 7.5e-09 2.25e-08
52.5 6 0.0133 7.75e-09 2.32e-08
52.6 6 0.013 7.5e-09 2.25e-08
52.7 6 0.0128 7.5e-09 2.25e-08
52.8 6 0.0126 7.5e-09 2.25e-08
52.9 6 0.0124 7.25e-09 2.17e-08
53 6 0.0122 7.25e-09 2.17e-08
53.1 6 0.012 7.25e-09 2.17e-08
53.2 6 0.0118 7.25e-09 2.17e-08
53.3 6 0.0116 7e-09 2.1e-08
53.4 6 0.0114 7.75e-09 2.12e-08
53.5 6 0.0113 7.5e-09 2.15e-08
53.6 6 0.0111 7.5e-09 2.05e-08
53.7 6 0.0109 7e-09 2.1e-08
53.8 6 0.0107 6.75e-09 2.02e-08
53.9 6 0.0105 6.75e-09 2.02e-08
54 6 0.0104 6.75e-09 2.02e-08
54.1 6 0.0102 7e-09 2e-08
54.2 6 0.01 6.5e-09 1.95e-08
54.3 6 0.00986 6.7e-09 1.96e-08
54.4 6 0.0097 6.65e-09 1.94e-08
54.5 6 0.00955 6.58e-09 1.92e-08
54.6 6 0.00939 6.52e-09 1.91e-08
54.7 6 0.00924 6.45e-09 1.89e-08
54.8 6 0.00908 6.4e-09 1.87e-08
54.9 6 0.00894 6.33e-09 1.85e-08
55 6 0.00879 6.25e-09 1.83e-08
55.1 6 0.00865 6.2e-09 1.81e-08
55.2 6 0.0085 6.17e-09 1.78e-08
55.3 6 0.00836 6.05e-09 1.76e-08
55.4 6 0.00823 6e-09 1.75e-08
55.5 6 0.00809 6e-09 1.73e-08
55.6 6 0.00796 5.85e-09 1.71e-08
55.7 6 0.00783 5.8e-09 1.69e-08
55.8 6 0.0077 5.75e-09 1.68e-08
55.9 6 0.00758 5.68e-09 1.65e-08
56 6 0.00745 5.6e-09 1.63e-08
56.1 6 0.00733 5.58e-09 1.61e-08
56.2 6 0.00721 5.48e-09 1.59e-08
56.3 6 0.00709 5.5e-09 1.58e-08
56.4 6 0.00697 5.4e-09 1.56e-08
56.5 6 0.00686 5.3e-09 1.54e-08
56.6 6 0.00675 5.25e-09 1.53e-08
56.7 6 0.00664 5.22e-09 1.51e-08
56.8 6 0.00653 5.13e-09 1.49e-08
56.9 6 0.00642 5.1e-09 1.47e-08
57 6 0.00632 5.03e-09 1.45e-08
57.1 6 0.00621 4.93e-09 1.43e-08
57.2 6 0.00611 4.87e-09 1.41e-08
57.3 6 0.00601 4.83e-09 1.4e-08
57.4 6 0.00591 4.8e-09 1.38e-08
57.5 6 0.00581 4.7e-09 1.36e-08
57.6 6 0.00572 4.67e-09 1.34e-08
57.7 6 0.00562 4.57e-09 1.32e-08
57.8 6 0.00553 4.57e-09 1.31e-08
57.9 6 0.00544 4.48e-09 1.29e-08
58 6 0.00535 4.42e-09 1.28e-08
58.1 6 0.00526 4.4e-09 1.26e-08
58.2 6 0.00518 4.3e-09 1.24e-08
58.3 6 0.00509 4.25e-09 1.23e-08
58.4 6 0.00501 4.22e-09 1.21e-08
58.5 6 0.00493 4.18e-09 1.19e-08
58.6 6 0.00485 4.1e-09 1.17e-08
58.7 6 0.00477 4.05e-09 1.15e-08
58.8 6 0.00469 4e-09 1.14e-08
58.9 6 0.00461 3.98e-09 1.12e-08
59 6 0.00453 3.95e-09 1.1e-08
59.1 6 0.00446 3.98e-09 1.08e-08
59.2 6 0.00439 4.42e-09 1.02e-08
59.3 6 0.00431 6.55e-09 1.17e-08
59.4 6 0.00424 4.32e-09 1.08e-08
59.5 6 0.00417 3.9e-09 1.05e-08
59.6 6 0.00411 3.8e-09 1.04e-08
59.7 6 0.00404 3.7e-09 1.02e-08
59.8 6 0.00397 3.55e-09 1.01e-08
59.9 6 0.00391 3.5e-09 9.9e-09
60 6 0.00384 3.45e-09 9.75e-09
60.1 6 0.00378 3.4e-09 9.6e-09
60.2 6 0.00372 3.32e-09 9.48e-09
60.3 6 0.00366 3.25e-09 9.35e-09
60.4 6 0.00359 3.22e-09 9.17e-09
60.5 6 0.00354 3.15e-09 9.05e-09
60.6 6 0.00348 3.17e-09 8.93e-09
60.7 6 0.00342 3.1e-09 8.8e-09
60.8 6 0.00336 2.98e-09 8.62e-09
60.9 6 0.00331 2.98e-09 8.53e-09
61 6 0.00325 2.9e-09 8.4e-09
61.1 6 0.0032 2.93e-09 8.27e-09
61.2 6 0.00315 2.83e-09 8.18e-09
61.3 6 0.0031 2.85e-09 8.05e-09
61.4 6 0.00305 2.75e-09 7.95e-09
61.5 6 0.00299 2.7e-09 7.8e-09
61.6 6 0.00295 2.7e-09 7.7e-09
61.7 6 0.0029 2.62e-09 7.58e-09
61.8 6 0.00285 2.57e-09 7.43e-09
61.9 6 0.0028 2.55e-09 7.35e-09
62 6 0.00276 2.57e-09 7.23e-09
62.1 6 0.00271 2.5e-09 7.2e-09
62.2 6 0.00267 2.45e-09 7.05e-09
62.3 6 0.00262 2.42e-09 6.97e-09
62.4 6 0.00258 2.38e-09 6.82e-09
62.5 6 0.00254 2.38e-09 6.72e-09
62.6 6 0.00249 2.33e-09 6.68e-09
62.7 6 0.00245 2.23e-09 6.48e-09
62.8 6 0.00241 2.2e-09 6.4e-09
62.9 6 0.00237 2.2e-09 6.3e-09
63 6 0.00233 2.15e-09 6.25e-09
63.1 6 0.0023 2.15e-09 6.15e-09
63.2 6 0.00226 2.13e-09 6.07e-09
63.3 6 0.00222 2.13e-09 5.97e-09
63.4 6 0.00218 2.02e-09 5.87e-09
63.5 6 0.00215 2e-09 5.8e-09
63.6 6 0.00211 2e-09 5.7e-09
63.7 6 0.00208 1.97e-09 5.62e-09
63.8 6 0.00204 1.95e-09 5.55e-09
63.9 6 0.00201 1.9e-09 5.4e-09
64 6 0.00198 1.85e-09 5.35e-09
64.1 6 0.00194 1.83e-09 5.28e-09
64.2 6 0.00191 1.8e-09 5.2e-09
64.3 6 0.00188 1.77e-09 5.13e-09
64.4 6 0.00185 1.72e-09 4.97e-09
64.5 6 0.00182 1.72e-09 4.97e-09
64.6 6 0.00179 1.67e-09 4.83e-09
64.7 6 0.00176 1.7e-09 4.8e-09
64.8 6 0.00173 1.65e-09 4.75e-09
64.9 6 0.0017 1.6e-09 4.6e-09
65 6 0.00167 1.6e-09 4.6e-09
65.1 6 0.00165 1.58e-09 4.52e-09
65.2 6 0.00162 1.55e-09 4.45e-09
65.3 6 0.00159 1.5e-09 4.3e-09
65.4 6 0.00157 1.5e-09 4.3e-09
65.5 6 0.00154 1.47e-09 4.22e-09
65.6 6 0.00151 1.45e-09 4.15e-09
65.7 6 0.00149 1.42e-09 4.08e-09
65.8 6 0.00147 1.4e-09 4e-09
65.9 6 0.00144 1.4e-09 4e-09
66 6 0.00142 1.37e-09 3.93e-09
66.1 6 0.00139 1.33e-09 3.87e-09
66.2 6 0.00137 1.3e-09 3.8e-09
66.3 6 0.00135 1.28e-09 3.72e-09
66.4 6 0.00133 1.25e-09 3.65e-09
66.5 6 0.0013 1.28e-09 3.63e-09
66.6 6 0.00128 1.23e-09 3.58e-09
66.7 6 0.00126 1.2e-09 3.5e-09
66.8 6 0.00124 1.2e-09 3.4e-09
66.9 6 0.00122 1.17e-09 3.43e-09
67 6 0.0012 1.15e-09 3.35e-09
67.1 6 0.00118 1.12e-09 3.27e-09
67.2 6 0.00116 1.15e-09 3.25e-09
67.3 6 0.00114 1.12e-09 3.17e-09
67.4 6 0.00112 1.15e-09 3.15e-09
67.5 6 0.0011 1.1e-09 3.1e-09
67.6 6 0.00109 1.03e-09 2.98e-09
67.7 6 0.00107 1.03e-09 2.98e-09
67.8 6 0.00105 1e-09 2.9e-09
67.9 6 0.00103 1e-09 2.9e-09
68 6 0.00102 1.03e-09 2.88e-09
68.1 6 0.000999 9.8e-10 2.8e-09
68.2 6 0.000983 9.58e-10 2.75e-09
68.3 6 0.000966 9.48e-10 2.71e-09
68.4 6 0.000951 9.3e-10 2.67e-09
68.5 6 0.000935 9.17e-10 2.62e-09
68.6 6 0.000919 9.05e-10 2.59e-09
68.7 6 0.000904 8.87e-10 2.54e-09
68.8 6 0.000889 8.78e-10 2.5e-09
68.9 6 0.000875 8.55e-10 2.45e-09
69 6 0.00086 8.45e-10 2.42e-09
69.1 6 0.000846 8.3e-10 2.38e-09
69.2 6 0.000832 8.15e-10 2.35e-09
69.3 6 0.000818 8.02e-10 2.31e-09
69.4 6 0.000805 7.93e-10 2.27e-09
69.5 6 0.000791 7.77e-10 2.23e-09
69.6 6 0.000778 7.65e-10 2.19e-09
69.7 6 0.000766 7.55e-10 2.16e-09
69.8 6 0.000753 7.42e-10 2.13e-09
69.9 6 0.00074 7.3e-10 2.09e-09
70 6 0.000728 7.23e-10 2.06e-09
70.1 6 0.000716 7.05e-10 2.02e-09
70.2 6 0.000704 6.95e-10 1.99e-09
70.3 6 0.000693 6.85e-10 1.97e-09
70.4 6 0.000681 6.73e-10 1.93e-09
70.5 6 0.00067 6.6e-10 1.9e-09
70.6 6 0.000659 6.52e-10 1.87e-09
70.7 6 0.000648 6.43e-10 1.84e-09
70.8 6 0.000637 6.27e-10 1.8e-09
70.9 6 0.000627 6.17e-10 1.77e-09
71 6 0.000616 6.1e-10 1.75e-09
71.1 6 0.000606 6e-10 1.72e-09
71.2 6 0.000596 5.92e-10 1.7e-09
71.3 6 0.000586 5.78e-10 1.66e-09
71.4 6 0.000577 5.73e-10 1.64e-09
71.5 6 0.000567 5.6e-10 1.61e-09
71.6 6 0.000558 5.55e-10 1.59e-09
71.7 6 0.000549 5.43e-10 1.56e-09
71.8 6 0.00054 5.35e-10 1.53e-09
71.9 6 0.000531 5.27e-10 1.51e-09
72 6 0.000522 5.18e-10 1.48e-09
72.1 6 0.000513 5.1e-10 1.46e-09
72.2 6 0.000505 5e-10 1.44e-09
72.3 6 0.000496 4.9e-10 1.41e-09
72.4 6 0.000488 4.88e-10 1.39e-09
72.5 6 0.00048 4.77e-10 1.37e-09
72.6 6 0.000472 4.67e-10 1.34e-09
72.7 6 0.000464 4.63e-10 1.33e-09
72.8 6 0.000457 4.52e-10 1.3e-09
72.9 6 0.000449 4.48e-10 1.28e-09
73 6 0.000442 4.37e-10 1.26e-09
73.1 6 0.000435 4.35e-10 1.24e-09
73.2 6 0.000427 4.25e-10 1.22e-09
73.3 6 0.00042 4.18e-10 1.2e-09
73.4 6 0.000413 4.15e-10 1.18e-09
73.5 6 0.000407 4.07e-10 1.16e-09
73.6 6 0.0004 3.98e-10 1.14e-09
73.7 6 0.000393 3.9e-10 1.12e-09
73.8 6 0.000387 3.85e-10 1.11e-09
73.9 6 0.00038 3.8e-10 1.09e-09
74 6 0.000374 3.73e-10 1.07e-09
74.1 6 0.000368 3.68e-10 1.05e-09
74.2 6 0.000362 3.62e-10 1.04e-09
74.3 6 0.000356 3.53e-10 1.02e-09
74.4 6 0.00035 3.5e-10 1e-09
74.5 6 0.000344 3.45e-10 9.85e-10
74.6 6 0.000338 3.35e-10 9.65e-10
74.7 6 0.000333 3.3e-10 9.5e-10
74.8 6 0.000327 3.3e-10 9.4e-10
74.9 6 0.000322 3.2e-10 9.2e-10
75 6 0.000317 3.15e-10 9.05e-10
75.1 6 0.000311 3.15e-10 8.95e-10
75.2 6 0.000306 3.05e-10 8.75e-10
75.3 6 0.000301 3.02e-10 8.67e-10
75.4 6 0.000296 2.95e-10 8.45e-10
75.5 6 0.000291 2.93e-10 8.37e-10
75.6 6 0.000287 2.87e-10 8.23e-10
75.7 6 0.000282 2.85e-10 8.15e-10
75.8 6 0.000277 2.78e-10 7.93e-10
75.9 6 0.000273 2.75e-10 7.85e-10
76 6 0.000268 2.7e-10 7.7e-10
76.1 6 0.000264 2.63e-10 7.58e-10
76.2 6 0.000259 2.57e-10 7.42e-10
76.3 6 0.000255 2.55e-10 7.35e-10
76.4 6 0.000251 2.55e-10 7.25e-10
76.5 6 0.000247 2.5e-10 7.1e-10
76.6 6 0.000243 2.42e-10 6.98e-10
76.7 6 0.000239 2.38e-10 6.82e-10
76.8 6 0.000235 2.35e-10 6.75e-10
76.9 6 0.000231 2.3e-10 6.6e-10
77 6 0.000227 2.27e-10 6.52e-10
77.1 6 0.000223 2.23e-10 6.38e-10
77.2 6 0.000219 2.2e-10 6.3e-10
77.3 6 0.000216 2.17e-10 6.22e-10
77.4 6 0.000212 2.12e-10 6.08e-10
77.5 6 0.000209 2.1e-10 6e-10
77.6 6 0.000205 2.08e-10 5.92e-10
77.7 6 0.000202 2.02e-10 5.78e-10
77.8 6 0.000199 2e-10 5.7e-10
77.9 6 0.000195 1.93e-10 5.57e-10
78 6 0.000192 1.9e-10 5.5e-10
78.1 6 0.000189 1.87e-10 5.43e-10
78.2 6 0.000186 1.85e-10 5.35e-10
78.3 6 0.000183 1.82e-10 5.27e-10
78.4 6 0.00018 1.8e-10 5.2e-10
78.5 6 0.000177 1.8e-10 5.1e-10
78.6 6 0.000174 1.75e-10 5.05e-10
78.7 6 0.000171 1.7e-10 4.9e-10
78.8 6 0.000168 1.7e-10 4.9e-10
78.9 6 0.000165 1.65e-10 4.75e-10
79 6 0.000163 1.63e-10 4.67e-10
79.1 6 0.00016 1.65e-10 4.65e-10
79.2 6 0.000157 1.57e-10 4.52e-10
79.3 6 0.000155 1.55e-10 4.45e-10
79.4 6 0.000152 1.52e-10 4.37e-10
79.5 6 0.00015 1.5e-10 4.3e-10
79.6 6 0.000147 1.48e-10 4.22e-10
79.7 6 0.000145 1.45e-10 4.15e-10
79.8 6 0.000142 1.42e-10 4.07e-10
79.9 6 0.00014 1.42e-10 4.07e-10
80 6 0.000138 1.37e-10 3.92e-10
80.1 6 0.000135 1.37e-10 3.92e-10
80.2 6 0.000133 1.3e-10 3.8e-10
80.3 6 0.000131 1.33e-10 3.77e-10
80.4 6 0.000129 1.27e-10 3.73e-10
80.5 6 0.000127 1.27e-10 3.62e-10
80.6 6 0.000125 1.25e-10 3.55e-10
80.7 6 0.000122 1.25e-10 3.55e-10
80.8 6 0.00012 1.18e-10 3.43e-10
80.9 6 0.000118 1.2e-10 3.4e-10
81 6 0.000117 1.2e-10 3.4e-10
81.1 6 0.000115 1.12e-10 3.28e-10
81.2 6 0.000113 1.15e-10 3.25e-10
81.3 6 0.000111 1.15e-10 3.25e-10
81.4 6 0.000109 1.12e-10 3.17e-10
81.5 6 0.000107 1.08e-10 3.13e-10
81.6 6 0.000105 1.05e-10 3.05e-10
81.7 6 0.000104 1.08e-10 3.02e-10
81.8 6 0.000102 1e-10 2.9e-10
81.9 6 0.0001 1e-10 2.9e-10
