-25 4.96e-24 3.71e-10 4.96e-24 1
-24.6 0 3.71e-10 1.14e-23 1
-24.2 0 3.71e-10 2.89e-23 1
-23.8 0 3.71e-10 7.86e-23 1
-23.4 0 3.71e-10 2.13e-22 1
-23 0 3.71e-10 5.8e-22 1
-22.6 0 3.76e-10 1.57e-21 1
-22.2 0 3.92e-10 4.29e-21 1
-21.8 0 3.99e-10 1.17e-20 1
-21.4 0 4e-10 3.16e-20 1
-21 0 3.94e-10 8.58e-20 1
-20.6 0 3.82e-10 2.34e-19 1
-20.2 0 3.65e-10 6.36e-19 1
-19.8 0 3.4e-10 1.73e-18 1
-19.4 0 3.06e-10 4.69e-18 1
-19 0 2.56e-10 1.28e-17 1
-18.6 0 1.63e-10 2.62e-17 1
-18.2 0 0 7.67e-17 1
-17.8 0 0 0 1
-17.3 0 0 1.62e-16 1
-16.6 0 0 2.04e-15 1
-16.2 0 0 1.67e-14 1
-15.6 0 0 4.23e-14 1
-15.2 0 0 1.78e-13 1
-14.7 0 0 5.69e-13 1
-14.3 0 0 1.61e-12 1
-13.9 0 0 4.4e-12 1
-13.5 0 0 1.19e-11 1
-13.1 0 0 3.25e-11 1
-12.7 0 0 8.82e-11 1
-12.3 0 0 2.4e-10 1
-11.9 0 0 6.51e-10 1
-11.5 0 0 1.78e-09 1
-11.1 0 0 4.82e-09 1
-10.7 0 0 1.31e-08 1
-10.3 0 0 3.56e-08 1
-9.9 0 0 9.66e-08 1
-9.5 0 0 2.64e-07 1
-9.1 0 0 7.14e-07 1
-8.7 0 0 1.95e-06 1
-8.3 0 0 5.29e-06 1
-7.9 0 0 1.44e-05 1
-7.5 0 0 3.94e-05 1
-7.1 0 0.0241 0.000108 1
-6.7 0 0.0329 0.000301 1
-6.3 0.00147 0.0808 0.000853 1
-5.9 0.0193 0.12 0.00238 1
-5.5 0.0442 0.155 0.00614 1
-5.1 0.064 0.197 0.0143 1
-4.7 0.0915 0.241 0.0308 1
-4.3 0.151 0.278 0.0729 1
-3.9 0.197 0.298 0.157 1
-3.5 0.245 0.339 0.313 1
-0.8 0.547 0.379 0.504 0.921
-0.4 0.604 0.41 0.654 1.08
1.7 0.869 0.468 1.67 1.92
2.1 0.909 0.491 2.48 2.73
2.6 0.959 0.505 3.42 3.57
3 1 0.511 4.09 4.09
3.4 1.04 0.505 3.42 3.29
3.9 1.09 0.491 2.48 2.28
4.3 1.13 0.469 1.67 1.47
5.3 1.24 0.444 1.27 1.03
6.2 1.38 0.421 0.965 0.701
6.6 1.42 0.395 0.526 0.37
8 1.61 0.356 0.407 0.253
9.7 1.78 0.323 0.232 0.13
10.1 1.82 0.279 0.108 0.0593
10.5 1.88 0.261 0.0503 0.0268
10.9 1.93 0.215 0.0204 0.0106
11.3 1.94 0.173 0.00951 0.00491
11.7 1.97 0.137 0.00374 0.0019
12.4 2 0.098 0.00113 0.000567
12.8 2 0.0539 0.000173 8.63e-05
13.2 2 0.0271 0 0
13.6 2 0.0137 3.06e-05 1.53e-05
14 2 0 1.12e-05 5.59e-06
14.4 2 0 4.12e-06 2.06e-06
14.8 2 0 1.52e-06 7.59e-07
15.2 2 0 5.58e-07 2.79e-07
15.6 2 0 2.05e-07 1.03e-07
16 2 0 7.52e-08 3.76e-08
16.4 2 0 2.78e-08 1.39e-08
16.8 2 0 1.02e-08 5.1e-09
17.2 2 0 3.76e-09 1.88e-09
17.6 2 0 1.38e-09 6.9e-10
18 2 0 5.08e-10 2.54e-10
18.4 2 0 1.87e-10 9.35e-11
18.8 2 0 6.9e-11 3.45e-11
19.2 2 0 2.53e-11 1.27e-11
19.6 2 0 9.31e-12 4.66e-12
20 2 0 3.43e-12 1.71e-12
20.4 2 0 1.25e-12 6.24e-13
20.8 2 0 4.33e-13 2.16e-13
21.3 2 0 1.29e-13 6.43e-14
21.7 2 0 2.87e-14 1.43e-14
22.3 2 0 1.13e-14 5.66e-15
23 2 0 6.6e-16 3.3e-16
23.4 2 0 1.94e-17 9.72e-18
23.9 2 0 0 0
24.3 2 3.22e-11 5.37e-17 2.68e-17
24.7 2 1.93e-10 2.7e-17 1.35e-17
25.1 2 2.7e-10 9.91e-18 4.95e-18
25.5 2 3.16e-10 3.65e-18 1.83e-18
25.9 2 3.47e-10 1.35e-18 6.73e-19
26.3 2 3.7e-10 4.96e-19 2.48e-19
26.7 2 3.86e-10 1.82e-19 9.1e-20
27.1 2 3.96e-10 6.67e-20 3.33e-20
27.5 2 4e-10 2.46e-20 1.23e-20
27.9 2 3.98e-10 9.09e-21 4.55e-21
28.3 2 3.88e-10 3.34e-21 1.67e-21
28.7 2 3.71e-10 1.22e-21 6.12e-22
29.1 2 3.71e-10 4.51e-22 2.26e-22
29.5 2 3.71e-10 1.66e-22 8.29e-23
29.9 2 3.71e-10 6.1e-23 3.05e-23
30.3 2 3.71e-10 2.25e-23 1.12e-23
30.7 2 3.71e-10 8.25e-24 4.13e-24
31.1 2 3.71e-10 3.04e-24 1.52e-24
31.5 2 3.71e-10 1.12e-24 5.59e-25
31.9 2 3.71e-10 4.12e-25 2.06e-25
32.3 2 3.71e-10 1.52e-25 7.58e-26
32.7 2 3.71e-10 5.58e-26 2.79e-26
33.1 2 3.71e-10 2.05e-26 1.03e-26
33.5 2 3.71e-10 7.52e-27 3.76e-27
33.9 2 3.71e-10 2.77e-27 1.39e-27
34.3 2 3.71e-10 1.02e-27 5.08e-28
34.7 2 3.71e-10 3.74e-28 1.87e-28
35.1 2 3.71e-10 1.38e-28 6.91e-29
35.5 2 3.71e-10 5.07e-29 2.53e-29
35.9 2 3.71e-10 1.87e-29 9.33e-30
36.3 2 3.71e-10 6.89e-30 3.45e-30
36.7 2 3.71e-10 2.53e-30 1.26e-30
37.1 2 3.71e-10 9.3e-31 4.65e-31
37.5 2 3.71e-10 3.42e-31 1.71e-31
37.9 2 3.71e-10 1.25e-31 6.27e-32
38.3 2 3.71e-10 4.62e-32 2.31e-32
38.7 2 3.71e-10 1.7e-32 8.52e-33
39.1 2 3.71e-10 6.26e-33 3.13e-33
39.5 2 3.71e-10 2.3e-33 1.15e-33
39.9 2 3.71e-10 8.51e-34 4.25e-34
40.3 2 3.71e-10 3.12e-34 1.56e-34
40.7 2 3.71e-10 1.14e-34 5.72e-35
41.1 2 3.71e-10 4.22e-35 2.11e-35
41.5 2 3.71e-10 1.55e-35 7.77e-36
41.9 2 3.71e-10 5.72e-36 2.86e-36
42.3 2 3.71e-10 2.11e-36 1.05e-36
42.7 2 3.71e-10 7.71e-37 3.86e-37
43.1 2 3.71e-10 2.85e-37 1.42e-37
43.5 2 3.71e-10 1.05e-37 5.23e-38
43.9 2 3.71e-10 3.84e-38 1.92e-38
44.3 2 3.71e-10 1.41e-38 7.07e-39
44.7 2 3.71e-10 5.21e-39 2.6e-39
45.1 2 3.71e-10 1.92e-39 9.6e-40
45.5 2 3.71e-10 7.06e-40 3.53e-40
45.9 2 3.71e-10 2.6e-40 1.3e-40
46.3 2 3.71e-10 9.53e-41 4.76e-41
46.7 2 3.71e-10 3.51e-41 1.76e-41
47.1 2 3.71e-10 1.29e-41 6.45e-42
47.5 2 3.71e-10 4.76e-42 2.38e-42
47.9 2 3.71e-10 1.75e-42 8.75e-43
48.3 2 3.71e-10 6.43e-43 3.22e-43
48.7 2 3.71e-10 2.37e-43 1.18e-43
49.1 2 3.71e-10 8.67e-44 4.33e-44
49.5 2 3.71e-10 3.2e-44 1.6e-44
49.9 2 3.71e-10 1.18e-44 5.89e-45
50.3 2 3.71e-10 4.34e-45 2.17e-45
50.7 2 3.71e-10 1.59e-45 7.95e-46
51.1 2 3.71e-10 5.87e-46 2.93e-46
51.5 2 3.71e-10 2.16e-46 1.08e-46
51.9 2 3.71e-10 7.92e-47 3.96e-47
52.3 2 3.71e-10 2.91e-47 1.46e-47
52.7 2 3.71e-10 1.08e-47 5.38e-48
53.1 2 3.71e-10 3.95e-48 1.97e-48
53.5 2 3.71e-10 1.45e-48 7.27e-49
53.9 2 3.71e-10 5.36e-49 2.68e-49
54.3 2 3.71e-10 1.97e-49 9.85e-50
54.7 2 3.71e-10 7.24e-50 3.62e-50
55.1 2 3.71e-10 2.66e-50 1.33e-50
55.5 2 3.71e-10 9.81e-51 4.91e-51
55.9 2 3.71e-10 3.6e-51 1.8e-51
56.3 2 3.71e-10 1.32e-51 6.61e-52
56.7 2 3.71e-10 4.87e-52 2.43e-52
57.1 2 3.71e-10 1.79e-52 8.97e-53
57.5 2 3.71e-10 6.6e-53 3.3e-53
57.9 2 3.71e-10 2.43e-53 1.22e-53
58.3 2 3.71e-10 8.93e-54 4.46e-54
58.7 2 3.71e-10 3.29e-54 1.64e-54
59.1 2 3.71e-10 1.21e-54 6.04e-55
59.5 2 3.71e-10 4.45e-55 2.22e-55
59.9 2 3.71e-10 1.64e-55 8.19e-56
60.3 2 3.71e-10 6.02e-56 3.01e-56
60.7 2 3.71e-10 2.21e-56 1.11e-56
61.1 2 3.71e-10 8.13e-57 4.07e-57
61.5 2 3.71e-10 2.99e-57 1.5e-57
61.9 2 3.71e-10 1.1e-57 5.52e-58
62.3 2 3.71e-10 4.06e-58 2.03e-58
62.7 2 3.71e-10 1.49e-58 7.44e-59
63.1 2 3.71e-10 5.48e-59 2.74e-59
63.5 2 3.71e-10 2.02e-59 1.01e-59
63.9 2 3.71e-10 7.41e-60 3.71e-60
64.3 2 3.71e-10 2.73e-60 1.36e-60
64.7 2 3.71e-10 1.01e-60 5.04e-61
65.1 2 3.71e-10 3.7e-61 1.85e-61
65.5 2 3.71e-10 1.36e-61 6.81e-62
65.9 2 3.71e-10 5.01e-62 2.5e-62
66.3 2 3.71e-10 1.84e-62 9.19e-63
66.7 2 3.71e-10 6.75e-63 3.38e-63
67.1 2 3.71e-10 2.49e-63 1.25e-63
67.5 2 3.71e-10 9.15e-64 4.57e-64
67.9 2 3.71e-10 3.37e-64 1.68e-64
68.3 2 3.71e-10 1.24e-64 6.2e-65
68.7 2 3.71e-10 4.56e-65 2.28e-65
69.1 2 3.71e-10 1.68e-65 8.39e-66
69.5 2 3.71e-10 6.17e-66 3.09e-66
69.9 2 3.71e-10 2.27e-66 1.14e-66
70.3 2 3.71e-10 8.36e-67 4.18e-67
70.7 2 3.71e-10 3.07e-67 1.54e-67
71.1 2 3.71e-10 1.13e-67 5.66e-68
71.5 2 3.71e-10 4.16e-68 2.08e-68
71.9 2 3.71e-10 1.53e-68 7.65e-69
72.3 2 3.71e-10 5.63e-69 2.81e-69
72.7 2 3.71e-10 2.07e-69 1.04e-69
73.1 2 3.71e-10 7.62e-70 3.81e-70
73.5 2 3.71e-10 2.8e-70 1.4e-70
73.9 2 3.71e-10 1.03e-70 5.15e-71
74.3 2 3.71e-10 3.79e-71 1.9e-71
74.7 2 3.71e-10 1.4e-71 6.98e-72
75.1 2 3.71e-10 5.13e-72 2.56e-72
75.5 2 3.71e-10 1.89e-72 9.43e-73
75.9 2 3.71e-10 6.97e-73 3.49e-73
76.3 2 3.71e-10 2.55e-73 1.28e-73
76.7 2 3.71e-10 9.43e-74 4.72e-74
77.1 2 3.71e-10 3.45e-74 1.73e-74
77.5 2 3.71e-10 1.27e-74 6.36e-75
77.9 2 3.71e-10 4.68e-75 2.34e-75
78.3 2 3.71e-10 1.73e-75 8.63e-76
78.7 2 3.71e-10 6.34e-76 3.17e-76
79.1 2 3.71e-10 2.33e-76 1.16e-76
79.5 2 3.71e-10 8.58e-77 4.29e-77
79.9 2 3.71e-10 3.16e-77 1.58e-77
80.3 2 3.71e-10 1.16e-77 5.78e-78
80.7 2 3.71e-10 4.27e-78 2.13e-78
81.1 2 3.71e-10 1.57e-78 7.85e-79
81.5 2 3.71e-10 5.77e-79 2.89e-79
81.9 2 3.71e-10 2.12e-79 1.06e-79
82.3 2 3.71e-10 7.82e-80 3.91e-80
82.7 2 3.71e-10 2.87e-80 1.44e-80
83.1 2 3.71e-10 1.06e-80 5.29e-81
83.5 2 3.71e-10 3.9e-81 1.95e-81
83.9 2 3.71e-10 1.43e-81 7.15e-82
84.3 2 3.71e-10 5.27e-82 2.64e-82
84.7 2 3.71e-10 1.94e-82 9.68e-83
85.1 2 3.71e-10 7.14e-83 3.57e-83
85.5 2 3.71e-10 2.62e-83 1.31e-83
85.9 2 3.71e-10 9.67e-84 4.83e-84
86.3 2 3.71e-10 3.55e-84 1.78e-84
86.7 2 3.71e-10 1.31e-84 6.54e-85
87.1 2 3.71e-10 4.81e-85 2.4e-85
87.5 2 3.71e-10 1.77e-85 8.85e-86
87.9 2 3.71e-10 6.48e-86 3.24e-86
88.3 2 3.71e-10 2.39e-86 1.2e-86
88.7 2 3.71e-10 8.81e-87 4.4e-87
89.1 2 3.71e-10 3.23e-87 1.62e-87
89.5 2 3.71e-10 1.19e-87 5.96e-88
89.9 2 3.71e-10 4.37e-88 2.19e-88
90.3 2 3.71e-10 1.61e-88 8.07e-89
90.7 2 3.71e-10 5.93e-89 2.96e-89
91.1 2 3.71e-10 2.18e-89 1.09e-89
91.5 2 3.71e-10 8.04e-90 4.02e-90
91.9 2 3.71e-10 2.95e-90 1.48e-90
92.3 2 3.71e-10 1.08e-90 5.42e-91
92.7 2 3.71e-10 3.99e-91 2e-91
93.1 2 3.71e-10 1.47e-91 7.35e-92
93.5 2 3.71e-10 5.41e-92 2.71e-92
93.9 2 3.71e-10 1.99e-92 9.93e-93
94.3 2 3.71e-10 7.33e-93 3.66e-93
94.7 2 3.71e-10 2.69e-93 1.35e-93
95.1 2 3.71e-10 9.92e-94 4.96e-94
95.5 2 3.71e-10 3.64e-94 1.82e-94
95.9 2 3.71e-10 1.34e-94 6.72e-95
96.3 2 3.71e-10 4.93e-95 2.47e-95
96.7 2 3.71e-10 1.81e-95 9.06e-96
97.1 2 3.71e-10 6.69e-96 3.34e-96
97.5 2 3.71e-10 2.45e-96 1.23e-96
97.9 2 3.71e-10 9.01e-97 4.51e-97
98.3 2 3.71e-10 3.32e-97 1.66e-97
98.7 2 3.71e-10 1.22e-97 6.12e-98
99.1 2 3.71e-10 4.44e-98 2.22e-98
99.5 2 3.71e-10 1.51e-98 7.57e-99
99.9 2 3.71e-10 7.55e-99 3.78e-99
