     -25        0 9.86e-05        0
   -24.8        0 0.000107        0
   -24.6        0 0.000117        0
   -24.4        0 0.000127        0
   -24.2        0 0.000138        0
     -24        0  0.00015        0
   -23.8        0 0.000163        0
   -23.6        0 0.000177        0
   -23.4        0 0.000192        0
   -23.2        0 0.000209        0
     -23        0 0.000227        0
   -22.8        0 0.000247        0
   -22.6        0 0.000268        0
   -22.4        0 0.000291        0
   -22.2        0 0.000317        0
     -22        0 0.000344        0
   -21.8        0 0.000374        0
   -21.6        0 0.000406        0
   -21.4        0 0.000442        0
   -21.2        0  0.00048        0
     -21        0 0.000522        0
   -20.8        0 0.000567        0
   -20.6        0 0.000616        0
   -20.4        0  0.00067        0
   -20.2        0 0.000728        0
     -20        0 0.000791        0
   -19.8        0  0.00086        0
   -19.6        0 0.000934        0
   -19.4        0  0.00102        0
   -19.2        0   0.0011        0
     -19        0   0.0012        0
   -18.8        0   0.0013        0
   -18.6        0  0.00142        0
   -18.4        0  0.00154        0
   -18.2        0  0.00167        0
     -18        0  0.00182        0
   -17.8        0  0.00197        0
   -17.6        0  0.00215        0
   -17.4        0  0.00233        0
   -17.2        0  0.00253        0
     -17        0  0.00275        0
   -16.8        0  0.00299        0
   -16.6        0  0.00324        0
   -16.4        0  0.00352        0
   -16.2        0  0.00383        0
     -16        0  0.00416        0
   -15.8        0  0.00452        0
   -15.6        0  0.00491        0
   -15.4        0  0.00533        0
   -15.2        0  0.00579        0
     -15        0  0.00628        0
   -14.8        0  0.00682        0
   -14.6        0  0.00741        0
   -14.4        0  0.00804        0
   -14.2        0  0.00873        0
     -14        0  0.00947        0
   -13.8        0   0.0103        0
   -13.6        0   0.0112        0
   -13.4        0   0.0121        0
   -13.2        0   0.0131        0
     -13        0   0.0142        0
   -12.8        0   0.0154        0
   -12.6        0   0.0167        0
   -12.4        0   0.0181        0
   -12.2        0   0.0197        0
     -12        0   0.0213        0
   -11.8        0   0.0231        0
   -11.6        0    0.025        0
   -11.4        0    0.027        0
   -11.2        0   0.0292        0
     -11        0   0.0316        0
   -10.8        0   0.0342        0
   -10.6        0    0.037        0
   -10.4        0   0.0399        0
   -10.2        0   0.0431        0
     -10        0   0.0465        0
    -9.8        0   0.0502        0
    -9.6        0   0.0541        0
    -9.4        0   0.0583        0
    -9.2        0   0.0628        0
      -9        0   0.0676        0
    -8.8        0   0.0727        0
    -8.6        0   0.0782        0
    -8.4        0   0.0839        0
    -8.2        0   0.0901        0
      -8        0   0.0966        0
    -7.8        0    0.104        0
    -7.6        0    0.111        0
    -7.4        0    0.119        0
    -7.2        0    0.127        0
      -7        0    0.135        0
    -6.8        0    0.144        0
    -6.6        0    0.153        0
    -6.4        0    0.163        0
    -6.2        0    0.174        0
      -6        0    0.184        0
    -5.8        0    0.195        0
    -5.6        0    0.208        0
    -5.4        0     0.22        0
    -5.2        0    0.231        0
      -5        0    0.244        0
    -4.8        0    0.257        0
    -4.6        0    0.271        0
    -4.4        0    0.285        0
    -4.2        0    0.299        0
      -4        0    0.314        0
    -3.8        0    0.329        0
    -3.6        0    0.344        0
    -3.4        0     0.36        0
    -3.2        0    0.375        0
      -3        0    0.391        0
    -2.8        0    0.407        0
    -2.6        0    0.423        0
    -2.4        0     0.44        0
    -2.2        0    0.456        0
      -2        0    0.472        0
    -1.8        0    0.489        0
    -1.6        0    0.505        0
    -1.4        0    0.521        0
    -1.2        0    0.538        0
      -1        0    0.554        0
    -0.8        0     0.57        0
    -0.6        0    0.585        0
    -0.4        0    0.601        0
    -0.2        0    0.616        0
 1.6e-14        0    0.631        0
     0.2        0    0.645        0
     0.4        0     0.66        0
     0.6        0    0.674        0
     0.8        0    0.687        0
       1        0      0.7        0
     1.2        0    0.713        0
     1.4        0    0.726        0
     1.6        0    0.738        0
     1.8        0    0.749        0
       2        0     0.76        0
     2.2        0    0.771        0
     2.4        0    0.781        0
     2.6        0    0.791        0
     2.8        0      0.8        0
       3        0    0.809        0
     3.2        0    0.817        0
     3.4        0    0.825        0
     3.6        0    0.833        0
     3.8        0     0.84        0
       4        0    0.846        0
     4.2        0    0.853        0
     4.4        0    0.859        0
     4.6        0    0.864        0
     4.8        0    0.869        0
       5        0    0.874        0
     5.2        0    0.879        0
     5.4        0    0.883        0
     5.6        0    0.887        0
     5.8        0     0.89        0
       6        0    0.894        0
     6.2        0    0.897        0
     6.4        0      0.9        0
     6.6        0    0.902        0
     6.8        0    0.904        0
       7        0    0.906        0
     7.2        0    0.908        0
     7.4        0     0.91        0
     7.6        0    0.911        0
     7.8        0    0.912        0
       8        0    0.913        0
     8.2        0    0.914        0
     8.4        0    0.915        0
     8.6        0    0.915        0
     8.8        0    0.916        0
       9        0    0.916        0
     9.2        0    0.916        0
     9.4        0    0.915        0
     9.6        0    0.915        0
     9.8        0    0.914        0
      10        0    0.913        0
    10.2        0    0.912        0
    10.4        0    0.911        0
    10.6        0     0.91        0
    10.8        0    0.908        0
      11        0    0.906        0
    11.2        0    0.904        0
    11.4        0    0.902        0
    11.6        0      0.9        0
    11.8        0    0.897        0
      12        0    0.894        0
    12.2        0     0.89        0
    12.4        0    0.887        0
    12.6        0    0.883        0
    12.8        0    0.879        0
      13        0    0.874        0
    13.2        0    0.869        0
    13.4        0    0.864        0
    13.6        0    0.859        0
    13.8        0    0.853        0
      14        0    0.846        0
    14.2        0     0.84        0
    14.4        0    0.833        0
    14.6        0    0.825        0
    14.8        0    0.817        0
      15        0    0.809        0
    15.2        0      0.8        0
    15.4        0    0.791        0
    15.6        0    0.781        0
    15.8        0    0.771        0
      16        0     0.76        0
    16.2        0    0.749        0
    16.4        0    0.738        0
    16.6        0    0.726        0
    16.8        0    0.713        0
      17        0      0.7        0
    17.2        0    0.687        0
    17.4        0    0.674        0
    17.6        0     0.66        0
    17.8        0    0.645        0
      18        0    0.631        0
    18.2        0    0.616        0
    18.4        0    0.601        0
    18.6        0    0.585        0
    18.8        0     0.57        0
      19        0    0.554        0
    19.2        0    0.538        0
    19.4        0    0.521        0
    19.6        0    0.505        0
    19.8        0    0.489        0
      20        0    0.472        0
    20.2        0    0.456        0
    20.4        0     0.44        0
    20.6        0    0.423        0
    20.8        0    0.407        0
      21        0    0.391        0
    21.2        0    0.375        0
    21.4        0     0.36        0
    21.6        0    0.344        0
    21.8        0    0.329        0
      22        0    0.314        0
    22.2        0    0.299        0
    22.4        0    0.285        0
    22.6        0    0.271        0
    22.8        0    0.257        0
      23        0    0.244        0
    23.2        0    0.231        0
    23.4        0     0.22        0
    23.6        0    0.208        0
    23.8        0    0.195        0
      24        0    0.184        0
    24.2        0    0.174        0
    24.4        0    0.163        0
    24.6        0    0.153        0
    24.8        0    0.144        0
      25        0    0.135        0
    25.2        0    0.127        0
    25.4        0    0.119        0
    25.6        0    0.111        0
    25.8        0    0.104        0
      26        0   0.0966        0
    26.2        0   0.0901        0
    26.4        0   0.0839        0
    26.6        0   0.0782        0
    26.8        0   0.0727        0
      27        0   0.0676        0
    27.2        0   0.0628        0
    27.4        0   0.0583        0
    27.6        0   0.0541        0
    27.8        0   0.0502        0
      28        0   0.0465        0
    28.2        0   0.0431        0
    28.4        0   0.0399        0
    28.6        0    0.037        0
    28.8        0   0.0342        0
      29        0   0.0316        0
    29.2        0   0.0292        0
    29.4        0    0.027        0
    29.6        0    0.025        0
    29.8        0   0.0231        0
      30        0   0.0213        0
    30.2        0   0.0197        0
    30.4        0   0.0181        0
    30.6        0   0.0167        0
    30.8        0   0.0154        0
      31        0   0.0142        0
    31.2        0   0.0131        0
    31.4        0   0.0121        0
    31.6        0   0.0112        0
    31.8        0   0.0103        0
      32        0  0.00947        0
    32.2        0  0.00873        0
    32.4        0  0.00804        0
    32.6        0  0.00741        0
    32.8        0  0.00682        0
      33        0  0.00628        0
    33.2        0  0.00579        0
    33.4        0  0.00533        0
    33.6        0  0.00491        0
    33.8        0  0.00452        0
      34        0  0.00416        0
    34.2        0  0.00383        0
    34.4        0  0.00352        0
    34.6        0  0.00324        0
    34.8        0  0.00299        0
      35        0  0.00275        0
    35.2        0  0.00253        0
    35.4        0  0.00233        0
    35.6        0  0.00215        0
    35.8        0  0.00197        0
      36        0  0.00182        0
    36.2        0  0.00167        0
    36.4        0  0.00154        0
    36.6        0  0.00142        0
    36.8        0   0.0013        0
      37        0   0.0012        0
    37.2        0   0.0011        0
    37.4        0  0.00102        0
    37.6        0 0.000934        0
    37.8        0  0.00086        0
      38        0 0.000791        0
    38.2        0 0.000728        0
    38.4        0  0.00067        0
    38.6        0 0.000616        0
    38.8        0 0.000567        0
      39        0 0.000522        0
    39.2        0  0.00048        0
    39.4        0 0.000442        0
    39.6        0 0.000406        0
    39.8        0 0.000374        0
      40        0 0.000344        0
    40.2        0 0.000317        0
    40.4        0 0.000291        0
    40.6        0 0.000268        0
    40.8        0 0.000247        0
      41        0 0.000227        0
    41.2        0 0.000209        0
    41.4        0 0.000192        0
    41.6        0 0.000177        0
    41.8        0 0.000163        0
      42        0  0.00015        0
    42.2        0 0.000138        0
    42.4        0 0.000127        0
    42.6        0 0.000117        0
    42.8        0 0.000107        0
      43        0 9.87e-05        0
    43.2        0 9.07e-05        0
    43.4        0 8.35e-05        0
    43.6        0 7.68e-05        0
    43.8        0 7.07e-05        0
      44        0  6.5e-05        0
    44.2        0 5.98e-05        0
    44.4        0  5.5e-05        0
    44.6        0 5.06e-05        0
    44.8        0 4.66e-05        0
      45        0 4.29e-05        0
    45.2        0 3.94e-05        0
    45.4        0 3.63e-05        0
    45.6        0 3.34e-05        0
    45.8        0 3.07e-05        0
      46        0 2.83e-05        0
    46.2        0  2.6e-05        0
    46.4        0 2.39e-05        0
    46.6        0  2.2e-05        0
    46.8        0 2.03e-05        0
      47        0 1.86e-05        0
    47.2        0 1.71e-05        0
    47.4        0 1.58e-05        0
    47.6        0 1.45e-05        0
    47.8        0 1.34e-05        0
      48        0 1.23e-05        0
    48.2        0 1.13e-05        0
    48.4        0 1.04e-05        0
    48.6        0 9.57e-06        0
    48.8        0  8.8e-06        0
      49        0  8.1e-06        0
    49.2        0 7.45e-06        0
    49.4        0 6.85e-06        0
    49.6        0 6.31e-06        0
    49.8        0  5.8e-06        0
      50        0 5.34e-06        0
    50.2        0 4.91e-06        0
    50.4        0 4.52e-06        0
    50.6        0 4.16e-06        0
    50.8        0 3.83e-06        0
      51        0 3.52e-06        0
    51.2        0 3.24e-06        0
    51.4        0 2.98e-06        0
    51.6        0 2.74e-06        0
    51.8        0 2.52e-06        0
      52        0 2.32e-06        0
    52.2        0 2.14e-06        0
    52.4        0 1.96e-06        0
    52.6        0 1.81e-06        0
    52.8        0 1.66e-06        0
      53        0 1.53e-06        0
    53.2        0 1.41e-06        0
    53.4        0 1.29e-06        0
    53.6        0 1.19e-06        0
    53.8        0  1.1e-06        0
      54        0 1.01e-06        0
    54.2        0 9.28e-07        0
    54.4        0 8.53e-07        0
    54.6        0 7.85e-07        0
    54.8        0 7.22e-07        0
      55        0 6.65e-07        0
    55.2        0 6.12e-07        0
    55.4        0 5.63e-07        0
    55.6        0 5.18e-07        0
    55.8        0 4.76e-07        0
      56        0 4.38e-07        0
    56.2        0 4.34e-07        0
      64        0  1.1e-07        0
    64.2        0 1.44e-08        0
    64.4        0 1.32e-08        0
    64.6        0 1.22e-08        0
    64.8        0 1.12e-08        0
      65        0 1.03e-08        0
    65.2        0 9.48e-09        0
    65.4        0 8.72e-09        0
    65.6        0 8.03e-09        0
    65.8        0 7.38e-09        0
      66        0 6.79e-09        0
    66.2        0 6.25e-09        0
    66.4        0 5.75e-09        0
    66.6        0 5.29e-09        0
    66.8        0 4.87e-09        0
      67        0 4.48e-09        0
    67.2        0 4.12e-09        0
    67.4        0 3.79e-09        0
    67.6        0 3.49e-09        0
    67.8        0 3.21e-09        0
      68        0 2.95e-09        0
    68.2        0 2.72e-09        0
    68.4        0  2.5e-09        0
    68.6        0  2.3e-09        0
    68.8        0 2.12e-09        0
      69        0 1.95e-09        0
    69.2        0 1.79e-09        0
    69.4        0 1.65e-09        0
    69.6        0 1.52e-09        0
    69.8        0 1.39e-09        0
      70        0 1.28e-09        0
    70.2        0 1.18e-09        0
    70.4        0 1.09e-09        0
    70.6        0 9.98e-10        0
    70.8        0 9.19e-10        0
      71        0 8.46e-10        0
    71.2        0 7.78e-10        0
    71.4        0 7.16e-10        0
    71.6        0 6.59e-10        0
    71.8        0 6.06e-10        0
      72        0 5.58e-10        0
    72.2        0 5.13e-10        0
    72.4        0 4.72e-10        0
    72.6        0 4.34e-10        0
    72.8        0    4e-10        0
      73        0 3.68e-10        0
    73.2        0 3.38e-10        0
    73.4        0 3.11e-10        0
    73.6        0 2.86e-10        0
    73.8        0 2.64e-10        0
      74        0 2.42e-10        0
    74.2        0 2.23e-10        0
    74.4        0 2.05e-10        0
    74.6        0 1.89e-10        0
    74.8        0 1.74e-10        0
      75        0  1.6e-10        0
    75.2        0 1.47e-10        0
    75.4        0 1.35e-10        0
    75.6        0 1.24e-10        0
    75.8        0 1.14e-10        0
      76        0 1.13e-10        0
    81.7        0 3.28e-11        0
    81.9        0 9.01e-12        0
    82.1        0 8.29e-12        0
    82.3        0 7.63e-12        0
    82.5        0 7.02e-12        0
    82.7        0 6.46e-12        0
    82.9        0 5.94e-12        0
    83.1        0 5.47e-12        0
    83.3        0 5.03e-12        0
    83.5        0 4.63e-12        0
    83.7        0 4.26e-12        0
    83.9        0 3.92e-12        0
    84.1        0  3.6e-12        0
    84.3        0 3.32e-12        0
    84.5        0 3.05e-12        0
    84.7        0 2.81e-12        0
    84.9        0 2.58e-12        0
    85.1        0 2.38e-12        0
    85.3        0 2.19e-12        0
    85.5        0 2.01e-12        0
    85.7        0 1.85e-12        0
    85.9        0  1.7e-12        0
    86.1        0 1.57e-12        0
    86.3        0 1.44e-12        0
    86.5        0 1.33e-12        0
    86.7        0 1.22e-12        0
    86.9        0 1.12e-12        0
    87.1        0 1.03e-12        0
    87.3        0  9.5e-13        0
    87.5        0 8.74e-13        0
    87.7        0 8.04e-13        0
    87.9        0  7.4e-13        0
    88.1        0 6.81e-13        0
    88.3        0 6.26e-13        0
    88.5        0 5.76e-13        0
    88.7        0  5.3e-13        0
    88.9        0 4.88e-13        0
    89.1        0 4.49e-13        0
    89.3        0 4.13e-13        0
    89.5        0  3.8e-13        0
    89.7        0 3.49e-13        0
    89.9        0 3.21e-13        0
    90.1        0 2.96e-13        0
    90.3        0 2.72e-13        0
    90.5        0  2.5e-13        0
    90.7        0  2.3e-13        0
    90.9        0 2.12e-13        0
    91.1        0 1.95e-13        0
    91.3        0 1.79e-13        0
    91.5        0 1.65e-13        0
    91.7        0 1.52e-13        0
    91.9        0  1.4e-13        0
    92.1        0 1.29e-13        0
    92.3        0 1.18e-13        0
    92.5        0 1.09e-13        0
    92.7        0 9.99e-14        0
    92.9        0 9.21e-14        0
    93.1        0 8.48e-14        0
    93.3        0  7.8e-14        0
    93.5        0 7.18e-14        0
    93.7        0  6.6e-14        0
    93.9        0 6.07e-14        0
    94.1        0 5.59e-14        0
    94.3        0 5.14e-14        0
    94.5        0 4.73e-14        0
    94.7        0 4.35e-14        0
    94.9        0    4e-14        0
    95.1        0 3.68e-14        0
    95.3        0 3.39e-14        0
    95.5        0 3.12e-14        0
    95.7        0 2.87e-14        0
    95.9        0 2.64e-14        0
    96.1        0 2.43e-14        0
    96.3        0 2.23e-14        0
    96.5        0 2.06e-14        0
    96.7        0 1.89e-14        0
    96.9        0 1.74e-14        0
    97.1        0  1.6e-14        0
    97.3        0 1.47e-14        0
    97.5        0 1.36e-14        0
    97.7        0 1.25e-14        0
    97.9        0 1.15e-14        0
    98.1        0 1.06e-14        0
    98.3        0  9.7e-15        0
    98.5        0 8.93e-15        0
    98.7        0 8.22e-15        0
    98.9        0 7.56e-15        0
    99.1        0 6.96e-15        0
    99.3        0  6.4e-15        0
    99.5        0 5.89e-15        0
    99.7        0 5.42e-15        0
    99.9        0 5.06e-15        0
