-25 14 0.251 0 0
-24.9 14 0.253 0 0
-24.8 14 0.254 7.5e-09 2.5e-09
-24.7 14 0.255 0 0
-24.6 14 0.257 0 0
-24.5 14 0.258 0 0
-24.4 14 0.259 0 0
-24.3 14 0.261 0 0
-24.2 14 0.262 0 0
-24.1 14 0.263 0 0
-24 14 0.265 0 0
-23.9 14 0.266 0 0
-23.8 14 0.267 0 0
-23.7 14 0.269 0 0
-23.6 14 0.27 0 0
-23.5 14 0.271 0 0
-23.4 14 0.273 0 0
-23.3 14 0.274 0 0
-23.2 14 0.276 0 0
-23.1 14 0.277 0 0
-23 14 0.278 0 0
-22.9 14 0.28 0 0
-22.8 14 0.281 0 0
-22.7 14 0.283 0 0
-22.6 14 0.284 0 0
-22.5 14 0.285 0 0
-22.4 14 0.287 0 0
-22.3 14 0.288 0 0
-22.2 14 0.29 0 0
-22.1 14 0.291 0 0
-22 14 0.293 0 0
-21.9 14 0.294 0 0
-21.8 14 0.295 0 0
-21.7 14 0.297 0 0
-21.6 14 0.298 0 0
-21.5 14 0.3 0 0
-21.4 14 0.301 0 0
-21.3 14 0.303 0 0
-21.2 14 0.304 0 0
-21.1 14 0.306 0 0
-21 14 0.307 0 0
-20.9 14 0.309 0 0
-20.8 14 0.31 0 0
-20.7 14 0.311 0 0
-20.6 14 0.313 0 0
-20.5 14 0.314 0 0
-20.4 14 0.316 0 0
-20.3 14 0.317 0 0
-20.2 14 0.319 0 0
-20.1 14 0.32 2.5e-09 7.5e-09
-20 14 0.322 0 0
-19.9 14 0.323 0 0
-19.8 14 0.325 0 0
-19.7 14 0.326 7.5e-09 2.5e-09
-19.6 14 0.328 0 0
-19.5 14 0.329 0 0
-19.4 14 0.331 0 0
-19.3 14 0.332 0 0
-19.2 14 0.334 0 0
-19.1 14 0.336 2.5e-09 7.5e-09
-19 14 0.337 2.5e-09 7.5e-09
-18.9 14 0.339 0 0
-18.8 14 0.34 0 0
-18.7 14 0.342 2.5e-09 7.5e-09
-18.6 14 0.343 2.5e-09 7.5e-09
-18.5 14 0.345 0 0
-18.4 14 0.346 2.5e-09 7.5e-09
-18.3 14 0.348 2.5e-09 7.5e-09
-18.2 14 0.349 0 0
-18.1 14 0.351 0 0
-18 14 0.352 0 0
-17.9 14 0.354 2.5e-09 7.5e-09
-17.8 14 0.356 0 0
-17.7 14 0.357 0 0
-17.6 14 0.359 0 0
-17.5 14 0.36 2.5e-09 7.5e-09
-17.4 14 0.362 0 0
-17.3 14 0.363 2.5e-09 7.5e-09
-17.2 14 0.365 2.5e-09 7.5e-09
-17.1 14 0.366 0 0
-17 14 0.368 0 0
-16.9 14 0.37 0 0
-16.8 14 0.371 2.5e-09 7.5e-09
-16.7 14 0.373 0 0
-16.6 14 0.374 2.5e-09 7.5e-09
-16.5 14 0.376 0 0
-16.4 14 0.377 2.5e-09 7.5e-09
-16.3 14 0.379 0 0
-16.2 14 0.381 0 0
-16.1 14 0.382 0 0
-16 14 0.384 2.5e-09 7.5e-09
-15.9 14 0.385 0 0
-15.8 14 0.387 0 0
-15.7 14 0.389 2.5e-09 7.5e-09
-15.6 14 0.39 0 0
-15.5 14 0.392 2.5e-09 7.5e-09
-15.4 14 0.393 0 0
-15.3 14 0.395 2.5e-09 7.5e-09
-15.2 14 0.396 0 0
-15.1 14 0.398 2.5e-09 7.5e-09
-15 14 0.4 2.5e-09 7.5e-09
-14.9 14 0.401 0 0
-14.8 14 0.403 0 0
-14.7 14 0.404 0 0
-14.6 14 0.406 0 0
-14.5 14 0.408 2.5e-09 7.5e-09
-14.4 14 0.409 0 0
-14.3 14 0.411 2.5e-09 7.5e-09
-14.2 14 0.412 2.5e-09 7.5e-09
-14.1 14 0.414 2.5e-09 7.5e-09
-14 14 0.416 7.5e-09 2.5e-09
-13.9 14 0.417 2.5e-09 7.5e-09
-13.8 14 0.419 2.5e-09 7.5e-09
-13.7 14 0.42 2.5e-09 7.5e-09
-13.6 14 0.422 2.5e-09 7.5e-09
-13.5 14 0.424 2.5e-09 7.5e-09
-13.4 14 0.425 2.5e-09 7.5e-09
-13.3 14 0.427 2.5e-09 7.5e-09
-13.2 14 0.428 2.5e-09 7.5e-09
-13.1 14 0.43 0 0
-13 14 0.431 0 0
-12.9 14 0.433 2.5e-09 7.5e-09
-12.8 14 0.435 2.5e-09 7.5e-09
-12.7 14 0.436 2.5e-09 7.5e-09
-12.6 14 0.438 2.5e-09 7.5e-09
-12.5 14 0.439 2.5e-09 7.5e-09
-12.4 14 0.441 2.5e-09 7.5e-09
-12.3 14 0.443 2.5e-09 7.5e-09
-12.2 14 0.444 0 0
-12.1 14 0.446 2.5e-09 7.5e-09
-12 14 0.447 0 0
-11.9 14 0.449 1.29e-06 4.3e-07
-11.8 14 0.45 0 0
-11.7 14 0.452 2.5e-09 7.5e-09
-11.6 14 0.454 2.5e-09 7.5e-09
-11.5 14 0.455 2.5e-09 7.5e-09
-11.4 14 0.457 2.5e-09 7.5e-09
-11.3 14 0.458 2.5e-09 7.5e-09
-11.2 14 0.46 2.5e-09 7.5e-09
-11.1 14 0.461 2.5e-09 7.5e-09
-11 14 0.463 0 0
-10.9 14 0.465 2.5e-09 7.5e-09
-10.8 14 0.466 2.5e-09 7.5e-09
-10.7 14 0.468 2.5e-09 7.5e-09
-10.6 14 0.469 2.5e-09 7.5e-09
-10.5 14 0.471 2.5e-09 7.5e-09
-10.4 14 0.472 0 0
-10.3 14 0.474 2.5e-09 7.5e-09
-10.2 14 0.475 0 0
-10.1 14 0.477 2.5e-09 7.5e-09
-10 14 0.479 2.5e-09 7.5e-09
-9.9 14 0.48 2.5e-09 7.5e-09
-9.8 14 0.482 2.5e-09 7.5e-09
-9.7 14 0.483 2.5e-09 7.5e-09
-9.6 14 0.485 0 0
-9.5 14 0.486 2.5e-09 7.5e-09
-9.4 14 0.488 0 0
-9.3 14 0.489 2.5e-09 7.5e-09
-9.2 14 0.491 2.5e-09 7.5e-09
-9.1 14 0.492 2.5e-09 7.5e-09
-9 14 0.494 0 0
-8.9 14 0.495 2.5e-09 7.5e-09
-8.8 14 0.497 2.5e-09 7.5e-09
-8.7 14 0.498 2.5e-09 7.5e-09
-8.6 14 0.5 2.5e-09 7.5e-09
-8.5 14 0.501 2.5e-09 7.5e-09
-8.4 14 0.503 0 0
-8.3 14 0.504 0 0
-8.2 14 0.506 0 0
-8.1 14 0.507 2.5e-09 7.5e-09
-8 14 0.509 0 0
-7.9 14 0.51 2.5e-09 7.5e-09
-7.8 14 0.512 2.5e-09 7.5e-09
-7.7 14 0.513 2.5e-09 7.5e-09
-7.6 14 0.515 2.5e-09 7.5e-09
-7.5 14 0.516 0 0
-7.4 14 0.518 2.5e-09 7.5e-09
-7.3 14 0.519 0 0
-7.2 14 0.52 5e-09 5e-09
-7.1 14 0.522 7.5e-09 1.25e-08
-7 14 0.523 7.5e-09 1.25e-08
-6.9 14 0.525 0 0
-6.8 14 0.526 2.5e-09 7.5e-09
-6.7 14 0.528 2.5e-09 7.5e-09
-6.6 14 0.529 2.5e-09 7.5e-09
-6.5 14 0.53 0 0
-6.4 14 0.532 2.5e-09 7.5e-09
-6.3 14 0.533 0 0
-6.2 14 0.535 2.5e-09 7.5e-09
-6.1 14 0.536 0 0
-6 14 0.537 0 0
-5.9 14 0.539 0 0
-5.8 14 0.54 2.5e-09 7.5e-09
-5.7 14 0.542 2.5e-09 7.5e-09
-5.6 14 0.543 0 0
-5.5 14 0.544 0 0
-5.4 14 0.546 0 0
-5.3 14 0.547 0 0
-5.2 14 0.548 0 0
-5.1 14 0.55 0 0
-5 14 0.551 5e-09 5e-09
-4.9 14 0.552 0 0
-4.8 14 0.554 0 0
-4.7 14 0.555 0 0
-4.6 14 0.556 0 0
-4.5 14 0.557 0 0
-4.4 14 0.559 0 0
-4.3 14 0.56 2.5e-09 7.5e-09
-4.2 14 0.561 0 0
-4.1 14 0.563 0 0
-4 14 0.564 0 0
-3.9 14 0.565 0 0
-3.8 14 0.566 0 0
-3.7 14 0.568 0 0
-3.6 14 0.569 0 0
-3.5 14 0.57 0 0
-3.4 14 0.571 0 0
-3.3 14 0.573 0 0
-3.2 14 0.574 0 0
-3.1 14 0.575 0 0
-3 14 0.576 0 0
-2.9 14 0.577 0 0
-2.8 14 0.579 0 0
-2.7 14 0.58 0 0
-2.6 14 0.581 0 0
-2.5 14 0.582 0 0
-2.4 14 0.583 0 0
-2.3 14 0.584 0 0
-2.2 14 0.585 7.5e-09 2.5e-09
-2.1 14 0.587 0 0
-2 14 0.588 5e-09 5e-09
-1.9 14 0.589 0 0
-1.8 14 0.59 0 0
-1.7 14 0.591 0 0
-1.6 14 0.592 0 0
-1.5 14 0.593 7.5e-09 2.5e-09
-1.4 14 0.594 0 0
-1.3 14 0.595 0 0
-1.2 14 0.596 0 0
-1.1 14 0.597 0 0
-1 14 0.598 7.5e-09 2.5e-09
-0.9 14 0.599 7.5e-09 2.5e-09
-0.8 14 0.6 0 0
-0.7 14 0.602 0 0
-0.6 14 0.603 2.5e-09 7.5e-09
-0.5 14 0.604 5e-09 5e-09
-0.4 14 0.604 0 0
-0.3 14 0.605 0 0
-0.2 14 0.606 0 0
-0.1 14 0.607 7.5e-09 2.5e-09
1.6e-14 14 0.608 0 0
0.1 14 0.609 0 0
0.2 14 0.61 7.5e-09 2.5e-09
0.3 14 0.611 0 0
0.4 14 0.612 0 0
0.5 14 0.613 0 0
0.6 14 0.614 0 0
0.7 14 0.615 0 0
0.8 14 0.616 0 0
0.9 14 0.616 7.5e-09 2.5e-09
1 14 0.617 7.5e-09 2.5e-09
1.1 14 0.618 7.5e-09 2.5e-09
1.2 14 0.619 0 0
1.3 14 0.62 0 0
1.4 14 0.621 7.5e-09 2.5e-09
1.5 14 0.622 7.5e-09 2.5e-09
1.6 14 0.622 7.5e-09 2.5e-09
1.7 14 0.623 0 0
1.8 14 0.624 0 0
1.9 14 0.625 0 0
2 14 0.625 7.5e-09 2.5e-09
2.1 14 0.626 7.5e-09 2.5e-09
2.2 14 0.627 0 0
2.3 14 0.628 7.5e-09 2.5e-09
2.4 14 0.628 7.5e-09 2.5e-09
2.5 14 0.629 7.5e-09 2.5e-09
2.6 14 0.63 7.5e-09 2.5e-09
2.7 14 0.63 2.5e-09 7.5e-09
2.8 14 0.631 7.5e-09 2.5e-09
2.9 14 0.632 7.5e-09 2.5e-09
3 14 0.633 7.5e-09 2.5e-09
3.1 14 0.633 7.5e-09 2.5e-09
3.2 14 0.634 7.5e-09 2.5e-09
3.3 14 0.634 7.5e-09 2.5e-09
3.4 14 0.635 7.5e-09 2.5e-09
3.5 14 0.636 7.5e-09 2.5e-09
3.6 14 0.636 7.5e-09 2.5e-09
3.7 14 0.637 7.5e-09 2.5e-09
3.8 14 0.637 7.5e-09 2.5e-09
3.9 14 0.638 7.5e-09 2.5e-09
4 14 0.639 7.5e-09 2.5e-09
4.1 14 0.639 7.5e-09 2.5e-09
4.2 14 0.64 7.5e-09 2.5e-09
4.3 14 0.64 7.5e-09 2.5e-09
4.4 14 0.641 7.5e-09 2.5e-09
4.5 14 0.641 7.5e-09 2.5e-09
4.6 14 0.642 7.5e-09 2.5e-09
4.7 14 0.642 7.5e-09 2.5e-09
4.8 14 0.643 7.5e-09 2.5e-09
4.9 14 0.643 7.5e-09 2.5e-09
5 14 0.644 7.5e-09 2.5e-09
5.1 14 0.644 7.5e-09 2.5e-09
5.2 14 0.644 7.5e-09 2.5e-09
5.3 14 0.645 7.5e-09 2.5e-09
5.4 14 0.645 7.5e-09 2.5e-09
5.5 14 0.646 7.5e-09 2.5e-09
5.6 14 0.646 1.5e-08 5e-09
5.7 14 0.646 7.5e-09 2.5e-09
5.8 14 0.647 7.5e-09 2.5e-09
5.9 14 0.647 1.5e-08 5e-09
6 14 0.647 1.5e-08 5e-09
6.1 14 0.648 7.5e-09 2.5e-09
6.2 14 0.648 7.5e-09 2.5e-09
6.3 14 0.648 1.5e-08 5e-09
6.4 14 0.649 7.5e-09 2.5e-09
6.5 14 0.649 7.5e-09 2.5e-09
6.6 14 0.649 7.5e-09 2.5e-09
6.7 14 0.65 1.5e-08 5e-09
6.8 14 0.65 1.5e-08 5e-09
6.9 14 0.65 7.5e-09 2.5e-09
7 14 0.65 7.5e-09 2.5e-09
7.1 14 0.651 7.5e-09 2.5e-09
7.2 14 0.651 7.5e-09 2.5e-09
7.3 14 0.651 7.5e-09 2.5e-09
7.4 14 0.651 7.5e-09 2.5e-09
7.5 14 0.651 7.5e-09 2.5e-09
7.6 14 0.651 7.5e-09 2.5e-09
7.7 14 0.652 7.5e-09 2.5e-09
7.8 14 0.652 1.5e-08 5e-09
7.9 14 0.652 7.5e-09 2.5e-09
8 14 0.652 7.5e-09 2.5e-09
8.1 14 0.652 7.5e-09 2.5e-09
8.2 14 0.652 1.5e-08 5e-09
8.3 14 0.652 7.5e-09 2.5e-09
8.4 14 0.652 7.5e-09 2.5e-09
8.5 14 0.652 1.5e-08 5e-09
8.6 14 0.652 7.5e-09 2.5e-09
8.7 14 0.652 7.5e-09 2.5e-09
8.8 14 0.653 1.5e-08 5e-09
8.9 14 0.653 1.5e-08 5e-09
9 14 0.653 7.5e-09 2.5e-09
9.1 14 0.653 1.5e-08 5e-09
9.2 14 0.653 1.5e-08 5e-09
9.3 14 0.652 7.5e-09 2.5e-09
9.4 14 0.652 7.5e-09 2.5e-09
9.5 14 0.652 1.5e-08 5e-09
9.6 14 0.652 7.5e-09 2.5e-09
9.7 14 0.652 7.5e-09 2.5e-09
9.8 14 0.652 1.5e-08 5e-09
9.9 14 0.652 7.5e-09 2.5e-09
10 14 0.652 7.5e-09 2.5e-09
10.1 14 0.652 7.5e-09 2.5e-09
10.2 14 0.652 1.5e-08 5e-09
10.3 14 0.652 7.5e-09 2.5e-09
10.4 14 0.651 7.5e-09 2.5e-09
10.5 14 0.651 7.5e-09 2.5e-09
10.6 14 0.651 7.5e-09 2.5e-09
10.7 14 0.651 7.5e-09 2.5e-09
10.8 14 0.651 7.5e-09 2.5e-09
10.9 14 0.651 7.5e-09 2.5e-09
11 14 0.65 7.5e-09 2.5e-09
11.1 14 0.65 7.5e-09 2.5e-09
11.2 14 0.65 1.5e-08 5e-09
11.3 14 0.65 1.5e-08 5e-09
11.4 14 0.649 7.5e-09 2.5e-09
11.5 14 0.649 7.5e-09 2.5e-09
11.6 14 0.649 7.5e-09 2.5e-09
11.7 14 0.648 1.5e-08 5e-09
11.8 14 0.648 7.5e-09 2.5e-09
11.9 14 0.648 7.5e-09 2.5e-09
12 14 0.647 1.5e-08 5e-09
12.1 14 0.647 1.5e-08 5e-09
12.2 14 0.647 7.5e-09 2.5e-09
12.3 14 0.646 7.5e-09 2.5e-09
12.4 14 0.646 1.5e-08 5e-09
12.5 14 0.646 7.5e-09 2.5e-09
12.6 14 0.645 7.5e-09 2.5e-09
12.7 14 0.645 7.5e-09 2.5e-09
12.8 14 0.644 7.5e-09 2.5e-09
12.9 14 0.644 7.5e-09 2.5e-09
13 14 0.644 7.5e-09 2.5e-09
13.1 14 0.643 7.5e-09 2.5e-09
13.2 14 0.643 7.5e-09 2.5e-09
13.3 14 0.642 7.5e-09 2.5e-09
13.4 14 0.642 7.5e-09 2.5e-09
13.5 14 0.641 7.5e-09 2.5e-09
13.6 14 0.641 7.5e-09 2.5e-09
13.7 14 0.64 7.5e-09 2.5e-09
13.8 14 0.64 7.5e-09 2.5e-09
13.9 14 0.639 7.5e-09 2.5e-09
14 14 0.639 7.5e-09 2.5e-09
14.1 14 0.638 7.5e-09 2.5e-09
14.2 14 0.637 7.5e-09 2.5e-09
14.3 14 0.637 7.5e-09 2.5e-09
14.4 14 0.636 7.5e-09 2.5e-09
14.5 14 0.636 7.5e-09 2.5e-09
14.6 14 0.635 7.5e-09 2.5e-09
14.7 14 0.634 7.5e-09 2.5e-09
14.8 14 0.634 7.5e-09 2.5e-09
14.9 14 0.633 7.5e-09 2.5e-09
15 14 0.633 7.5e-09 2.5e-09
15.1 14 0.632 7.5e-09 2.5e-09
15.2 14 0.631 7.5e-09 2.5e-09
15.3 14 0.63 2.5e-09 7.5e-09
15.4 14 0.63 7.5e-09 2.5e-09
15.5 14 0.629 7.5e-09 2.5e-09
15.6 14 0.628 7.5e-09 2.5e-09
15.7 14 0.628 7.5e-09 2.5e-09
15.8 14 0.627 0 0
15.9 14 0.626 7.5e-09 2.5e-09
16 14 0.625 7.5e-09 2.5e-09
16.1 14 0.625 0 0
16.2 14 0.624 0 0
16.3 14 0.623 0 0
16.4 14 0.622 7.5e-09 2.5e-09
16.5 14 0.622 7.5e-09 2.5e-09
16.6 14 0.621 7.5e-09 2.5e-09
16.7 14 0.62 0 0
16.8 14 0.619 0 0
16.9 14 0.618 7.5e-09 2.5e-09
17 14 0.617 7.5e-09 2.5e-09
17.1 14 0.616 7.5e-09 2.5e-09
17.2 14 0.616 0 0
17.3 14 0.615 0 0
17.4 14 0.614 0 0
17.5 14 0.613 0 0
17.6 14 0.612 0 0
17.7 14 0.611 0 0
17.8 14 0.61 7.5e-09 2.5e-09
17.9 14 0.609 0 0
18 14 0.608 0 0
18.1 14 0.607 7.5e-09 2.5e-09
18.2 14 0.606 0 0
18.3 14 0.605 0 0
18.4 14 0.604 0 0
18.5 14 0.604 5e-09 5e-09
18.6 14 0.603 2.5e-09 7.5e-09
18.7 14 0.602 0 0
18.8 14 0.6 0 0
18.9 14 0.599 7.5e-09 2.5e-09
19 14 0.598 7.5e-09 2.5e-09
19.1 14 0.597 0 0
19.2 14 0.596 0 0
19.3 14 0.595 0 0
19.4 14 0.594 0 0
19.5 14 0.593 7.5e-09 2.5e-09
19.6 14 0.592 0 0
19.7 14 0.591 0 0
19.8 14 0.59 0 0
19.9 14 0.589 0 0
20 14 0.588 5e-09 5e-09
20.1 14 0.587 0 0
20.2 14 0.585 7.5e-09 2.5e-09
20.3 14 0.584 0 0
20.4 14 0.583 0 0
20.5 14 0.582 0 0
20.6 14 0.581 0 0
20.7 14 0.58 0 0
20.8 14 0.579 0 0
20.9 14 0.577 0 0
21 14 0.576 0 0
21.1 14 0.575 0 0
21.2 14 0.574 0 0
21.3 14 0.573 0 0
21.4 14 0.571 0 0
21.5 14 0.57 0 0
21.6 14 0.569 0 0
21.7 14 0.568 0 0
21.8 14 0.566 0 0
21.9 14 0.565 0 0
22 14 0.564 0 0
22.1 14 0.563 0 0
22.2 14 0.561 0 0
22.3 14 0.56 2.5e-09 7.5e-09
22.4 14 0.559 0 0
22.5 14 0.557 0 0
22.6 14 0.556 0 0
22.7 14 0.555 0 0
22.8 14 0.554 0 0
22.9 14 0.552 0 0
23 14 0.551 5e-09 5e-09
23.1 14 0.55 0 0
23.2 14 0.548 0 0
23.3 14 0.547 0 0
23.4 14 0.546 0 0
23.5 14 0.544 0 0
23.6 14 0.543 0 0
23.7 14 0.542 2.5e-09 7.5e-09
23.8 14 0.54 2.5e-09 7.5e-09
23.9 14 0.539 0 0
24 14 0.537 0 0
24.1 14 0.536 0 0
24.2 14 0.535 2.5e-09 7.5e-09
24.3 14 0.533 0 0
24.4 14 0.532 2.5e-09 7.5e-09
24.5 14 0.53 0 0
24.6 14 0.529 2.5e-09 7.5e-09
24.7 14 0.528 2.5e-09 7.5e-09
24.8 14 0.526 2.5e-09 7.5e-09
24.9 14 0.525 0 0
25 14 0.523 7.5e-09 1.25e-08
25.1 14 0.522 7.5e-09 1.25e-08
25.2 14 0.52 5e-09 5e-09
25.3 14 0.519 0 0
25.4 14 0.518 2.5e-09 7.5e-09
25.5 14 0.516 0 0
25.6 14 0.515 2.5e-09 7.5e-09
25.7 14 0.513 2.5e-09 7.5e-09
25.8 14 0.512 2.5e-09 7.5e-09
25.9 14 0.51 2.5e-09 7.5e-09
26 14 0.509 0 0
26.1 14 0.507 2.5e-09 7.5e-09
26.2 14 0.506 0 0
26.3 14 0.504 0 0
26.4 14 0.503 0 0
26.5 14 0.501 2.5e-09 7.5e-09
26.6 14 0.5 2.5e-09 7.5e-09
26.7 14 0.498 2.5e-09 7.5e-09
26.8 14 0.497 2.5e-09 7.5e-09
26.9 14 0.495 2.5e-09 7.5e-09
27 14 0.494 0 0
27.1 14 0.492 2.5e-09 7.5e-09
27.2 14 0.491 2.5e-09 7.5e-09
27.3 14 0.489 2.5e-09 7.5e-09
27.4 14 0.488 0 0
27.5 14 0.486 2.5e-09 7.5e-09
27.6 14 0.485 0 0
27.7 14 0.483 2.5e-09 7.5e-09
27.8 14 0.482 2.5e-09 7.5e-09
27.9 14 0.48 2.5e-09 7.5e-09
28 14 0.479 2.5e-09 7.5e-09
28.1 14 0.477 2.5e-09 7.5e-09
28.2 14 0.475 0 0
28.3 14 0.474 2.5e-09 7.5e-09
28.4 14 0.472 0 0
28.5 14 0.471 2.5e-09 7.5e-09
28.6 14 0.469 2.5e-09 7.5e-09
28.7 14 0.468 2.5e-09 7.5e-09
28.8 14 0.466 2.5e-09 7.5e-09
28.9 14 0.465 2.5e-09 7.5e-09
29 14 0.463 0 0
29.1 14 0.461 2.5e-09 7.5e-09
29.2 14 0.46 2.5e-09 7.5e-09
29.3 14 0.458 2.5e-09 7.5e-09
29.4 14 0.457 2.5e-09 7.5e-09
29.5 14 0.455 2.5e-09 7.5e-09
29.6 14 0.454 2.5e-09 7.5e-09
29.7 14 0.452 2.5e-09 7.5e-09
29.8 14 0.45 0 0
29.9 14 0.449 1.29e-06 4.3e-07
30 14 0.447 0 0
30.1 14 0.446 2.5e-09 7.5e-09
30.2 14 0.444 0 0
30.3 14 0.443 2.5e-09 7.5e-09
30.4 14 0.441 2.5e-09 7.5e-09
30.5 14 0.439 2.5e-09 7.5e-09
30.6 14 0.438 2.5e-09 7.5e-09
30.7 14 0.436 2.5e-09 7.5e-09
30.8 14 0.435 2.5e-09 7.5e-09
30.9 14 0.433 2.5e-09 7.5e-09
31 14 0.431 0 0
31.1 14 0.43 0 0
31.2 14 0.428 2.5e-09 7.5e-09
31.3 14 0.427 2.5e-09 7.5e-09
31.4 14 0.425 2.5e-09 7.5e-09
31.5 14 0.424 2.5e-09 7.5e-09
31.6 14 0.422 2.5e-09 7.5e-09
31.7 14 0.42 2.5e-09 7.5e-09
31.8 14 0.419 2.5e-09 7.5e-09
31.9 14 0.417 2.5e-09 7.5e-09
32 14 0.416 7.5e-09 2.5e-09
32.1 14 0.414 2.5e-09 7.5e-09
32.2 14 0.412 2.5e-09 7.5e-09
32.3 14 0.411 2.5e-09 7.5e-09
32.4 14 0.409 0 0
32.5 14 0.408 2.5e-09 7.5e-09
32.6 14 0.406 0 0
32.7 14 0.404 0 0
32.8 14 0.403 0 0
32.9 14 0.401 0 0
33 14 0.4 2.5e-09 7.5e-09
33.1 14 0.398 2.5e-09 7.5e-09
33.2 14 0.396 0 0
33.3 14 0.395 2.5e-09 7.5e-09
33.4 14 0.393 0 0
33.5 14 0.392 2.5e-09 7.5e-09
33.6 14 0.39 0 0
33.7 14 0.389 2.5e-09 7.5e-09
33.8 14 0.387 0 0
33.9 14 0.385 0 0
34 14 0.384 2.5e-09 7.5e-09
34.1 14 0.382 0 0
34.2 14 0.381 0 0
34.3 14 0.379 0 0
34.4 14 0.377 2.5e-09 7.5e-09
34.5 14 0.376 0 0
34.6 14 0.374 2.5e-09 7.5e-09
34.7 14 0.373 0 0
34.8 14 0.371 2.5e-09 7.5e-09
34.9 14 0.37 0 0
35 14 0.368 0 0
35.1 14 0.366 0 0
35.2 14 0.365 2.5e-09 7.5e-09
35.3 14 0.363 2.5e-09 7.5e-09
35.4 14 0.362 0 0
35.5 14 0.36 2.5e-09 7.5e-09
35.6 14 0.359 0 0
35.7 14 0.357 0 0
35.8 14 0.356 0 0
35.9 14 0.354 2.5e-09 7.5e-09
36 14 0.352 0 0
36.1 14 0.351 0 0
36.2 14 0.349 0 0
36.3 14 0.348 2.5e-09 7.5e-09
36.4 14 0.346 2.5e-09 7.5e-09
36.5 14 0.345 0 0
36.6 14 0.343 2.5e-09 7.5e-09
36.7 14 0.342 2.5e-09 7.5e-09
36.8 14 0.34 0 0
36.9 14 0.339 0 0
37 14 0.337 2.5e-09 7.5e-09
37.1 14 0.336 2.5e-09 7.5e-09
37.2 14 0.334 0 0
37.3 14 0.332 0 0
37.4 14 0.331 0 0
37.5 14 0.329 0 0
37.6 14 0.328 0 0
37.7 14 0.326 7.5e-09 2.5e-09
37.8 14 0.325 0 0
37.9 14 0.323 0 0
38 14 0.322 0 0
38.1 14 0.32 2.5e-09 7.5e-09
38.2 14 0.319 0 0
38.3 14 0.317 0 0
38.4 14 0.316 0 0
38.5 14 0.314 0 0
38.6 14 0.313 0 0
38.7 14 0.311 0 0
38.8 14 0.31 0 0
38.9 14 0.309 0 0
39 14 0.307 0 0
39.1 14 0.306 0 0
39.2 14 0.304 0 0
39.3 14 0.303 0 0
39.4 14 0.301 0 0
39.5 14 0.3 0 0
39.6 14 0.298 0 0
39.7 14 0.297 0 0
39.8 14 0.295 0 0
39.9 14 0.294 0 0
40 14 0.293 0 0
40.1 14 0.291 0 0
40.2 14 0.29 0 0
40.3 14 0.288 0 0
40.4 14 0.287 0 0
40.5 14 0.285 0 0
40.6 14 0.284 0 0
40.7 14 0.283 0 0
40.8 14 0.281 0 0
40.9 14 0.28 0 0
41 14 0.278 0 0
41.1 14 0.277 0 0
41.2 14 0.276 0 0
41.3 14 0.274 0 0
41.4 14 0.273 0 0
41.5 14 0.271 0 0
41.6 14 0.27 0 0
41.7 14 0.269 0 0
41.8 14 0.267 0 0
41.9 14 0.266 0 0
42 14 0.265 0 0
42.1 14 0.263 0 0
42.2 14 0.262 0 0
42.3 14 0.261 0 0
42.4 14 0.259 0 0
42.5 14 0.258 0 0
42.6 14 0.257 0 0
42.7 14 0.255 0 0
42.8 14 0.254 7.5e-09 2.5e-09
42.9 14 0.253 0 0
43 14 0.251 0 0
43.1 14 0.25 0 0
43.2 14 0.249 5e-09 5e-09
43.3 14 0.247 0 0
43.4 14 0.246 0 0
43.5 14 0.245 0 0
43.6 14 0.243 0 0
43.7 14 0.242 0 0
43.8 14 0.241 0 0
43.9 14 0.24 0 0
44 14 0.238 0 0
44.1 14 0.237 0 0
44.2 14 0.236 0 0
44.3 14 0.235 0 0
44.4 14 0.233 0 0
44.5 14 0.232 0 0
44.6 14 0.231 0 0
44.7 14 0.23 7.5e-09 2.5e-09
44.8 14 0.228 0 0
44.9 14 0.227 7.5e-09 2.5e-09
45 14 0.226 7.5e-09 2.5e-09
45.1 14 0.225 0 0
45.2 14 0.223 0 0
45.3 14 0.222 0 0
45.4 14 0.221 0 0
45.5 14 0.22 0 0
45.6 14 0.219 0 0
45.7 14 0.217 0 0
45.8 14 0.216 0 0
45.9 14 0.215 2.5e-09 7.5e-09
46 14 0.214 0 0
46.1 14 0.213 7.5e-09 2.5e-09
46.2 14 0.211 0 0
46.3 14 0.21 7.5e-09 2.5e-09
46.4 14 0.209 0 0
46.5 14 0.208 0 0
46.6 14 0.207 0 0
46.7 14 0.206 0 0
46.8 14 0.204 0 0
46.9 14 0.203 0 0
47 14 0.202 0 0
47.1 14 0.201 5e-09 5e-09
47.2 14 0.2 7.5e-09 2.5e-09
47.3 14 0.199 0 0
47.4 14 0.198 0 0
47.5 14 0.197 7.5e-09 2.5e-09
47.6 14 0.195 0 0
47.7 14 0.194 0 0
47.8 14 0.193 7.5e-09 2.5e-09
47.9 14 0.192 0 0
48 14 0.191 7.5e-09 2.5e-09
48.1 14 0.19 0 0
48.2 14 0.189 0 0
48.3 14 0.188 0 0
48.4 14 0.187 0 0
48.5 14 0.186 7.5e-09 2.5e-09
48.6 14 0.185 7.5e-09 2.5e-09
48.7 14 0.184 0 0
48.8 14 0.182 0 0
48.9 14 0.181 0 0
49 14 0.18 0 0
49.1 14 0.179 7.5e-09 2.5e-09
49.2 14 0.178 0 0
49.3 14 0.177 0 0
49.4 14 0.176 0 0
49.5 14 0.175 0 0
49.6 14 0.174 7.5e-09 2.5e-09
49.7 14 0.173 0 0
49.8 14 0.172 0 0
49.9 14 0.171 0 0
50 14 0.17 0 0
50.1 14 0.169 0 0
50.2 14 0.168 0 0
50.3 14 0.167 0 0
50.4 14 0.166 0 0
50.5 14 0.165 0 0
50.6 14 0.164 0 0
50.7 14 0.163 0 0
50.8 14 0.162 0 0
50.9 14 0.161 7.5e-09 2.5e-09
51 14 0.16 7.5e-09 2.5e-09
51.1 14 0.159 0 0
51.2 14 0.158 7.5e-09 2.5e-09
51.3 14 0.158 2.5e-09 7.5e-09
51.4 14 0.157 7.5e-09 2.5e-09
51.5 14 0.156 5e-09 5e-09
51.6 14 0.155 5e-09 5e-09
51.7 14 0.154 0 0
51.8 14 0.153 0 0
51.9 14 0.152 7.5e-09 2.5e-09
52 14 0.151 7.5e-09 2.5e-09
52.1 14 0.15 0 0
52.2 14 0.149 0 0
52.3 14 0.148 7.5e-09 2.5e-09
52.4 14 0.147 7.5e-09 2.5e-09
52.5 14 0.147 0 0
52.6 14 0.146 0 0
52.7 14 0.145 0 0
52.8 14 0.144 0 0
52.9 14 0.143 0 0
53 14 0.142 0 0
53.1 14 0.141 0 0
53.2 14 0.14 0 0
53.3 14 0.14 0 0
53.4 14 0.139 0 0
53.5 14 0.138 0 0
53.6 14 0.137 0 0
53.7 14 0.136 0 0
53.8 14 0.135 7.5e-09 2.5e-09
53.9 14 0.135 0 0
54 14 0.134 0 0
54.1 14 0.133 0 0
54.2 14 0.132 7.5e-09 2.5e-09
54.3 14 0.131 0 0
54.4 14 0.131 0 0
54.5 14 0.13 0 0
54.6 14 0.129 7.5e-09 2.5e-09
54.7 14 0.128 7.5e-09 2.5e-09
54.8 14 0.127 7.5e-09 2.5e-09
54.9 14 0.127 7.5e-09 2.5e-09
55 14 0.126 0 0
55.1 14 0.125 0 0
55.2 14 0.124 0 0
55.3 14 0.123 0 0
55.4 14 0.123 0 0
55.5 14 0.122 0 0
55.6 14 0.121 0 0
55.7 14 0.12 0 0
55.8 14 0.12 0 0
55.9 14 0.119 0 0
56 14 0.118 7.5e-09 2.5e-09
56.1 14 0.117 0 0
56.2 14 0.117 7.5e-09 2.5e-09
56.3 14 0.116 0 0
56.4 14 0.115 0 0
56.5 14 0.115 0 0
56.6 14 0.114 0 0
56.7 14 0.113 7.5e-09 2.5e-09
56.8 14 0.112 0 0
56.9 14 0.112 0 0
57 14 0.111 0 0
57.1 14 0.11 0 0
57.2 14 0.11 0 0
57.3 14 0.109 0 0
57.4 14 0.108 0 0
57.5 14 0.107 2.5e-09 7.5e-09
57.6 14 0.107 0 0
57.7 14 0.106 0 0
57.8 14 0.105 0 0
57.9 14 0.105 7.5e-09 2.5e-09
58 14 0.104 0 0
58.1 14 0.103 0 0
58.2 14 0.103 0 0
58.3 14 0.102 0 0
58.4 14 0.102 7.5e-09 2.5e-09
58.5 14 0.101 7.5e-09 2.5e-09
58.6 14 0.1 0 0
58.7 14 0.0996 1.5e-09 5e-10
58.8 14 0.0989 7.5e-10 2.5e-10
58.9 14 0.0983 7.5e-10 2.5e-10
59 14 0.0977 7.5e-10 2.5e-10
59.1 14 0.097 1.5e-09 5e-10
59.2 14 0.0964 7.5e-10 2.5e-10
59.3 14 0.0958 7.5e-10 2.5e-10
59.4 14 0.0952 1.5e-09 5e-10
59.5 14 0.0946 1.5e-09 5e-10
59.6 14 0.094 7.5e-10 2.5e-10
59.7 14 0.0934 7.5e-10 2.5e-10
59.8 14 0.0928 1e-09 1e-09
59.9 14 0.0922 7.5e-10 2.5e-10
60 14 0.0916 7.5e-10 2.5e-10
60.1 14 0.091 7.5e-10 2.5e-10
60.2 14 0.0904 7.5e-10 2.5e-10
60.3 14 0.0898 1.5e-09 5e-10
60.4 14 0.0892 1.5e-09 5e-10
60.5 14 0.0887 7.5e-10 2.5e-10
60.6 14 0.0881 7.5e-10 2.5e-10
60.7 14 0.0875 7.5e-10 2.5e-10
60.8 14 0.087 7.5e-10 2.5e-10
60.9 14 0.0864 7.5e-10 2.5e-10
61 14 0.0858 7.5e-10 2.5e-10
61.1 14 0.0853 7.5e-10 2.5e-10
61.2 14 0.0847 7.5e-10 2.5e-10
61.3 14 0.0842 7.5e-10 2.5e-10
61.4 14 0.0836 7.5e-10 2.5e-10
61.5 14 0.0831 7.5e-10 2.5e-10
61.6 14 0.0825 7.5e-10 2.5e-10
61.7 14 0.082 7.5e-10 2.5e-10
61.8 14 0.0815 7.5e-10 2.5e-10
61.9 14 0.0809 7.5e-10 2.5e-10
62 14 0.0804 7.5e-10 2.5e-10
62.1 14 0.0799 7.5e-10 2.5e-10
62.2 14 0.0794 7.5e-10 2.5e-10
62.3 14 0.0788 7.5e-10 2.5e-10
62.4 14 0.0783 7.5e-10 2.5e-10
62.5 14 0.0778 7.5e-10 2.5e-10
62.6 14 0.0773 7.5e-10 2.5e-10
62.7 14 0.0768 7.5e-10 2.5e-10
62.8 14 0.0763 7.5e-10 2.5e-10
62.9 14 0.0758 2.5e-10 7.5e-10
63 14 0.0753 7.5e-10 2.5e-10
63.1 14 0.0748 7.5e-10 2.5e-10
63.2 14 0.0743 2.5e-10 7.5e-10
63.3 14 0.0738 7.5e-10 2.5e-10
63.4 14 0.0733 7.5e-10 2.5e-10
63.5 14 0.0728 7.5e-10 2.5e-10
63.6 14 0.0724 7.5e-10 2.5e-10
63.7 14 0.0719 7.5e-10 2.5e-10
63.8 14 0.0714 7.5e-10 2.5e-10
63.9 14 0.0709 7.5e-10 2.5e-10
64 14 0.0705 7.5e-10 2.5e-10
64.1 14 0.07 7.5e-10 2.5e-10
64.2 14 0.0695 0 0
64.3 14 0.0691 0 0
64.4 14 0.0686 7.5e-10 2.5e-10
64.5 14 0.0682 7.5e-10 2.5e-10
64.6 14 0.0677 7.5e-10 2.5e-10
64.7 14 0.0673 0 0
64.8 14 0.0668 7.5e-10 2.5e-10
64.9 14 0.0664 0 0
65 14 0.0659 0 0
65.1 14 0.0655 0 0
65.2 14 0.0651 7.5e-10 2.5e-10
65.3 14 0.0646 0 0
65.4 14 0.0642 7.5e-10 2.5e-10
65.5 14 0.0638 0 0
65.6 14 0.0634 7.5e-10 2.5e-10
65.7 14 0.0629 0 0
65.8 14 0.0625 7.5e-10 2.5e-10
65.9 14 0.0621 0 0
66 14 0.0617 0 0
66.1 14 0.0613 7.5e-10 2.5e-10
66.2 14 0.0609 0 0
66.3 14 0.0605 7.5e-10 2.5e-10
66.4 14 0.0601 7.5e-10 2.5e-10
66.5 14 0.0597 0 0
66.6 14 0.0593 0 0
66.7 14 0.0589 5e-10 5e-10
66.8 14 0.0585 0 0
66.9 14 0.0581 0 0
67 14 0.0577 7.5e-10 2.5e-10
67.1 14 0.0573 0 0
67.2 14 0.0569 0 0
67.3 14 0.0565 0 0
67.4 14 0.0562 0 0
67.5 14 0.0558 7.5e-10 2.5e-10
67.6 14 0.0554 0 0
67.7 14 0.055 0 0
67.8 14 0.0547 7.5e-10 2.5e-10
67.9 14 0.0543 0 0
68 14 0.0539 7.5e-10 2.5e-10
68.1 14 0.0536 0 0
68.2 14 0.0532 0 0
68.3 14 0.0529 0 0
68.4 14 0.0525 0 0
68.5 14 0.0521 0 0
68.6 14 0.0518 7.5e-10 2.5e-10
68.7 14 0.0514 0 0
68.8 14 0.0511 0 0
68.9 14 0.0508 0 0
69 14 0.0504 7.5e-10 2.5e-10
69.1 14 0.0501 7.5e-10 2.5e-10
69.2 14 0.0497 2.5e-10 7.5e-10
69.3 14 0.0494 1.25e-09 7.5e-10
69.4 14 0.0491 7.5e-10 2.5e-10
69.5 14 0.0487 2.25e-09 7.5e-10
69.6 14 0.0484 5.5e-09 1.65e-08
69.7 14 0.0481 7.5e-10 2.5e-10
69.8 14 0.0477 0 0
69.9 14 0.0474 0 0
70 14 0.0471 0 0
70.1 14 0.0468 0 0
70.2 14 0.0465 0 0
70.3 14 0.0462 0 0
70.4 14 0.0458 7.5e-10 2.5e-10
70.5 14 0.0455 0 0
70.6 14 0.0452 0 0
70.7 14 0.0449 0 0
70.8 14 0.0446 0 0
70.9 14 0.0443 0 0
71 14 0.044 0 0
71.1 14 0.0437 0 0
71.2 14 0.0434 0 0
71.3 14 0.0431 0 0
71.4 14 0.0428 0 0
71.5 14 0.0425 0 0
71.6 14 0.0422 0 0
71.7 14 0.042 0 0
71.8 14 0.0417 0 0
71.9 14 0.0414 0 0
72 14 0.0411 0 0
72.1 14 0.0408 2.5e-10 7.5e-10
72.2 14 0.0405 0 0
72.3 14 0.0403 5e-10 1.5e-09
72.4 14 0.04 0 0
72.5 14 0.0397 0 0
72.6 14 0.0394 2.5e-10 7.5e-10
72.7 14 0.0392 7.5e-10 2.5e-10
72.8 14 0.0389 2.5e-10 7.5e-10
72.9 14 0.0386 7.5e-10 2.5e-10
73 14 0.0384 2.5e-10 7.5e-10
73.1 14 0.0381 0 0
73.2 14 0.0379 1e-09 1e-09
73.3 14 0.0376 0 0
73.4 14 0.0373 2.5e-10 7.5e-10
73.5 14 0.0371 5e-10 5e-10
73.6 14 0.0368 0 0
73.7 14 0.0366 1.25e-09 1.75e-09
73.8 14 0.0363 7.5e-10 2.5e-10
73.9 14 0.0361 0 0
74 14 0.0358 0 0
74.1 14 0.0356 0 0
74.2 14 0.0353 0 0
74.3 14 0.0351 0 0
74.4 14 0.0349 0 0
74.5 14 0.0346 0 0
74.6 14 0.0344 0 0
74.7 14 0.0341 0 0
74.8 14 0.0339 0 0
74.9 14 0.0337 2.5e-10 7.5e-10
75 14 0.0334 5e-10 5e-10
75.1 14 0.0332 0 0
75.2 14 0.033 0 0
75.3 14 0.0328 0 0
75.4 14 0.0325 0 0
75.5 14 0.0323 0 0
75.6 14 0.0321 7.5e-10 2.5e-10
75.7 14 0.0319 7.5e-10 2.5e-10
75.8 14 0.0316 7.5e-10 2.5e-10
75.9 14 0.0314 0 0
76 14 0.0312 0 0
76.1 14 0.031 0 0
76.2 14 0.0308 0 0
76.3 14 0.0306 0 0
76.4 14 0.0304 2.5e-10 7.5e-10
76.5 14 0.0302 0 0
76.6 14 0.0299 0 0
76.7 14 0.0297 0 0
76.8 14 0.0295 0 0
76.9 14 0.0293 2.5e-10 7.5e-10
77 14 0.0291 0 0
77.1 14 0.0289 0 0
77.2 14 0.0287 0 0
77.3 14 0.0285 0 0
77.4 14 0.0283 7.5e-10 2.5e-10
77.5 14 0.0281 0 0
77.6 14 0.0279 2.5e-10 7.5e-10
77.7 14 0.0277 2.5e-10 7.5e-10
77.8 14 0.0276 7.5e-10 2.5e-10
77.9 14 0.0274 7.5e-10 2.5e-10
78 14 0.0272 0 0
78.1 14 0.027 0 0
78.2 14 0.0268 2.5e-10 7.5e-10
78.3 14 0.0266 0 0
78.4 14 0.0264 2.5e-10 7.5e-10
78.5 14 0.0262 0 0
78.6 14 0.0261 0 0
78.7 14 0.0259 0 0
78.8 14 0.0257 2.5e-10 7.5e-10
78.9 14 0.0255 7.5e-10 2.5e-10
79 14 0.0253 0 0
79.1 14 0.0252 7.5e-10 2.5e-10
79.2 14 0.025 7.5e-10 2.5e-10
79.3 14 0.0248 2.5e-10 7.5e-10
79.4 14 0.0247 2.5e-10 7.5e-10
79.5 14 0.0245 2.5e-10 7.5e-10
79.6 14 0.0243 2.5e-10 7.5e-10
79.7 14 0.0241 0 0
79.8 14 0.024 0 0
79.9 14 0.0238 0 0
80 14 0.0236 0 0
80.1 14 0.0235 2.5e-10 7.5e-10
80.2 14 0.0233 0 0
80.3 14 0.0232 0 0
80.4 14 0.023 2.5e-10 7.5e-10
80.5 14 0.0228 2.5e-10 7.5e-10
80.6 14 0.0227 0 0
80.7 14 0.0225 2.5e-10 7.5e-10
80.8 14 0.0224 0 0
80.9 14 0.0222 0 0
81 14 0.0221 0 0
81.1 14 0.0219 0 0
81.2 14 0.0217 0 0
81.3 14 0.0216 0 0
81.4 14 0.0214 2.5e-10 7.5e-10
81.5 14 0.0213 0 0
81.6 14 0.0211 2.5e-10 7.5e-10
81.7 14 0.021 0 0
81.8 14 0.0209 0 0
81.9 14 0.0207 0 0
82 14 0.0206 0 0
82.1 14 0.0204 0 0
82.2 14 0.0203 0 0
82.3 14 0.0201 0 0
82.4 14 0.02 0 0
82.5 14 0.0199 7.5e-10 2.5e-10
82.6 14 0.0197 2.5e-10 7.5e-10
82.7 14 0.0196 0 0
82.8 14 0.0194 2.5e-10 7.5e-10
82.9 14 0.0193 7.5e-10 2.5e-10
83 14 0.0192 2.5e-10 7.5e-10
83.1 14 0.019 0 0
83.2 14 0.0189 0 0
83.3 14 0.0188 0 0
83.4 14 0.0186 2.5e-10 7.5e-10
83.5 14 0.0185 0 0
83.6 14 0.0184 0 0
83.7 14 0.0183 0 0
83.8 14 0.0181 0 0
83.9 14 0.018 2.5e-10 7.5e-10
84 14 0.0179 0 0
84.1 14 0.0178 2.5e-10 7.5e-10
84.2 14 0.0176 2.5e-10 7.5e-10
84.3 14 0.0175 2.5e-10 7.5e-10
84.4 14 0.0174 0 0
84.5 14 0.0173 2.5e-10 7.5e-10
84.6 14 0.0171 0 0
84.7 14 0.017 0 0
84.8 14 0.0169 0 0
84.9 14 0.0168 2.5e-10 7.5e-10
85 14 0.0167 0 0
85.1 14 0.0165 0 0
85.2 14 0.0164 2.5e-10 7.5e-10
85.3 14 0.0163 0 0
85.4 14 0.0162 0 0
85.5 14 0.0161 0 0
85.6 14 0.016 0 0
85.7 14 0.0159 2.5e-10 7.5e-10
85.8 14 0.0158 5e-10 5e-10
85.9 14 0.0156 7.5e-09 2.5e-09
86 14 0.0155 7.5e-10 2.5e-10
86.1 14 0.0154 0 0
86.2 14 0.0153 7.5e-10 2.5e-10
86.3 14 0.0152 0 0
86.4 14 0.0151 7.5e-10 2.5e-10
86.5 14 0.015 7.5e-10 2.5e-10
86.6 14 0.0149 0 0
86.7 14 0.0148 0 0
86.8 14 0.0147 0 0
86.9 14 0.0146 0 0
87 14 0.0145 2.5e-10 7.5e-10
87.1 14 0.0144 0 0
87.2 14 0.0143 2.5e-10 7.5e-10
87.3 14 0.0142 0 0
87.4 14 0.0141 2.5e-10 7.5e-10
87.5 14 0.014 2.5e-10 7.5e-10
87.6 14 0.0139 0 0
87.7 14 0.0138 0 0
87.8 14 0.0137 2.5e-10 7.5e-10
87.9 14 0.0136 0 0
88 14 0.0135 5e-10 5e-10
88.1 14 0.0134 0 0
88.2 14 0.0133 0 0
88.3 14 0.0132 0 0
88.4 14 0.0131 0 0
88.5 14 0.013 0 0
88.6 14 0.0129 7.5e-10 2.5e-10
88.7 14 0.0128 0 0
88.8 14 0.0128 0 0
88.9 14 0.0127 0 0
89 14 0.0126 7.5e-10 2.5e-10
89.1 14 0.0125 0 0
89.2 14 0.0124 0 0
89.3 14 0.0123 0 0
89.4 14 0.0122 0 0
89.5 14 0.0121 0 0
89.6 14 0.0121 0 0
89.7 14 0.012 0 0
89.8 14 0.0119 0 0
89.9 14 0.0118 0 0
90 14 0.0117 0 0
90.1 14 0.0116 0 0
90.2 14 0.0116 0 0
90.3 14 0.0115 0 0
90.4 14 0.0114 0 0
90.5 14 0.0113 7.5e-10 2.5e-10
90.6 14 0.0112 0 0
90.7 14 0.0112 0 0
90.8 14 0.0111 0 0
90.9 14 0.011 0 0
91 14 0.0109 0 0
91.1 14 0.0108 0 0
91.2 14 0.0108 0 0
91.3 14 0.0107 7.5e-10 2.5e-10
91.4 14 0.0106 0 0
91.5 14 0.0105 0 0
91.6 14 0.0105 0 0
91.7 14 0.0104 0 0
91.8 14 0.0103 0 0
91.9 14 0.0102 0 0
92 14 0.0102 0 0
92.1 14 0.0101 0 0
92.2 14 0.01 0 0
93.7 14 0.00902 1.25e-10 1.75e-10
93.8 14 0.00896 1.25e-10 1.75e-10
94 14 0.00883 1.25e-10 1.75e-10
94.1 14 0.00877 1e-10 1e-10
94.4 14 0.00859 1.25e-10 2.75e-10
94.5 14 0.00853 1.5e-10 1.5e-10
95.2 14 0.00811 1e-10 1e-10
95.5 14 0.00794 1e-10 1e-10
96.3 14 0.00751 1e-10 1e-10
96.4 14 0.00745 1e-10 1e-10
96.7 14 0.0073 1e-10 1e-10
96.8 14 0.00724 1e-10 1e-10
97.9 14 0.0067 1e-10 1e-10
98.5 14 0.00642 1e-10 1e-10
98.7 14 0.00633 1e-10 1e-10
98.8 14 0.00629 1e-10 1e-10
99.6 14 0.00594 1e-10 1e-10
