-25 6.8 0.051 1.1e-08 5e-09
-24.9 6.8 0.0517 1.17e-08 5.25e-09
-24.8 6.8 0.0524 1.25e-08 5.5e-09
-24.7 6.8 0.0531 1.4e-08 6e-09
-24.6 6.8 0.0539 1.47e-08 6.25e-09
-24.5 6.8 0.0546 1.53e-08 5.75e-09
-24.4 6.8 0.0554 1.65e-08 6.5e-09
-24.3 6.8 0.0561 1.78e-08 7.25e-09
-24.2 6.8 0.0569 1.85e-08 7.5e-09
-24.1 6.8 0.0577 1.93e-08 7.75e-09
-24 6.8 0.0585 2.08e-08 8.25e-09
-23.9 6.8 0.0593 2.12e-08 7.75e-09
-23.8 6.8 0.0601 2.27e-08 8.25e-09
-23.7 6.8 0.061 2.35e-08 8.5e-09
-23.6 6.8 0.0618 2.42e-08 8.75e-09
-23.5 6.8 0.0627 2.57e-08 9.25e-09
-23.4 6.8 0.0635 2.68e-08 1.03e-08
-23.3 6.8 0.0644 2.8e-08 1e-08
-23.2 6.8 0.0653 2.9e-08 1.1e-08
-23.1 6.8 0.0662 3.05e-08 1.15e-08
-23 6.8 0.0671 3.18e-08 1.12e-08
-22.9 6.8 0.068 3.25e-08 1.15e-08
-22.8 6.8 0.0689 3.4e-08 1.2e-08
-22.7 6.8 0.0699 3.47e-08 1.23e-08
-22.6 6.8 0.0708 3.7e-08 1.3e-08
-22.5 6.8 0.0718 3.77e-08 1.32e-08
-22.4 6.8 0.0728 3.87e-08 1.32e-08
-22.3 6.8 0.0738 4.07e-08 1.43e-08
-22.2 6.8 0.0748 4.2e-08 1.5e-08
-22.1 6.8 0.0758 4.33e-08 1.47e-08
-22 6.8 0.0768 4.45e-08 1.55e-08
-21.9 6.8 0.0779 4.6e-08 1.6e-08
-21.8 6.8 0.0789 4.8e-08 1.7e-08
-21.7 6.8 0.08 4.95e-08 1.75e-08
-21.6 6.8 0.0811 5.08e-08 1.72e-08
-21.5 6.8 0.0822 5.23e-08 1.78e-08
-21.4 6.8 0.0833 5.32e-08 1.87e-08
-21.3 6.8 0.0844 5.5e-08 1.9e-08
-21.2 6.8 0.0855 5.6e-08 1.9e-08
-21.1 6.8 0.0867 5.75e-08 1.95e-08
-21 6.8 0.0878 5.95e-08 2.05e-08
-20.9 6.8 0.089 6.05e-08 2.05e-08
-20.8 6.8 0.0902 6.15e-08 2.05e-08
-20.7 6.8 0.0914 6.35e-08 2.15e-08
-20.6 6.8 0.0926 6.47e-08 2.23e-08
-20.5 6.8 0.0938 6.63e-08 2.27e-08
-20.4 6.8 0.0951 6.77e-08 2.32e-08
-20.3 6.8 0.0963 6.93e-08 2.38e-08
-20.2 6.8 0.0976 7.05e-08 2.45e-08
-20.1 6.8 0.0989 7.23e-08 2.47e-08
-20 6.8 0.1 7.5e-08 2.5e-08
-19.9 6.8 0.102 7.5e-08 2.5e-08
-19.8 6.8 0.103 8.25e-08 2.75e-08
-19.7 6.8 0.104 7.5e-08 2.5e-08
-19.6 6.8 0.106 7.75e-08 3.25e-08
-19.5 6.8 0.107 8.25e-08 2.75e-08
-19.4 6.8 0.108 7.75e-08 3.25e-08
-19.3 6.8 0.11 8.25e-08 2.75e-08
-19.2 6.8 0.111 8.25e-08 2.75e-08
-19.1 6.8 0.113 8.5e-08 3.5e-08
-19 6.8 0.114 8.75e-08 3.25e-08
-18.9 6.8 0.116 8.5e-08 3.5e-08
-18.8 6.8 0.117 9e-08 3e-08
-18.7 6.8 0.119 9.25e-08 3.75e-08
-18.6 6.8 0.12 9e-08 3e-08
-18.5 6.8 0.122 9.25e-08 3.75e-08
-18.4 6.8 0.123 9.25e-08 3.75e-08
-18.3 6.8 0.125 9.25e-08 3.75e-08
-18.2 6.8 0.126 9.25e-08 3.75e-08
-18.1 6.8 0.128 1e-07 4e-08
-18 6.8 0.13 1e-07 4e-08
-17.9 6.8 0.131 9.75e-08 4.25e-08
-17.8 6.8 0.133 9.5e-08 4.5e-08
-17.7 6.8 0.135 1.02e-07 4.75e-08
-17.6 6.8 0.136 1e-07 4e-08
-17.5 6.8 0.138 1.02e-07 4.75e-08
-17.4 6.8 0.14 1.02e-07 4.75e-08
-17.3 6.8 0.142 1e-07 5e-08
-17.2 6.8 0.143 1.02e-07 4.75e-08
-17.1 6.8 0.145 2.2e-07 1.8e-07
-17 6.8 0.147 2.58e-07 2.02e-07
-16.9 6.8 0.149 2.9e-07 2.2e-07
-16.8 6.8 0.151 3.25e-07 2.45e-07
-16.7 6.8 0.152 4.15e-07 2.15e-07
-16.6 6.8 0.154 4.5e-07 2.2e-07
-16.5 6.8 0.156 2.9e-07 1e-07
-16.4 6.8 0.158 4.5e-08 1.05e-07
-16.3 6.8 0.16 2.05e-07 1.95e-07
-16.2 6.8 0.162 1.17e-06 2.72e-06
-16.1 6.8 0.164 2.02e-07 1.47e-07
-16 6.8 0.166 1.6e-07 9e-08
-15.9 6.8 0.168 1.43e-07 6.75e-08
-15.8 6.8 0.17 1.35e-07 6.5e-08
-15.7 6.8 0.172 1.35e-07 5.5e-08
-15.6 6.8 0.174 1.27e-07 5.25e-08
-15.5 6.8 0.176 1.22e-07 4.75e-08
-15.4 6.8 0.178 1.17e-07 4.25e-08
-15.3 6.8 0.18 1.15e-07 4.5e-08
-15.2 6.8 0.183 1.17e-07 4.25e-08
-15.1 6.8 0.185 1.17e-07 4.25e-08
-15 6.8 0.187 1.12e-07 3.75e-08
-14.9 6.8 0.189 1.05e-07 3.5e-08
-14.8 6.8 0.191 1.1e-07 4e-08
-14.7 6.8 0.194 9.75e-08 3.25e-08
-14.6 6.8 0.196 1.05e-07 3.5e-08
-14.5 6.8 0.198 1.05e-07 3.5e-08
-14.4 6.8 0.2 9.75e-08 3.25e-08
-14.3 6.8 0.203 9.75e-08 3.25e-08
-14.2 6.8 0.205 9e-08 3e-08
-14.1 6.8 0.207 8.5e-08 3.5e-08
-14 6.8 0.21 8.5e-08 3.5e-08
-13.9 6.8 0.212 8.25e-08 2.75e-08
-13.8 6.8 0.215 8.25e-08 2.75e-08
-13.7 6.8 0.217 7.75e-08 3.25e-08
-13.6 6.8 0.219 7.5e-08 2.5e-08
-13.5 6.8 0.222 7.5e-08 2.5e-08
-13.4 6.8 0.224 6.75e-08 2.25e-08
-13.3 6.8 0.227 6.25e-08 2.75e-08
-13.2 6.8 0.229 6.25e-08 2.75e-08
-13.1 6.8 0.232 5.5e-08 2.5e-08
-13 6.8 0.235 5e-08 2e-08
-12.9 6.8 0.237 4.75e-08 2.25e-08
-12.8 6.8 0.24 4e-08 2e-08
-12.7 6.8 0.242 4e-08 2e-08
-12.6 6.8 0.245 3.75e-08 1.25e-08
-12.5 6.8 0.248 7e-08 3e-08
-12.4 6.8 0.25 5.75e-08 2.25e-08
-12.3 6.8 0.253 4.25e-08 1.75e-08
-12.2 6.8 0.256 2.75e-08 1.25e-08
-12.1 6.8 0.258 1.25e-08 7.5e-09
-12 6.8 0.261 5e-09 5e-09
-11.9 6.8 0.264 5e-09 5e-09
-11.8 6.8 0.267 7.5e-09 2.5e-09
-11.7 6.8 0.27 1.5e-08 5e-09
-11.6 6.8 0.272 1.5e-08 1.5e-08
-11.5 6.8 0.275 8.07e-07 2.82e-07
-11.4 6.8 0.278 3.5e-08 3.5e-08
-11.3 6.8 0.281 2.5e-08 3.5e-08
-11.2 6.8 0.284 2.25e-08 3.75e-08
-11.1 6.8 0.287 2.25e-08 4.75e-08
-11 6.8 0.29 2.5e-08 5.5e-08
-10.9 6.8 0.293 2.5e-08 5.5e-08
-10.8 6.8 0.296 2.75e-08 6.25e-08
-10.7 6.8 0.299 2.5e-08 6.5e-08
-10.6 6.8 0.302 3.25e-08 7.75e-08
-10.5 6.8 0.305 3.5e-08 8.5e-08
-10.4 6.8 0.308 3.75e-08 9.25e-08
-10.3 6.8 0.311 3.5e-08 9.5e-08
-10.2 6.8 0.314 4.25e-08 9.75e-08
-10.1 6.8 0.317 3.75e-08 1.02e-07
-10 6.8 0.32 4.25e-08 1.08e-07
-9.9 6.8 0.323 5e-08 1.1e-07
-9.8 6.8 0.326 5.25e-08 1.08e-07
-9.7 6.8 0.329 1.17e-07 1.52e-07
-9.6 6.8 0.332 6.25e-08 1.47e-07
-9.5 6.8 0.335 5.5e-08 1.45e-07
-9.4 6.8 0.339 5.75e-08 1.52e-07
-9.3 6.8 0.342 5.5e-08 1.55e-07
-9.2 6.8 0.345 5.5e-08 1.65e-07
-9.1 6.8 0.348 5.5e-08 1.65e-07
-9 6.8 0.351 5.75e-08 1.72e-07
-8.9 6.8 0.354 6e-08 1.8e-07
-8.8 6.8 0.358 6.75e-08 1.82e-07
-8.7 6.8 0.361 7e-08 1.9e-07
-8.6 6.8 0.364 7.25e-08 1.97e-07
-8.5 6.8 0.367 7.5e-08 2.05e-07
-8.4 6.8 0.371 7.75e-08 2.13e-07
-8.3 6.8 0.374 7.75e-08 2.13e-07
-8.2 6.8 0.377 8.75e-08 2.22e-07
-8.1 6.8 0.381 8.75e-08 2.22e-07
-8 6.8 0.384 9e-08 2.3e-07
-7.9 6.8 0.387 9.25e-08 2.38e-07
-7.8 6.8 0.391 9.25e-08 2.38e-07
-7.7 6.8 0.394 9.5e-08 2.45e-07
-7.6 6.8 0.397 1.02e-07 2.48e-07
-7.5 6.8 0.401 1.05e-07 2.55e-07
-7.4 6.8 0.404 1e-07 2.6e-07
-7.3 6.8 0.407 1.08e-07 2.62e-07
-7.2 6.8 0.411 1.1e-07 2.7e-07
-7.1 6.8 0.414 1.12e-07 2.77e-07
-7 6.8 0.417 1.12e-07 2.77e-07
-6.9 6.8 0.421 1.2e-07 2.8e-07
-6.8 6.8 0.424 1.15e-07 2.85e-07
-6.7 6.8 0.428 1.2e-07 2.8e-07
-6.6 6.8 0.431 1.22e-07 2.88e-07
-6.5 6.8 0.434 1.25e-07 2.95e-07
-6.4 6.8 0.438 1.25e-07 2.95e-07
-6.3 6.8 0.441 1.25e-07 2.95e-07
-6.2 6.8 0.445 1.25e-07 2.95e-07
-6.1 6.8 0.448 1.35e-07 2.95e-07
-6 6.8 0.452 1.35e-07 3.05e-07
-5.9 6.8 0.455 1.35e-07 3.05e-07
-5.8 6.8 0.458 1.3e-07 3.1e-07
-5.7 6.8 0.462 1.35e-07 3.05e-07
-5.6 6.8 0.465 1.35e-07 3.05e-07
-5.5 6.8 0.469 1.38e-07 3.13e-07
-5.4 6.8 0.472 1.35e-07 3.05e-07
-5.3 6.8 0.475 1.38e-07 3.13e-07
-5.2 6.8 0.479 1.43e-07 3.08e-07
-5.1 6.8 0.482 1.35e-07 3.05e-07
-5 6.8 0.486 1.38e-07 3.13e-07
-4.9 6.8 0.489 1.43e-07 3.08e-07
-4.8 6.8 0.492 1.35e-07 3.05e-07
-4.7 6.8 0.496 1.43e-07 3.08e-07
-4.6 6.8 0.499 1.43e-07 3.08e-07
-4.5 6.8 0.503 1.4e-07 3e-07
-4.4 6.8 0.506 1.4e-07 3e-07
-4.3 6.8 0.509 1.4e-07 3e-07
-4.2 6.8 0.513 1.38e-07 2.93e-07
-4.1 6.8 0.516 1.38e-07 2.93e-07
-4 6.8 0.52 1.38e-07 2.93e-07
-3.9 6.8 0.523 1.35e-07 2.85e-07
-3.8 6.8 0.526 1.4e-07 2.8e-07
-3.7 6.8 0.53 1.4e-07 2.8e-07
-3.6 6.8 0.533 1.33e-07 2.77e-07
-3.5 6.8 0.536 1.3e-07 2.7e-07
-3.4 6.8 0.539 1.3e-07 2.7e-07
-3.3 6.8 0.543 1.33e-07 2.58e-07
-3.2 6.8 0.546 1.33e-07 2.58e-07
-3.1 6.8 0.549 1.33e-07 2.48e-07
-3 6.8 0.553 1.35e-07 2.45e-07
-2.9 6.8 0.556 1.33e-07 2.38e-07
-2.8 6.8 0.559 1.27e-07 2.32e-07
-2.7 6.8 0.562 1.3e-07 2.2e-07
-2.6 6.8 0.566 1.35e-07 2.15e-07
-2.5 6.8 0.569 1.38e-07 2.02e-07
-2.4 6.8 0.572 1.4e-07 1.9e-07
-2.3 6.8 0.575 1.52e-07 1.68e-07
-2.2 6.8 0.578 2.48e-07 2.93e-07
-2.1 6.8 0.581 3.17e-07 2.22e-07
-2 6.8 0.585 2.06e-06 4.54e-06
-1.9 6.8 0.588 2.1e-07 3e-07
-1.8 6.8 0.591 2.27e-07 4.22e-07
-1.7 6.8 0.594 1.95e-07 3.75e-07
-1.6 6.8 0.597 1.65e-07 3.45e-07
-1.5 6.8 0.6 1.5e-07 3.1e-07
-1.4 6.8 0.603 1.4e-07 2.8e-07
-1.3 6.8 0.606 1.25e-07 2.55e-07
-1.2 6.8 0.609 1.08e-07 2.22e-07
-1.1 6.8 0.612 1.25e-07 1.65e-07
-1 6.8 0.615 1.05e-07 1.45e-07
-0.9 6.8 0.618 8.75e-08 1.22e-07
-0.8 6.8 0.621 7e-08 9e-08
-0.7 6.8 0.624 5.75e-08 7.25e-08
-0.6 6.8 0.627 4.25e-08 4.75e-08
-0.5 6.8 0.63 2.5e-08 2.5e-08
-0.4 6.8 0.632 1e-08 2e-08
-0.3 6.8 0.635 2.5e-08 7.5e-08
-0.2 6.8 0.638 2.75e-08 6.25e-08
-0.1 6.8 0.641 2.5e-08 5.5e-08
1.6e-14 6.8 0.644 2.25e-08 4.75e-08
0.1 6.8 0.646 1.25e-08 3.75e-08
0.2 6.8 0.649 1e-08 3e-08
0.3 6.8 0.652 5e-09 1.5e-08
0.4 6.8 0.654 2.5e-09 7.5e-09
0.5 6.8 0.657 0 0
0.6 6.8 0.66 7.5e-09 2.5e-09
0.7 6.8 0.662 1.5e-08 5e-09
0.8 6.8 0.665 3e-08 1e-08
0.9 6.8 0.667 3.75e-08 1.25e-08
1 6.8 0.67 4.5e-08 1.5e-08
1.1 6.8 0.672 6e-08 2e-08
1.2 6.8 0.675 7e-08 3e-08
1.3 6.8 0.677 7e-08 3e-08
1.4 6.8 0.68 8.5e-08 3.5e-08
1.5 6.8 0.682 9.25e-08 3.75e-08
1.6 6.8 0.685 1e-07 4e-08
1.7 6.8 0.687 1.1e-07 5e-08
1.8 6.8 0.689 1.22e-07 4.75e-08
1.9 6.8 0.692 1.33e-07 5.75e-08
2 6.8 0.694 1.45e-07 5.5e-08
2.1 6.8 0.696 1.45e-07 5.5e-08
2.2 6.8 0.698 1.55e-07 6.5e-08
2.3 6.8 0.7 1.63e-07 6.75e-08
2.4 6.8 0.703 1.77e-07 7.25e-08
2.5 6.8 0.705 1.85e-07 7.5e-08
2.6 6.8 0.707 1.93e-07 7.75e-08
2.7 6.8 0.709 2e-07 8e-08
2.8 6.8 0.711 2.1e-07 9e-08
2.9 6.8 0.713 2.18e-07 9.25e-08
3 6.8 0.715 2.22e-07 8.75e-08
3.1 6.8 0.717 2.32e-07 9.75e-08
3.2 6.8 0.719 2.4e-07 1e-07
3.3 6.8 0.721 2.53e-07 9.75e-08
3.4 6.8 0.722 2.55e-07 1.05e-07
3.5 6.8 0.724 2.62e-07 1.08e-07
3.6 6.8 0.726 2.77e-07 1.12e-07
3.7 6.8 0.728 2.85e-07 1.15e-07
3.8 6.8 0.73 2.93e-07 1.17e-07
3.9 6.8 0.731 3e-07 1.2e-07
4 6.8 0.733 3.03e-07 1.27e-07
4.1 6.8 0.735 3.08e-07 1.22e-07
4.2 6.8 0.736 3.17e-07 1.33e-07
4.3 6.8 0.738 3.25e-07 1.35e-07
4.4 6.8 0.739 3.3e-07 1.3e-07
4.5 6.8 0.741 3.37e-07 1.33e-07
4.6 6.8 0.742 3.43e-07 1.38e-07
4.7 6.8 0.744 3.5e-07 1.4e-07
4.8 6.8 0.745 3.55e-07 1.45e-07
4.9 6.8 0.747 3.63e-07 1.47e-07
5 6.8 0.748 3.7e-07 1.5e-07
5.1 6.8 0.749 3.7e-07 1.5e-07
5.2 6.8 0.751 3.85e-07 1.55e-07
5.3 6.8 0.752 3.85e-07 1.55e-07
5.4 6.8 0.753 3.85e-07 1.55e-07
5.5 6.8 0.754 4e-07 1.6e-07
5.6 6.8 0.755 4e-07 1.6e-07
5.7 6.8 0.757 4.08e-07 1.63e-07
5.8 6.8 0.758 4.1e-07 1.7e-07
5.9 6.8 0.759 4.18e-07 1.72e-07
6 6.8 0.76 4.22e-07 1.68e-07
6.1 6.8 0.761 4.3e-07 1.7e-07
6.2 6.8 0.762 4.3e-07 1.7e-07
6.3 6.8 0.763 4.32e-07 1.77e-07
6.4 6.8 0.764 4.4e-07 1.8e-07
6.5 6.8 0.764 4.4e-07 1.8e-07
6.6 6.8 0.765 4.45e-07 1.75e-07
6.7 6.8 0.766 4.48e-07 1.82e-07
6.8 6.8 0.767 4.55e-07 1.85e-07
6.9 6.8 0.768 4.6e-07 1.8e-07
7 6.8 0.768 4.63e-07 1.88e-07
7.1 6.8 0.769 4.63e-07 1.88e-07
7.2 6.8 0.77 4.63e-07 1.88e-07
7.3 6.8 0.77 4.7e-07 1.9e-07
7.4 6.8 0.771 4.7e-07 1.9e-07
7.5 6.8 0.771 4.7e-07 1.9e-07
7.6 6.8 0.772 4.7e-07 1.9e-07
7.7 6.8 0.772 4.77e-07 1.93e-07
7.8 6.8 0.773 4.77e-07 1.93e-07
7.9 6.8 0.773 4.77e-07 1.93e-07
8 6.8 0.773 4.77e-07 1.93e-07
8.1 6.8 0.774 4.85e-07 1.95e-07
8.2 6.8 0.774 4.85e-07 1.95e-07
8.3 6.8 0.774 4.85e-07 1.95e-07
8.4 6.8 0.774 4.85e-07 1.95e-07
8.5 6.8 0.775 4.85e-07 1.95e-07
8.6 6.8 0.775 4.85e-07 1.95e-07
8.7 6.8 0.775 4.85e-07 1.95e-07
8.8 6.8 0.775 4.85e-07 1.95e-07
8.9 6.8 0.775 4.93e-07 1.97e-07
9 6.8 0.775 4.85e-07 1.95e-07
9.1 6.8 0.775 4.93e-07 1.97e-07
9.2 6.8 0.775 4.85e-07 1.95e-07
9.3 6.8 0.775 4.85e-07 1.95e-07
9.4 6.8 0.775 4.85e-07 1.95e-07
9.5 6.8 0.775 4.85e-07 1.95e-07
9.6 6.8 0.774 4.85e-07 1.95e-07
9.7 6.8 0.774 4.85e-07 1.95e-07
9.8 6.8 0.774 4.85e-07 1.95e-07
9.9 6.8 0.774 4.85e-07 1.95e-07
10 6.8 0.773 4.77e-07 1.93e-07
10.1 6.8 0.773 4.77e-07 1.93e-07
10.2 6.8 0.773 4.77e-07 1.93e-07
10.3 6.8 0.772 4.77e-07 1.93e-07
10.4 6.8 0.772 4.7e-07 1.9e-07
10.5 6.8 0.771 4.7e-07 1.9e-07
10.6 6.8 0.771 4.7e-07 1.9e-07
10.7 6.8 0.77 4.7e-07 1.9e-07
10.8 6.8 0.77 4.63e-07 1.88e-07
10.9 6.8 0.769 4.63e-07 1.88e-07
11 6.8 0.768 4.63e-07 1.88e-07
11.1 6.8 0.768 4.6e-07 1.8e-07
11.2 6.8 0.767 4.55e-07 1.85e-07
11.3 6.8 0.766 4.48e-07 1.82e-07
11.4 6.8 0.765 4.45e-07 1.75e-07
11.5 6.8 0.764 4.4e-07 1.8e-07
11.6 6.8 0.764 4.4e-07 1.8e-07
11.7 6.8 0.763 4.32e-07 1.77e-07
11.8 6.8 0.762 4.3e-07 1.7e-07
11.9 6.8 0.761 4.3e-07 1.7e-07
12 6.8 0.76 4.22e-07 1.68e-07
12.1 6.8 0.759 4.18e-07 1.72e-07
12.2 6.8 0.758 4.1e-07 1.7e-07
12.3 6.8 0.757 4.08e-07 1.63e-07
12.4 6.8 0.755 4e-07 1.6e-07
12.5 6.8 0.754 4e-07 1.6e-07
12.6 6.8 0.753 3.85e-07 1.55e-07
12.7 6.8 0.752 3.85e-07 1.55e-07
12.8 6.8 0.751 3.85e-07 1.55e-07
12.9 6.8 0.749 3.7e-07 1.5e-07
13 6.8 0.748 3.7e-07 1.5e-07
13.1 6.8 0.747 3.63e-07 1.47e-07
13.2 6.8 0.745 3.55e-07 1.45e-07
13.3 6.8 0.744 3.5e-07 1.4e-07
13.4 6.8 0.742 3.43e-07 1.38e-07
13.5 6.8 0.741 3.37e-07 1.33e-07
13.6 6.8 0.739 3.3e-07 1.3e-07
13.7 6.8 0.738 3.25e-07 1.35e-07
13.8 6.8 0.736 3.17e-07 1.33e-07
13.9 6.8 0.735 3.08e-07 1.22e-07
14 6.8 0.733 3.03e-07 1.27e-07
14.1 6.8 0.731 3e-07 1.2e-07
14.2 6.8 0.73 2.93e-07 1.17e-07
14.3 6.8 0.728 2.85e-07 1.15e-07
14.4 6.8 0.726 2.77e-07 1.12e-07
14.5 6.8 0.724 2.62e-07 1.08e-07
14.6 6.8 0.722 2.55e-07 1.05e-07
14.7 6.8 0.721 2.53e-07 9.75e-08
14.8 6.8 0.719 2.4e-07 1e-07
14.9 6.8 0.717 2.32e-07 9.75e-08
15 6.8 0.715 2.22e-07 8.75e-08
15.1 6.8 0.713 2.18e-07 9.25e-08
15.2 6.8 0.711 2.1e-07 9e-08
15.3 6.8 0.709 2e-07 8e-08
15.4 6.8 0.707 1.93e-07 7.75e-08
15.5 6.8 0.705 1.85e-07 7.5e-08
15.6 6.8 0.703 1.77e-07 7.25e-08
15.7 6.8 0.7 1.63e-07 6.75e-08
15.8 6.8 0.698 1.55e-07 6.5e-08
15.9 6.8 0.696 1.45e-07 5.5e-08
16 6.8 0.694 1.45e-07 5.5e-08
16.1 6.8 0.692 1.33e-07 5.75e-08
16.2 6.8 0.689 1.22e-07 4.75e-08
16.3 6.8 0.687 1.1e-07 5e-08
16.4 6.8 0.685 1e-07 4e-08
16.5 6.8 0.682 9.25e-08 3.75e-08
16.6 6.8 0.68 8.5e-08 3.5e-08
16.7 6.8 0.677 7e-08 3e-08
16.8 6.8 0.675 7e-08 3e-08
16.9 6.8 0.672 6e-08 2e-08
17 6.8 0.67 4.5e-08 1.5e-08
17.1 6.8 0.667 3.75e-08 1.25e-08
17.2 6.8 0.665 3e-08 1e-08
17.3 6.8 0.662 1.5e-08 5e-09
17.4 6.8 0.66 7.5e-09 2.5e-09
17.5 6.8 0.657 0 0
17.6 6.8 0.654 2.5e-09 7.5e-09
17.7 6.8 0.652 5e-09 1.5e-08
17.8 6.8 0.649 1e-08 3e-08
17.9 6.8 0.646 1.25e-08 3.75e-08
18 6.8 0.644 2.25e-08 4.75e-08
18.1 6.8 0.641 2.5e-08 5.5e-08
18.2 6.8 0.638 2.75e-08 6.25e-08
18.3 6.8 0.635 2.5e-08 7.5e-08
18.4 6.8 0.632 1e-08 2e-08
18.5 6.8 0.63 2.5e-08 2.5e-08
18.6 6.8 0.627 4.25e-08 4.75e-08
18.7 6.8 0.624 5.75e-08 7.25e-08
18.8 6.8 0.621 7e-08 9e-08
18.9 6.8 0.618 8.75e-08 1.22e-07
19 6.8 0.615 1.05e-07 1.45e-07
19.1 6.8 0.612 1.25e-07 1.65e-07
19.2 6.8 0.609 1.08e-07 2.22e-07
19.3 6.8 0.606 1.25e-07 2.55e-07
19.4 6.8 0.603 1.4e-07 2.8e-07
19.5 6.8 0.6 1.5e-07 3.1e-07
19.6 6.8 0.597 1.65e-07 3.45e-07
19.7 6.8 0.594 1.95e-07 3.75e-07
19.8 6.8 0.591 2.27e-07 4.22e-07
19.9 6.8 0.588 2.1e-07 3e-07
20 6.8 0.585 2.06e-06 4.54e-06
20.1 6.8 0.581 3.17e-07 2.22e-07
20.2 6.8 0.578 2.48e-07 2.93e-07
20.3 6.8 0.575 1.52e-07 1.68e-07
20.4 6.8 0.572 1.4e-07 1.9e-07
20.5 6.8 0.569 1.38e-07 2.02e-07
20.6 6.8 0.566 1.35e-07 2.15e-07
20.7 6.8 0.562 1.3e-07 2.2e-07
20.8 6.8 0.559 1.27e-07 2.32e-07
20.9 6.8 0.556 1.33e-07 2.38e-07
21 6.8 0.553 1.35e-07 2.45e-07
21.1 6.8 0.549 1.33e-07 2.48e-07
21.2 6.8 0.546 1.33e-07 2.58e-07
21.3 6.8 0.543 1.33e-07 2.58e-07
21.4 6.8 0.539 1.3e-07 2.7e-07
21.5 6.8 0.536 1.3e-07 2.7e-07
21.6 6.8 0.533 1.33e-07 2.77e-07
21.7 6.8 0.53 1.4e-07 2.8e-07
21.8 6.8 0.526 1.4e-07 2.8e-07
21.9 6.8 0.523 1.35e-07 2.85e-07
22 6.8 0.52 1.38e-07 2.93e-07
22.1 6.8 0.516 1.38e-07 2.93e-07
22.2 6.8 0.513 1.38e-07 2.93e-07
22.3 6.8 0.509 1.4e-07 3e-07
22.4 6.8 0.506 1.4e-07 3e-07
22.5 6.8 0.503 1.4e-07 3e-07
22.6 6.8 0.499 1.43e-07 3.08e-07
22.7 6.8 0.496 1.43e-07 3.08e-07
22.8 6.8 0.492 1.35e-07 3.05e-07
22.9 6.8 0.489 1.43e-07 3.08e-07
23 6.8 0.486 1.38e-07 3.13e-07
23.1 6.8 0.482 1.35e-07 3.05e-07
23.2 6.8 0.479 1.43e-07 3.08e-07
23.3 6.8 0.475 1.38e-07 3.13e-07
23.4 6.8 0.472 1.35e-07 3.05e-07
23.5 6.8 0.469 1.38e-07 3.13e-07
23.6 6.8 0.465 1.35e-07 3.05e-07
23.7 6.8 0.462 1.35e-07 3.05e-07
23.8 6.8 0.458 1.3e-07 3.1e-07
23.9 6.8 0.455 1.35e-07 3.05e-07
24 6.8 0.452 1.35e-07 3.05e-07
24.1 6.8 0.448 1.35e-07 2.95e-07
24.2 6.8 0.445 1.25e-07 2.95e-07
24.3 6.8 0.441 1.25e-07 2.95e-07
24.4 6.8 0.438 1.25e-07 2.95e-07
24.5 6.8 0.434 1.25e-07 2.95e-07
24.6 6.8 0.431 1.22e-07 2.88e-07
24.7 6.8 0.428 1.2e-07 2.8e-07
24.8 6.8 0.424 1.15e-07 2.85e-07
24.9 6.8 0.421 1.2e-07 2.8e-07
25 6.8 0.417 1.12e-07 2.77e-07
25.1 6.8 0.414 1.12e-07 2.77e-07
25.2 6.8 0.411 1.1e-07 2.7e-07
25.3 6.8 0.407 1.08e-07 2.62e-07
25.4 6.8 0.404 1e-07 2.6e-07
25.5 6.8 0.401 1.05e-07 2.55e-07
25.6 6.8 0.397 1.02e-07 2.48e-07
25.7 6.8 0.394 9.5e-08 2.45e-07
25.8 6.8 0.391 9.25e-08 2.38e-07
25.9 6.8 0.387 9.25e-08 2.38e-07
26 6.8 0.384 9e-08 2.3e-07
26.1 6.8 0.381 8.75e-08 2.22e-07
26.2 6.8 0.377 8.75e-08 2.22e-07
26.3 6.8 0.374 7.75e-08 2.13e-07
26.4 6.8 0.371 7.75e-08 2.13e-07
26.5 6.8 0.367 7.5e-08 2.05e-07
26.6 6.8 0.364 7.25e-08 1.97e-07
26.7 6.8 0.361 7e-08 1.9e-07
26.8 6.8 0.358 6.75e-08 1.82e-07
26.9 6.8 0.354 6e-08 1.8e-07
27 6.8 0.351 5.75e-08 1.72e-07
27.1 6.8 0.348 5.5e-08 1.65e-07
27.2 6.8 0.345 5.5e-08 1.65e-07
27.3 6.8 0.342 5.5e-08 1.55e-07
27.4 6.8 0.339 5.75e-08 1.52e-07
27.5 6.8 0.335 5.5e-08 1.45e-07
27.6 6.8 0.332 6.25e-08 1.47e-07
27.7 6.8 0.329 1.17e-07 1.52e-07
27.8 6.8 0.326 5.25e-08 1.08e-07
27.9 6.8 0.323 5e-08 1.1e-07
28 6.8 0.32 4.25e-08 1.08e-07
28.1 6.8 0.317 3.75e-08 1.02e-07
28.2 6.8 0.314 4.25e-08 9.75e-08
28.3 6.8 0.311 3.5e-08 9.5e-08
28.4 6.8 0.308 3.75e-08 9.25e-08
28.5 6.8 0.305 3.5e-08 8.5e-08
28.6 6.8 0.302 3.25e-08 7.75e-08
28.7 6.8 0.299 2.5e-08 6.5e-08
28.8 6.8 0.296 2.75e-08 6.25e-08
28.9 6.8 0.293 2.5e-08 5.5e-08
29 6.8 0.29 2.5e-08 5.5e-08
29.1 6.8 0.287 2.25e-08 4.75e-08
29.2 6.8 0.284 2.25e-08 3.75e-08
29.3 6.8 0.281 2.5e-08 3.5e-08
29.4 6.8 0.278 3.5e-08 3.5e-08
29.5 6.8 0.275 8.07e-07 2.82e-07
29.6 6.8 0.272 1.5e-08 1.5e-08
29.7 6.8 0.27 1.5e-08 5e-09
29.8 6.8 0.267 7.5e-09 2.5e-09
29.9 6.8 0.264 5e-09 5e-09
30 6.8 0.261 5e-09 5e-09
30.1 6.8 0.258 1.25e-08 7.5e-09
30.2 6.8 0.256 2.75e-08 1.25e-08
30.3 6.8 0.253 4.25e-08 1.75e-08
30.4 6.8 0.25 5.75e-08 2.25e-08
30.5 6.8 0.248 7e-08 3e-08
30.6 6.8 0.245 3.75e-08 1.25e-08
30.7 6.8 0.242 4e-08 2e-08
30.8 6.8 0.24 4e-08 2e-08
30.9 6.8 0.237 4.75e-08 2.25e-08
31 6.8 0.235 5e-08 2e-08
31.1 6.8 0.232 5.5e-08 2.5e-08
31.2 6.8 0.229 6.25e-08 2.75e-08
31.3 6.8 0.227 6.25e-08 2.75e-08
31.4 6.8 0.224 6.75e-08 2.25e-08
31.5 6.8 0.222 7.5e-08 2.5e-08
31.6 6.8 0.219 7.5e-08 2.5e-08
31.7 6.8 0.217 7.75e-08 3.25e-08
31.8 6.8 0.215 8.25e-08 2.75e-08
31.9 6.8 0.212 8.25e-08 2.75e-08
32 6.8 0.21 8.5e-08 3.5e-08
32.1 6.8 0.207 8.5e-08 3.5e-08
32.2 6.8 0.205 9e-08 3e-08
32.3 6.8 0.203 9.75e-08 3.25e-08
32.4 6.8 0.2 9.75e-08 3.25e-08
32.5 6.8 0.198 1.05e-07 3.5e-08
32.6 6.8 0.196 1.05e-07 3.5e-08
32.7 6.8 0.194 9.75e-08 3.25e-08
32.8 6.8 0.191 1.1e-07 4e-08
32.9 6.8 0.189 1.05e-07 3.5e-08
33 6.8 0.187 1.12e-07 3.75e-08
33.1 6.8 0.185 1.17e-07 4.25e-08
33.2 6.8 0.183 1.17e-07 4.25e-08
33.3 6.8 0.18 1.15e-07 4.5e-08
33.4 6.8 0.178 1.17e-07 4.25e-08
33.5 6.8 0.176 1.22e-07 4.75e-08
33.6 6.8 0.174 1.27e-07 5.25e-08
33.7 6.8 0.172 1.35e-07 5.5e-08
33.8 6.8 0.17 1.35e-07 6.5e-08
33.9 6.8 0.168 1.43e-07 6.75e-08
34 6.8 0.166 1.6e-07 9e-08
34.1 6.8 0.164 2.02e-07 1.47e-07
34.2 6.8 0.162 1.17e-06 2.72e-06
34.3 6.8 0.16 2.05e-07 1.95e-07
34.4 6.8 0.158 4.5e-08 1.05e-07
34.5 6.8 0.156 2.9e-07 1e-07
34.6 6.8 0.154 4.5e-07 2.2e-07
34.7 6.8 0.152 4.15e-07 2.15e-07
34.8 6.8 0.151 3.25e-07 2.45e-07
34.9 6.8 0.149 2.9e-07 2.2e-07
35 6.8 0.147 2.58e-07 2.02e-07
35.1 6.8 0.145 2.2e-07 1.8e-07
35.2 6.8 0.143 1.02e-07 4.75e-08
35.3 6.8 0.142 1e-07 5e-08
35.4 6.8 0.14 1.02e-07 4.75e-08
35.5 6.8 0.138 1.02e-07 4.75e-08
35.6 6.8 0.136 1e-07 4e-08
35.7 6.8 0.135 1.02e-07 4.75e-08
35.8 6.8 0.133 9.5e-08 4.5e-08
35.9 6.8 0.131 9.75e-08 4.25e-08
36 6.8 0.13 1e-07 4e-08
36.1 6.8 0.128 1e-07 4e-08
36.2 6.8 0.126 9.25e-08 3.75e-08
36.3 6.8 0.125 9.25e-08 3.75e-08
36.4 6.8 0.123 9.25e-08 3.75e-08
36.5 6.8 0.122 9.25e-08 3.75e-08
36.6 6.8 0.12 9e-08 3e-08
36.7 6.8 0.119 9.25e-08 3.75e-08
36.8 6.8 0.117 9e-08 3e-08
36.9 6.8 0.116 8.5e-08 3.5e-08
37 6.8 0.114 8.75e-08 3.25e-08
37.1 6.8 0.113 8.5e-08 3.5e-08
37.2 6.8 0.111 8.25e-08 2.75e-08
37.3 6.8 0.11 8.25e-08 2.75e-08
37.4 6.8 0.108 7.75e-08 3.25e-08
37.5 6.8 0.107 8.25e-08 2.75e-08
37.6 6.8 0.106 7.75e-08 3.25e-08
37.7 6.8 0.104 7.5e-08 2.5e-08
37.8 6.8 0.103 8.25e-08 2.75e-08
37.9 6.8 0.102 7.5e-08 2.5e-08
38 6.8 0.1 7.5e-08 2.5e-08
38.1 6.8 0.0989 7.23e-08 2.47e-08
38.2 6.8 0.0976 7.05e-08 2.45e-08
38.3 6.8 0.0963 6.93e-08 2.38e-08
38.4 6.8 0.0951 6.77e-08 2.32e-08
38.5 6.8 0.0938 6.63e-08 2.27e-08
38.6 6.8 0.0926 6.47e-08 2.23e-08
38.7 6.8 0.0914 6.35e-08 2.15e-08
38.8 6.8 0.0902 6.15e-08 2.05e-08
38.9 6.8 0.089 6.05e-08 2.05e-08
39 6.8 0.0878 5.95e-08 2.05e-08
39.1 6.8 0.0867 5.75e-08 1.95e-08
39.2 6.8 0.0855 5.6e-08 1.9e-08
39.3 6.8 0.0844 5.5e-08 1.9e-08
39.4 6.8 0.0833 5.32e-08 1.87e-08
39.5 6.8 0.0822 5.23e-08 1.78e-08
39.6 6.8 0.0811 5.08e-08 1.72e-08
39.7 6.8 0.08 4.95e-08 1.75e-08
39.8 6.8 0.0789 4.8e-08 1.7e-08
39.9 6.8 0.0779 4.6e-08 1.6e-08
40 6.8 0.0768 4.45e-08 1.55e-08
40.1 6.8 0.0758 4.33e-08 1.47e-08
40.2 6.8 0.0748 4.2e-08 1.5e-08
40.3 6.8 0.0738 4.07e-08 1.43e-08
40.4 6.8 0.0728 3.87e-08 1.32e-08
40.5 6.8 0.0718 3.77e-08 1.32e-08
40.6 6.8 0.0708 3.7e-08 1.3e-08
40.7 6.8 0.0699 3.47e-08 1.23e-08
40.8 6.8 0.0689 3.4e-08 1.2e-08
40.9 6.8 0.068 3.25e-08 1.15e-08
41 6.8 0.0671 3.18e-08 1.12e-08
41.1 6.8 0.0662 3.05e-08 1.15e-08
41.2 6.8 0.0653 2.9e-08 1.1e-08
41.3 6.8 0.0644 2.8e-08 1e-08
41.4 6.8 0.0635 2.68e-08 1.03e-08
41.5 6.8 0.0627 2.57e-08 9.25e-09
41.6 6.8 0.0618 2.42e-08 8.75e-09
41.7 6.8 0.061 2.35e-08 8.5e-09
41.8 6.8 0.0601 2.27e-08 8.25e-09
41.9 6.8 0.0593 2.12e-08 7.75e-09
42 6.8 0.0585 2.08e-08 8.25e-09
42.1 6.8 0.0577 1.93e-08 7.75e-09
42.2 6.8 0.0569 1.85e-08 7.5e-09
42.3 6.8 0.0561 1.78e-08 7.25e-09
42.4 6.8 0.0554 1.65e-08 6.5e-09
42.5 6.8 0.0546 1.53e-08 5.75e-09
42.6 6.8 0.0539 1.47e-08 6.25e-09
42.7 6.8 0.0531 1.4e-08 6e-09
42.8 6.8 0.0524 1.25e-08 5.5e-09
42.9 6.8 0.0517 1.17e-08 5.25e-09
43 6.8 0.051 1.1e-08 5e-09
43.1 6.8 0.0503 1.08e-08 4.25e-09
43.2 6.8 0.0496 9.5e-09 4.5e-09
43.3 6.8 0.0489 8.75e-09 4.25e-09
43.4 6.8 0.0482 8e-09 4e-09
43.5 6.8 0.0475 7.25e-09 3.75e-09
43.6 6.8 0.0469 6.5e-09 3.5e-09
43.7 6.8 0.0462 6e-09 4e-09
43.8 6.8 0.0456 5.25e-09 3.75e-09
43.9 6.8 0.045 5e-09 5e-09
44 6.8 0.0443 7.5e-09 1.25e-08
44.1 6.8 0.0437 1.28e-08 7.25e-09
44.2 6.8 0.0431 2e-09 3e-09
44.3 6.8 0.0425 1.25e-09 1.75e-09
44.4 6.8 0.0419 5e-10 1.5e-09
44.5 6.8 0.0413 5e-10 1.5e-09
44.6 6.8 0.0408 2.5e-10 7.5e-10
44.7 6.8 0.0402 5e-10 5e-10
44.8 6.8 0.0396 7.5e-10 1.25e-09
44.9 6.8 0.0391 1.5e-09 1.5e-09
45 6.8 0.0385 1.75e-09 2.25e-09
45.1 6.8 0.038 1.25e-09 2.75e-09
45.2 6.8 0.0375 1e-09 1e-09
45.3 6.8 0.0369 7.5e-10 2.5e-10
45.4 6.8 0.0364 1.25e-09 7.5e-10
45.5 6.8 0.0359 2e-09 2e-09
45.6 6.8 0.0354 2.5e-09 2.5e-09
45.7 6.8 0.0349 3e-09 4e-09
45.8 6.8 0.0344 3.5e-09 4.5e-09
45.9 6.8 0.0339 4.5e-09 5.5e-09
46 6.8 0.0335 4.5e-09 6.5e-09
46.1 6.8 0.033 5.75e-09 7.25e-09
46.2 6.8 0.0325 4.25e-09 8.75e-09
46.3 6.8 0.0321 5.5e-09 1.05e-08
46.4 6.8 0.0316 5e-09 1.1e-08
46.5 6.8 0.0312 5.75e-09 1.23e-08
46.6 6.8 0.0307 5.75e-09 1.23e-08
46.7 6.8 0.0303 6.5e-09 1.35e-08
46.8 6.8 0.0299 7e-09 1.4e-08
46.9 6.8 0.0294 6.5e-09 1.45e-08
47 6.8 0.029 7e-09 1.6e-08
47.1 6.8 0.0286 7.75e-09 1.62e-08
47.2 6.8 0.0282 7.25e-09 1.68e-08
47.3 6.8 0.0278 7.75e-09 1.72e-08
47.4 6.8 0.0274 8.25e-09 1.78e-08
47.5 6.8 0.027 8.25e-09 1.87e-08
47.6 6.8 0.0266 8.75e-09 1.93e-08
47.7 6.8 0.0263 4e-09 1e-08
47.8 6.8 0.0259 4e-09 1e-08
47.9 6.8 0.0255 4.25e-09 1.08e-08
48 6.8 0.0252 3.5e-09 1.05e-08
48.1 6.8 0.0248 4.25e-09 1.08e-08
48.2 6.8 0.0245 4.25e-09 1.08e-08
48.3 6.8 0.0241 4.25e-09 1.08e-08
48.4 6.8 0.0238 3.75e-09 1.12e-08
48.5 6.8 0.0234 3.75e-09 1.12e-08
48.6 6.8 0.0231 4.25e-09 1.08e-08
48.7 6.8 0.0228 3.75e-09 1.12e-08
48.8 6.8 0.0224 4.5e-09 1.15e-08
48.9 6.8 0.0221 4.5e-09 1.15e-08
49 6.8 0.0218 4.5e-09 1.15e-08
49.1 6.8 0.0215 3.75e-09 1.12e-08
49.2 6.8 0.0212 4.5e-09 1.15e-08
49.3 6.8 0.0209 4.5e-09 1.15e-08
49.4 6.8 0.0206 4.25e-09 1.17e-08
49.5 6.8 0.0203 4.5e-09 1.15e-08
49.6 6.8 0.02 3.75e-09 1.12e-08
49.7 6.8 0.0197 4e-09 1.2e-08
49.8 6.8 0.0194 4e-09 1.2e-08
49.9 6.8 0.0192 4e-09 1.2e-08
50 6.8 0.0189 4.5e-09 1.15e-08
50.1 6.8 0.0186 3.75e-09 1.12e-08
50.2 6.8 0.0183 4e-09 1.2e-08
50.3 6.8 0.0181 4e-09 1.2e-08
50.4 6.8 0.0178 4e-09 1.2e-08
50.5 6.8 0.0176 4e-09 1.2e-08
50.6 6.8 0.0173 4e-09 1.2e-08
50.7 6.8 0.0171 3.75e-09 1.12e-08
50.8 6.8 0.0168 4e-09 1.2e-08
50.9 6.8 0.0166 3.75e-09 1.12e-08
51 6.8 0.0163 3.75e-09 1.12e-08
51.1 6.8 0.0161 3.75e-09 1.12e-08
51.2 6.8 0.0159 4e-09 1.2e-08
51.3 6.8 0.0157 4e-09 1.2e-08
51.4 6.8 0.0154 4e-09 1.2e-08
51.5 6.8 0.0152 3.75e-09 1.12e-08
51.6 6.8 0.015 3.75e-09 1.12e-08
51.7 6.8 0.0148 3.75e-09 1.12e-08
51.8 6.8 0.0146 3.75e-09 1.12e-08
51.9 6.8 0.0144 3.75e-09 1.12e-08
52 6.8 0.0141 3.75e-09 1.12e-08
52.1 6.8 0.0139 3.75e-09 1.12e-08
52.2 6.8 0.0137 3.75e-09 1.12e-08
52.3 6.8 0.0135 3.5e-09 1.05e-08
52.4 6.8 0.0134 3.75e-09 1.12e-08
52.5 6.8 0.0132 3.5e-09 1.05e-08
52.6 6.8 0.013 3.75e-09 1.12e-08
52.7 6.8 0.0128 3.5e-09 1.05e-08
52.8 6.8 0.0126 3.5e-09 1.05e-08
52.9 6.8 0.0124 3.5e-09 1.05e-08
53 6.8 0.0122 3.5e-09 1.05e-08
53.1 6.8 0.0121 3.5e-09 1.05e-08
53.2 6.8 0.0119 3.5e-09 1.05e-08
53.3 6.8 0.0117 3.5e-09 1.05e-08
53.4 6.8 0.0115 3.75e-09 1.03e-08
53.5 6.8 0.0114 3.25e-09 9.75e-09
53.6 6.8 0.0112 3.25e-09 9.75e-09
53.7 6.8 0.0111 3.25e-09 9.75e-09
53.8 6.8 0.0109 3.25e-09 9.75e-09
53.9 6.8 0.0107 3.25e-09 9.75e-09
54 6.8 0.0106 3.25e-09 9.75e-09
54.1 6.8 0.0104 3.25e-09 9.75e-09
54.2 6.8 0.0103 3e-09 9e-09
54.3 6.8 0.0101 3e-09 9e-09
54.4 6.8 0.00999 3.2e-09 9.5e-09
54.5 6.8 0.00984 3.2e-09 9.4e-09
54.6 6.8 0.0097 3.12e-09 9.28e-09
54.7 6.8 0.00956 3.17e-09 9.22e-09
54.8 6.8 0.00942 3.1e-09 9.2e-09
54.9 6.8 0.00929 3.12e-09 9.08e-09
55 6.8 0.00915 3.03e-09 8.97e-09
55.1 6.8 0.00902 3e-09 8.9e-09
55.2 6.8 0.00889 2.98e-09 8.82e-09
55.3 6.8 0.00876 3e-09 8.7e-09
55.4 6.8 0.00863 2.95e-09 8.65e-09
55.5 6.8 0.00851 2.95e-09 8.55e-09
55.6 6.8 0.00839 2.9e-09 8.5e-09
55.7 6.8 0.00827 2.85e-09 8.45e-09
55.8 6.8 0.00815 2.85e-09 8.35e-09
55.9 6.8 0.00803 2.78e-09 8.22e-09
56 6.8 0.00791 2.8e-09 8.2e-09
56.1 6.8 0.0078 2.72e-09 8.07e-09
56.2 6.8 0.00768 2.72e-09 7.98e-09
56.3 6.8 0.00757 2.75e-09 7.95e-09
56.4 6.8 0.00746 2.65e-09 7.85e-09
56.5 6.8 0.00736 2.6e-09 7.7e-09
56.6 6.8 0.00725 2.65e-09 7.65e-09
56.7 6.8 0.00714 2.57e-09 7.63e-09
56.8 6.8 0.00704 2.52e-09 7.48e-09
56.9 6.8 0.00694 2.55e-09 7.45e-09
57 6.8 0.00684 2.52e-09 7.37e-09
57.1 6.8 0.00674 2.45e-09 7.25e-09
57.2 6.8 0.00664 2.5e-09 7.2e-09
57.3 6.8 0.00655 2.47e-09 7.13e-09
57.4 6.8 0.00645 2.4e-09 7e-09
57.5 6.8 0.00636 2.42e-09 6.97e-09
57.6 6.8 0.00626 2.33e-09 6.88e-09
57.7 6.8 0.00617 2.33e-09 6.78e-09
57.8 6.8 0.00608 2.3e-09 6.7e-09
57.9 6.8 0.006 2.33e-09 6.68e-09
58 6.8 0.00591 2.3e-09 6.6e-09
58.1 6.8 0.00582 2.28e-09 6.52e-09
58.2 6.8 0.00574 2.18e-09 6.42e-09
58.3 6.8 0.00566 2.23e-09 6.38e-09
58.4 6.8 0.00557 2.2e-09 6.3e-09
58.5 6.8 0.00549 2.18e-09 6.23e-09
58.6 6.8 0.00541 2.15e-09 6.15e-09
58.7 6.8 0.00533 2.13e-09 6.07e-09
58.8 6.8 0.00526 2.05e-09 6.05e-09
58.9 6.8 0.00518 2.02e-09 5.97e-09
59 6.8 0.00511 1.97e-09 5.83e-09
59.1 6.8 0.00503 2.02e-09 5.77e-09
59.2 6.8 0.00496 1.92e-09 5.68e-09
59.3 6.8 0.00489 2e-09 5.6e-09
59.4 6.8 0.00482 1.97e-09 5.52e-09
59.5 6.8 0.00475 2.28e-09 5.13e-09
59.6 6.8 0.00468 2.15e-09 5.55e-09
59.7 6.8 0.00461 2.02e-09 5.48e-09
59.8 6.8 0.00454 1.92e-09 5.38e-09
59.9 6.8 0.00448 1.9e-09 5.3e-09
60 6.8 0.00441 1.8e-09 5.2e-09
60.1 6.8 0.00435 1.85e-09 5.15e-09
60.2 6.8 0.00428 1.8e-09 5.1e-09
60.3 6.8 0.00422 1.75e-09 5.05e-09
60.4 6.8 0.00416 1.75e-09 4.95e-09
60.5 6.8 0.0041 1.67e-09 4.93e-09
60.6 6.8 0.00404 1.65e-09 4.85e-09
60.7 6.8 0.00398 1.7e-09 4.8e-09
60.8 6.8 0.00392 1.6e-09 4.7e-09
60.9 6.8 0.00387 1.63e-09 4.67e-09
61 6.8 0.00381 1.6e-09 4.6e-09
61.1 6.8 0.00375 1.58e-09 4.52e-09
61.2 6.8 0.0037 1.55e-09 4.45e-09
61.3 6.8 0.00365 1.5e-09 4.4e-09
61.4 6.8 0.00359 1.47e-09 4.32e-09
61.5 6.8 0.00354 1.47e-09 4.32e-09
61.6 6.8 0.00349 1.45e-09 4.25e-09
61.7 6.8 0.00344 1.5e-09 4.2e-09
61.8 6.8 0.00339 1.4e-09 4.1e-09
61.9 6.8 0.00334 1.4e-09 4.1e-09
62 6.8 0.00329 1.37e-09 4.02e-09
62.1 6.8 0.00324 1.4e-09 4e-09
62.2 6.8 0.0032 1.37e-09 3.93e-09
62.3 6.8 0.00315 1.33e-09 3.87e-09
62.4 6.8 0.0031 1.35e-09 3.85e-09
62.5 6.8 0.00306 1.3e-09 3.8e-09
62.6 6.8 0.00301 1.28e-09 3.72e-09
62.7 6.8 0.00297 1.25e-09 3.65e-09
62.8 6.8 0.00293 1.25e-09 3.65e-09
62.9 6.8 0.00288 1.23e-09 3.58e-09
63 6.8 0.00284 1.2e-09 3.5e-09
63.1 6.8 0.0028 1.2e-09 3.5e-09
63.2 6.8 0.00276 1.25e-09 3.45e-09
63.3 6.8 0.00272 1.2e-09 3.4e-09
63.4 6.8 0.00268 1.15e-09 3.35e-09
63.5 6.8 0.00264 1.15e-09 3.35e-09
63.6 6.8 0.0026 1.12e-09 3.27e-09
63.7 6.8 0.00257 1.1e-09 3.2e-09
63.8 6.8 0.00253 1.1e-09 3.2e-09
63.9 6.8 0.00249 1.07e-09 3.12e-09
64 6.8 0.00245 1.07e-09 3.12e-09
64.1 6.8 0.00242 1.05e-09 3.05e-09
64.2 6.8 0.00238 1.05e-09 3.05e-09
64.3 6.8 0.00235 1.03e-09 2.98e-09
64.4 6.8 0.00231 1.03e-09 2.98e-09
64.5 6.8 0.00228 1e-09 2.9e-09
64.6 6.8 0.00225 1e-09 2.9e-09
64.7 6.8 0.00222 9.75e-10 2.83e-09
64.8 6.8 0.00218 9.5e-10 2.75e-09
64.9 6.8 0.00215 9.5e-10 2.75e-09
65 6.8 0.00212 9.5e-10 2.75e-09
65.1 6.8 0.00209 9.25e-10 2.67e-09
65.2 6.8 0.00206 9.25e-10 2.67e-09
65.3 6.8 0.00203 9e-10 2.6e-09
65.4 6.8 0.002 8.75e-10 2.52e-09
65.5 6.8 0.00197 8.75e-10 2.52e-09
65.6 6.8 0.00194 8.5e-10 2.45e-09
65.7 6.8 0.00191 8.5e-10 2.45e-09
65.8 6.8 0.00189 8.5e-10 2.45e-09
65.9 6.8 0.00186 8e-10 2.4e-09
66 6.8 0.00183 8.25e-10 2.38e-09
66.1 6.8 0.0018 8.25e-10 2.38e-09
66.2 6.8 0.00178 8e-10 2.3e-09
66.3 6.8 0.00175 8e-10 2.3e-09
66.4 6.8 0.00173 7.5e-10 2.25e-09
66.5 6.8 0.0017 7.75e-10 2.23e-09
66.6 6.8 0.00168 7.5e-10 2.15e-09
66.7 6.8 0.00165 7.25e-10 2.18e-09
66.8 6.8 0.00163 7.25e-10 2.07e-09
66.9 6.8 0.0016 7.25e-10 2.07e-09
67 6.8 0.00158 7.25e-10 2.07e-09
67.1 6.8 0.00156 7.25e-10 2.07e-09
67.2 6.8 0.00153 6.75e-10 2.02e-09
67.3 6.8 0.00151 6.5e-10 1.95e-09
67.4 6.8 0.00149 6.75e-10 1.92e-09
67.5 6.8 0.00147 6.75e-10 1.92e-09
67.6 6.8 0.00145 6.75e-10 1.92e-09
67.7 6.8 0.00143 6.5e-10 1.85e-09
67.8 6.8 0.00141 6e-10 1.8e-09
67.9 6.8 0.00138 6e-10 1.8e-09
68 6.8 0.00136 6.25e-10 1.77e-09
68.1 6.8 0.00134 5.75e-10 1.72e-09
68.2 6.8 0.00133 5.75e-10 1.72e-09
68.3 6.8 0.00131 6e-10 1.7e-09
68.4 6.8 0.00129 6e-10 1.7e-09
68.5 6.8 0.00127 5.5e-10 1.65e-09
68.6 6.8 0.00125 5.5e-10 1.65e-09
68.7 6.8 0.00123 5.75e-10 1.63e-09
68.8 6.8 0.00121 5.25e-10 1.58e-09
68.9 6.8 0.0012 5.75e-10 1.63e-09
69 6.8 0.00118 5.5e-10 1.55e-09
69.1 6.8 0.00116 5e-10 1.5e-09
69.2 6.8 0.00114 5.5e-10 1.55e-09
69.3 6.8 0.00113 5.25e-10 1.47e-09
69.4 6.8 0.00111 5.25e-10 1.47e-09
69.5 6.8 0.00109 5.25e-10 1.47e-09
69.6 6.8 0.00108 4.75e-10 1.42e-09
69.7 6.8 0.00106 5e-10 1.4e-09
69.8 6.8 0.00105 4.5e-10 1.35e-09
69.9 6.8 0.00103 4.5e-10 1.35e-09
70 6.8 0.00102 4.75e-10 1.33e-09
70.1 6.8 0.001 4.75e-10 1.33e-09
70.2 6.8 0.000988 4.5e-10 1.31e-09
70.3 6.8 0.000974 4.45e-10 1.29e-09
70.4 6.8 0.000959 4.43e-10 1.28e-09
70.5 6.8 0.000945 4.35e-10 1.25e-09
70.6 6.8 0.000932 4.3e-10 1.24e-09
70.7 6.8 0.000918 4.22e-10 1.23e-09
70.8 6.8 0.000905 4.15e-10 1.21e-09
70.9 6.8 0.000891 4.1e-10 1.19e-09
71 6.8 0.000878 4.1e-10 1.17e-09
71.1 6.8 0.000866 3.98e-10 1.15e-09
71.2 6.8 0.000853 3.92e-10 1.14e-09
71.3 6.8 0.000841 3.88e-10 1.12e-09
71.4 6.8 0.000828 3.8e-10 1.1e-09
71.5 6.8 0.000816 3.77e-10 1.09e-09
71.6 6.8 0.000804 3.68e-10 1.07e-09
71.7 6.8 0.000793 3.68e-10 1.06e-09
71.8 6.8 0.000781 3.62e-10 1.05e-09
71.9 6.8 0.00077 3.58e-10 1.03e-09
72 6.8 0.000758 3.53e-10 1.02e-09
72.1 6.8 0.000747 3.47e-10 1e-09
72.2 6.8 0.000736 3.43e-10 9.87e-10
72.3 6.8 0.000726 3.38e-10 9.72e-10
72.4 6.8 0.000715 3.32e-10 9.58e-10
72.5 6.8 0.000705 3.25e-10 9.45e-10
72.6 6.8 0.000694 3.2e-10 9.3e-10
72.7 6.8 0.000684 3.15e-10 9.15e-10
72.8 6.8 0.000674 3.1e-10 9e-10
72.9 6.8 0.000664 3.08e-10 8.92e-10
73 6.8 0.000655 3.02e-10 8.78e-10
73.1 6.8 0.000645 3e-10 8.7e-10
73.2 6.8 0.000636 2.95e-10 8.55e-10
73.3 6.8 0.000626 2.93e-10 8.48e-10
73.4 6.8 0.000617 2.85e-10 8.25e-10
73.5 6.8 0.000608 2.83e-10 8.18e-10
73.6 6.8 0.000599 2.78e-10 8.02e-10
73.7 6.8 0.000591 2.7e-10 7.9e-10
73.8 6.8 0.000582 2.7e-10 7.8e-10
73.9 6.8 0.000574 2.68e-10 7.72e-10
74 6.8 0.000565 2.65e-10 7.65e-10
74.1 6.8 0.000557 2.6e-10 7.5e-10
74.2 6.8 0.000549 2.53e-10 7.37e-10
74.3 6.8 0.000541 2.55e-10 7.35e-10
74.4 6.8 0.000533 2.48e-10 7.23e-10
74.5 6.8 0.000525 2.48e-10 7.12e-10
74.6 6.8 0.000518 2.42e-10 6.98e-10
74.7 6.8 0.00051 2.35e-10 6.85e-10
74.8 6.8 0.000503 2.38e-10 6.82e-10
74.9 6.8 0.000495 2.3e-10 6.7e-10
75 6.8 0.000488 2.27e-10 6.63e-10
75.1 6.8 0.000481 2.23e-10 6.47e-10
75.2 6.8 0.000474 2.2e-10 6.4e-10
75.3 6.8 0.000467 2.2e-10 6.3e-10
75.4 6.8 0.00046 2.12e-10 6.17e-10
75.5 6.8 0.000453 2.15e-10 6.15e-10
75.6 6.8 0.000447 2.08e-10 6.03e-10
75.7 6.8 0.00044 2.05e-10 5.95e-10
75.8 6.8 0.000434 2.02e-10 5.87e-10
75.9 6.8 0.000428 2e-10 5.8e-10
76 6.8 0.000421 1.97e-10 5.73e-10
76.1 6.8 0.000415 1.95e-10 5.65e-10
76.2 6.8 0.000409 1.95e-10 5.55e-10
76.3 6.8 0.000403 1.87e-10 5.43e-10
76.4 6.8 0.000397 1.85e-10 5.35e-10
76.5 6.8 0.000391 1.85e-10 5.35e-10
76.6 6.8 0.000386 1.78e-10 5.23e-10
76.7 6.8 0.00038 1.75e-10 5.15e-10
76.8 6.8 0.000375 1.75e-10 5.05e-10
76.9 6.8 0.000369 1.72e-10 4.97e-10
77 6.8 0.000364 1.7e-10 4.9e-10
77.1 6.8 0.000358 1.67e-10 4.83e-10
77.2 6.8 0.000353 1.63e-10 4.77e-10
77.3 6.8 0.000348 1.65e-10 4.75e-10
77.4 6.8 0.000343 1.57e-10 4.63e-10
77.5 6.8 0.000338 1.6e-10 4.6e-10
77.6 6.8 0.000333 1.55e-10 4.55e-10
77.7 6.8 0.000328 1.52e-10 4.48e-10
77.8 6.8 0.000323 1.52e-10 4.37e-10
77.9 6.8 0.000319 1.5e-10 4.3e-10
78 6.8 0.000314 1.45e-10 4.25e-10
78.1 6.8 0.000309 1.48e-10 4.22e-10
78.2 6.8 0.000305 1.45e-10 4.15e-10
78.3 6.8 0.0003 1.4e-10 4.1e-10
78.4 6.8 0.000296 1.4e-10 4e-10
78.5 6.8 0.000292 1.35e-10 3.95e-10
78.6 6.8 0.000287 1.37e-10 3.92e-10
78.7 6.8 0.000283 1.33e-10 3.88e-10
78.8 6.8 0.000279 1.3e-10 3.8e-10
78.9 6.8 0.000275 1.27e-10 3.73e-10
79 6.8 0.000271 1.25e-10 3.65e-10
79.1 6.8 0.000267 1.25e-10 3.65e-10
79.2 6.8 0.000263 1.27e-10 3.62e-10
79.3 6.8 0.000259 1.22e-10 3.58e-10
79.4 6.8 0.000256 1.2e-10 3.5e-10
79.5 6.8 0.000252 1.18e-10 3.43e-10
79.6 6.8 0.000248 1.2e-10 3.4e-10
79.7 6.8 0.000245 1.15e-10 3.35e-10
79.8 6.8 0.000241 1.18e-10 3.32e-10
79.9 6.8 0.000237 1.1e-10 3.2e-10
80 6.8 0.000234 1.12e-10 3.17e-10
80.1 6.8 0.000231 1.08e-10 3.13e-10
80.2 6.8 0.000227 1.08e-10 3.13e-10
80.3 6.8 0.000224 1.05e-10 3.05e-10
80.4 6.8 0.000221 1.08e-10 3.02e-10
80.5 6.8 0.000217 1.05e-10 2.95e-10
80.6 6.8 0.000214 1e-10 2.9e-10
