-25 0.5 8.66e-20 6.62e-20 9.31e-20
-24.9 0.5 1.06e-19 8.08e-20 1.14e-19
-24.8 0.5 1.29e-19 9.87e-20 1.39e-19
-24.7 0.5 1.58e-19 1.21e-19 1.7e-19
-24.6 0.5 1.93e-19 1.47e-19 2.07e-19
-24.5 0.5 2.35e-19 1.8e-19 2.53e-19
-24.4 0.5 2.87e-19 2.2e-19 3.09e-19
-24.3 0.5 3.51e-19 2.68e-19 3.77e-19
-24.2 0.5 4.29e-19 3.28e-19 4.61e-19
-24.1 0.5 5.24e-19 4e-19 5.63e-19
-24 0.5 6.4e-19 4.89e-19 6.88e-19
-23.9 0.5 7.81e-19 5.97e-19 8.4e-19
-23.8 0.5 9.55e-19 7.29e-19 1.03e-18
-23.7 0.5 1.17e-18 8.91e-19 1.25e-18
-23.6 0.5 1.42e-18 1.09e-18 1.53e-18
-23.5 0.5 1.74e-18 1.33e-18 1.87e-18
-23.4 0.5 2.12e-18 1.62e-18 2.28e-18
-23.3 0.5 2.59e-18 1.98e-18 2.79e-18
-23.2 0.5 3.17e-18 2.42e-18 3.41e-18
-23.1 0.5 3.87e-18 2.96e-18 4.16e-18
-23 0.5 4.73e-18 3.61e-18 5.08e-18
-22.9 0.5 5.77e-18 4.41e-18 6.21e-18
-22.8 0.5 7.05e-18 5.39e-18 7.58e-18
-22.7 0.5 8.61e-18 6.58e-18 9.26e-18
-22.6 0.5 1.05e-17 8.04e-18 1.13e-17
-22.5 0.5 1.29e-17 9.82e-18 1.38e-17
-22.4 0.5 1.57e-17 1.2e-17 1.69e-17
-22.3 0.5 1.92e-17 1.46e-17 2.06e-17
-22.2 0.5 2.34e-17 1.79e-17 2.52e-17
-22.1 0.5 2.86e-17 2.19e-17 3.07e-17
-22 0.5 3.49e-17 2.67e-17 3.75e-17
-21.9 0.5 4.27e-17 3.26e-17 4.59e-17
-21.8 0.5 5.21e-17 3.98e-17 5.6e-17
-21.7 0.5 6.37e-17 4.86e-17 6.84e-17
-21.6 0.5 7.77e-17 5.94e-17 8.36e-17
-21.5 0.5 9.5e-17 7.26e-17 1.02e-16
-21.4 0.5 1.16e-16 8.86e-17 1.25e-16
-21.3 0.5 1.42e-16 1.08e-16 1.52e-16
-21.2 0.5 1.73e-16 1.32e-16 1.86e-16
-21.1 0.5 2.11e-16 1.61e-16 2.27e-16
-21 0.5 2.58e-16 1.97e-16 2.77e-16
-20.9 0.5 3.15e-16 2.41e-16 3.39e-16
-20.8 0.5 3.85e-16 2.94e-16 4.14e-16
-20.7 0.5 4.7e-16 3.59e-16 5.05e-16
-20.6 0.5 5.74e-16 4.39e-16 6.17e-16
-20.5 0.5 7.02e-16 5.36e-16 7.54e-16
-20.4 0.5 8.57e-16 6.55e-16 9.21e-16
-20.3 0.5 1.05e-15 8e-16 1.12e-15
-20.2 0.5 1.28e-15 9.77e-16 1.37e-15
-20.1 0.5 1.56e-15 1.19e-15 1.68e-15
-20 0.5 1.91e-15 1.46e-15 2.05e-15
-19.9 0.5 2.33e-15 1.78e-15 2.5e-15
-19.8 0.5 2.85e-15 2.17e-15 3.06e-15
-19.7 0.5 3.48e-15 2.66e-15 3.73e-15
-19.6 0.5 4.24e-15 3.24e-15 4.56e-15
-19.5 0.5 5.18e-15 3.96e-15 5.57e-15
-19.4 0.5 6.33e-15 4.84e-15 6.81e-15
-19.3 0.5 7.73e-15 5.91e-15 8.31e-15
-19.2 0.5 9.45e-15 7.22e-15 1.02e-14
-19.1 0.5 1.15e-14 8.82e-15 1.24e-14
-19 0.5 1.41e-14 1.08e-14 1.51e-14
-18.9 0.5 1.72e-14 1.32e-14 1.85e-14
-18.8 0.5 2.1e-14 1.61e-14 2.26e-14
-18.7 0.5 2.57e-14 1.96e-14 2.76e-14
-18.6 0.5 3.14e-14 2.4e-14 3.37e-14
-18.5 0.5 3.83e-14 2.93e-14 4.12e-14
-18.4 0.5 4.68e-14 3.58e-14 5.03e-14
-18.3 0.5 5.72e-14 4.37e-14 6.14e-14
-18.2 0.5 6.98e-14 5.33e-14 7.5e-14
-18.1 0.5 8.53e-14 6.51e-14 9.16e-14
-18 0.5 1.04e-13 7.96e-14 1.12e-13
-17.9 0.5 1.27e-13 9.72e-14 1.37e-13
-17.8 0.5 1.55e-13 1.19e-13 1.67e-13
-17.7 0.5 1.9e-13 1.45e-13 2.04e-13
-17.6 0.5 2.32e-13 1.77e-13 2.49e-13
-17.5 0.5 2.83e-13 2.16e-13 3.04e-13
-17.4 0.5 3.46e-13 2.64e-13 3.72e-13
-17.3 0.5 4.22e-13 3.23e-13 4.54e-13
-17.2 0.5 5.16e-13 3.94e-13 5.54e-13
-17.1 0.5 6.3e-13 4.81e-13 6.77e-13
-17 0.5 7.69e-13 5.88e-13 8.27e-13
-16.9 0.5 9.4e-13 7.18e-13 1.01e-12
-16.8 0.5 1.15e-12 8.77e-13 1.23e-12
-16.7 0.5 1.4e-12 1.07e-12 1.51e-12
-16.6 0.5 1.71e-12 1.31e-12 1.84e-12
-16.5 0.5 2.09e-12 1.6e-12 2.25e-12
-16.4 0.5 2.55e-12 1.95e-12 2.75e-12
-16.3 0.5 3.12e-12 2.38e-12 3.35e-12
-16.2 0.5 3.81e-12 2.91e-12 4.1e-12
-16.1 0.5 4.66e-12 3.56e-12 5e-12
-16 0.5 5.69e-12 4.34e-12 6.11e-12
-15.9 0.5 6.94e-12 5.31e-12 7.46e-12
-15.8 0.5 8.48e-12 6.48e-12 9.12e-12
-14.4 0.5 1.39e-10 1.07e-10 1.5e-10
-14.3 0.5 1.7e-10 1.3e-10 1.83e-10
-14.2 0.5 2.08e-10 1.59e-10 2.24e-10
-14.1 0.5 2.54e-10 1.94e-10 2.73e-10
-14 0.5 3.1e-10 2.37e-10 3.34e-10
-13.9 0.5 3.79e-10 2.9e-10 4.07e-10
-13.8 0.5 4.63e-10 3.54e-10 4.98e-10
-13.7 0.5 5.66e-10 4.32e-10 6.08e-10
-13.6 0.5 6.91e-10 5.28e-10 7.42e-10
-13.5 0.5 8.44e-10 6.45e-10 9.07e-10
-13.4 0.5 1.03e-09 7.88e-10 1.11e-09
-13.3 0.5 1.26e-09 9.62e-10 1.35e-09
-13.2 0.5 1.54e-09 1.17e-09 1.65e-09
-13.1 0.5 1.88e-09 1.43e-09 2.02e-09
-13 0.5 2.29e-09 1.75e-09 2.46e-09
-12.9 0.5 2.8e-09 2.14e-09 3.01e-09
-12.8 0.5 3.42e-09 2.61e-09 3.68e-09
-12.7 0.5 4.18e-09 3.19e-09 4.49e-09
-12.6 0.5 5.1e-09 3.9e-09 5.49e-09
-12.5 0.5 6.24e-09 4.76e-09 6.7e-09
-12.4 0.5 7.62e-09 5.82e-09 8.18e-09
-12.3 0.5 9.3e-09 7.11e-09 1e-08
-12.2 0.5 1.14e-08 8.68e-09 1.22e-08
-12.1 0.5 1.39e-08 1.06e-08 1.49e-08
-12 0.5 1.69e-08 1.3e-08 1.82e-08
-11.9 0.5 2.07e-08 1.58e-08 2.22e-08
-11.8 0.5 2.53e-08 1.93e-08 2.72e-08
-11.7 0.5 3.09e-08 2.36e-08 3.32e-08
-11.6 0.5 3.77e-08 2.88e-08 4.05e-08
-11.5 0.5 4.61e-08 3.52e-08 4.95e-08
-11.4 0.5 5.63e-08 4.3e-08 6.05e-08
-11.3 0.5 6.87e-08 5.25e-08 7.39e-08
-11.2 0.5 8.39e-08 6.41e-08 9.02e-08
-11.1 0.5 1.03e-07 7.83e-08 1.1e-07
-11 0.5 1.25e-07 9.57e-08 1.35e-07
-10.9 0.5 1.53e-07 1.17e-07 1.64e-07
-10.8 0.5 1.87e-07 1.43e-07 2.01e-07
-10.7 0.5 2.28e-07 1.74e-07 2.45e-07
-10.6 0.5 2.79e-07 2.13e-07 3e-07
-10.5 0.5 3.4e-07 2.6e-07 3.66e-07
-10.4 0.5 4.16e-07 3.18e-07 4.47e-07
-10.3 0.5 5.08e-07 3.88e-07 5.46e-07
-10.2 0.5 6.2e-07 4.74e-07 6.67e-07
-10.1 0.5 7.58e-07 5.79e-07 8.14e-07
-10 0.5 9.25e-07 7.07e-07 9.94e-07
-9.9 0.5 1.13e-06 8.64e-07 1.21e-06
-9.8 0.5 1.38e-06 1.05e-06 1.48e-06
-9.7 0.5 1.69e-06 1.29e-06 1.81e-06
-9.6 0.5 2.06e-06 1.57e-06 2.21e-06
-9.5 0.5 2.52e-06 1.92e-06 2.7e-06
-9.4 0.5 3.07e-06 2.35e-06 3.3e-06
-9.3 0.5 3.75e-06 2.87e-06 4.03e-06
-9.2 0.5 4.58e-06 3.5e-06 4.93e-06
-9.1 0.5 5.6e-06 4.28e-06 6.02e-06
-9 0.5 6.84e-06 5.22e-06 7.35e-06
-8.9 0.5 8.35e-06 6.38e-06 8.97e-06
-8.8 0.5 1.02e-05 7.79e-06 1.1e-05
-8.7 0.5 1.25e-05 9.52e-06 1.34e-05
-8.6 0.5 1.52e-05 1.16e-05 1.64e-05
-8.5 0.5 1.86e-05 1.42e-05 2e-05
-8.4 0.5 2.27e-05 1.73e-05 2.44e-05
-8.3 0.5 2.77e-05 2.12e-05 2.98e-05
-8.2 0.5 3.39e-05 2.59e-05 3.64e-05
-8.1 0.5 4.14e-05 3.16e-05 4.44e-05
-8 0.5 5.05e-05 3.86e-05 5.43e-05
-7.9 0.5 6.17e-05 4.72e-05 6.63e-05
-7.8 0.5 7.53e-05 5.76e-05 8.1e-05
-7.7 0.5 9.2e-05 7.04e-05 9.89e-05
-7.6 0.5 0.000112 8.59e-05 0.000121
-7.5 0.5 0.000137 0.000105 0.000147
-7.4 0.5 0.000168 0.000128 0.00018
-7.3 0.5 0.000205 0.000157 0.00022
-7.2 0.5 0.00025 0.000191 0.000269
-7.1 0.5 0.000305 0.000234 0.000328
-7 0.5 0.000373 0.000285 0.0004
-6.9 0.5 0.000455 0.000349 0.000489
-6.8 0.5 0.000556 0.000426 0.000596
-6.7 0.5 0.000678 0.00052 0.000728
-6.6 0.5 0.000828 0.000635 0.000888
-6.5 0.5 0.00101 0.000776 0.00108
-6.4 0.5 0.00123 0.000948 0.00132
-6.3 0.5 0.0015 0.00116 0.00161
-6.2 0.5 0.00183 0.00142 0.00196
-6.1 0.5 0.00224 0.00173 0.00239
-6 0.5 0.00273 0.00211 0.00291
-5.9 0.5 0.00332 0.00258 0.00355
-5.8 0.5 0.00404 0.00315 0.00431
-5.7 0.5 0.00492 0.00385 0.00524
-5.6 0.5 0.00598 0.00471 0.00636
-5.5 0.5 0.00727 0.00575 0.00771
-5.4 0.5 0.00883 0.00703 0.00933
-5.3 0.5 0.0107 0.00858 0.0113
-5.2 0.5 0.013 0.0105 0.0136
-5.1 0.5 0.0157 0.0128 0.0163
-5 0.5 0.0189 0.0155 0.0196
-4.9 0.5 0.0228 0.0189 0.0233
-4.8 0.5 0.0275 0.0229 0.0278
-4.7 0.5 0.033 0.0276 0.0328
-4.6 0.5 0.0435 0.0448 0.0425
-4.5 0.5 0.0519 0.0531 0.0496
-4.4 0.5 0.0618 0.0625 0.0574
-4.3 0.5 0.0733 0.0727 0.0657
-4.2 0.5 0.0865 0.0834 0.0743
-4.1 0.5 0.115 0.102 0.0964
-4 0.5 0.133 0.109 0.105
-3.9 0.5 0.151 0.111 0.11
-3.8 0.5 0.177 0.124 0.121
-3.7 0.5 0.191 0.136 0.117
-3.6 0.5 0.206 0.124 0.11
-3.5 0.5 0.22 0.133 0.101
-3.4 0.5 0.229 0.137 0.0852
-3.3 0.5 0.228 0.134 0.0603
-3.2 0.5 0.216 0.12 0.0735
-3.1 0.5 0.249 0.11 0.043
-3 0.5 0.234 0.0941 0.093
-2.9 0.5 0.209 0.0662 0.14
-2.8 0.5 0.128 0.126 0.325
-2.7 0.5 0.108 0.151 0.309
-2.6 0.5 0.124 0.139 0.174
-2.5 0.5 0.0537 0.215 0.379
-2.4 0.5 0.115 0.16 0.41
-2.3 0.5 0.16 0.122 0.236
-2.2 0.5 0.21 0.116 0.222
-2.1 0.5 0.512 0.654 0.275
-2 0.5 0.474 0.235 0.233
-1.9 0.5 0.355 0.105 0.105
-1.8 0.5 0.375 0.111 0.114
-1.7 0.5 0.264 0.617 0.451
-1.6 0.5 0.334 0.17 0.0843
-1.5 0.5 0.327 0.101 0.0798
-1.4 0.5 0.328 0.0126 0.0243
-1.3 0.5 0.343 0.0516 0.0751
-1.2 0.5 0.347 0.355 0.401
-1.1 0.5 0.396 0.125 0.0927
-1 0.5 0.416 0.0985 0.0587
-0.9 0.5 0.533 0.113 0.059
-0.8 0.5 0.481 0.097 0.0579
-0.7 0.5 0.484 0.12 0.0631
-0.6 0.5 0.485 0.0924 0.0512
-0.5 0.5 0.486 0.0354 0.0344
-0.4 0.5 0.471 0.033 0.0554
-0.3 0.5 0.473 0.0336 0.037
-0.2 0.5 0.473 0.0389 0.0291
-0.1 0.5 0.478 0.0421 0.0285
-4.44e-16 0.5 0.46 0.078 0.144
0.1 0.5 0.495 0.0881 0.0673
0.2 0.5 0.608 0.236 0.156
0.3 0.5 0.539 0.0596 0.0497
0.4 0.5 0.537 0.0327 0.0134
0.5 0.5 0.535 0.0101 0.00617
0.6 0.5 0.536 0.0704 0.0435
0.7 0.5 0.548 0.0691 0.0409
0.8 0.5 0.572 0.182 0.121
0.9 0.5 0.562 0.173 0.143
1 0.5 0.55 0.148 0.141
1.1 0.5 0.539 0.122 0.125
1.2 0.5 0.533 0.102 0.105
1.3 0.5 0.533 0.0886 0.0884
1.4 0.5 0.538 0.0817 0.0767
1.5 0.5 0.545 0.0791 0.0699
1.6 0.5 0.534 0.0246 0.0484
1.7 0.5 0.54 0.0263 0.0469
1.8 0.5 0.544 0.028 0.0461
1.9 0.5 0.546 0.0292 0.0456
2 0.5 0.547 0.0297 0.0455
2.1 0.5 0.546 0.0292 0.0456
2.2 0.5 0.544 0.028 0.0461
2.3 0.5 0.54 0.0263 0.0469
2.4 0.5 0.534 0.0246 0.0484
2.5 0.5 0.545 0.0791 0.0699
2.6 0.5 0.538 0.0817 0.0767
2.7 0.5 0.533 0.0886 0.0884
2.8 0.5 0.533 0.102 0.105
2.9 0.5 0.539 0.122 0.125
3 0.5 0.55 0.148 0.141
3.1 0.5 0.562 0.173 0.143
3.2 0.5 0.572 0.182 0.121
3.3 0.5 0.548 0.0691 0.0409
3.4 0.5 0.536 0.0704 0.0435
3.5 0.5 0.535 0.0101 0.00617
3.6 0.5 0.537 0.0327 0.0134
3.7 0.5 0.539 0.0596 0.0497
3.8 0.5 0.608 0.236 0.156
3.9 0.5 0.495 0.0881 0.0673
4 0.5 0.46 0.078 0.144
4.1 0.5 0.478 0.0421 0.0285
4.2 0.5 0.473 0.0389 0.0291
4.3 0.5 0.473 0.0336 0.037
4.4 0.5 0.471 0.033 0.0554
4.5 0.5 0.486 0.0354 0.0344
4.6 0.5 0.485 0.0924 0.0512
4.7 0.5 0.484 0.12 0.0631
4.8 0.5 0.481 0.097 0.0579
4.9 0.5 0.533 0.113 0.059
5 0.5 0.416 0.0985 0.0587
5.1 0.5 0.396 0.125 0.0927
5.2 0.5 0.347 0.355 0.401
5.3 0.5 0.343 0.0516 0.0751
5.4 0.5 0.328 0.0126 0.0243
5.5 0.5 0.327 0.101 0.0798
5.6 0.5 0.334 0.17 0.0843
5.7 0.5 0.264 0.617 0.451
5.8 0.5 0.375 0.111 0.114
5.9 0.5 0.355 0.105 0.105
6 0.5 0.474 0.235 0.233
6.1 0.5 0.512 0.654 0.275
6.2 0.5 0.21 0.116 0.222
6.3 0.5 0.16 0.122 0.236
6.4 0.5 0.115 0.16 0.41
6.5 0.5 0.0537 0.215 0.379
6.6 0.5 0.124 0.139 0.174
6.7 0.5 0.108 0.151 0.309
6.8 0.5 0.128 0.126 0.325
6.9 0.5 0.209 0.0662 0.14
7 0.5 0.234 0.0941 0.093
7.1 0.5 0.249 0.11 0.043
7.2 0.5 0.216 0.12 0.0735
7.3 0.5 0.228 0.134 0.0603
7.4 0.5 0.229 0.137 0.0852
7.5 0.5 0.22 0.133 0.101
7.6 0.5 0.206 0.124 0.11
7.7 0.5 0.191 0.136 0.117
7.8 0.5 0.177 0.124 0.121
7.9 0.5 0.151 0.111 0.11
8 0.5 0.133 0.109 0.105
8.1 0.5 0.115 0.102 0.0964
8.2 0.5 0.0865 0.0834 0.0743
8.3 0.5 0.0733 0.0727 0.0657
8.4 0.5 0.0618 0.0625 0.0574
8.5 0.5 0.0519 0.0531 0.0496
8.6 0.5 0.0435 0.0448 0.0425
8.7 0.5 0.033 0.0276 0.0328
8.8 0.5 0.0275 0.0229 0.0278
8.9 0.5 0.0228 0.0189 0.0233
9 0.5 0.0189 0.0155 0.0196
9.1 0.5 0.0157 0.0128 0.0163
9.2 0.5 0.013 0.0105 0.0136
9.3 0.5 0.0107 0.00858 0.0113
9.4 0.5 0.00883 0.00703 0.00933
9.5 0.5 0.00727 0.00575 0.00771
9.6 0.5 0.00598 0.00471 0.00636
9.7 0.5 0.00492 0.00385 0.00524
9.8 0.5 0.00404 0.00315 0.00431
9.9 0.5 0.00332 0.00258 0.00355
10 0.5 0.00273 0.00211 0.00291
10.1 0.5 0.00224 0.00173 0.00239
10.2 0.5 0.00183 0.00142 0.00196
10.3 0.5 0.0015 0.00116 0.00161
10.4 0.5 0.00123 0.000948 0.00132
10.5 0.5 0.00101 0.000776 0.00108
10.6 0.5 0.000828 0.000635 0.000888
10.7 0.5 0.000678 0.00052 0.000728
10.8 0.5 0.000556 0.000426 0.000596
10.9 0.5 0.000455 0.000349 0.000489
11 0.5 0.000373 0.000285 0.0004
11.1 0.5 0.000305 0.000234 0.000328
11.2 0.5 0.00025 0.000191 0.000269
11.3 0.5 0.000205 0.000157 0.00022
11.4 0.5 0.000168 0.000128 0.00018
11.5 0.5 0.000137 0.000105 0.000147
11.6 0.5 0.000112 8.59e-05 0.000121
11.7 0.5 9.2e-05 7.04e-05 9.89e-05
11.8 0.5 7.53e-05 5.76e-05 8.1e-05
11.9 0.5 6.17e-05 4.72e-05 6.63e-05
12 0.5 5.05e-05 3.86e-05 5.43e-05
12.1 0.5 4.14e-05 3.16e-05 4.44e-05
12.2 0.5 3.39e-05 2.59e-05 3.64e-05
12.3 0.5 2.77e-05 2.12e-05 2.98e-05
12.4 0.5 2.27e-05 1.73e-05 2.44e-05
12.5 0.5 1.86e-05 1.42e-05 2e-05
12.6 0.5 1.52e-05 1.16e-05 1.64e-05
12.7 0.5 1.25e-05 9.52e-06 1.34e-05
12.8 0.5 1.02e-05 7.79e-06 1.1e-05
12.9 0.5 8.35e-06 6.38e-06 8.97e-06
13 0.5 6.84e-06 5.22e-06 7.35e-06
13.1 0.5 5.6e-06 4.28e-06 6.02e-06
13.2 0.5 4.58e-06 3.5e-06 4.93e-06
13.3 0.5 3.75e-06 2.87e-06 4.03e-06
13.4 0.5 3.07e-06 2.35e-06 3.3e-06
13.5 0.5 2.52e-06 1.92e-06 2.7e-06
13.6 0.5 2.06e-06 1.57e-06 2.21e-06
13.7 0.5 1.69e-06 1.29e-06 1.81e-06
13.8 0.5 1.38e-06 1.05e-06 1.48e-06
13.9 0.5 1.13e-06 8.64e-07 1.21e-06
14 0.5 9.25e-07 7.07e-07 9.94e-07
14.1 0.5 7.58e-07 5.79e-07 8.14e-07
14.2 0.5 6.2e-07 4.74e-07 6.67e-07
14.3 0.5 5.08e-07 3.88e-07 5.46e-07
14.4 0.5 4.16e-07 3.18e-07 4.47e-07
14.5 0.5 3.4e-07 2.6e-07 3.66e-07
14.6 0.5 2.79e-07 2.13e-07 3e-07
14.7 0.5 2.28e-07 1.74e-07 2.45e-07
14.8 0.5 1.87e-07 1.43e-07 2.01e-07
14.9 0.5 1.53e-07 1.17e-07 1.64e-07
15 0.5 1.25e-07 9.57e-08 1.35e-07
15.1 0.5 1.03e-07 7.83e-08 1.1e-07
15.2 0.5 8.39e-08 6.41e-08 9.02e-08
15.3 0.5 6.87e-08 5.25e-08 7.39e-08
15.4 0.5 5.63e-08 4.3e-08 6.05e-08
15.5 0.5 4.61e-08 3.52e-08 4.95e-08
15.6 0.5 3.77e-08 2.88e-08 4.05e-08
15.7 0.5 3.09e-08 2.36e-08 3.32e-08
15.8 0.5 2.53e-08 1.93e-08 2.72e-08
15.9 0.5 2.07e-08 1.58e-08 2.22e-08
16 0.5 1.69e-08 1.3e-08 1.82e-08
16.1 0.5 1.39e-08 1.06e-08 1.49e-08
16.2 0.5 1.14e-08 8.68e-09 1.22e-08
16.3 0.5 9.3e-09 7.11e-09 1e-08
16.4 0.5 7.62e-09 5.82e-09 8.18e-09
16.5 0.5 6.24e-09 4.76e-09 6.7e-09
16.6 0.5 5.1e-09 3.9e-09 5.49e-09
16.7 0.5 4.18e-09 3.19e-09 4.49e-09
16.8 0.5 3.42e-09 2.61e-09 3.68e-09
16.9 0.5 2.8e-09 2.14e-09 3.01e-09
17 0.5 2.29e-09 1.75e-09 2.46e-09
17.1 0.5 1.88e-09 1.43e-09 2.02e-09
17.2 0.5 1.54e-09 1.17e-09 1.65e-09
17.3 0.5 1.26e-09 9.62e-10 1.35e-09
17.4 0.5 1.03e-09 7.88e-10 1.11e-09
17.5 0.5 8.44e-10 6.45e-10 9.07e-10
17.6 0.5 6.91e-10 5.28e-10 7.42e-10
17.7 0.5 5.66e-10 4.32e-10 6.08e-10
17.8 0.5 4.63e-10 3.54e-10 4.98e-10
17.9 0.5 3.79e-10 2.9e-10 4.07e-10
18 0.5 3.1e-10 2.37e-10 3.34e-10
18.1 0.5 2.54e-10 1.94e-10 2.73e-10
18.2 0.5 2.08e-10 1.59e-10 2.24e-10
18.3 0.5 1.7e-10 1.3e-10 1.83e-10
18.4 0.5 1.39e-10 1.07e-10 1.5e-10
19.8 0.5 8.48e-12 6.48e-12 9.12e-12
19.9 0.5 6.94e-12 5.31e-12 7.46e-12
20 0.5 5.69e-12 4.34e-12 6.11e-12
20.1 0.5 4.66e-12 3.56e-12 5e-12
20.2 0.5 3.81e-12 2.91e-12 4.1e-12
20.3 0.5 3.12e-12 2.38e-12 3.35e-12
20.4 0.5 2.55e-12 1.95e-12 2.75e-12
20.5 0.5 2.09e-12 1.6e-12 2.25e-12
20.6 0.5 1.71e-12 1.31e-12 1.84e-12
20.7 0.5 1.4e-12 1.07e-12 1.51e-12
20.8 0.5 1.15e-12 8.77e-13 1.23e-12
20.9 0.5 9.4e-13 7.18e-13 1.01e-12
21 0.5 7.69e-13 5.88e-13 8.27e-13
21.1 0.5 6.3e-13 4.81e-13 6.77e-13
21.2 0.5 5.16e-13 3.94e-13 5.54e-13
21.3 0.5 4.22e-13 3.23e-13 4.54e-13
21.4 0.5 3.46e-13 2.64e-13 3.72e-13
21.5 0.5 2.83e-13 2.16e-13 3.04e-13
21.6 0.5 2.32e-13 1.77e-13 2.49e-13
21.7 0.5 1.9e-13 1.45e-13 2.04e-13
21.8 0.5 1.55e-13 1.19e-13 1.67e-13
21.9 0.5 1.27e-13 9.72e-14 1.37e-13
22 0.5 1.04e-13 7.96e-14 1.12e-13
22.1 0.5 8.53e-14 6.51e-14 9.16e-14
22.2 0.5 6.98e-14 5.33e-14 7.5e-14
22.3 0.5 5.72e-14 4.37e-14 6.14e-14
22.4 0.5 4.68e-14 3.58e-14 5.03e-14
22.5 0.5 3.83e-14 2.93e-14 4.12e-14
22.6 0.5 3.14e-14 2.4e-14 3.37e-14
22.7 0.5 2.57e-14 1.96e-14 2.76e-14
22.8 0.5 2.1e-14 1.61e-14 2.26e-14
22.9 0.5 1.72e-14 1.32e-14 1.85e-14
23 0.5 1.41e-14 1.08e-14 1.51e-14
23.1 0.5 1.15e-14 8.82e-15 1.24e-14
23.2 0.5 9.45e-15 7.22e-15 1.02e-14
23.3 0.5 7.73e-15 5.91e-15 8.31e-15
23.4 0.5 6.33e-15 4.84e-15 6.81e-15
23.5 0.5 5.18e-15 3.96e-15 5.57e-15
23.6 0.5 4.24e-15 3.24e-15 4.56e-15
23.7 0.5 3.48e-15 2.66e-15 3.73e-15
23.8 0.5 2.85e-15 2.17e-15 3.06e-15
23.9 0.5 2.33e-15 1.78e-15 2.5e-15
24 0.5 1.91e-15 1.46e-15 2.05e-15
24.1 0.5 1.56e-15 1.19e-15 1.68e-15
24.2 0.5 1.28e-15 9.77e-16 1.37e-15
24.3 0.5 1.05e-15 8e-16 1.12e-15
24.4 0.5 8.57e-16 6.55e-16 9.21e-16
24.5 0.5 7.02e-16 5.36e-16 7.54e-16
24.6 0.5 5.74e-16 4.39e-16 6.17e-16
24.7 0.5 4.7e-16 3.59e-16 5.05e-16
24.8 0.5 3.85e-16 2.94e-16 4.14e-16
24.9 0.5 3.15e-16 2.41e-16 3.39e-16
25 0.5 2.58e-16 1.97e-16 2.77e-16
25.1 0.5 2.11e-16 1.61e-16 2.27e-16
25.2 0.5 1.73e-16 1.32e-16 1.86e-16
25.3 0.5 1.42e-16 1.08e-16 1.52e-16
25.4 0.5 1.16e-16 8.86e-17 1.25e-16
25.5 0.5 9.5e-17 7.26e-17 1.02e-16
25.6 0.5 7.77e-17 5.94e-17 8.36e-17
25.7 0.5 6.37e-17 4.86e-17 6.84e-17
25.8 0.5 5.21e-17 3.98e-17 5.6e-17
25.9 0.5 4.27e-17 3.26e-17 4.59e-17
26 0.5 3.49e-17 2.67e-17 3.75e-17
26.1 0.5 2.86e-17 2.19e-17 3.07e-17
26.2 0.5 2.34e-17 1.79e-17 2.52e-17
26.3 0.5 1.92e-17 1.46e-17 2.06e-17
26.4 0.5 1.57e-17 1.2e-17 1.69e-17
26.5 0.5 1.29e-17 9.82e-18 1.38e-17
26.6 0.5 1.05e-17 8.04e-18 1.13e-17
26.7 0.5 8.61e-18 6.58e-18 9.26e-18
26.8 0.5 7.05e-18 5.39e-18 7.58e-18
26.9 0.5 5.77e-18 4.41e-18 6.21e-18
27 0.5 4.73e-18 3.61e-18 5.08e-18
27.1 0.5 3.87e-18 2.96e-18 4.16e-18
27.2 0.5 3.17e-18 2.42e-18 3.41e-18
27.3 0.5 2.59e-18 1.98e-18 2.79e-18
27.4 0.5 2.12e-18 1.62e-18 2.28e-18
27.5 0.5 1.74e-18 1.33e-18 1.87e-18
27.6 0.5 1.42e-18 1.09e-18 1.53e-18
27.7 0.5 1.17e-18 8.91e-19 1.25e-18
27.8 0.5 9.55e-19 7.29e-19 1.03e-18
27.9 0.5 7.81e-19 5.97e-19 8.4e-19
28 0.5 6.4e-19 4.89e-19 6.88e-19
28.1 0.5 5.24e-19 4e-19 5.63e-19
28.2 0.5 4.29e-19 3.28e-19 4.61e-19
28.3 0.5 3.51e-19 2.68e-19 3.77e-19
28.4 0.5 2.87e-19 2.2e-19 3.09e-19
28.5 0.5 2.35e-19 1.8e-19 2.53e-19
28.6 0.5 1.93e-19 1.47e-19 2.07e-19
28.7 0.5 1.58e-19 1.21e-19 1.7e-19
28.8 0.5 1.29e-19 9.87e-20 1.39e-19
28.9 0.5 1.06e-19 8.08e-20 1.14e-19
29 0.5 8.66e-20 6.62e-20 9.31e-20
29.1 0.5 7.09e-20 5.42e-20 7.62e-20
29.2 0.5 5.8e-20 4.44e-20 6.24e-20
29.3 0.5 4.75e-20 3.63e-20 5.11e-20
29.4 0.5 3.89e-20 2.97e-20 4.18e-20
29.5 0.5 3.19e-20 2.43e-20 3.42e-20
29.6 0.5 2.61e-20 1.99e-20 2.8e-20
29.7 0.5 2.14e-20 1.63e-20 2.29e-20
29.8 0.5 1.75e-20 1.34e-20 1.88e-20
29.9 0.5 1.43e-20 1.09e-20 1.54e-20
30 0.5 1.17e-20 8.95e-21 1.26e-20
30.1 0.5 9.59e-21 7.33e-21 1.03e-20
30.2 0.5 7.86e-21 6e-21 8.44e-21
30.3 0.5 6.43e-21 4.91e-21 6.91e-21
30.4 0.5 5.27e-21 4.02e-21 5.66e-21
30.5 0.5 4.31e-21 3.29e-21 4.63e-21
30.6 0.5 3.53e-21 2.7e-21 3.79e-21
30.7 0.5 2.89e-21 2.21e-21 3.11e-21
30.8 0.5 2.37e-21 1.81e-21 2.54e-21
30.9 0.5 1.94e-21 1.48e-21 2.08e-21
31 0.5 1.59e-21 1.21e-21 1.7e-21
31.1 0.5 1.3e-21 9.92e-22 1.4e-21
31.2 0.5 1.06e-21 8.12e-22 1.14e-21
31.3 0.5 8.7e-22 6.65e-22 9.35e-22
31.4 0.5 7.13e-22 5.45e-22 7.66e-22
31.5 0.5 5.83e-22 4.46e-22 6.27e-22
31.6 0.5 4.78e-22 3.65e-22 5.13e-22
31.7 0.5 3.91e-22 2.99e-22 4.2e-22
31.8 0.5 3.2e-22 2.45e-22 3.44e-22
31.9 0.5 2.62e-22 2e-22 2.82e-22
32 0.5 2.15e-22 1.64e-22 2.31e-22
32.1 0.5 1.76e-22 1.34e-22 1.89e-22
32.2 0.5 1.44e-22 1.1e-22 1.55e-22
32.3 0.5 1.18e-22 9e-23 1.27e-22
32.4 0.5 9.64e-23 7.37e-23 1.04e-22
32.5 0.5 7.9e-23 6.03e-23 8.49e-23
32.6 0.5 6.46e-23 4.94e-23 6.95e-23
32.7 0.5 5.29e-23 4.04e-23 5.69e-23
32.8 0.5 4.33e-23 3.31e-23 4.66e-23
32.9 0.5 3.55e-23 2.71e-23 3.81e-23
33 0.5 2.9e-23 2.22e-23 3.12e-23
33.1 0.5 2.38e-23 1.82e-23 2.56e-23
33.2 0.5 1.95e-23 1.49e-23 2.09e-23
33.3 0.5 1.59e-23 1.22e-23 1.71e-23
33.4 0.5 1.31e-23 9.97e-24 1.4e-23
33.5 0.5 1.07e-23 8.17e-24 1.15e-23
33.6 0.5 8.75e-24 6.69e-24 9.4e-24
33.7 0.5 7.16e-24 5.47e-24 7.7e-24
33.8 0.5 5.86e-24 4.48e-24 6.3e-24
33.9 0.5 4.8e-24 3.67e-24 5.16e-24
34 0.5 3.93e-24 3e-24 4.22e-24
34.1 0.5 3.22e-24 2.46e-24 3.46e-24
34.2 0.5 2.64e-24 2.01e-24 2.83e-24
34.3 0.5 2.16e-24 1.65e-24 2.32e-24
34.4 0.5 1.77e-24 1.35e-24 1.9e-24
34.5 0.5 1.45e-24 1.11e-24 1.55e-24
34.6 0.5 1.18e-24 9.05e-25 1.27e-24
34.7 0.5 9.69e-25 7.41e-25 1.04e-24
34.8 0.5 7.94e-25 6.06e-25 8.53e-25
34.9 0.5 6.5e-25 4.97e-25 6.98e-25
35 0.5 5.32e-25 4.07e-25 5.72e-25
35.1 0.5 4.36e-25 3.33e-25 4.68e-25
35.2 0.5 3.57e-25 2.73e-25 3.83e-25
35.3 0.5 2.92e-25 2.23e-25 3.14e-25
35.4 0.5 2.39e-25 1.83e-25 2.57e-25
35.5 0.5 1.96e-25 1.5e-25 2.1e-25
35.6 0.5 1.6e-25 1.22e-25 1.72e-25
35.7 0.5 1.31e-25 1e-25 1.41e-25
35.8 0.5 1.07e-25 8.21e-26 1.15e-25
35.9 0.5 8.79e-26 6.72e-26 9.45e-26
36 0.5 7.2e-26 5.5e-26 7.74e-26
36.1 0.5 5.9e-26 4.5e-26 6.34e-26
36.2 0.5 4.83e-26 3.69e-26 5.19e-26
36.3 0.5 3.95e-26 3.02e-26 4.25e-26
36.4 0.5 3.24e-26 2.47e-26 3.48e-26
36.5 0.5 2.65e-26 2.02e-26 2.85e-26
36.6 0.5 2.17e-26 1.66e-26 2.33e-26
36.7 0.5 1.78e-26 1.36e-26 1.91e-26
36.8 0.5 1.45e-26 1.11e-26 1.56e-26
36.9 0.5 1.19e-26 9.09e-27 1.28e-26
37 0.5 9.74e-27 7.45e-27 1.05e-26
37.1 0.5 7.98e-27 6.1e-27 8.57e-27
37.2 0.5 6.53e-27 4.99e-27 7.02e-27
37.3 0.5 5.35e-27 4.09e-27 5.75e-27
37.4 0.5 4.38e-27 3.35e-27 4.71e-27
37.5 0.5 3.58e-27 2.74e-27 3.85e-27
37.6 0.5 2.94e-27 2.24e-27 3.15e-27
37.7 0.5 2.4e-27 1.84e-27 2.58e-27
37.8 0.5 1.97e-27 1.5e-27 2.11e-27
37.9 0.5 1.61e-27 1.23e-27 1.73e-27
38 0.5 1.32e-27 1.01e-27 1.42e-27
38.1 0.5 1.08e-27 8.25e-28 1.16e-27
38.2 0.5 8.84e-28 6.75e-28 9.5e-28
38.3 0.5 7.24e-28 5.53e-28 7.78e-28
38.4 0.5 5.93e-28 4.53e-28 6.37e-28
38.5 0.5 4.85e-28 3.71e-28 5.21e-28
38.6 0.5 3.97e-28 3.04e-28 4.27e-28
38.7 0.5 3.25e-28 2.49e-28 3.49e-28
38.8 0.5 2.66e-28 2.03e-28 2.86e-28
38.9 0.5 2.18e-28 1.67e-28 2.34e-28
39 0.5 1.78e-28 1.36e-28 1.92e-28
39.1 0.5 1.46e-28 1.12e-28 1.57e-28
39.2 0.5 1.2e-28 9.14e-29 1.29e-28
39.3 0.5 9.8e-29 7.48e-29 1.05e-28
39.4 0.5 8.02e-29 6.13e-29 8.62e-29
39.5 0.5 6.57e-29 5.02e-29 7.06e-29
39.6 0.5 5.38e-29 4.11e-29 5.78e-29
39.7 0.5 4.4e-29 3.36e-29 4.73e-29
39.8 0.5 3.6e-29 2.75e-29 3.87e-29
39.9 0.5 2.95e-29 2.25e-29 3.17e-29
40 0.5 2.42e-29 1.85e-29 2.6e-29
40.1 0.5 1.98e-29 1.51e-29 2.13e-29
40.2 0.5 1.62e-29 1.24e-29 1.74e-29
40.3 0.5 1.33e-29 1.01e-29 1.42e-29
40.4 0.5 1.09e-29 8.29e-30 1.17e-29
40.5 0.5 8.89e-30 6.79e-30 9.55e-30
40.6 0.5 7.28e-30 5.56e-30 7.82e-30
40.7 0.5 5.96e-30 4.55e-30 6.4e-30
40.8 0.5 4.88e-30 3.73e-30 5.24e-30
40.9 0.5 3.99e-30 3.05e-30 4.29e-30
41 0.5 3.27e-30 2.5e-30 3.51e-30
41.1 0.5 2.68e-30 2.05e-30 2.88e-30
41.2 0.5 2.19e-30 1.67e-30 2.35e-30
41.3 0.5 1.79e-30 1.37e-30 1.93e-30
41.4 0.5 1.47e-30 1.12e-30 1.58e-30
41.5 0.5 1.2e-30 9.19e-31 1.29e-30
41.6 0.5 9.85e-31 7.52e-31 1.06e-30
41.7 0.5 8.06e-31 6.16e-31 8.66e-31
41.8 0.5 6.6e-31 5.04e-31 7.09e-31
41.9 0.5 5.4e-31 4.13e-31 5.81e-31
42 0.5 4.42e-31 3.38e-31 4.75e-31
42.1 0.5 3.62e-31 2.77e-31 3.89e-31
42.2 0.5 2.97e-31 2.27e-31 3.19e-31
42.3 0.5 2.43e-31 1.86e-31 2.61e-31
42.4 0.5 1.99e-31 1.52e-31 2.14e-31
42.5 0.5 1.63e-31 1.24e-31 1.75e-31
42.6 0.5 1.33e-31 1.02e-31 1.43e-31
42.7 0.5 1.09e-31 8.34e-32 1.17e-31
42.8 0.5 8.93e-32 6.83e-32 9.6e-32
42.9 0.5 7.31e-32 5.59e-32 7.86e-32
43 0.5 5.99e-32 4.58e-32 6.43e-32
43.1 0.5 4.9e-32 3.75e-32 5.27e-32
43.2 0.5 4.01e-32 3.07e-32 4.31e-32
43.3 0.5 3.29e-32 2.51e-32 3.53e-32
43.4 0.5 2.69e-32 2.06e-32 2.89e-32
43.5 0.5 2.2e-32 1.68e-32 2.37e-32
43.6 0.5 1.8e-32 1.38e-32 1.94e-32
43.7 0.5 1.48e-32 1.13e-32 1.59e-32
43.8 0.5 1.21e-32 9.24e-33 1.3e-32
43.9 0.5 9.9e-33 7.56e-33 1.06e-32
44 0.5 8.1e-33 6.19e-33 8.71e-33
44.1 0.5 6.63e-33 5.07e-33 7.13e-33
44.2 0.5 5.43e-33 4.15e-33 5.84e-33
44.3 0.5 4.45e-33 3.4e-33 4.78e-33
44.4 0.5 3.64e-33 2.78e-33 3.91e-33
44.5 0.5 2.98e-33 2.28e-33 3.2e-33
44.6 0.5 2.44e-33 1.86e-33 2.62e-33
44.7 0.5 2e-33 1.53e-33 2.15e-33
44.8 0.5 1.64e-33 1.25e-33 1.76e-33
44.9 0.5 1.34e-33 1.02e-33 1.44e-33
45 0.5 1.1e-33 8.38e-34 1.18e-33
45.1 0.5 8.98e-34 6.86e-34 9.65e-34
45.2 0.5 7.35e-34 5.62e-34 7.9e-34
45.3 0.5 6.02e-34 4.6e-34 6.47e-34
45.4 0.5 4.93e-34 3.77e-34 5.3e-34
45.5 0.5 4.03e-34 3.08e-34 4.34e-34
45.6 0.5 3.3e-34 2.52e-34 3.55e-34
45.7 0.5 2.7e-34 2.07e-34 2.91e-34
45.8 0.5 2.21e-34 1.69e-34 2.38e-34
45.9 0.5 1.81e-34 1.39e-34 1.95e-34
46 0.5 1.48e-34 1.13e-34 1.59e-34
46.1 0.5 1.22e-34 9.28e-35 1.31e-34
46.2 0.5 9.95e-35 7.6e-35 1.07e-34
46.3 0.5 8.14e-35 6.22e-35 8.75e-35
46.4 0.5 6.67e-35 5.1e-35 7.17e-35
46.5 0.5 5.46e-35 4.17e-35 5.87e-35
46.6 0.5 4.47e-35 3.42e-35 4.8e-35
46.7 0.5 3.66e-35 2.8e-35 3.93e-35
46.8 0.5 3e-35 2.29e-35 3.22e-35
46.9 0.5 2.45e-35 1.87e-35 2.64e-35
47 0.5 2.01e-35 1.53e-35 2.16e-35
47.1 0.5 1.64e-35 1.26e-35 1.77e-35
47.2 0.5 1.35e-35 1.03e-35 1.45e-35
47.3 0.5 1.1e-35 8.42e-36 1.18e-35
47.4 0.5 9.02e-36 6.9e-36 9.7e-36
47.5 0.5 7.39e-36 5.65e-36 7.94e-36
47.6 0.5 6.05e-36 4.62e-36 6.5e-36
47.7 0.5 4.95e-36 3.78e-36 5.32e-36
47.8 0.5 4.06e-36 3.1e-36 4.36e-36
47.9 0.5 3.32e-36 2.54e-36 3.57e-36
48 0.5 2.72e-36 2.08e-36 2.92e-36
48.1 0.5 2.23e-36 1.7e-36 2.39e-36
48.2 0.5 1.82e-36 1.39e-36 1.96e-36
48.3 0.5 1.49e-36 1.14e-36 1.6e-36
48.4 0.5 1.22e-36 9.33e-37 1.31e-36
48.5 0.5 1e-36 7.64e-37 1.07e-36
48.6 0.5 8.19e-37 6.26e-37 8.8e-37
48.7 0.5 6.7e-37 5.12e-37 7.2e-37
48.8 0.5 5.49e-37 4.19e-37 5.9e-37
48.9 0.5 4.49e-37 3.43e-37 4.83e-37
49 0.5 3.68e-37 2.81e-37 3.95e-37
49.1 0.5 3.01e-37 2.3e-37 3.24e-37
49.2 0.5 2.47e-37 1.88e-37 2.65e-37
49.3 0.5 2.02e-37 1.54e-37 2.17e-37
49.4 0.5 1.65e-37 1.26e-37 1.78e-37
49.5 0.5 1.35e-37 1.03e-37 1.45e-37
49.6 0.5 1.11e-37 8.47e-38 1.19e-37
49.7 0.5 9.07e-38 6.93e-38 9.75e-38
49.8 0.5 7.43e-38 5.68e-38 7.98e-38
49.9 0.5 6.08e-38 4.65e-38 6.53e-38
50 0.5 4.98e-38 3.8e-38 5.35e-38
50.1 0.5 4.08e-38 3.11e-38 4.38e-38
50.2 0.5 3.34e-38 2.55e-38 3.59e-38
50.3 0.5 2.73e-38 2.09e-38 2.94e-38
50.4 0.5 2.24e-38 1.71e-38 2.4e-38
50.5 0.5 1.83e-38 1.4e-38 1.97e-38
50.6 0.5 1.5e-38 1.15e-38 1.61e-38
50.7 0.5 1.23e-38 9.38e-39 1.32e-38
50.8 0.5 1.01e-38 7.68e-39 1.08e-38
50.9 0.5 8.23e-39 6.29e-39 8.84e-39
51 0.5 6.74e-39 5.15e-39 7.24e-39
51.1 0.5 5.52e-39 4.22e-39 5.93e-39
51.2 0.5 4.52e-39 3.45e-39 4.85e-39
51.3 0.5 3.7e-39 2.83e-39 3.97e-39
51.4 0.5 3.03e-39 2.31e-39 3.25e-39
51.5 0.5 2.48e-39 1.89e-39 2.66e-39
51.6 0.5 2.03e-39 1.55e-39 2.18e-39
51.7 0.5 1.66e-39 1.27e-39 1.79e-39
51.8 0.5 1.36e-39 1.04e-39 1.46e-39
51.9 0.5 1.11e-39 8.51e-40 1.2e-39
52 0.5 9.12e-40 6.97e-40 9.8e-40
52.1 0.5 7.47e-40 5.7e-40 8.02e-40
52.2 0.5 6.11e-40 4.67e-40 6.57e-40
52.3 0.5 5e-40 3.82e-40 5.38e-40
52.4 0.5 4.1e-40 3.13e-40 4.4e-40
52.5 0.5 3.35e-40 2.56e-40 3.61e-40
52.6 0.5 2.75e-40 2.1e-40 2.95e-40
52.7 0.5 2.25e-40 1.72e-40 2.42e-40
52.8 0.5 1.84e-40 1.41e-40 1.98e-40
52.9 0.5 1.51e-40 1.15e-40 1.62e-40
53 0.5 1.23e-40 9.43e-41 1.33e-40
53.1 0.5 1.01e-40 7.72e-41 1.09e-40
53.2 0.5 8.27e-41 6.32e-41 8.89e-41
53.3 0.5 6.77e-41 5.18e-41 7.28e-41
53.4 0.5 5.55e-41 4.24e-41 5.96e-41
53.5 0.5 4.54e-41 3.47e-41 4.88e-41
53.6 0.5 3.72e-41 2.84e-41 3.99e-41
53.7 0.5 3.04e-41 2.33e-41 3.27e-41
53.8 0.5 2.49e-41 1.9e-41 2.68e-41
53.9 0.5 2.04e-41 1.56e-41 2.19e-41
54 0.5 1.67e-41 1.28e-41 1.79e-41
54.1 0.5 1.37e-41 1.04e-41 1.47e-41
54.2 0.5 1.12e-41 8.55e-42 1.2e-41
54.3 0.5 9.17e-42 7e-42 9.85e-42
54.4 0.5 7.5e-42 5.73e-42 8.06e-42
54.5 0.5 6.14e-42 4.69e-42 6.6e-42
54.6 0.5 5.03e-42 3.84e-42 5.41e-42
54.7 0.5 4.12e-42 3.15e-42 4.43e-42
54.8 0.5 3.37e-42 2.58e-42 3.62e-42
54.9 0.5 2.76e-42 2.11e-42 2.97e-42
55 0.5 2.26e-42 1.73e-42 2.43e-42
55.1 0.5 1.85e-42 1.41e-42 1.99e-42
55.2 0.5 1.52e-42 1.16e-42 1.63e-42
55.3 0.5 1.24e-42 9.48e-43 1.33e-42
55.4 0.5 1.02e-42 7.76e-43 1.09e-42
55.5 0.5 8.32e-43 6.35e-43 8.94e-43
55.6 0.5 6.81e-43 5.2e-43 7.32e-43
55.7 0.5 5.57e-43 4.26e-43 5.99e-43
55.8 0.5 4.56e-43 3.49e-43 4.9e-43
55.9 0.5 3.74e-43 2.85e-43 4.02e-43
56 0.5 3.06e-43 2.34e-43 3.29e-43
56.1 0.5 2.5e-43 1.91e-43 2.69e-43
56.2 0.5 2.05e-43 1.57e-43 2.2e-43
56.3 0.5 1.68e-43 1.28e-43 1.8e-43
56.4 0.5 1.37e-43 1.05e-43 1.48e-43
56.5 0.5 1.13e-43 8.6e-44 1.21e-43
56.6 0.5 9.21e-44 7.04e-44 9.9e-44
56.7 0.5 7.54e-44 5.76e-44 8.11e-44
56.8 0.5 6.18e-44 4.72e-44 6.64e-44
56.9 0.5 5.06e-44 3.86e-44 5.43e-44
57 0.5 4.14e-44 3.16e-44 4.45e-44
57.1 0.5 3.39e-44 2.59e-44 3.64e-44
57.2 0.5 2.78e-44 2.12e-44 2.98e-44
57.3 0.5 2.27e-44 1.74e-44 2.44e-44
57.4 0.5 1.86e-44 1.42e-44 2e-44
57.5 0.5 1.52e-44 1.16e-44 1.64e-44
57.6 0.5 1.25e-44 9.53e-45 1.34e-44
57.7 0.5 1.02e-44 7.8e-45 1.1e-44
57.8 0.5 8.36e-45 6.39e-45 8.98e-45
57.9 0.5 6.84e-45 5.23e-45 7.35e-45
58 0.5 5.6e-45 4.28e-45 6.02e-45
58.1 0.5 4.59e-45 3.51e-45 4.93e-45
58.2 0.5 3.76e-45 2.87e-45 4.04e-45
58.3 0.5 3.07e-45 2.35e-45 3.3e-45
58.4 0.5 2.52e-45 1.92e-45 2.71e-45
58.5 0.5 2.06e-45 1.57e-45 2.21e-45
58.6 0.5 1.69e-45 1.29e-45 1.81e-45
58.7 0.5 1.38e-45 1.06e-45 1.48e-45
58.8 0.5 1.13e-45 8.64e-46 1.22e-45
58.9 0.5 9.26e-46 7.08e-46 9.95e-46
59 0.5 7.58e-46 5.79e-46 8.15e-46
59.1 0.5 6.21e-46 4.74e-46 6.67e-46
59.2 0.5 5.08e-46 3.88e-46 5.46e-46
59.3 0.5 4.16e-46 3.18e-46 4.47e-46
59.4 0.5 3.41e-46 2.6e-46 3.66e-46
59.5 0.5 2.79e-46 2.13e-46 3e-46
59.6 0.5 2.28e-46 1.75e-46 2.45e-46
59.7 0.5 1.87e-46 1.43e-46 2.01e-46
59.8 0.5 1.53e-46 1.17e-46 1.65e-46
59.9 0.5 1.25e-46 9.58e-47 1.35e-46
60 0.5 1.03e-46 7.84e-47 1.1e-46
60.1 0.5 8.4e-47 6.42e-47 9.03e-47
60.2 0.5 6.88e-47 5.26e-47 7.39e-47
60.3 0.5 5.63e-47 4.3e-47 6.05e-47
60.4 0.5 4.61e-47 3.52e-47 4.96e-47
60.5 0.5 3.78e-47 2.88e-47 4.06e-47
60.6 0.5 3.09e-47 2.36e-47 3.32e-47
60.7 0.5 2.53e-47 1.93e-47 2.72e-47
60.8 0.5 2.07e-47 1.58e-47 2.23e-47
60.9 0.5 1.7e-47 1.3e-47 1.82e-47
61 0.5 1.39e-47 1.06e-47 1.49e-47
61.1 0.5 1.14e-47 8.69e-48 1.22e-47
61.2 0.5 9.31e-48 7.11e-48 1e-47
61.3 0.5 7.62e-48 5.82e-48 8.19e-48
61.4 0.5 6.24e-48 4.77e-48 6.71e-48
61.5 0.5 5.11e-48 3.9e-48 5.49e-48
61.6 0.5 4.18e-48 3.2e-48 4.5e-48
61.7 0.5 3.42e-48 2.62e-48 3.68e-48
61.8 0.5 2.8e-48 2.14e-48 3.01e-48
61.9 0.5 2.3e-48 1.75e-48 2.47e-48
62 0.5 1.88e-48 1.44e-48 2.02e-48
62.1 0.5 1.54e-48 1.18e-48 1.65e-48
62.2 0.5 1.26e-48 9.63e-49 1.35e-48
62.3 0.5 1.03e-48 7.88e-49 1.11e-48
62.4 0.5 8.45e-49 6.45e-49 9.08e-49
62.5 0.5 6.91e-49 5.28e-49 7.43e-49
62.6 0.5 5.66e-49 4.33e-49 6.08e-49
62.7 0.5 4.63e-49 3.54e-49 4.98e-49
62.8 0.5 3.79e-49 2.9e-49 4.08e-49
62.9 0.5 3.11e-49 2.37e-49 3.34e-49
63 0.5 2.54e-49 1.94e-49 2.73e-49
63.1 0.5 2.08e-49 1.59e-49 2.24e-49
63.2 0.5 1.71e-49 1.3e-49 1.83e-49
63.3 0.5 1.4e-49 1.07e-49 1.5e-49
63.4 0.5 1.14e-49 8.73e-50 1.23e-49
63.5 0.5 9.36e-50 7.15e-50 1.01e-49
63.6 0.5 7.66e-50 5.85e-50 8.23e-50
63.7 0.5 6.27e-50 4.79e-50 6.74e-50
63.8 0.5 5.14e-50 3.92e-50 5.52e-50
63.9 0.5 4.2e-50 3.21e-50 4.52e-50
64 0.5 3.44e-50 2.63e-50 3.7e-50
64.1 0.5 2.82e-50 2.15e-50 3.03e-50
64.2 0.5 2.31e-50 1.76e-50 2.48e-50
64.3 0.5 1.89e-50 1.44e-50 2.03e-50
64.4 0.5 1.55e-50 1.18e-50 1.66e-50
64.5 0.5 1.27e-50 9.68e-51 1.36e-50
64.6 0.5 1.04e-50 7.92e-51 1.11e-50
64.7 0.5 8.49e-51 6.49e-51 9.12e-51
64.8 0.5 6.95e-51 5.31e-51 7.47e-51
64.9 0.5 5.69e-51 4.35e-51 6.12e-51
65 0.5 4.66e-51 3.56e-51 5.01e-51
65.1 0.5 3.81e-51 2.91e-51 4.1e-51
65.2 0.5 3.12e-51 2.39e-51 3.36e-51
65.3 0.5 2.56e-51 1.95e-51 2.75e-51
65.4 0.5 2.09e-51 1.6e-51 2.25e-51
65.5 0.5 1.71e-51 1.31e-51 1.84e-51
65.6 0.5 1.4e-51 1.07e-51 1.51e-51
65.7 0.5 1.15e-51 8.78e-52 1.23e-51
65.8 0.5 9.41e-52 7.19e-52 1.01e-51
65.9 0.5 7.7e-52 5.88e-52 8.28e-52
66 0.5 6.31e-52 4.82e-52 6.78e-52
66.1 0.5 5.16e-52 3.94e-52 5.55e-52
66.2 0.5 4.23e-52 3.23e-52 4.54e-52
66.3 0.5 3.46e-52 2.64e-52 3.72e-52
66.4 0.5 2.83e-52 2.16e-52 3.04e-52
66.5 0.5 2.32e-52 1.77e-52 2.49e-52
66.6 0.5 1.9e-52 1.45e-52 2.04e-52
66.7 0.5 1.55e-52 1.19e-52 1.67e-52
66.8 0.5 1.27e-52 9.73e-53 1.37e-52
66.9 0.5 1.04e-52 7.96e-53 1.12e-52
67 0.5 8.53e-53 6.52e-53 9.17e-53
67.1 0.5 6.99e-53 5.34e-53 7.51e-53
67.2 0.5 5.72e-53 4.37e-53 6.15e-53
67.3 0.5 4.68e-53 3.58e-53 5.03e-53
67.4 0.5 3.83e-53 2.93e-53 4.12e-53
67.5 0.5 3.14e-53 2.4e-53 3.37e-53
67.6 0.5 2.57e-53 1.96e-53 2.76e-53
67.7 0.5 2.1e-53 1.61e-53 2.26e-53
67.8 0.5 1.72e-53 1.32e-53 1.85e-53
67.9 0.5 1.41e-53 1.08e-53 1.52e-53
68 0.5 1.15e-53 8.82e-54 1.24e-53
68.1 0.5 9.45e-54 7.22e-54 1.02e-53
68.2 0.5 7.74e-54 5.91e-54 8.32e-54
68.3 0.5 6.34e-54 4.84e-54 6.81e-54
68.4 0.5 5.19e-54 3.96e-54 5.58e-54
68.5 0.5 4.25e-54 3.25e-54 4.57e-54
68.6 0.5 3.48e-54 2.66e-54 3.74e-54
68.7 0.5 2.85e-54 2.18e-54 3.06e-54
68.8 0.5 2.33e-54 1.78e-54 2.51e-54
68.9 0.5 1.91e-54 1.46e-54 2.05e-54
69 0.5 1.56e-54 1.19e-54 1.68e-54
69.1 0.5 1.28e-54 9.78e-55 1.38e-54
69.2 0.5 1.05e-54 8.01e-55 1.13e-54
69.3 0.5 8.58e-55 6.55e-55 9.22e-55
69.4 0.5 7.02e-55 5.37e-55 7.55e-55
69.5 0.5 5.75e-55 4.39e-55 6.18e-55
69.6 0.5 4.71e-55 3.6e-55 5.06e-55
69.7 0.5 3.85e-55 2.94e-55 4.14e-55
69.8 0.5 3.16e-55 2.41e-55 3.39e-55
69.9 0.5 2.58e-55 1.97e-55 2.78e-55
70 0.5 2.12e-55 1.62e-55 2.27e-55
70.1 0.5 1.73e-55 1.32e-55 1.86e-55
70.2 0.5 1.42e-55 1.08e-55 1.52e-55
70.3 0.5 1.16e-55 8.87e-56 1.25e-55
70.4 0.5 9.5e-56 7.26e-56 1.02e-55
70.5 0.5 7.78e-56 5.95e-56 8.36e-56
70.6 0.5 6.37e-56 4.87e-56 6.85e-56
70.7 0.5 5.22e-56 3.99e-56 5.61e-56
70.8 0.5 4.27e-56 3.26e-56 4.59e-56
70.9 0.5 3.5e-56 2.67e-56 3.76e-56
71 0.5 2.86e-56 2.19e-56 3.08e-56
71.1 0.5 2.34e-56 1.79e-56 2.52e-56
71.2 0.5 1.92e-56 1.47e-56 2.06e-56
71.3 0.5 1.57e-56 1.2e-56 1.69e-56
71.4 0.5 1.29e-56 9.83e-57 1.38e-56
71.5 0.5 1.05e-56 8.05e-57 1.13e-56
71.6 0.5 8.62e-57 6.59e-57 9.27e-57
71.7 0.5 7.06e-57 5.39e-57 7.59e-57
71.8 0.5 5.78e-57 4.42e-57 6.21e-57
71.9 0.5 4.73e-57 3.62e-57 5.08e-57
72 0.5 3.87e-57 2.96e-57 4.16e-57
72.1 0.5 3.17e-57 2.42e-57 3.41e-57
72.2 0.5 2.6e-57 1.98e-57 2.79e-57
72.3 0.5 2.13e-57 1.62e-57 2.28e-57
72.4 0.5 1.74e-57 1.33e-57 1.87e-57
72.5 0.5 1.43e-57 1.09e-57 1.53e-57
72.6 0.5 1.17e-57 8.92e-58 1.25e-57
72.7 0.5 9.55e-58 7.3e-58 1.03e-57
72.8 0.5 7.82e-58 5.98e-58 8.41e-58
72.9 0.5 6.4e-58 4.89e-58 6.88e-58
73 0.5 5.24e-58 4.01e-58 5.63e-58
73.1 0.5 4.29e-58 3.28e-58 4.61e-58
73.2 0.5 3.51e-58 2.69e-58 3.78e-58
73.3 0.5 2.88e-58 2.2e-58 3.09e-58
73.4 0.5 2.36e-58 1.8e-58 2.53e-58
73.5 0.5 1.93e-58 1.47e-58 2.07e-58
73.6 0.5 1.58e-58 1.21e-58 1.7e-58
73.7 0.5 1.29e-58 9.88e-59 1.39e-58
73.8 0.5 1.06e-58 8.09e-59 1.14e-58
73.9 0.5 8.67e-59 6.62e-59 9.31e-59
74 0.5 7.1e-59 5.42e-59 7.63e-59
74.1 0.5 5.81e-59 4.44e-59 6.24e-59
74.2 0.5 4.76e-59 3.63e-59 5.11e-59
74.3 0.5 3.89e-59 2.98e-59 4.18e-59
74.4 0.5 3.19e-59 2.44e-59 3.43e-59
74.5 0.5 2.61e-59 1.99e-59 2.81e-59
74.6 0.5 2.14e-59 1.63e-59 2.3e-59
74.7 0.5 1.75e-59 1.34e-59 1.88e-59
74.8 0.5 1.43e-59 1.09e-59 1.54e-59
74.9 0.5 1.17e-59 8.96e-60 1.26e-59
75 0.5 9.6e-60 7.34e-60 1.03e-59
75.1 0.5 7.86e-60 6.01e-60 8.45e-60
75.2 0.5 6.44e-60 4.92e-60 6.92e-60
75.3 0.5 5.27e-60 4.03e-60 5.66e-60
75.4 0.5 4.31e-60 3.3e-60 4.64e-60
75.5 0.5 3.53e-60 2.7e-60 3.8e-60
75.6 0.5 2.89e-60 2.21e-60 3.11e-60
75.7 0.5 2.37e-60 1.81e-60 2.54e-60
75.8 0.5 1.94e-60 1.48e-60 2.08e-60
75.9 0.5 1.59e-60 1.21e-60 1.71e-60
76 0.5 1.3e-60 9.93e-61 1.4e-60
76.1 0.5 1.06e-60 8.13e-61 1.14e-60
76.2 0.5 8.71e-61 6.66e-61 9.36e-61
76.3 0.5 7.13e-61 5.45e-61 7.66e-61
76.4 0.5 5.84e-61 4.46e-61 6.28e-61
76.5 0.5 4.78e-61 3.65e-61 5.14e-61
76.6 0.5 3.91e-61 2.99e-61 4.21e-61
76.7 0.5 3.2e-61 2.45e-61 3.44e-61
76.8 0.5 2.62e-61 2e-61 2.82e-61
76.9 0.5 2.15e-61 1.64e-61 2.31e-61
77 0.5 1.76e-61 1.34e-61 1.89e-61
77.1 0.5 1.44e-61 1.1e-61 1.55e-61
77.2 0.5 1.18e-61 9.01e-62 1.27e-61
77.3 0.5 9.65e-62 7.38e-62 1.04e-61
77.4 0.5 7.9e-62 6.04e-62 8.49e-62
77.5 0.5 6.47e-62 4.94e-62 6.95e-62
77.6 0.5 5.3e-62 4.05e-62 5.69e-62
77.7 0.5 4.34e-62 3.31e-62 4.66e-62
77.8 0.5 3.55e-62 2.71e-62 3.82e-62
77.9 0.5 2.91e-62 2.22e-62 3.12e-62
78 0.5 2.38e-62 1.82e-62 2.56e-62
78.1 0.5 1.95e-62 1.49e-62 2.09e-62
78.2 0.5 1.6e-62 1.22e-62 1.71e-62
78.3 0.5 1.31e-62 9.98e-63 1.4e-62
78.4 0.5 1.07e-62 8.17e-63 1.15e-62
78.5 0.5 8.76e-63 6.69e-63 9.41e-63
78.6 0.5 7.17e-63 5.48e-63 7.7e-63
78.7 0.5 5.87e-63 4.49e-63 6.31e-63
78.8 0.5 4.81e-63 3.67e-63 5.16e-63
78.9 0.5 3.93e-63 3.01e-63 4.23e-63
79 0.5 3.22e-63 2.46e-63 3.46e-63
79.1 0.5 2.64e-63 2.02e-63 2.83e-63
79.2 0.5 2.16e-63 1.65e-63 2.32e-63
79.3 0.5 1.77e-63 1.35e-63 1.9e-63
79.4 0.5 1.45e-63 1.11e-63 1.56e-63
79.5 0.5 1.19e-63 9.06e-64 1.27e-63
79.6 0.5 9.7e-64 7.41e-64 1.04e-63
79.7 0.5 7.94e-64 6.07e-64 8.54e-64
79.8 0.5 6.5e-64 4.97e-64 6.99e-64
79.9 0.5 5.32e-64 4.07e-64 5.72e-64
80 0.5 4.36e-64 3.33e-64 4.68e-64
80.1 0.5 3.57e-64 2.73e-64 3.84e-64
80.2 0.5 2.92e-64 2.23e-64 3.14e-64
80.3 0.5 2.39e-64 1.83e-64 2.57e-64
80.4 0.5 1.96e-64 1.5e-64 2.11e-64
80.5 0.5 1.6e-64 1.23e-64 1.72e-64
80.6 0.5 1.31e-64 1e-64 1.41e-64
80.7 0.5 1.08e-64 8.21e-65 1.16e-64
80.8 0.5 8.8e-65 6.73e-65 9.46e-65
80.9 0.5 7.21e-65 5.51e-65 7.74e-65
81 0.5 5.9e-65 4.51e-65 6.34e-65
81.1 0.5 4.83e-65 3.69e-65 5.19e-65
81.2 0.5 3.95e-65 3.02e-65 4.25e-65
81.3 0.5 3.24e-65 2.47e-65 3.48e-65
81.4 0.5 2.65e-65 2.03e-65 2.85e-65
81.5 0.5 2.17e-65 1.66e-65 2.33e-65
81.6 0.5 1.78e-65 1.36e-65 1.91e-65
81.7 0.5 1.45e-65 1.11e-65 1.56e-65
81.8 0.5 1.19e-65 9.1e-66 1.28e-65
81.9 0.5 9.75e-66 7.45e-66 1.05e-65
82 0.5 7.98e-66 6.1e-66 8.58e-66
82.1 0.5 6.54e-66 5e-66 7.03e-66
82.2 0.5 5.35e-66 4.09e-66 5.75e-66
82.3 0.5 4.38e-66 3.35e-66 4.71e-66
82.4 0.5 3.59e-66 2.74e-66 3.86e-66
82.5 0.5 2.94e-66 2.24e-66 3.16e-66
82.6 0.5 2.4e-66 1.84e-66 2.58e-66
82.7 0.5 1.97e-66 1.5e-66 2.12e-66
82.8 0.5 1.61e-66 1.23e-66 1.73e-66
82.9 0.5 1.32e-66 1.01e-66 1.42e-66
83 0.5 1.08e-66 8.26e-67 1.16e-66
83.1 0.5 8.85e-67 6.76e-67 9.51e-67
83.2 0.5 7.24e-67 5.54e-67 7.78e-67
83.3 0.5 5.93e-67 4.53e-67 6.37e-67
83.4 0.5 4.86e-67 3.71e-67 5.22e-67
83.5 0.5 3.98e-67 3.04e-67 4.27e-67
83.6 0.5 3.25e-67 2.49e-67 3.5e-67
83.7 0.5 2.66e-67 2.04e-67 2.86e-67
83.8 0.5 2.18e-67 1.67e-67 2.34e-67
83.9 0.5 1.79e-67 1.36e-67 1.92e-67
84 0.5 1.46e-67 1.12e-67 1.57e-67
84.1 0.5 1.2e-67 9.15e-68 1.29e-67
84.2 0.5 9.8e-68 7.49e-68 1.05e-67
84.3 0.5 8.03e-68 6.13e-68 8.63e-68
84.4 0.5 6.57e-68 5.02e-68 7.06e-68
84.5 0.5 5.38e-68 4.11e-68 5.78e-68
84.6 0.5 4.4e-68 3.37e-68 4.73e-68
84.7 0.5 3.61e-68 2.76e-68 3.88e-68
84.8 0.5 2.95e-68 2.26e-68 3.17e-68
84.9 0.5 2.42e-68 1.85e-68 2.6e-68
85 0.5 1.98e-68 1.51e-68 2.13e-68
85.1 0.5 1.62e-68 1.24e-68 1.74e-68
85.2 0.5 1.33e-68 1.01e-68 1.43e-68
85.3 0.5 1.09e-68 8.3e-69 1.17e-68
85.4 0.5 8.89e-69 6.8e-69 9.56e-69
85.5 0.5 7.28e-69 5.56e-69 7.82e-69
85.6 0.5 5.96e-69 4.56e-69 6.41e-69
85.7 0.5 4.88e-69 3.73e-69 5.25e-69
85.8 0.5 4e-69 3.05e-69 4.29e-69
85.9 0.5 3.27e-69 2.5e-69 3.52e-69
86 0.5 2.68e-69 2.05e-69 2.88e-69
86.1 0.5 2.19e-69 1.68e-69 2.36e-69
86.2 0.5 1.8e-69 1.37e-69 1.93e-69
86.3 0.5 1.47e-69 1.12e-69 1.58e-69
86.4 0.5 1.2e-69 9.2e-70 1.29e-69
86.5 0.5 9.85e-70 7.53e-70 1.06e-69
86.6 0.5 8.07e-70 6.16e-70 8.67e-70
86.7 0.5 6.61e-70 5.05e-70 7.1e-70
86.8 0.5 5.41e-70 4.13e-70 5.81e-70
86.9 0.5 4.43e-70 3.38e-70 4.76e-70
87 0.5 3.63e-70 2.77e-70 3.9e-70
87.1 0.5 2.97e-70 2.27e-70 3.19e-70
87.2 0.5 2.43e-70 1.86e-70 2.61e-70
87.3 0.5 1.99e-70 1.52e-70 2.14e-70
87.4 0.5 1.63e-70 1.24e-70 1.75e-70
87.5 0.5 1.33e-70 1.02e-70 1.43e-70
87.6 0.5 1.09e-70 8.34e-71 1.17e-70
87.7 0.5 8.94e-71 6.83e-71 9.61e-71
87.8 0.5 7.32e-71 5.59e-71 7.87e-71
87.9 0.5 5.99e-71 4.58e-71 6.44e-71
88 0.5 4.91e-71 3.75e-71 5.27e-71
88.1 0.5 4.02e-71 3.07e-71 4.32e-71
88.2 0.5 3.29e-71 2.51e-71 3.53e-71
88.3 0.5 2.69e-71 2.06e-71 2.89e-71
88.4 0.5 2.2e-71 1.68e-71 2.37e-71
88.5 0.5 1.8e-71 1.38e-71 1.94e-71
88.6 0.5 1.48e-71 1.13e-71 1.59e-71
88.7 0.5 1.21e-71 9.24e-72 1.3e-71
88.8 0.5 9.91e-72 7.57e-72 1.06e-71
88.9 0.5 8.11e-72 6.2e-72 8.72e-72
89 0.5 6.64e-72 5.07e-72 7.14e-72
89.1 0.5 5.44e-72 4.15e-72 5.84e-72
89.2 0.5 4.45e-72 3.4e-72 4.78e-72
89.3 0.5 3.64e-72 2.78e-72 3.92e-72
89.4 0.5 2.98e-72 2.28e-72 3.21e-72
89.5 0.5 2.44e-72 1.87e-72 2.62e-72
89.6 0.5 2e-72 1.53e-72 2.15e-72
89.7 0.5 1.64e-72 1.25e-72 1.76e-72
89.8 0.5 1.34e-72 1.02e-72 1.44e-72
89.9 0.5 1.1e-72 8.39e-73 1.18e-72
90 0.5 8.99e-73 6.87e-73 9.66e-73
90.1 0.5 7.36e-73 5.62e-73 7.91e-73
90.2 0.5 6.02e-73 4.6e-73 6.47e-73
90.3 0.5 4.93e-73 3.77e-73 5.3e-73
90.4 0.5 4.04e-73 3.09e-73 4.34e-73
90.5 0.5 3.31e-73 2.53e-73 3.55e-73
90.6 0.5 2.71e-73 2.07e-73 2.91e-73
90.7 0.5 2.22e-73 1.69e-73 2.38e-73
90.8 0.5 1.81e-73 1.39e-73 1.95e-73
90.9 0.5 1.49e-73 1.13e-73 1.6e-73
91 0.5 1.22e-73 9.29e-74 1.31e-73
91.1 0.5 9.96e-74 7.61e-74 1.07e-73
91.2 0.5 8.15e-74 6.23e-74 8.76e-74
91.3 0.5 6.67e-74 5.1e-74 7.17e-74
91.4 0.5 5.46e-74 4.18e-74 5.87e-74
91.5 0.5 4.47e-74 3.42e-74 4.81e-74
91.6 0.5 3.66e-74 2.8e-74 3.94e-74
91.7 0.5 3e-74 2.29e-74 3.22e-74
91.8 0.5 2.46e-74 1.88e-74 2.64e-74
91.9 0.5 2.01e-74 1.54e-74 2.16e-74
92 0.5 1.65e-74 1.26e-74 1.77e-74
92.1 0.5 1.35e-74 1.03e-74 1.45e-74
92.2 0.5 1.1e-74 8.43e-75 1.19e-74
92.3 0.5 9.03e-75 6.9e-75 9.71e-75
92.4 0.5 7.4e-75 5.65e-75 7.95e-75
92.5 0.5 6.05e-75 4.63e-75 6.51e-75
92.6 0.5 4.96e-75 3.79e-75 5.33e-75
92.7 0.5 4.06e-75 3.1e-75 4.36e-75
92.8 0.5 3.32e-75 2.54e-75 3.57e-75
92.9 0.5 2.72e-75 2.08e-75 2.92e-75
93 0.5 2.23e-75 1.7e-75 2.39e-75
93.1 0.5 1.82e-75 1.39e-75 1.96e-75
93.2 0.5 1.49e-75 1.14e-75 1.6e-75
93.3 0.5 1.22e-75 9.34e-76 1.31e-75
93.4 0.5 1e-75 7.65e-76 1.08e-75
93.5 0.5 8.19e-76 6.26e-76 8.81e-76
93.6 0.5 6.71e-76 5.13e-76 7.21e-76
93.7 0.5 5.49e-76 4.2e-76 5.9e-76
93.8 0.5 4.5e-76 3.44e-76 4.83e-76
93.9 0.5 3.68e-76 2.81e-76 3.96e-76
94 0.5 3.01e-76 2.3e-76 3.24e-76
94.1 0.5 2.47e-76 1.89e-76 2.65e-76
94.2 0.5 2.02e-76 1.54e-76 2.17e-76
94.3 0.5 1.65e-76 1.26e-76 1.78e-76
94.4 0.5 1.35e-76 1.03e-76 1.46e-76
94.5 0.5 1.11e-76 8.47e-77 1.19e-76
94.6 0.5 9.08e-77 6.94e-77 9.76e-77
94.7 0.5 7.43e-77 5.68e-77 7.99e-77
94.8 0.5 6.09e-77 4.65e-77 6.54e-77
94.9 0.5 4.98e-77 3.81e-77 5.35e-77
95 0.5 4.08e-77 3.12e-77 4.38e-77
95.1 0.5 3.34e-77 2.55e-77 3.59e-77
95.2 0.5 2.73e-77 2.09e-77 2.94e-77
95.3 0.5 2.24e-77 1.71e-77 2.41e-77
95.4 0.5 1.83e-77 1.4e-77 1.97e-77
95.5 0.5 1.5e-77 1.15e-77 1.61e-77
95.6 0.5 1.23e-77 9.39e-78 1.32e-77
95.7 0.5 1.01e-77 7.69e-78 1.08e-77
95.8 0.5 8.24e-78 6.29e-78 8.85e-78
95.9 0.5 6.74e-78 5.15e-78 7.25e-78
96 0.5 5.52e-78 4.22e-78 5.93e-78
96.1 0.5 4.52e-78 3.45e-78 4.86e-78
96.2 0.5 3.7e-78 2.83e-78 3.98e-78
96.3 0.5 3.03e-78 2.32e-78 3.26e-78
96.4 0.5 2.48e-78 1.9e-78 2.67e-78
96.5 0.5 2.03e-78 1.55e-78 2.18e-78
96.6 0.5 1.66e-78 1.27e-78 1.79e-78
96.7 0.5 1.36e-78 1.04e-78 1.46e-78
96.8 0.5 1.11e-78 8.52e-79 1.2e-78
96.9 0.5 9.13e-79 6.97e-79 9.81e-79
97 0.5 7.47e-79 5.71e-79 8.03e-79
97.1 0.5 6.12e-79 4.67e-79 6.57e-79
97.2 0.5 5.01e-79 3.83e-79 5.38e-79
97.3 0.5 4.1e-79 3.13e-79 4.41e-79
97.4 0.5 3.36e-79 2.57e-79 3.61e-79
97.5 0.5 2.75e-79 2.1e-79 2.95e-79
97.6 0.5 2.25e-79 1.72e-79 2.42e-79
97.7 0.5 1.84e-79 1.41e-79 1.98e-79
97.8 0.5 1.51e-79 1.15e-79 1.62e-79
97.9 0.5 1.24e-79 9.44e-80 1.33e-79
98 0.5 1.01e-79 7.73e-80 1.09e-79
98.1 0.5 8.28e-80 6.33e-80 8.9e-80
98.2 0.5 6.78e-80 5.18e-80 7.28e-80
98.3 0.5 5.55e-80 4.24e-80 5.96e-80
98.4 0.5 4.54e-80 3.47e-80 4.88e-80
98.5 0.5 3.72e-80 2.84e-80 4e-80
98.6 0.5 3.05e-80 2.33e-80 3.27e-80
98.7 0.5 2.49e-80 1.91e-80 2.68e-80
98.8 0.5 2.04e-80 1.56e-80 2.19e-80
98.9 0.5 1.67e-80 1.28e-80 1.8e-80
99 0.5 1.37e-80 1.05e-80 1.47e-80
99.1 0.5 1.12e-80 8.56e-81 1.2e-80
99.2 0.5 9.17e-81 7.01e-81 9.86e-81
99.3 0.5 7.51e-81 5.74e-81 8.07e-81
99.4 0.5 6.15e-81 4.7e-81 6.61e-81
99.5 0.5 5.03e-81 3.85e-81 5.41e-81
99.6 0.5 4.12e-81 3.15e-81 4.43e-81
99.7 0.5 3.37e-81 2.58e-81 3.63e-81
99.8 0.5 2.76e-81 2.11e-81 2.97e-81
99.9 0.5 2.26e-81 1.73e-81 2.43e-81
