-24.8 0.94 1.05e-10 7.32e-12 8.69e-12
-24.7 0.94 1.17e-10 8.14e-12 9.67e-12
-22.3 0.94 1.51e-09 1.05e-10 1.24e-10
-22.2 0.94 1.67e-09 1.16e-10 1.38e-10
-22.1 0.94 1.86e-09 1.29e-10 1.54e-10
-22 0.94 2.07e-09 1.44e-10 1.71e-10
-21.9 0.94 2.3e-09 1.6e-10 1.9e-10
-21.8 0.94 2.56e-09 1.78e-10 2.11e-10
-21.7 0.94 2.85e-09 1.98e-10 2.35e-10
-21.6 0.94 3.17e-09 2.2e-10 2.62e-10
-21.5 0.94 3.53e-09 2.45e-10 2.91e-10
-21.4 0.94 3.92e-09 2.72e-10 3.24e-10
-21.3 0.94 4.36e-09 3.03e-10 3.6e-10
-21.2 0.94 4.85e-09 3.37e-10 4e-10
-21.1 0.94 5.39e-09 3.75e-10 4.45e-10
-21 0.94 6e-09 4.17e-10 4.95e-10
-20.9 0.94 6.67e-09 4.64e-10 5.51e-10
-20.8 0.94 7.42e-09 5.16e-10 6.13e-10
-20.7 0.94 8.26e-09 5.74e-10 6.81e-10
-20.6 0.94 9.18e-09 6.38e-10 7.58e-10
-20.5 0.94 1.02e-08 7.1e-10 8.43e-10
-20.4 0.94 1.14e-08 7.9e-10 9.38e-10
-20.3 0.94 1.26e-08 8.78e-10 1.04e-09
-20.2 0.94 1.41e-08 9.77e-10 1.16e-09
-20.1 0.94 1.56e-08 1.09e-09 1.29e-09
-20 0.94 1.74e-08 1.21e-09 1.43e-09
-19.9 0.94 1.93e-08 1.34e-09 1.6e-09
-19.8 0.94 2.15e-08 1.49e-09 1.78e-09
-19.7 0.94 2.39e-08 1.66e-09 1.97e-09
-19.6 0.94 2.66e-08 1.85e-09 2.2e-09
-19.5 0.94 2.96e-08 2.06e-09 2.44e-09
-19.4 0.94 3.29e-08 2.29e-09 2.72e-09
-19.3 0.94 3.66e-08 2.54e-09 3.02e-09
-19.2 0.94 4.07e-08 2.83e-09 3.36e-09
-19.1 0.94 4.53e-08 3.15e-09 3.74e-09
-19 0.94 5.04e-08 3.5e-09 4.16e-09
-18.9 0.94 5.6e-08 3.89e-09 4.62e-09
-18.8 0.94 6.23e-08 4.33e-09 5.14e-09
-18.7 0.94 6.93e-08 4.82e-09 5.72e-09
-18.6 0.94 7.71e-08 5.36e-09 6.36e-09
-18.5 0.94 8.57e-08 5.96e-09 7.08e-09
-18.4 0.94 9.54e-08 6.63e-09 7.87e-09
-18.3 0.94 1.06e-07 7.37e-09 8.75e-09
-18.2 0.94 1.18e-07 8.2e-09 9.74e-09
-18.1 0.94 1.31e-07 9.12e-09 1.08e-08
-18 0.94 1.46e-07 1.01e-08 1.2e-08
-17.9 0.94 1.62e-07 1.13e-08 1.34e-08
-17.8 0.94 1.81e-07 1.25e-08 1.49e-08
-17.7 0.94 2.01e-07 1.4e-08 1.66e-08
-17.6 0.94 2.23e-07 1.55e-08 1.84e-08
-17.5 0.94 2.48e-07 1.73e-08 2.05e-08
-17.4 0.94 2.76e-07 1.92e-08 2.28e-08
-17.3 0.94 3.07e-07 2.14e-08 2.54e-08
-17.2 0.94 3.42e-07 2.38e-08 2.82e-08
-17.1 0.94 3.8e-07 2.64e-08 3.14e-08
-17 0.94 4.23e-07 2.94e-08 3.49e-08
-16.9 0.94 4.7e-07 3.27e-08 3.88e-08
-16.8 0.94 5.23e-07 3.64e-08 4.32e-08
-16.7 0.94 5.82e-07 4.04e-08 4.8e-08
-16.6 0.94 6.47e-07 4.5e-08 5.34e-08
-16.5 0.94 7.2e-07 5e-08 5.94e-08
-16.4 0.94 8.01e-07 5.56e-08 6.61e-08
-16.3 0.94 8.91e-07 6.19e-08 7.35e-08
-16.2 0.94 9.9e-07 6.88e-08 8.17e-08
-16.1 0.94 1.1e-06 7.66e-08 9.09e-08
-16 0.94 1.23e-06 8.52e-08 1.01e-07
-15.9 0.94 1.36e-06 9.47e-08 1.12e-07
-15.8 0.94 1.52e-06 1.05e-07 1.25e-07
-15.7 0.94 1.69e-06 1.17e-07 1.39e-07
-15.6 0.94 1.88e-06 1.3e-07 1.55e-07
-15.5 0.94 2.09e-06 1.45e-07 1.72e-07
-15.4 0.94 2.32e-06 1.61e-07 1.91e-07
-15.3 0.94 2.58e-06 1.79e-07 2.13e-07
-15.2 0.94 2.87e-06 1.99e-07 2.37e-07
-15.1 0.94 3.19e-06 2.22e-07 2.63e-07
-15 0.94 3.55e-06 2.47e-07 2.93e-07
-14.9 0.94 3.95e-06 2.74e-07 3.26e-07
-14.8 0.94 4.39e-06 3.05e-07 3.62e-07
-14.7 0.94 4.89e-06 3.39e-07 4.03e-07
-14.6 0.94 5.43e-06 3.78e-07 4.48e-07
-14.5 0.94 6.04e-06 4.2e-07 4.99e-07
-14.4 0.94 6.72e-06 4.67e-07 5.55e-07
-14.3 0.94 7.48e-06 5.2e-07 6.17e-07
-14.2 0.94 8.32e-06 5.78e-07 6.86e-07
-14.1 0.94 9.25e-06 6.43e-07 7.63e-07
-14 0.94 1.03e-05 7.15e-07 8.49e-07
-13.9 0.94 1.14e-05 7.95e-07 9.44e-07
-13.8 0.94 1.27e-05 8.84e-07 1.05e-06
-13.7 0.94 1.42e-05 9.83e-07 1.17e-06
-13.6 0.94 1.57e-05 1.09e-06 1.3e-06
-13.5 0.94 1.75e-05 1.22e-06 1.44e-06
-13.4 0.94 1.95e-05 1.35e-06 1.61e-06
-13.3 0.94 2.17e-05 1.5e-06 1.79e-06
-13.2 0.94 2.41e-05 1.67e-06 1.99e-06
-13.1 0.94 2.68e-05 1.86e-06 2.21e-06
-13 0.94 2.98e-05 2.07e-06 2.46e-06
-12.9 0.94 3.31e-05 2.3e-06 2.73e-06
-12.8 0.94 3.69e-05 2.56e-06 3.04e-06
-12.7 0.94 4.1e-05 2.85e-06 3.38e-06
-12.6 0.94 4.56e-05 3.17e-06 3.76e-06
-12.5 0.94 5.07e-05 3.52e-06 4.18e-06
-12.4 0.94 5.64e-05 3.92e-06 4.65e-06
-12.3 0.94 6.27e-05 4.36e-06 5.17e-06
-12.2 0.94 6.98e-05 4.84e-06 5.75e-06
-12.1 0.94 7.76e-05 5.39e-06 6.39e-06
-12 0.94 8.63e-05 5.99e-06 7.11e-06
-11.9 0.94 9.6e-05 6.66e-06 7.91e-06
-11.8 0.94 0.000107 7.41e-06 8.79e-06
-11.7 0.94 0.000119 8.24e-06 9.77e-06
-11.6 0.94 0.000132 9.16e-06 1.09e-05
-11.5 0.94 0.000147 1.02e-05 1.21e-05
-11.4 0.94 0.000163 1.13e-05 1.34e-05
-11.3 0.94 0.000182 1.26e-05 1.49e-05
-11.2 0.94 0.000202 1.4e-05 1.66e-05
-11.1 0.94 0.000225 1.56e-05 1.84e-05
-11 0.94 0.00025 1.73e-05 2.05e-05
-10.9 0.94 0.000278 1.92e-05 2.28e-05
-10.8 0.94 0.000309 2.14e-05 2.53e-05
-10.7 0.94 0.000344 2.37e-05 2.81e-05
-10.6 0.94 0.000382 2.64e-05 3.13e-05
-10.5 0.94 0.000425 2.93e-05 3.47e-05
-10.4 0.94 0.000473 3.26e-05 3.86e-05
-10.3 0.94 0.000526 3.62e-05 4.28e-05
-10.2 0.94 0.000584 4.02e-05 4.75e-05
-10.1 0.94 0.00065 4.46e-05 5.28e-05
-10 0.94 0.000722 4.96e-05 5.86e-05
-9.9 0.94 0.000803 5.5e-05 6.5e-05
-9.8 0.94 0.000893 6.11e-05 7.21e-05
-9.7 0.94 0.000993 6.78e-05 7.99e-05
-9.6 0.94 0.0011 7.52e-05 8.86e-05
-9.5 0.94 0.00123 8.34e-05 9.82e-05
-9.4 0.94 0.00136 9.24e-05 0.000109
-9.3 0.94 0.00152 0.000102 0.00012
-9.2 0.94 0.00168 0.000113 0.000133
-9.1 0.94 0.00187 0.000126 0.000147
-9 0.94 0.00208 0.000139 0.000163
-8.9 0.94 0.00231 0.000154 0.00018
-8.8 0.94 0.00257 0.00017 0.000199
-8.7 0.94 0.00285 0.000188 0.000219
-8.6 0.94 0.00316 0.000208 0.000241
-8.5 0.94 0.00351 0.000229 0.000265
-8.4 0.94 0.0039 0.000252 0.000292
-8.3 0.94 0.00433 0.000278 0.00032
-8.2 0.94 0.0048 0.000306 0.00035
-8.1 0.94 0.00533 0.000336 0.000383
-8 0.94 0.00591 0.000368 0.000418
-7.9 0.94 0.00655 0.000404 0.000456
-7.8 0.94 0.00726 0.000442 0.000495
-7.7 0.94 0.00805 0.000482 0.000536
-7.6 0.94 0.00891 0.000526 0.000579
-7.5 0.94 0.00986 0.000572 0.000623
-7.4 0.94 0.0109 0.00062 0.000668
-7.3 0.94 0.0121 0.000671 0.000712
-7.2 0.94 0.0133 0.000725 0.000755
-7.1 0.94 0.0147 0.000781 0.000796
-7 0.94 0.0163 0.000838 0.000834
-6.9 0.94 0.0179 0.000897 0.000865
-6.8 0.94 0.0197 0.000957 0.000889
-6.7 0.94 0.0217 0.00102 0.000904
-6.6 0.94 0.0239 0.00108 0.000905
-6.5 0.94 0.0263 0.00114 0.00089
-6.4 0.94 0.0288 0.0012 0.000856
-6.3 0.94 0.0316 0.00127 0.000799
-6.2 0.94 0.0346 0.00134 0.000789
-6.1 0.94 0.0378 0.00142 0.00103
-6 0.94 0.0413 0.0015 0.00132
-5.9 0.94 0.045 0.00161 0.00165
-5.8 0.94 0.049 0.0018 0.00198
-5.7 0.94 0.0532 0.00196 0.00245
-5.6 0.94 0.0578 0.00218 0.00298
-5.5 0.94 0.0627 0.00251 0.00358
-5.4 0.94 0.0678 0.00301 0.00427
-5.3 0.94 0.0733 0.00377 0.00505
-5.2 0.94 0.0792 0.00499 0.00598
-5.1 0.94 0.0857 0.00696 0.00723
-5 0.94 0.093 0.0105 0.00916
-4.9 0.94 0.102 0.019 0.0127
-4.8 0.94 0.121 0.0552 0.0254
-4.7 0.94 0.0724 0.042 0.11
-4.6 0.94 0.105 0.0168 0.033
-4.5 0.94 0.116 0.0133 0.0212
-4.4 0.94 0.126 0.0123 0.0175
-4.3 0.94 0.134 0.0122 0.0151
-4.2 0.94 0.142 0.0123 0.0136
-4.1 0.94 0.15 0.0124 0.0124
-4 0.94 0.158 0.0123 0.0113
-3.9 0.94 0.164 0.0141 0.0081
-3.8 0.94 0.171 0.0137 0.00674
-3.7 0.94 0.179 0.013 0.00576
-3.6 0.94 0.182 0.00396 0.00818
-3.5 0.94 0.19 0.00504 0.00796
-3.4 0.94 0.198 0.00532 0.00528
-3.3 0.94 0.206 0.00649 0.00546
-3.2 0.94 0.215 0.00738 0.00733
-3.1 0.94 0.223 0.00791 0.00917
-3 0.94 0.233 0.00803 0.0105
-2.9 0.94 0.242 0.00772 0.0114
-2.8 0.94 0.253 0.007 0.0116
-2.7 0.94 0.266 0.00795 0.0139
-2.6 0.94 0.277 0.00899 0.0131
-2.5 0.94 0.283 0.00695 0.00908
-2.4 0.94 0.294 0.00747 0.00962
-2.3 0.94 0.307 0.00591 0.0119
-2.2 0.94 0.318 0.00627 0.0117
-2.1 0.94 0.328 0.00656 0.0112
-2 0.94 0.343 0.00315 0.00633
-1.9 0.94 0.353 0.00317 0.00799
-1.8 0.94 0.364 0.0035 0.0102
-1.7 0.94 0.373 0.00529 0.0149
-1.6 0.94 0.362 0.0268 0.0785
-1.5 0.94 0.399 0.00693 0.00337
-1.4 0.94 0.408 0.00141 0.00172
-1.3 0.94 0.418 0.00252 0.0039
-1.2 0.94 0.427 0.00372 0.00469
-1.1 0.94 0.436 0.00453 0.00539
-1 0.94 0.446 0.00459 0.00657
-0.9 0.94 0.455 0.00514 0.00708
-0.8 0.94 0.464 0.00554 0.00757
-0.7 0.94 0.473 0.00527 0.00853
-0.6 0.94 0.478 0.00895 0.00726
-0.5 0.94 0.488 0.00793 0.00741
-0.4 0.94 0.496 0.00781 0.00766
-0.3 0.94 0.503 0.0077 0.00793
-0.2 0.94 0.51 0.00749 0.00835
-0.1 0.94 0.515 0.00304 0.00807
-4.44e-16 0.94 0.52 0.00482 0.0131
0.1 0.94 0.539 0.0249 0.00876
0.2 0.94 0.537 0.00176 0.00119
0.3 0.94 0.541 0.00161 0.00187
0.4 0.94 0.546 0.00235 0.00202
0.5 0.94 0.553 0.0072 0.00334
0.6 0.94 0.553 0.00377 0.0068
0.7 0.94 0.557 0.00482 0.00933
0.8 0.94 0.561 0.00836 0.0131
0.9 0.94 0.56 0.00606 0.0109
1 0.94 0.563 0.00717 0.0126
1.1 0.94 0.565 0.00824 0.014
1.2 0.94 0.567 0.00916 0.0151
1.3 0.94 0.569 0.00993 0.016
1.4 0.94 0.571 0.0106 0.0166
1.5 0.94 0.572 0.0111 0.0171
1.6 0.94 0.573 0.0114 0.0175
1.7 0.94 0.574 0.0117 0.0177
1.8 0.94 0.575 0.0119 0.0179
1.9 0.94 0.575 0.012 0.0179
2 0.94 0.575 0.012 0.018
2.1 0.94 0.575 0.012 0.0179
2.2 0.94 0.575 0.0119 0.0179
2.3 0.94 0.574 0.0117 0.0177
2.4 0.94 0.573 0.0114 0.0175
2.5 0.94 0.572 0.0111 0.0171
2.6 0.94 0.571 0.0106 0.0166
2.7 0.94 0.569 0.00993 0.016
2.8 0.94 0.567 0.00916 0.0151
2.9 0.94 0.565 0.00824 0.014
3 0.94 0.563 0.00717 0.0126
3.1 0.94 0.56 0.00606 0.0109
3.2 0.94 0.561 0.00836 0.0131
3.3 0.94 0.557 0.00482 0.00933
3.4 0.94 0.553 0.00377 0.0068
3.5 0.94 0.553 0.0072 0.00334
3.6 0.94 0.546 0.00235 0.00202
3.7 0.94 0.541 0.00161 0.00187
3.8 0.94 0.537 0.00176 0.00119
3.9 0.94 0.539 0.0249 0.00876
4 0.94 0.52 0.00482 0.0131
4.1 0.94 0.515 0.00304 0.00807
4.2 0.94 0.51 0.00749 0.00835
4.3 0.94 0.503 0.0077 0.00793
4.4 0.94 0.496 0.00781 0.00766
4.5 0.94 0.488 0.00793 0.00741
4.6 0.94 0.478 0.00895 0.00726
4.7 0.94 0.473 0.00527 0.00853
4.8 0.94 0.464 0.00554 0.00757
4.9 0.94 0.455 0.00514 0.00708
5 0.94 0.446 0.00459 0.00657
5.1 0.94 0.436 0.00453 0.00539
5.2 0.94 0.427 0.00372 0.00469
5.3 0.94 0.418 0.00252 0.0039
5.4 0.94 0.408 0.00141 0.00172
5.5 0.94 0.399 0.00693 0.00337
5.6 0.94 0.362 0.0268 0.0785
5.7 0.94 0.373 0.00529 0.0149
5.8 0.94 0.364 0.0035 0.0102
5.9 0.94 0.353 0.00317 0.00799
6 0.94 0.343 0.00315 0.00633
6.1 0.94 0.328 0.00656 0.0112
6.2 0.94 0.318 0.00627 0.0117
6.3 0.94 0.307 0.00591 0.0119
6.4 0.94 0.294 0.00747 0.00962
6.5 0.94 0.283 0.00695 0.00908
6.6 0.94 0.277 0.00899 0.0131
6.7 0.94 0.266 0.00795 0.0139
6.8 0.94 0.253 0.007 0.0116
6.9 0.94 0.242 0.00772 0.0114
7 0.94 0.233 0.00803 0.0105
7.1 0.94 0.223 0.00791 0.00917
7.2 0.94 0.215 0.00738 0.00733
7.3 0.94 0.206 0.00649 0.00546
7.4 0.94 0.198 0.00532 0.00528
7.5 0.94 0.19 0.00504 0.00796
7.6 0.94 0.182 0.00396 0.00818
7.7 0.94 0.179 0.013 0.00576
7.8 0.94 0.171 0.0137 0.00674
7.9 0.94 0.164 0.0141 0.0081
8 0.94 0.158 0.0123 0.0113
8.1 0.94 0.15 0.0124 0.0124
8.2 0.94 0.142 0.0123 0.0136
8.3 0.94 0.134 0.0122 0.0151
8.4 0.94 0.126 0.0123 0.0175
8.5 0.94 0.116 0.0133 0.0212
8.6 0.94 0.105 0.0168 0.033
8.7 0.94 0.0724 0.042 0.11
8.8 0.94 0.121 0.0552 0.0254
8.9 0.94 0.102 0.019 0.0127
9 0.94 0.093 0.0105 0.00916
9.1 0.94 0.0857 0.00696 0.00723
9.2 0.94 0.0792 0.00499 0.00598
9.3 0.94 0.0733 0.00377 0.00505
9.4 0.94 0.0678 0.00301 0.00427
9.5 0.94 0.0627 0.00251 0.00358
9.6 0.94 0.0578 0.00218 0.00298
9.7 0.94 0.0532 0.00196 0.00245
9.8 0.94 0.049 0.0018 0.00198
9.9 0.94 0.045 0.00161 0.00165
10 0.94 0.0413 0.0015 0.00132
10.1 0.94 0.0378 0.00142 0.00103
10.2 0.94 0.0346 0.00134 0.000789
10.3 0.94 0.0316 0.00127 0.000799
10.4 0.94 0.0288 0.0012 0.000856
10.5 0.94 0.0263 0.00114 0.00089
10.6 0.94 0.0239 0.00108 0.000905
10.7 0.94 0.0217 0.00102 0.000904
10.8 0.94 0.0197 0.000957 0.000889
10.9 0.94 0.0179 0.000897 0.000865
11 0.94 0.0163 0.000838 0.000834
11.1 0.94 0.0147 0.000781 0.000796
11.2 0.94 0.0133 0.000725 0.000755
11.3 0.94 0.0121 0.000671 0.000712
11.4 0.94 0.0109 0.00062 0.000668
11.5 0.94 0.00986 0.000572 0.000623
11.6 0.94 0.00891 0.000526 0.000579
11.7 0.94 0.00805 0.000482 0.000536
11.8 0.94 0.00726 0.000442 0.000495
11.9 0.94 0.00655 0.000404 0.000456
12 0.94 0.00591 0.000368 0.000418
12.1 0.94 0.00533 0.000336 0.000383
12.2 0.94 0.0048 0.000306 0.00035
12.3 0.94 0.00433 0.000278 0.00032
12.4 0.94 0.0039 0.000252 0.000292
12.5 0.94 0.00351 0.000229 0.000265
12.6 0.94 0.00316 0.000208 0.000241
12.7 0.94 0.00285 0.000188 0.000219
12.8 0.94 0.00257 0.00017 0.000199
12.9 0.94 0.00231 0.000154 0.00018
13 0.94 0.00208 0.000139 0.000163
13.1 0.94 0.00187 0.000126 0.000147
13.2 0.94 0.00168 0.000113 0.000133
13.3 0.94 0.00152 0.000102 0.00012
13.4 0.94 0.00136 9.24e-05 0.000109
13.5 0.94 0.00123 8.34e-05 9.82e-05
13.6 0.94 0.0011 7.52e-05 8.86e-05
13.7 0.94 0.000993 6.78e-05 7.99e-05
13.8 0.94 0.000893 6.11e-05 7.21e-05
13.9 0.94 0.000803 5.5e-05 6.5e-05
14 0.94 0.000722 4.96e-05 5.86e-05
14.1 0.94 0.00065 4.46e-05 5.28e-05
14.2 0.94 0.000584 4.02e-05 4.75e-05
14.3 0.94 0.000526 3.62e-05 4.28e-05
14.4 0.94 0.000473 3.26e-05 3.86e-05
14.5 0.94 0.000425 2.93e-05 3.47e-05
14.6 0.94 0.000382 2.64e-05 3.13e-05
14.7 0.94 0.000344 2.37e-05 2.81e-05
14.8 0.94 0.000309 2.14e-05 2.53e-05
14.9 0.94 0.000278 1.92e-05 2.28e-05
15 0.94 0.00025 1.73e-05 2.05e-05
15.1 0.94 0.000225 1.56e-05 1.84e-05
15.2 0.94 0.000202 1.4e-05 1.66e-05
15.3 0.94 0.000182 1.26e-05 1.49e-05
15.4 0.94 0.000163 1.13e-05 1.34e-05
15.5 0.94 0.000147 1.02e-05 1.21e-05
15.6 0.94 0.000132 9.16e-06 1.09e-05
15.7 0.94 0.000119 8.24e-06 9.77e-06
15.8 0.94 0.000107 7.41e-06 8.79e-06
15.9 0.94 9.6e-05 6.66e-06 7.91e-06
16 0.94 8.63e-05 5.99e-06 7.11e-06
16.1 0.94 7.76e-05 5.39e-06 6.39e-06
16.2 0.94 6.98e-05 4.84e-06 5.75e-06
16.3 0.94 6.27e-05 4.36e-06 5.17e-06
16.4 0.94 5.64e-05 3.92e-06 4.65e-06
16.5 0.94 5.07e-05 3.52e-06 4.18e-06
16.6 0.94 4.56e-05 3.17e-06 3.76e-06
16.7 0.94 4.1e-05 2.85e-06 3.38e-06
16.8 0.94 3.69e-05 2.56e-06 3.04e-06
16.9 0.94 3.31e-05 2.3e-06 2.73e-06
17 0.94 2.98e-05 2.07e-06 2.46e-06
17.1 0.94 2.68e-05 1.86e-06 2.21e-06
17.2 0.94 2.41e-05 1.67e-06 1.99e-06
17.3 0.94 2.17e-05 1.5e-06 1.79e-06
17.4 0.94 1.95e-05 1.35e-06 1.61e-06
17.5 0.94 1.75e-05 1.22e-06 1.44e-06
17.6 0.94 1.57e-05 1.09e-06 1.3e-06
17.7 0.94 1.42e-05 9.83e-07 1.17e-06
17.8 0.94 1.27e-05 8.84e-07 1.05e-06
17.9 0.94 1.14e-05 7.95e-07 9.44e-07
18 0.94 1.03e-05 7.15e-07 8.49e-07
18.1 0.94 9.25e-06 6.43e-07 7.63e-07
18.2 0.94 8.32e-06 5.78e-07 6.86e-07
18.3 0.94 7.48e-06 5.2e-07 6.17e-07
18.4 0.94 6.72e-06 4.67e-07 5.55e-07
18.5 0.94 6.04e-06 4.2e-07 4.99e-07
18.6 0.94 5.43e-06 3.78e-07 4.48e-07
18.7 0.94 4.89e-06 3.39e-07 4.03e-07
18.8 0.94 4.39e-06 3.05e-07 3.62e-07
18.9 0.94 3.95e-06 2.74e-07 3.26e-07
19 0.94 3.55e-06 2.47e-07 2.93e-07
19.1 0.94 3.19e-06 2.22e-07 2.63e-07
19.2 0.94 2.87e-06 1.99e-07 2.37e-07
19.3 0.94 2.58e-06 1.79e-07 2.13e-07
19.4 0.94 2.32e-06 1.61e-07 1.91e-07
19.5 0.94 2.09e-06 1.45e-07 1.72e-07
19.6 0.94 1.88e-06 1.3e-07 1.55e-07
19.7 0.94 1.69e-06 1.17e-07 1.39e-07
19.8 0.94 1.52e-06 1.05e-07 1.25e-07
19.9 0.94 1.36e-06 9.47e-08 1.12e-07
20 0.94 1.23e-06 8.52e-08 1.01e-07
20.1 0.94 1.1e-06 7.66e-08 9.09e-08
20.2 0.94 9.9e-07 6.88e-08 8.17e-08
20.3 0.94 8.91e-07 6.19e-08 7.35e-08
20.4 0.94 8.01e-07 5.56e-08 6.61e-08
20.5 0.94 7.2e-07 5e-08 5.94e-08
20.6 0.94 6.47e-07 4.5e-08 5.34e-08
20.7 0.94 5.82e-07 4.04e-08 4.8e-08
20.8 0.94 5.23e-07 3.64e-08 4.32e-08
20.9 0.94 4.7e-07 3.27e-08 3.88e-08
21 0.94 4.23e-07 2.94e-08 3.49e-08
21.1 0.94 3.8e-07 2.64e-08 3.14e-08
21.2 0.94 3.42e-07 2.38e-08 2.82e-08
21.3 0.94 3.07e-07 2.14e-08 2.54e-08
21.4 0.94 2.76e-07 1.92e-08 2.28e-08
21.5 0.94 2.48e-07 1.73e-08 2.05e-08
21.6 0.94 2.23e-07 1.55e-08 1.84e-08
21.7 0.94 2.01e-07 1.4e-08 1.66e-08
21.8 0.94 1.81e-07 1.25e-08 1.49e-08
21.9 0.94 1.62e-07 1.13e-08 1.34e-08
22 0.94 1.46e-07 1.01e-08 1.2e-08
22.1 0.94 1.31e-07 9.12e-09 1.08e-08
22.2 0.94 1.18e-07 8.2e-09 9.74e-09
22.3 0.94 1.06e-07 7.37e-09 8.75e-09
22.4 0.94 9.54e-08 6.63e-09 7.87e-09
22.5 0.94 8.57e-08 5.96e-09 7.08e-09
22.6 0.94 7.71e-08 5.36e-09 6.36e-09
22.7 0.94 6.93e-08 4.82e-09 5.72e-09
22.8 0.94 6.23e-08 4.33e-09 5.14e-09
22.9 0.94 5.6e-08 3.89e-09 4.62e-09
23 0.94 5.04e-08 3.5e-09 4.16e-09
23.1 0.94 4.53e-08 3.15e-09 3.74e-09
23.2 0.94 4.07e-08 2.83e-09 3.36e-09
23.3 0.94 3.66e-08 2.54e-09 3.02e-09
23.4 0.94 3.29e-08 2.29e-09 2.72e-09
23.5 0.94 2.96e-08 2.06e-09 2.44e-09
23.6 0.94 2.66e-08 1.85e-09 2.2e-09
23.7 0.94 2.39e-08 1.66e-09 1.97e-09
23.8 0.94 2.15e-08 1.49e-09 1.78e-09
23.9 0.94 1.93e-08 1.34e-09 1.6e-09
24 0.94 1.74e-08 1.21e-09 1.43e-09
24.1 0.94 1.56e-08 1.09e-09 1.29e-09
24.2 0.94 1.41e-08 9.77e-10 1.16e-09
24.3 0.94 1.26e-08 8.78e-10 1.04e-09
24.4 0.94 1.14e-08 7.9e-10 9.38e-10
24.5 0.94 1.02e-08 7.1e-10 8.43e-10
24.6 0.94 9.18e-09 6.38e-10 7.58e-10
24.7 0.94 8.26e-09 5.74e-10 6.81e-10
24.8 0.94 7.42e-09 5.16e-10 6.13e-10
24.9 0.94 6.67e-09 4.64e-10 5.51e-10
25 0.94 6e-09 4.17e-10 4.95e-10
25.1 0.94 5.39e-09 3.75e-10 4.45e-10
25.2 0.94 4.85e-09 3.37e-10 4e-10
25.3 0.94 4.36e-09 3.03e-10 3.6e-10
25.4 0.94 3.92e-09 2.72e-10 3.24e-10
25.5 0.94 3.53e-09 2.45e-10 2.91e-10
25.6 0.94 3.17e-09 2.2e-10 2.62e-10
25.7 0.94 2.85e-09 1.98e-10 2.35e-10
25.8 0.94 2.56e-09 1.78e-10 2.11e-10
25.9 0.94 2.3e-09 1.6e-10 1.9e-10
26 0.94 2.07e-09 1.44e-10 1.71e-10
26.1 0.94 1.86e-09 1.29e-10 1.54e-10
26.2 0.94 1.67e-09 1.16e-10 1.38e-10
26.3 0.94 1.51e-09 1.05e-10 1.24e-10
28.7 0.94 1.17e-10 8.14e-12 9.67e-12
28.8 0.94 1.05e-10 7.32e-12 8.69e-12
31.1 0.94 9.12e-12 6.34e-13 7.52e-13
31.2 0.94 8.2e-12 5.7e-13 6.77e-13
31.3 0.94 7.37e-12 5.12e-13 6.08e-13
31.4 0.94 6.63e-12 4.61e-13 5.47e-13
31.5 0.94 5.96e-12 4.14e-13 4.92e-13
31.6 0.94 5.36e-12 3.72e-13 4.42e-13
31.7 0.94 4.82e-12 3.35e-13 3.97e-13
31.8 0.94 4.33e-12 3.01e-13 3.57e-13
31.9 0.94 3.89e-12 2.71e-13 3.21e-13
32 0.94 3.5e-12 2.43e-13 2.89e-13
32.1 0.94 3.15e-12 2.19e-13 2.6e-13
32.2 0.94 2.83e-12 1.97e-13 2.33e-13
32.3 0.94 2.54e-12 1.77e-13 2.1e-13
32.4 0.94 2.29e-12 1.59e-13 1.89e-13
32.5 0.94 2.06e-12 1.43e-13 1.7e-13
32.6 0.94 1.85e-12 1.28e-13 1.53e-13
32.7 0.94 1.66e-12 1.16e-13 1.37e-13
32.8 0.94 1.49e-12 1.04e-13 1.23e-13
32.9 0.94 1.34e-12 9.34e-14 1.11e-13
33 0.94 1.21e-12 8.4e-14 9.97e-14
33.1 0.94 1.09e-12 7.55e-14 8.96e-14
33.2 0.94 9.76e-13 6.79e-14 8.06e-14
33.3 0.94 8.78e-13 6.1e-14 7.25e-14
33.4 0.94 7.89e-13 5.49e-14 6.51e-14
33.5 0.94 7.1e-13 4.93e-14 5.86e-14
33.6 0.94 6.38e-13 4.43e-14 5.27e-14
33.7 0.94 5.74e-13 3.99e-14 4.73e-14
33.8 0.94 5.16e-13 3.58e-14 4.26e-14
33.9 0.94 4.64e-13 3.22e-14 3.83e-14
34 0.94 4.17e-13 2.9e-14 3.44e-14
34.1 0.94 3.75e-13 2.61e-14 3.09e-14
34.2 0.94 3.37e-13 2.34e-14 2.78e-14
34.3 0.94 3.03e-13 2.11e-14 2.5e-14
34.4 0.94 2.72e-13 1.89e-14 2.25e-14
34.5 0.94 2.45e-13 1.7e-14 2.02e-14
34.6 0.94 2.2e-13 1.53e-14 1.82e-14
34.7 0.94 1.98e-13 1.38e-14 1.63e-14
34.8 0.94 1.78e-13 1.24e-14 1.47e-14
34.9 0.94 1.6e-13 1.11e-14 1.32e-14
35 0.94 1.44e-13 1e-14 1.19e-14
35.1 0.94 1.29e-13 8.99e-15 1.07e-14
35.2 0.94 1.16e-13 8.08e-15 9.6e-15
35.3 0.94 1.05e-13 7.27e-15 8.63e-15
35.4 0.94 9.4e-14 6.53e-15 7.76e-15
35.5 0.94 8.45e-14 5.87e-15 6.98e-15
35.6 0.94 7.6e-14 5.28e-15 6.27e-15
35.7 0.94 6.83e-14 4.75e-15 5.64e-15
35.8 0.94 6.14e-14 4.27e-15 5.07e-15
35.9 0.94 5.52e-14 3.84e-15 4.56e-15
36 0.94 4.97e-14 3.45e-15 4.1e-15
36.1 0.94 4.46e-14 3.1e-15 3.68e-15
36.2 0.94 4.01e-14 2.79e-15 3.31e-15
36.3 0.94 3.61e-14 2.51e-15 2.98e-15
36.4 0.94 3.24e-14 2.26e-15 2.68e-15
36.5 0.94 2.92e-14 2.03e-15 2.41e-15
36.6 0.94 2.62e-14 1.82e-15 2.16e-15
36.7 0.94 2.36e-14 1.64e-15 1.95e-15
36.8 0.94 2.12e-14 1.47e-15 1.75e-15
36.9 0.94 1.91e-14 1.32e-15 1.57e-15
37 0.94 1.71e-14 1.19e-15 1.41e-15
37.1 0.94 1.54e-14 1.07e-15 1.27e-15
37.2 0.94 1.39e-14 9.63e-16 1.14e-15
37.3 0.94 1.25e-14 8.66e-16 1.03e-15
37.4 0.94 1.12e-14 7.78e-16 9.24e-16
37.5 0.94 1.01e-14 7e-16 8.31e-16
37.6 0.94 9.05e-15 6.29e-16 7.47e-16
37.7 0.94 8.14e-15 5.66e-16 6.72e-16
37.8 0.94 7.32e-15 5.09e-16 6.04e-16
37.9 0.94 6.58e-15 4.57e-16 5.43e-16
38 0.94 5.92e-15 4.11e-16 4.88e-16
38.1 0.94 5.32e-15 3.7e-16 4.39e-16
38.2 0.94 4.78e-15 3.32e-16 3.95e-16
38.3 0.94 4.3e-15 2.99e-16 3.55e-16
38.4 0.94 3.87e-15 2.69e-16 3.19e-16
38.5 0.94 3.48e-15 2.42e-16 2.87e-16
38.6 0.94 3.12e-15 2.17e-16 2.58e-16
38.7 0.94 2.81e-15 1.95e-16 2.32e-16
38.8 0.94 2.53e-15 1.76e-16 2.08e-16
38.9 0.94 2.27e-15 1.58e-16 1.87e-16
39 0.94 2.04e-15 1.42e-16 1.68e-16
39.1 0.94 1.84e-15 1.28e-16 1.51e-16
39.2 0.94 1.65e-15 1.15e-16 1.36e-16
39.3 0.94 1.48e-15 1.03e-16 1.22e-16
39.4 0.94 1.33e-15 9.27e-17 1.1e-16
39.5 0.94 1.2e-15 8.34e-17 9.9e-17
39.6 0.94 1.08e-15 7.49e-17 8.9e-17
39.7 0.94 9.7e-16 6.74e-17 8e-17
39.8 0.94 8.72e-16 6.06e-17 7.19e-17
39.9 0.94 7.84e-16 5.45e-17 6.47e-17
40 0.94 7.05e-16 4.9e-17 5.82e-17
40.1 0.94 6.34e-16 4.4e-17 5.23e-17
40.2 0.94 5.7e-16 3.96e-17 4.7e-17
40.3 0.94 5.12e-16 3.56e-17 4.23e-17
40.4 0.94 4.6e-16 3.2e-17 3.8e-17
40.5 0.94 4.14e-16 2.88e-17 3.42e-17
40.6 0.94 3.72e-16 2.59e-17 3.07e-17
40.7 0.94 3.35e-16 2.33e-17 2.76e-17
40.8 0.94 3.01e-16 2.09e-17 2.48e-17
40.9 0.94 2.7e-16 1.88e-17 2.23e-17
41 0.94 2.43e-16 1.69e-17 2.01e-17
41.1 0.94 2.19e-16 1.52e-17 1.8e-17
41.2 0.94 1.97e-16 1.37e-17 1.62e-17
41.3 0.94 1.77e-16 1.23e-17 1.46e-17
41.4 0.94 1.59e-16 1.1e-17 1.31e-17
41.5 0.94 1.43e-16 9.93e-18 1.18e-17
41.6 0.94 1.28e-16 8.93e-18 1.06e-17
41.7 0.94 1.15e-16 8.03e-18 9.53e-18
41.8 0.94 1.04e-16 7.22e-18 8.57e-18
41.9 0.94 9.34e-17 6.49e-18 7.7e-18
42 0.94 8.39e-17 5.83e-18 6.93e-18
42.1 0.94 7.55e-17 5.24e-18 6.23e-18
42.2 0.94 6.78e-17 4.72e-18 5.6e-18
42.3 0.94 6.1e-17 4.24e-18 5.03e-18
42.4 0.94 5.48e-17 3.81e-18 4.53e-18
42.5 0.94 4.93e-17 3.43e-18 4.07e-18
42.6 0.94 4.43e-17 3.08e-18 3.66e-18
42.7 0.94 3.99e-17 2.77e-18 3.29e-18
42.8 0.94 3.58e-17 2.49e-18 2.96e-18
42.9 0.94 3.22e-17 2.24e-18 2.66e-18
43 0.94 2.9e-17 2.01e-18 2.39e-18
43.1 0.94 2.6e-17 1.81e-18 2.15e-18
43.2 0.94 2.34e-17 1.63e-18 1.93e-18
43.3 0.94 2.11e-17 1.46e-18 1.74e-18
43.4 0.94 1.89e-17 1.32e-18 1.56e-18
43.5 0.94 1.7e-17 1.18e-18 1.4e-18
43.6 0.94 1.53e-17 1.06e-18 1.26e-18
43.7 0.94 1.38e-17 9.56e-19 1.14e-18
43.8 0.94 1.24e-17 8.6e-19 1.02e-18
43.9 0.94 1.11e-17 7.73e-19 9.18e-19
44 0.94 1e-17 6.95e-19 8.25e-19
44.1 0.94 8.99e-18 6.25e-19 7.42e-19
44.2 0.94 8.08e-18 5.62e-19 6.67e-19
44.3 0.94 7.27e-18 5.05e-19 6e-19
44.4 0.94 6.53e-18 4.54e-19 5.39e-19
44.5 0.94 5.87e-18 4.08e-19 4.85e-19
44.6 0.94 5.28e-18 3.67e-19 4.36e-19
44.7 0.94 4.75e-18 3.3e-19 3.92e-19
44.8 0.94 4.27e-18 2.97e-19 3.52e-19
44.9 0.94 3.84e-18 2.67e-19 3.17e-19
45 0.94 3.45e-18 2.4e-19 2.85e-19
45.1 0.94 3.1e-18 2.16e-19 2.56e-19
45.2 0.94 2.79e-18 1.94e-19 2.3e-19
45.3 0.94 2.51e-18 1.74e-19 2.07e-19
45.4 0.94 2.25e-18 1.57e-19 1.86e-19
45.5 0.94 2.03e-18 1.41e-19 1.67e-19
45.6 0.94 1.82e-18 1.27e-19 1.5e-19
45.7 0.94 1.64e-18 1.14e-19 1.35e-19
45.8 0.94 1.47e-18 1.02e-19 1.22e-19
45.9 0.94 1.32e-18 9.21e-20 1.09e-19
46 0.94 1.19e-18 8.28e-20 9.83e-20
46.1 0.94 1.07e-18 7.44e-20 8.84e-20
46.2 0.94 9.63e-19 6.69e-20 7.94e-20
46.3 0.94 8.65e-19 6.01e-20 7.14e-20
46.4 0.94 7.78e-19 5.41e-20 6.42e-20
46.5 0.94 7e-19 4.86e-20 5.77e-20
46.6 0.94 6.29e-19 4.37e-20 5.19e-20
46.7 0.94 5.66e-19 3.93e-20 4.67e-20
46.8 0.94 5.08e-19 3.53e-20 4.2e-20
46.9 0.94 4.57e-19 3.18e-20 3.77e-20
47 0.94 4.11e-19 2.86e-20 3.39e-20
47.1 0.94 3.7e-19 2.57e-20 3.05e-20
47.2 0.94 3.32e-19 2.31e-20 2.74e-20
47.3 0.94 2.99e-19 2.08e-20 2.47e-20
47.4 0.94 2.69e-19 1.87e-20 2.22e-20
47.5 0.94 2.41e-19 1.68e-20 1.99e-20
47.6 0.94 2.17e-19 1.51e-20 1.79e-20
47.7 0.94 1.95e-19 1.36e-20 1.61e-20
47.8 0.94 1.75e-19 1.22e-20 1.45e-20
47.9 0.94 1.58e-19 1.1e-20 1.3e-20
48 0.94 1.42e-19 9.86e-21 1.17e-20
48.1 0.94 1.28e-19 8.86e-21 1.05e-20
48.2 0.94 1.15e-19 7.97e-21 9.46e-21
48.3 0.94 1.03e-19 7.16e-21 8.51e-21
48.4 0.94 9.27e-20 6.44e-21 7.65e-21
48.5 0.94 8.33e-20 5.79e-21 6.88e-21
48.6 0.94 7.49e-20 5.21e-21 6.18e-21
48.7 0.94 6.74e-20 4.68e-21 5.56e-21
48.8 0.94 6.06e-20 4.21e-21 5e-21
48.9 0.94 5.45e-20 3.78e-21 4.49e-21
49 0.94 4.9e-20 3.4e-21 4.04e-21
49.1 0.94 4.4e-20 3.06e-21 3.63e-21
49.2 0.94 3.96e-20 2.75e-21 3.27e-21
49.3 0.94 3.56e-20 2.47e-21 2.94e-21
49.4 0.94 3.2e-20 2.22e-21 2.64e-21
49.5 0.94 2.88e-20 2e-21 2.37e-21
49.6 0.94 2.59e-20 1.8e-21 2.13e-21
49.7 0.94 2.32e-20 1.62e-21 1.92e-21
49.8 0.94 2.09e-20 1.45e-21 1.73e-21
49.9 0.94 1.88e-20 1.31e-21 1.55e-21
50 0.94 1.69e-20 1.17e-21 1.39e-21
50.1 0.94 1.52e-20 1.06e-21 1.25e-21
50.2 0.94 1.37e-20 9.49e-22 1.13e-21
50.3 0.94 1.23e-20 8.53e-22 1.01e-21
50.4 0.94 1.1e-20 7.67e-22 9.11e-22
50.5 0.94 9.93e-21 6.9e-22 8.19e-22
50.6 0.94 8.92e-21 6.2e-22 7.37e-22
50.7 0.94 8.02e-21 5.58e-22 6.62e-22
50.8 0.94 7.21e-21 5.01e-22 5.95e-22
50.9 0.94 6.49e-21 4.51e-22 5.35e-22
51 0.94 5.83e-21 4.05e-22 4.81e-22
51.1 0.94 5.24e-21 3.64e-22 4.33e-22
51.2 0.94 4.71e-21 3.28e-22 3.89e-22
51.3 0.94 4.24e-21 2.95e-22 3.5e-22
51.4 0.94 3.81e-21 2.65e-22 3.14e-22
51.5 0.94 3.43e-21 2.38e-22 2.83e-22
51.6 0.94 3.08e-21 2.14e-22 2.54e-22
51.7 0.94 2.77e-21 1.92e-22 2.29e-22
51.8 0.94 2.49e-21 1.73e-22 2.05e-22
51.9 0.94 2.24e-21 1.56e-22 1.85e-22
52 0.94 2.01e-21 1.4e-22 1.66e-22
52.1 0.94 1.81e-21 1.26e-22 1.49e-22
52.2 0.94 1.63e-21 1.13e-22 1.34e-22
52.3 0.94 1.46e-21 1.02e-22 1.21e-22
52.4 0.94 1.32e-21 9.14e-23 1.09e-22
52.5 0.94 1.18e-21 8.22e-23 9.76e-23
52.6 0.94 1.06e-21 7.39e-23 8.77e-23
52.7 0.94 9.56e-22 6.64e-23 7.89e-23
52.8 0.94 8.59e-22 5.97e-23 7.09e-23
52.9 0.94 7.73e-22 5.37e-23 6.38e-23
53 0.94 6.95e-22 4.83e-23 5.73e-23
53.1 0.94 6.25e-22 4.34e-23 5.15e-23
53.2 0.94 5.61e-22 3.9e-23 4.63e-23
53.3 0.94 5.05e-22 3.51e-23 4.17e-23
53.4 0.94 4.54e-22 3.15e-23 3.75e-23
53.5 0.94 4.08e-22 2.84e-23 3.37e-23
53.6 0.94 3.67e-22 2.55e-23 3.03e-23
53.7 0.94 3.3e-22 2.29e-23 2.72e-23
53.8 0.94 2.97e-22 2.06e-23 2.45e-23
53.9 0.94 2.67e-22 1.85e-23 2.2e-23
54 0.94 2.4e-22 1.67e-23 1.98e-23
54.1 0.94 2.16e-22 1.5e-23 1.78e-23
54.2 0.94 1.94e-22 1.35e-23 1.6e-23
54.3 0.94 1.74e-22 1.21e-23 1.44e-23
54.4 0.94 1.57e-22 1.09e-23 1.29e-23
54.5 0.94 1.41e-22 9.79e-24 1.16e-23
54.6 0.94 1.27e-22 8.8e-24 1.05e-23
54.7 0.94 1.14e-22 7.91e-24 9.4e-24
54.8 0.94 1.02e-22 7.11e-24 8.45e-24
54.9 0.94 9.2e-23 6.4e-24 7.6e-24
55 0.94 8.27e-23 5.75e-24 6.83e-24
55.1 0.94 7.44e-23 5.17e-24 6.14e-24
55.2 0.94 6.69e-23 4.65e-24 5.52e-24
55.3 0.94 6.01e-23 4.18e-24 4.96e-24
55.4 0.94 5.41e-23 3.76e-24 4.46e-24
55.5 0.94 4.86e-23 3.38e-24 4.01e-24
55.6 0.94 4.37e-23 3.04e-24 3.61e-24
55.7 0.94 3.93e-23 2.73e-24 3.24e-24
55.8 0.94 3.53e-23 2.46e-24 2.92e-24
55.9 0.94 3.18e-23 2.21e-24 2.62e-24
56 0.94 2.86e-23 1.98e-24 2.36e-24
56.1 0.94 2.57e-23 1.78e-24 2.12e-24
56.2 0.94 2.31e-23 1.6e-24 1.91e-24
56.3 0.94 2.08e-23 1.44e-24 1.71e-24
56.4 0.94 1.87e-23 1.3e-24 1.54e-24
56.5 0.94 1.68e-23 1.17e-24 1.38e-24
56.6 0.94 1.51e-23 1.05e-24 1.24e-24
56.7 0.94 1.36e-23 9.42e-25 1.12e-24
56.8 0.94 1.22e-23 8.47e-25 1.01e-24
56.9 0.94 1.1e-23 7.62e-25 9.05e-25
57 0.94 9.86e-24 6.85e-25 8.13e-25
57.1 0.94 8.86e-24 6.16e-25 7.31e-25
57.2 0.94 7.97e-24 5.54e-25 6.58e-25
57.3 0.94 7.16e-24 4.98e-25 5.91e-25
57.4 0.94 6.44e-24 4.48e-25 5.31e-25
57.5 0.94 5.79e-24 4.02e-25 4.78e-25
57.6 0.94 5.21e-24 3.62e-25 4.3e-25
57.7 0.94 4.68e-24 3.25e-25 3.86e-25
57.8 0.94 4.21e-24 2.92e-25 3.47e-25
57.9 0.94 3.78e-24 2.63e-25 3.12e-25
58 0.94 3.4e-24 2.36e-25 2.81e-25
58.1 0.94 3.06e-24 2.13e-25 2.52e-25
58.2 0.94 2.75e-24 1.91e-25 2.27e-25
58.3 0.94 2.47e-24 1.72e-25 2.04e-25
58.4 0.94 2.22e-24 1.54e-25 1.83e-25
58.5 0.94 2e-24 1.39e-25 1.65e-25
58.6 0.94 1.8e-24 1.25e-25 1.48e-25
58.7 0.94 1.62e-24 1.12e-25 1.33e-25
58.8 0.94 1.45e-24 1.01e-25 1.2e-25
58.9 0.94 1.31e-24 9.07e-26 1.08e-25
59 0.94 1.17e-24 8.16e-26 9.69e-26
59.1 0.94 1.06e-24 7.34e-26 8.71e-26
59.2 0.94 9.49e-25 6.6e-26 7.83e-26
59.3 0.94 8.53e-25 5.93e-26 7.04e-26
59.4 0.94 7.67e-25 5.33e-26 6.33e-26
59.5 0.94 6.9e-25 4.79e-26 5.69e-26
59.6 0.94 6.2e-25 4.31e-26 5.12e-26
59.7 0.94 5.58e-25 3.87e-26 4.6e-26
59.8 0.94 5.01e-25 3.48e-26 4.14e-26
59.9 0.94 4.51e-25 3.13e-26 3.72e-26
60 0.94 4.05e-25 2.82e-26 3.34e-26
60.1 0.94 3.64e-25 2.53e-26 3.01e-26
60.2 0.94 3.28e-25 2.28e-26 2.7e-26
60.3 0.94 2.94e-25 2.05e-26 2.43e-26
60.4 0.94 2.65e-25 1.84e-26 2.18e-26
60.5 0.94 2.38e-25 1.65e-26 1.96e-26
60.6 0.94 2.14e-25 1.49e-26 1.77e-26
60.7 0.94 1.92e-25 1.34e-26 1.59e-26
60.8 0.94 1.73e-25 1.2e-26 1.43e-26
60.9 0.94 1.56e-25 1.08e-26 1.28e-26
61 0.94 1.4e-25 9.72e-27 1.15e-26
61.1 0.94 1.26e-25 8.74e-27 1.04e-26
61.2 0.94 1.13e-25 7.86e-27 9.33e-27
61.3 0.94 1.02e-25 7.06e-27 8.39e-27
61.4 0.94 9.14e-26 6.35e-27 7.54e-27
61.5 0.94 8.22e-26 5.71e-27 6.78e-27
61.6 0.94 7.39e-26 5.13e-27 6.1e-27
61.7 0.94 6.64e-26 4.62e-27 5.48e-27
61.8 0.94 5.97e-26 4.15e-27 4.93e-27
61.9 0.94 5.37e-26 3.73e-27 4.43e-27
62 0.94 4.83e-26 3.35e-27 3.98e-27
62.1 0.94 4.34e-26 3.02e-27 3.58e-27
62.2 0.94 3.9e-26 2.71e-27 3.22e-27
62.3 0.94 3.51e-26 2.44e-27 2.89e-27
62.4 0.94 3.15e-26 2.19e-27 2.6e-27
62.5 0.94 2.84e-26 1.97e-27 2.34e-27
62.6 0.94 2.55e-26 1.77e-27 2.1e-27
62.7 0.94 2.29e-26 1.59e-27 1.89e-27
62.8 0.94 2.06e-26 1.43e-27 1.7e-27
62.9 0.94 1.85e-26 1.29e-27 1.53e-27
63 0.94 1.67e-26 1.16e-27 1.37e-27
63.1 0.94 1.5e-26 1.04e-27 1.24e-27
63.2 0.94 1.35e-26 9.36e-28 1.11e-27
63.3 0.94 1.21e-26 8.41e-28 9.99e-28
63.4 0.94 1.09e-26 7.56e-28 8.98e-28
63.5 0.94 9.79e-27 6.8e-28 8.08e-28
63.6 0.94 8.8e-27 6.11e-28 7.26e-28
63.7 0.94 7.91e-27 5.5e-28 6.53e-28
63.8 0.94 7.11e-27 4.94e-28 5.87e-28
63.9 0.94 6.39e-27 4.44e-28 5.28e-28
64 0.94 5.75e-27 4e-28 4.74e-28
64.1 0.94 5.17e-27 3.59e-28 4.27e-28
64.2 0.94 4.65e-27 3.23e-28 3.84e-28
64.3 0.94 4.18e-27 2.9e-28 3.45e-28
64.4 0.94 3.76e-27 2.61e-28 3.1e-28
64.5 0.94 3.38e-27 2.35e-28 2.79e-28
64.6 0.94 3.04e-27 2.11e-28 2.51e-28
64.7 0.94 2.73e-27 1.9e-28 2.25e-28
64.8 0.94 2.45e-27 1.71e-28 2.03e-28
64.9 0.94 2.21e-27 1.53e-28 1.82e-28
65 0.94 1.98e-27 1.38e-28 1.64e-28
65.1 0.94 1.78e-27 1.24e-28 1.47e-28
65.2 0.94 1.6e-27 1.11e-28 1.32e-28
65.3 0.94 1.44e-27 1e-28 1.19e-28
65.4 0.94 1.3e-27 9.01e-29 1.07e-28
65.5 0.94 1.17e-27 8.1e-29 9.62e-29
65.6 0.94 1.05e-27 7.28e-29 8.65e-29
65.7 0.94 9.42e-28 6.55e-29 7.78e-29
65.8 0.94 8.47e-28 5.89e-29 6.99e-29
65.9 0.94 7.62e-28 5.29e-29 6.29e-29
66 0.94 6.85e-28 4.76e-29 5.65e-29
66.1 0.94 6.16e-28 4.28e-29 5.08e-29
66.2 0.94 5.54e-28 3.85e-29 4.57e-29
66.3 0.94 4.98e-28 3.46e-29 4.11e-29
66.4 0.94 4.47e-28 3.11e-29 3.69e-29
66.5 0.94 4.02e-28 2.8e-29 3.32e-29
66.6 0.94 3.62e-28 2.51e-29 2.99e-29
66.7 0.94 3.25e-28 2.26e-29 2.68e-29
66.8 0.94 2.92e-28 2.03e-29 2.41e-29
66.9 0.94 2.63e-28 1.83e-29 2.17e-29
67 0.94 2.36e-28 1.64e-29 1.95e-29
67.1 0.94 2.12e-28 1.48e-29 1.75e-29
67.2 0.94 1.91e-28 1.33e-29 1.58e-29
67.3 0.94 1.72e-28 1.19e-29 1.42e-29
67.4 0.94 1.54e-28 1.07e-29 1.27e-29
67.5 0.94 1.39e-28 9.65e-30 1.15e-29
67.6 0.94 1.25e-28 8.68e-30 1.03e-29
67.7 0.94 1.12e-28 7.8e-30 9.26e-30
67.8 0.94 1.01e-28 7.01e-30 8.33e-30
67.9 0.94 9.07e-29 6.31e-30 7.49e-30
68 0.94 8.16e-29 5.67e-30 6.73e-30
68.1 0.94 7.33e-29 5.1e-30 6.05e-30
68.2 0.94 6.59e-29 4.58e-30 5.44e-30
68.3 0.94 5.93e-29 4.12e-30 4.89e-30
68.4 0.94 5.33e-29 3.7e-30 4.4e-30
68.5 0.94 4.79e-29 3.33e-30 3.95e-30
68.6 0.94 4.31e-29 2.99e-30 3.56e-30
68.7 0.94 3.87e-29 2.69e-30 3.2e-30
68.8 0.94 3.48e-29 2.42e-30 2.87e-30
68.9 0.94 3.13e-29 2.18e-30 2.58e-30
69 0.94 2.82e-29 1.96e-30 2.32e-30
69.1 0.94 2.53e-29 1.76e-30 2.09e-30
69.2 0.94 2.28e-29 1.58e-30 1.88e-30
69.3 0.94 2.05e-29 1.42e-30 1.69e-30
69.4 0.94 1.84e-29 1.28e-30 1.52e-30
69.5 0.94 1.65e-29 1.15e-30 1.36e-30
69.6 0.94 1.49e-29 1.03e-30 1.23e-30
69.7 0.94 1.34e-29 9.29e-31 1.1e-30
69.8 0.94 1.2e-29 8.35e-31 9.92e-31
69.9 0.94 1.08e-29 7.51e-31 8.92e-31
70 0.94 9.72e-30 6.75e-31 8.02e-31
70.1 0.94 8.74e-30 6.07e-31 7.21e-31
70.2 0.94 7.85e-30 5.46e-31 6.48e-31
70.3 0.94 7.06e-30 4.91e-31 5.83e-31
70.4 0.94 6.35e-30 4.41e-31 5.24e-31
70.5 0.94 5.71e-30 3.97e-31 4.71e-31
70.6 0.94 5.13e-30 3.57e-31 4.24e-31
70.7 0.94 4.61e-30 3.21e-31 3.81e-31
70.8 0.94 4.15e-30 2.88e-31 3.42e-31
70.9 0.94 3.73e-30 2.59e-31 3.08e-31
71 0.94 3.35e-30 2.33e-31 2.77e-31
71.1 0.94 3.01e-30 2.1e-31 2.49e-31
71.2 0.94 2.71e-30 1.88e-31 2.24e-31
71.3 0.94 2.44e-30 1.69e-31 2.01e-31
71.4 0.94 2.19e-30 1.52e-31 1.81e-31
71.5 0.94 1.97e-30 1.37e-31 1.63e-31
71.6 0.94 1.77e-30 1.23e-31 1.46e-31
71.7 0.94 1.59e-30 1.11e-31 1.31e-31
71.8 0.94 1.43e-30 9.95e-32 1.18e-31
71.9 0.94 1.29e-30 8.95e-32 1.06e-31
72 0.94 1.16e-30 8.04e-32 9.55e-32
72.1 0.94 1.04e-30 7.23e-32 8.59e-32
72.2 0.94 9.36e-31 6.5e-32 7.72e-32
72.3 0.94 8.41e-31 5.85e-32 6.94e-32
72.4 0.94 7.56e-31 5.26e-32 6.24e-32
72.5 0.94 6.8e-31 4.73e-32 5.61e-32
72.6 0.94 6.11e-31 4.25e-32 5.05e-32
72.7 0.94 5.5e-31 3.82e-32 4.54e-32
72.8 0.94 4.94e-31 3.43e-32 4.08e-32
72.9 0.94 4.44e-31 3.09e-32 3.67e-32
73 0.94 3.99e-31 2.78e-32 3.3e-32
73.1 0.94 3.59e-31 2.5e-32 2.96e-32
73.2 0.94 3.23e-31 2.24e-32 2.66e-32
73.3 0.94 2.9e-31 2.02e-32 2.4e-32
73.4 0.94 2.61e-31 1.81e-32 2.15e-32
73.5 0.94 2.35e-31 1.63e-32 1.94e-32
73.6 0.94 2.11e-31 1.47e-32 1.74e-32
73.7 0.94 1.9e-31 1.32e-32 1.57e-32
73.8 0.94 1.71e-31 1.19e-32 1.41e-32
73.9 0.94 1.53e-31 1.07e-32 1.27e-32
74 0.94 1.38e-31 9.58e-33 1.14e-32
74.1 0.94 1.24e-31 8.61e-33 1.02e-32
74.2 0.94 1.11e-31 7.74e-33 9.2e-33
74.3 0.94 1e-31 6.96e-33 8.27e-33
74.4 0.94 9.01e-32 6.26e-33 7.43e-33
74.5 0.94 8.1e-32 5.63e-33 6.68e-33
74.6 0.94 7.28e-32 5.06e-33 6.01e-33
74.7 0.94 6.55e-32 4.55e-33 5.4e-33
74.8 0.94 5.89e-32 4.09e-33 4.86e-33
74.9 0.94 5.29e-32 3.68e-33 4.37e-33
75 0.94 4.76e-32 3.31e-33 3.93e-33
75.1 0.94 4.28e-32 2.97e-33 3.53e-33
75.2 0.94 3.85e-32 2.67e-33 3.17e-33
75.3 0.94 3.46e-32 2.4e-33 2.85e-33
75.4 0.94 3.11e-32 2.16e-33 2.57e-33
75.5 0.94 2.8e-32 1.94e-33 2.31e-33
75.6 0.94 2.51e-32 1.75e-33 2.07e-33
75.7 0.94 2.26e-32 1.57e-33 1.86e-33
75.8 0.94 2.03e-32 1.41e-33 1.68e-33
75.9 0.94 1.83e-32 1.27e-33 1.51e-33
76 0.94 1.64e-32 1.14e-33 1.36e-33
76.1 0.94 1.48e-32 1.03e-33 1.22e-33
76.2 0.94 1.33e-32 9.23e-34 1.1e-33
76.3 0.94 1.19e-32 8.29e-34 9.85e-34
76.4 0.94 1.07e-32 7.46e-34 8.86e-34
76.5 0.94 9.65e-33 6.7e-34 7.96e-34
76.6 0.94 8.67e-33 6.03e-34 7.16e-34
76.7 0.94 7.8e-33 5.42e-34 6.44e-34
76.8 0.94 7.01e-33 4.87e-34 5.79e-34
76.9 0.94 6.3e-33 4.38e-34 5.2e-34
77 0.94 5.67e-33 3.94e-34 4.68e-34
77.1 0.94 5.1e-33 3.54e-34 4.21e-34
77.2 0.94 4.58e-33 3.18e-34 3.78e-34
77.3 0.94 4.12e-33 2.86e-34 3.4e-34
77.4 0.94 3.7e-33 2.57e-34 3.06e-34
77.5 0.94 3.33e-33 2.31e-34 2.75e-34
77.6 0.94 2.99e-33 2.08e-34 2.47e-34
77.7 0.94 2.69e-33 1.87e-34 2.22e-34
77.8 0.94 2.42e-33 1.68e-34 2e-34
77.9 0.94 2.18e-33 1.51e-34 1.8e-34
78 0.94 1.96e-33 1.36e-34 1.61e-34
78.1 0.94 1.76e-33 1.22e-34 1.45e-34
78.2 0.94 1.58e-33 1.1e-34 1.3e-34
78.3 0.94 1.42e-33 9.88e-35 1.17e-34
78.4 0.94 1.28e-33 8.88e-35 1.05e-34
78.5 0.94 1.15e-33 7.99e-35 9.48e-35
78.6 0.94 1.03e-33 7.18e-35 8.53e-35
78.7 0.94 9.29e-34 6.46e-35 7.67e-35
78.8 0.94 8.35e-34 5.8e-35 6.89e-35
78.9 0.94 7.51e-34 5.22e-35 6.2e-35
79 0.94 6.75e-34 4.69e-35 5.57e-35
79.1 0.94 6.07e-34 4.22e-35 5.01e-35
79.2 0.94 5.46e-34 3.79e-35 4.5e-35
79.3 0.94 4.91e-34 3.41e-35 4.05e-35
79.4 0.94 4.41e-34 3.07e-35 3.64e-35
79.5 0.94 3.97e-34 2.76e-35 3.27e-35
79.6 0.94 3.57e-34 2.48e-35 2.94e-35
79.7 0.94 3.21e-34 2.23e-35 2.65e-35
79.8 0.94 2.88e-34 2e-35 2.38e-35
79.9 0.94 2.59e-34 1.8e-35 2.14e-35
80 0.94 2.33e-34 1.62e-35 1.92e-35
80.1 0.94 2.09e-34 1.46e-35 1.73e-35
80.2 0.94 1.88e-34 1.31e-35 1.55e-35
80.3 0.94 1.69e-34 1.18e-35 1.4e-35
80.4 0.94 1.52e-34 1.06e-35 1.26e-35
80.5 0.94 1.37e-34 9.51e-36 1.13e-35
80.6 0.94 1.23e-34 8.55e-36 1.02e-35
80.7 0.94 1.11e-34 7.69e-36 9.13e-36
80.8 0.94 9.95e-35 6.91e-36 8.21e-36
80.9 0.94 8.94e-35 6.22e-36 7.38e-36
81 0.94 8.04e-35 5.59e-36 6.64e-36
81.1 0.94 7.23e-35 5.02e-36 5.97e-36
81.2 0.94 6.5e-35 4.52e-36 5.36e-36
81.3 0.94 5.84e-35 4.06e-36 4.82e-36
81.4 0.94 5.25e-35 3.65e-36 4.34e-36
81.5 0.94 4.72e-35 3.28e-36 3.9e-36
81.6 0.94 4.25e-35 2.95e-36 3.51e-36
81.7 0.94 3.82e-35 2.65e-36 3.15e-36
81.8 0.94 3.43e-35 2.39e-36 2.83e-36
81.9 0.94 3.09e-35 2.15e-36 2.55e-36
82 0.94 2.78e-35 1.93e-36 2.29e-36
82.1 0.94 2.5e-35 1.73e-36 2.06e-36
82.2 0.94 2.24e-35 1.56e-36 1.85e-36
82.3 0.94 2.02e-35 1.4e-36 1.66e-36
82.4 0.94 1.81e-35 1.26e-36 1.5e-36
82.5 0.94 1.63e-35 1.13e-36 1.35e-36
82.6 0.94 1.47e-35 1.02e-36 1.21e-36
82.7 0.94 1.32e-35 9.16e-37 1.09e-36
82.8 0.94 1.18e-35 8.24e-37 9.78e-37
82.9 0.94 1.07e-35 7.4e-37 8.79e-37
83 0.94 9.58e-36 6.66e-37 7.91e-37
83.1 0.94 8.61e-36 5.99e-37 7.11e-37
83.2 0.94 7.74e-36 5.38e-37 6.39e-37
83.3 0.94 6.96e-36 4.84e-37 5.75e-37
83.4 0.94 6.26e-36 4.35e-37 5.17e-37
83.5 0.94 5.63e-36 3.91e-37 4.64e-37
83.6 0.94 5.06e-36 3.52e-37 4.18e-37
83.7 0.94 4.55e-36 3.16e-37 3.75e-37
83.8 0.94 4.09e-36 2.84e-37 3.38e-37
83.9 0.94 3.68e-36 2.56e-37 3.03e-37
84 0.94 3.31e-36 2.3e-37 2.73e-37
84.1 0.94 2.97e-36 2.07e-37 2.45e-37
84.2 0.94 2.67e-36 1.86e-37 2.21e-37
84.3 0.94 2.4e-36 1.67e-37 1.98e-37
84.4 0.94 2.16e-36 1.5e-37 1.78e-37
84.5 0.94 1.94e-36 1.35e-37 1.6e-37
84.6 0.94 1.75e-36 1.21e-37 1.44e-37
84.7 0.94 1.57e-36 1.09e-37 1.3e-37
84.8 0.94 1.41e-36 9.81e-38 1.16e-37
84.9 0.94 1.27e-36 8.82e-38 1.05e-37
85 0.94 1.14e-36 7.93e-38 9.42e-38
85.1 0.94 1.03e-36 7.13e-38 8.47e-38
85.2 0.94 9.22e-37 6.41e-38 7.61e-38
85.3 0.94 8.29e-37 5.76e-38 6.84e-38
85.4 0.94 7.46e-37 5.18e-38 6.15e-38
85.5 0.94 6.7e-37 4.66e-38 5.53e-38
85.6 0.94 6.03e-37 4.19e-38 4.97e-38
85.7 0.94 5.42e-37 3.77e-38 4.47e-38
85.8 0.94 4.87e-37 3.39e-38 4.02e-38
85.9 0.94 4.38e-37 3.04e-38 3.61e-38
86 0.94 3.94e-37 2.74e-38 3.25e-38
86.1 0.94 3.54e-37 2.46e-38 2.92e-38
86.2 0.94 3.18e-37 2.21e-38 2.63e-38
86.3 0.94 2.86e-37 1.99e-38 2.36e-38
86.4 0.94 2.57e-37 1.79e-38 2.12e-38
86.5 0.94 2.31e-37 1.61e-38 1.91e-38
86.6 0.94 2.08e-37 1.45e-38 1.72e-38
86.7 0.94 1.87e-37 1.3e-38 1.54e-38
86.8 0.94 1.68e-37 1.17e-38 1.39e-38
86.9 0.94 1.51e-37 1.05e-38 1.25e-38
87 0.94 1.36e-37 9.45e-39 1.12e-38
87.1 0.94 1.22e-37 8.49e-39 1.01e-38
87.2 0.94 1.1e-37 7.63e-39 9.07e-39
87.3 0.94 9.88e-38 6.86e-39 8.15e-39
87.4 0.94 8.88e-38 6.17e-39 7.33e-39
87.5 0.94 7.98e-38 5.55e-39 6.59e-39
87.6 0.94 7.18e-38 4.99e-39 5.92e-39
87.7 0.94 6.45e-38 4.49e-39 5.33e-39
87.8 0.94 5.8e-38 4.03e-39 4.79e-39
87.9 0.94 5.22e-38 3.63e-39 4.31e-39
88 0.94 4.69e-38 3.26e-39 3.87e-39
88.1 0.94 4.22e-38 2.93e-39 3.48e-39
88.2 0.94 3.79e-38 2.64e-39 3.13e-39
88.3 0.94 3.41e-38 2.37e-39 2.81e-39
88.4 0.94 3.06e-38 2.13e-39 2.53e-39
88.5 0.94 2.76e-38 1.92e-39 2.27e-39
88.6 0.94 2.48e-38 1.72e-39 2.04e-39
88.7 0.94 2.23e-38 1.55e-39 1.84e-39
88.8 0.94 2e-38 1.39e-39 1.65e-39
88.9 0.94 1.8e-38 1.25e-39 1.49e-39
89 0.94 1.62e-38 1.13e-39 1.34e-39
89.1 0.94 1.46e-38 1.01e-39 1.2e-39
89.2 0.94 1.31e-38 9.09e-40 1.08e-39
89.3 0.94 1.18e-38 8.18e-40 9.71e-40
89.4 0.94 1.06e-38 7.35e-40 8.73e-40
89.5 0.94 9.51e-39 6.61e-40 7.85e-40
89.6 0.94 8.55e-39 5.94e-40 7.06e-40
89.7 0.94 7.69e-39 5.34e-40 6.34e-40
89.8 0.94 6.91e-39 4.8e-40 5.7e-40
89.9 0.94 6.21e-39 4.32e-40 5.13e-40
90 0.94 5.59e-39 3.88e-40 4.61e-40
90.1 0.94 5.02e-39 3.49e-40 4.15e-40
90.2 0.94 4.52e-39 3.14e-40 3.73e-40
90.3 0.94 4.06e-39 2.82e-40 3.35e-40
90.4 0.94 3.65e-39 2.54e-40 3.01e-40
90.5 0.94 3.28e-39 2.28e-40 2.71e-40
90.6 0.94 2.95e-39 2.05e-40 2.44e-40
90.7 0.94 2.65e-39 1.84e-40 2.19e-40
90.8 0.94 2.39e-39 1.66e-40 1.97e-40
90.9 0.94 2.14e-39 1.49e-40 1.77e-40
91 0.94 1.93e-39 1.34e-40 1.59e-40
91.1 0.94 1.73e-39 1.2e-40 1.43e-40
91.2 0.94 1.56e-39 1.08e-40 1.29e-40
91.3 0.94 1.4e-39 9.74e-41 1.16e-40
91.4 0.94 1.26e-39 8.76e-41 1.04e-40
91.5 0.94 1.13e-39 7.87e-41 9.35e-41
91.6 0.94 1.02e-39 7.08e-41 8.41e-41
91.7 0.94 9.16e-40 6.36e-41 7.56e-41
91.8 0.94 8.23e-40 5.72e-41 6.79e-41
91.9 0.94 7.4e-40 5.14e-41 6.11e-41
92 0.94 6.66e-40 4.63e-41 5.49e-41
92.1 0.94 5.98e-40 4.16e-41 4.94e-41
92.2 0.94 5.38e-40 3.74e-41 4.44e-41
92.3 0.94 4.84e-40 3.36e-41 3.99e-41
92.4 0.94 4.35e-40 3.02e-41 3.59e-41
92.5 0.94 3.91e-40 2.72e-41 3.23e-41
92.6 0.94 3.52e-40 2.44e-41 2.9e-41
92.7 0.94 3.16e-40 2.2e-41 2.61e-41
92.8 0.94 2.84e-40 1.97e-41 2.35e-41
92.9 0.94 2.55e-40 1.78e-41 2.11e-41
93 0.94 2.3e-40 1.6e-41 1.9e-41
93.1 0.94 2.07e-40 1.44e-41 1.7e-41
93.2 0.94 1.86e-40 1.29e-41 1.53e-41
93.3 0.94 1.67e-40 1.16e-41 1.38e-41
93.4 0.94 1.5e-40 1.04e-41 1.24e-41
93.5 0.94 1.35e-40 9.38e-42 1.11e-41
93.6 0.94 1.21e-40 8.43e-42 1e-41
93.7 0.94 1.09e-40 7.58e-42 9e-42
93.8 0.94 9.81e-41 6.82e-42 8.09e-42
93.9 0.94 8.82e-41 6.13e-42 7.28e-42
94 0.94 7.93e-41 5.51e-42 6.54e-42
94.1 0.94 7.13e-41 4.95e-42 5.88e-42
94.2 0.94 6.41e-41 4.45e-42 5.29e-42
94.3 0.94 5.76e-41 4e-42 4.75e-42
94.4 0.94 5.18e-41 3.6e-42 4.27e-42
94.5 0.94 4.66e-41 3.24e-42 3.84e-42
94.6 0.94 4.19e-41 2.91e-42 3.46e-42
94.7 0.94 3.76e-41 2.62e-42 3.11e-42
94.8 0.94 3.38e-41 2.35e-42 2.79e-42
94.9 0.94 3.04e-41 2.11e-42 2.51e-42
95 0.94 2.74e-41 1.9e-42 2.26e-42
95.1 0.94 2.46e-41 1.71e-42 2.03e-42
95.2 0.94 2.21e-41 1.54e-42 1.83e-42
95.3 0.94 1.99e-41 1.38e-42 1.64e-42
95.4 0.94 1.79e-41 1.24e-42 1.48e-42
95.5 0.94 1.61e-41 1.12e-42 1.33e-42
95.6 0.94 1.45e-41 1e-42 1.19e-42
95.7 0.94 1.3e-41 9.03e-43 1.07e-42
95.8 0.94 1.17e-41 8.12e-43 9.64e-43
95.9 0.94 1.05e-41 7.3e-43 8.67e-43
96 0.94 9.44e-42 6.56e-43 7.79e-43
96.1 0.94 8.49e-42 5.9e-43 7.01e-43
96.2 0.94 7.63e-42 5.3e-43 6.3e-43
96.3 0.94 6.86e-42 4.77e-43 5.66e-43
96.4 0.94 6.17e-42 4.29e-43 5.09e-43
96.5 0.94 5.55e-42 3.86e-43 4.58e-43
96.6 0.94 4.99e-42 3.47e-43 4.12e-43
96.7 0.94 4.48e-42 3.12e-43 3.7e-43
96.8 0.94 4.03e-42 2.8e-43 3.33e-43
96.9 0.94 3.62e-42 2.52e-43 2.99e-43
97 0.94 3.26e-42 2.26e-43 2.69e-43
97.1 0.94 2.93e-42 2.04e-43 2.42e-43
97.2 0.94 2.63e-42 1.83e-43 2.17e-43
97.3 0.94 2.37e-42 1.65e-43 1.95e-43
97.4 0.94 2.13e-42 1.48e-43 1.76e-43
97.5 0.94 1.91e-42 1.33e-43 1.58e-43
97.6 0.94 1.72e-42 1.2e-43 1.42e-43
97.7 0.94 1.55e-42 1.08e-43 1.28e-43
97.8 0.94 1.39e-42 9.67e-44 1.15e-43
97.9 0.94 1.25e-42 8.69e-44 1.03e-43
98 0.94 1.12e-42 7.82e-44 9.28e-44
98.1 0.94 1.01e-42 7.03e-44 8.35e-44
98.2 0.94 9.09e-43 6.32e-44 7.5e-44
98.3 0.94 8.17e-43 5.68e-44 6.75e-44
98.4 0.94 7.35e-43 5.11e-44 6.07e-44
98.5 0.94 6.61e-43 4.59e-44 5.45e-44
98.6 0.94 5.94e-43 4.13e-44 4.9e-44
98.7 0.94 5.34e-43 3.71e-44 4.41e-44
98.8 0.94 4.8e-43 3.34e-44 3.96e-44
98.9 0.94 4.32e-43 3e-44 3.56e-44
99 0.94 3.88e-43 2.7e-44 3.2e-44
99.1 0.94 3.49e-43 2.43e-44 2.88e-44
99.2 0.94 3.14e-43 2.18e-44 2.59e-44
99.3 0.94 2.82e-43 1.96e-44 2.33e-44
99.4 0.94 2.54e-43 1.76e-44 2.09e-44
99.5 0.94 2.28e-43 1.58e-44 1.88e-44
99.6 0.94 2.05e-43 1.42e-44 1.69e-44
99.7 0.94 1.84e-43 1.28e-44 1.52e-44
99.8 0.94 1.66e-43 1.15e-44 1.37e-44
99.9 0.94 1.49e-43 1.04e-44 1.23e-44
