-25 2.6 0.000205 3.35e-08 8.15e-08
-24.9 2.6 0.000213 3.48e-08 8.47e-08
-24.8 2.6 0.000221 3.61e-08 8.8e-08
-24.7 2.6 0.00023 3.75e-08 9.14e-08
-24.6 2.6 0.000239 3.9e-08 9.49e-08
-24.5 2.6 0.000248 4.05e-08 9.86e-08
-24.4 2.6 0.000258 4.21e-08 1.02e-07
-24.3 2.6 0.000268 4.37e-08 1.06e-07
-24.2 2.6 0.000278 4.54e-08 1.11e-07
-24.1 2.6 0.000289 4.72e-08 1.15e-07
-24 2.6 0.000301 4.9e-08 1.19e-07
-23.9 2.6 0.000312 5.09e-08 1.24e-07
-23.8 2.6 0.000325 5.28e-08 1.29e-07
-23.7 2.6 0.000337 5.49e-08 1.34e-07
-23.6 2.6 0.000351 5.7e-08 1.39e-07
-23.5 2.6 0.000364 5.92e-08 1.44e-07
-23.4 2.6 0.000379 6.15e-08 1.5e-07
-23.3 2.6 0.000393 6.38e-08 1.55e-07
-23.2 2.6 0.000409 6.63e-08 1.61e-07
-23.1 2.6 0.000425 6.88e-08 1.68e-07
-23 2.6 0.000441 7.15e-08 1.74e-07
-22.9 2.6 0.000459 7.42e-08 1.81e-07
-22.8 2.6 0.000477 7.71e-08 1.88e-07
-22.7 2.6 0.000495 8e-08 1.95e-07
-22.6 2.6 0.000515 8.31e-08 2.02e-07
-22.5 2.6 0.000535 8.63e-08 2.1e-07
-22.4 2.6 0.000556 8.96e-08 2.18e-07
-22.3 2.6 0.000578 9.3e-08 2.27e-07
-22.2 2.6 0.0006 9.65e-08 2.35e-07
-22.1 2.6 0.000624 1e-07 2.44e-07
-22 2.6 0.000648 1.04e-07 2.54e-07
-21.9 2.6 0.000674 1.08e-07 2.63e-07
-21.8 2.6 0.0007 1.12e-07 2.73e-07
-21.7 2.6 0.000727 1.16e-07 2.84e-07
-21.6 2.6 0.000756 1.21e-07 2.94e-07
-21.5 2.6 0.000785 1.25e-07 3.06e-07
-21.4 2.6 0.000816 1.3e-07 3.17e-07
-21.3 2.6 0.000848 1.35e-07 3.29e-07
-21.2 2.6 0.000881 1.4e-07 3.42e-07
-21.1 2.6 0.000916 1.45e-07 3.54e-07
-21 2.6 0.000952 1.51e-07 3.68e-07
-20.9 2.6 0.000989 1.56e-07 3.82e-07
-20.8 2.6 0.00103 1.62e-07 3.96e-07
-20.7 2.6 0.00107 1.68e-07 4.11e-07
-20.6 2.6 0.00111 1.74e-07 4.26e-07
-20.5 2.6 0.00115 1.81e-07 4.42e-07
-20.4 2.6 0.0012 1.88e-07 4.58e-07
-20.3 2.6 0.00125 1.95e-07 4.75e-07
-20.2 2.6 0.00129 2.02e-07 4.93e-07
-20.1 2.6 0.00134 2.09e-07 5.11e-07
-20 2.6 0.0014 2.17e-07 5.3e-07
-19.9 2.6 0.00145 2.25e-07 5.49e-07
-19.8 2.6 0.00151 2.33e-07 5.7e-07
-19.7 2.6 0.00157 2.41e-07 5.9e-07
-19.6 2.6 0.00163 2.5e-07 6.12e-07
-19.5 2.6 0.00169 2.59e-07 6.34e-07
-19.4 2.6 0.00176 2.68e-07 6.57e-07
-19.3 2.6 0.00183 2.78e-07 6.81e-07
-19.2 2.6 0.0019 2.88e-07 7.05e-07
-19.1 2.6 0.00197 2.98e-07 7.3e-07
-19 2.6 0.00205 3.09e-07 7.57e-07
-18.9 2.6 0.00213 3.2e-07 7.83e-07
-18.8 2.6 0.00221 3.31e-07 8.11e-07
-18.7 2.6 0.0023 3.42e-07 8.4e-07
-18.6 2.6 0.00239 3.54e-07 8.69e-07
-18.5 2.6 0.00248 3.67e-07 9e-07
-18.4 2.6 0.00258 3.79e-07 9.31e-07
-18.3 2.6 0.00268 3.92e-07 9.63e-07
-18.2 2.6 0.00279 4.05e-07 9.96e-07
-18.1 2.6 0.00289 4.19e-07 1.03e-06
-18 2.6 0.00301 4.33e-07 1.07e-06
-17.9 2.6 0.00312 4.48e-07 1.1e-06
-17.8 2.6 0.00325 4.62e-07 1.14e-06
-17.7 2.6 0.00337 4.77e-07 1.18e-06
-17.6 2.6 0.0035 4.93e-07 1.21e-06
-17.5 2.6 0.00364 5.09e-07 1.25e-06
-17.4 2.6 0.00378 5.25e-07 1.3e-06
-17.3 2.6 0.00393 5.42e-07 1.34e-06
-17.2 2.6 0.00408 5.59e-07 1.38e-06
-17.1 2.6 0.00424 5.76e-07 1.42e-06
-17 2.6 0.00441 5.94e-07 1.47e-06
-16.9 2.6 0.00458 6.12e-07 1.51e-06
-16.8 2.6 0.00476 6.3e-07 1.56e-06
-16.7 2.6 0.00494 6.49e-07 1.61e-06
-16.6 2.6 0.00513 6.68e-07 1.65e-06
-16.5 2.6 0.00533 6.87e-07 1.7e-06
-16.4 2.6 0.00554 7.06e-07 1.75e-06
-16.3 2.6 0.00575 7.26e-07 1.8e-06
-16.2 2.6 0.00598 7.45e-07 1.85e-06
-16.1 2.6 0.00621 7.65e-07 1.9e-06
-16 2.6 0.00645 7.85e-07 1.95e-06
-15.9 2.6 0.0067 8.06e-07 2.01e-06
-15.8 2.6 0.00696 8.26e-07 2.06e-06
-15.7 2.6 0.00723 8.46e-07 2.11e-06
-15.6 2.6 0.00751 8.66e-07 2.16e-06
-15.5 2.6 0.0078 8.86e-07 2.21e-06
-15.4 2.6 0.0081 9.06e-07 2.27e-06
-15.3 2.6 0.00842 9.25e-07 2.32e-06
-15.2 2.6 0.00874 9.44e-07 2.37e-06
-15.1 2.6 0.00908 9.63e-07 2.42e-06
-15 2.6 0.00943 9.81e-07 2.46e-06
-14.9 2.6 0.00979 9.99e-07 2.51e-06
-14.8 2.6 0.0102 1.02e-06 2.56e-06
-14.7 2.6 0.0106 1.03e-06 2.6e-06
-14.6 2.6 0.011 1.05e-06 2.64e-06
-14.5 2.6 0.0114 1.06e-06 2.68e-06
-14.4 2.6 0.0118 1.08e-06 2.71e-06
-14.3 2.6 0.0123 1.09e-06 2.75e-06
-14.2 2.6 0.0128 1.1e-06 2.77e-06
-14.1 2.6 0.0132 1.11e-06 2.8e-06
-14 2.6 0.0137 1.11e-06 2.82e-06
-13.9 2.6 0.0143 1.12e-06 2.83e-06
-13.8 2.6 0.0148 1.12e-06 2.84e-06
-13.7 2.6 0.0154 1.12e-06 2.85e-06
-13.6 2.6 0.016 1.12e-06 2.84e-06
-13.5 2.6 0.0166 1.12e-06 2.83e-06
-13.4 2.6 0.0172 1.11e-06 2.81e-06
-13.3 2.6 0.0179 1.11e-06 2.79e-06
-13.2 2.6 0.0185 1.1e-06 2.75e-06
-13.1 2.6 0.0192 1.08e-06 2.7e-06
-13 2.6 0.02 1.09e-06 2.64e-06
-12.9 2.6 0.0207 1.11e-06 2.57e-06
-12.8 2.6 0.0215 1.12e-06 2.49e-06
-12.7 2.6 0.0223 1.13e-06 2.4e-06
-12.6 2.6 0.0232 1.15e-06 2.29e-06
-12.5 2.6 0.024 1.15e-06 2.17e-06
-12.4 2.6 0.0249 1.16e-06 2.03e-06
-12.3 2.6 0.0259 1.16e-06 1.88e-06
-12.2 2.6 0.0269 1.15e-06 1.7e-06
-12.1 2.6 0.0279 1.14e-06 1.51e-06
-12 2.6 0.0289 1.13e-06 1.31e-06
-11.9 2.6 0.03 9.86e-07 8.09e-07
-11.8 2.6 0.0311 9.2e-07 6.76e-07
-11.7 2.6 0.0322 8.57e-07 9.11e-07
-11.6 2.6 0.0334 8.01e-07 1.17e-06
-11.5 2.6 0.0347 7.56e-07 1.44e-06
-11.4 2.6 0.0359 7.29e-07 1.75e-06
-11.3 2.6 0.0373 7.31e-07 2.08e-06
-11.2 2.6 0.0386 1.12e-06 2.1e-06
-11.1 2.6 0.0401 1.09e-06 2.65e-06
-11 2.6 0.0415 1.41e-06 3.43e-06
-10.9 2.6 0.043 1.7e-06 3.86e-06
-10.8 2.6 0.0446 2.15e-06 4.51e-06
-10.7 2.6 0.0462 3.35e-06 5.37e-06
-10.6 2.6 0.0479 5.72e-06 6.63e-06
-10.5 2.6 0.0496 1.15e-05 9.05e-06
-10.4 2.6 0.0514 3.88e-05 1.86e-05
-10.3 2.6 0.0532 2.69e-05 6.34e-05
-10.2 2.6 0.0551 1.38e-05 2.22e-05
-10.1 2.6 0.0571 1.21e-05 1.52e-05
-10 2.6 0.0591 1.19e-05 1.25e-05
-9.9 2.6 0.0612 1.21e-05 1.11e-05
-9.8 2.6 0.0633 1.26e-05 1.04e-05
-9.7 2.6 0.0656 1.32e-05 9.92e-06
-9.6 2.6 0.0678 1.38e-05 9.66e-06
-9.5 2.6 0.0702 1.45e-05 9.52e-06
-9.4 2.6 0.0726 1.52e-05 9.45e-06
-9.3 2.6 0.0751 1.6e-05 9.43e-06
-9.2 2.6 0.0777 1.67e-05 9.43e-06
-9.1 2.6 0.0804 1.74e-05 9.44e-06
-9 2.6 0.0831 1.81e-05 9.46e-06
-8.9 2.6 0.0859 1.88e-05 9.46e-06
-8.8 2.6 0.0888 1.95e-05 9.45e-06
-8.7 2.6 0.0918 2.01e-05 9.41e-06
-8.6 2.6 0.0948 2.06e-05 9.34e-06
-8.5 2.6 0.098 2.11e-05 9.23e-06
-8.4 2.6 0.101 2.15e-05 9.07e-06
-8.3 2.6 0.105 3.93e-05 3.42e-05
-8.2 2.6 0.108 4.41e-05 3.73e-05
-8.1 2.6 0.111 4.88e-05 4.03e-05
-8 2.6 0.115 5.36e-05 4.33e-05
-7.9 2.6 0.119 5.84e-05 4.63e-05
-7.8 2.6 0.122 6.32e-05 4.92e-05
-7.7 2.6 0.126 6.79e-05 5.2e-05
-7.6 2.6 0.13 7.24e-05 5.47e-05
-7.5 2.6 0.134 7.69e-05 5.73e-05
-7.4 2.6 0.138 9.24e-05 4.84e-05
-7.3 2.6 0.143 9.73e-05 4.97e-05
-7.2 2.6 0.147 0.000102 5.07e-05
-7.1 2.6 0.151 0.000106 5.15e-05
-7 2.6 0.156 0.00011 5.19e-05
-6.9 2.6 0.161 6.53e-05 2.75e-05
-6.8 2.6 0.165 6.3e-05 2.94e-05
-6.7 2.6 0.17 6e-05 3.16e-05
-6.6 2.6 0.175 5.6e-05 3.4e-05
-6.5 2.6 0.18 1.58e-05 1.76e-05
-6.4 2.6 0.185 2.18e-05 2.2e-05
-6.3 2.6 0.19 3.06e-05 2.84e-05
-6.2 2.6 0.196 4.62e-05 3.95e-05
-6.1 2.6 0.201 8.34e-05 6.46e-05
-6 2.6 0.207 0.000332 0.000196
-5.9 2.6 0.212 0.00022 0.000347
-5.8 2.6 0.218 5.95e-05 6.51e-05
-5.7 2.6 0.223 3.34e-05 3.28e-05
-5.6 2.6 0.229 2.27e-05 2.06e-05
-5.5 2.6 0.235 1.71e-05 1.44e-05
-5.4 2.6 0.241 1.4e-05 1.11e-05
-5.3 2.6 0.247 1.26e-05 9.93e-06
-5.2 2.6 0.253 1.24e-05 1.07e-05
-5.1 2.6 0.259 1.38e-05 1.42e-05
-5 2.6 0.266 1.17e-05 2.11e-05
-4.9 2.6 0.272 1.83e-05 3.81e-05
-4.8 2.6 0.278 5.44e-05 0.000122
-4.7 2.6 0.285 0.000624 0.00023
-4.6 2.6 0.291 0.000129 7.89e-05
-4.5 2.6 0.298 9.82e-05 0.000108
-4.4 2.6 0.304 0.000255 0.000625
-4.3 2.6 0.311 0.000137 8.96e-05
-4.2 2.6 0.318 6.03e-05 6.2e-05
-4.1 2.6 0.325 3.82e-05 5.29e-05
-4 2.6 0.332 2.74e-05 4.77e-05
-3.9 2.6 0.339 2.06e-05 4.37e-05
-3.8 2.6 0.345 6.95e-05 7.83e-05
-3.7 2.6 0.352 7.41e-05 8.8e-05
-3.6 2.6 0.359 7.91e-05 9.78e-05
-3.5 2.6 0.366 8.42e-05 0.000107
-3.4 2.6 0.373 8.91e-05 0.000116
-3.3 2.6 0.38 9.38e-05 0.000125
-3.2 2.6 0.387 9.81e-05 0.000133
-3.1 2.6 0.394 0.000102 0.00014
-3 2.6 0.401 0.000105 0.000147
-2.9 2.6 0.407 0.000108 0.000153
-2.8 2.6 0.414 0.00011 0.000158
-2.7 2.6 0.421 0.000112 0.000161
-2.6 2.6 0.428 0.000113 0.000164
-2.5 2.6 0.435 8.62e-05 0.000193
-2.4 2.6 0.441 8.49e-05 0.000195
-2.3 2.6 0.448 8.32e-05 0.000195
-2.2 2.6 0.455 8.09e-05 0.000194
-2.1 2.6 0.461 7.81e-05 0.000191
-2 2.6 0.468 7.51e-05 0.000187
-1.9 2.6 0.474 7.44e-05 0.000183
-1.8 2.6 0.48 6.27e-05 0.000172
-1.7 2.6 0.487 5.53e-05 0.000165
-1.6 2.6 0.493 5.79e-05 0.000154
-1.5 2.6 0.499 7.6e-05 5.33e-05
-1.4 2.6 0.505 7.81e-05 3.74e-05
-1.3 2.6 0.511 8.63e-05 4.15e-05
-1.2 2.6 0.516 0.000109 0.000132
-1.1 2.6 0.523 0.00204 0.000829
-1 2.6 0.528 3.81e-05 3.62e-05
-0.9 2.6 0.533 8.29e-06 1.19e-05
-0.8 2.6 0.538 3.1e-06 4.55e-06
-0.7 2.6 0.543 2.23e-06 2.58e-06
-0.6 2.6 0.548 4.25e-06 5e-06
-0.5 2.6 0.553 2.01e-05 9.69e-06
-0.4 2.6 0.558 3.77e-05 0.000102
-0.3 2.6 0.562 9.9e-06 2.28e-05
-0.2 2.6 0.566 3.43e-05 4.4e-05
-0.1 2.6 0.571 5.86e-05 8.11e-05
-4.44e-16 2.6 0.575 7.14e-05 5.97e-05
0.1 2.6 0.579 8.52e-05 6.58e-05
0.2 2.6 0.582 0.0001 7.52e-05
0.3 2.6 0.586 0.000115 8.5e-05
0.4 2.6 0.589 0.00013 9.47e-05
0.5 2.6 0.592 0.000144 0.000104
0.6 2.6 0.595 0.000157 0.000113
0.7 2.6 0.598 0.00017 0.000122
0.8 2.6 0.6 0.000183 0.000131
0.9 2.6 0.603 0.000194 0.000138
1 2.6 0.605 0.000205 0.000146
1.1 2.6 0.607 0.000215 0.000152
1.2 2.6 0.609 0.000224 0.000159
1.3 2.6 0.61 0.000232 0.000164
1.4 2.6 0.612 0.000239 0.000169
1.5 2.6 0.613 0.000245 0.000173
1.6 2.6 0.614 0.00025 0.000176
1.7 2.6 0.614 0.000254 0.000179
1.8 2.6 0.615 0.000257 0.000181
1.9 2.6 0.615 0.000259 0.000182
2 2.6 0.615 0.000259 0.000182
2.1 2.6 0.615 0.000259 0.000182
2.2 2.6 0.615 0.000257 0.000181
2.3 2.6 0.614 0.000254 0.000179
2.4 2.6 0.614 0.00025 0.000176
2.5 2.6 0.613 0.000245 0.000173
2.6 2.6 0.612 0.000239 0.000169
2.7 2.6 0.61 0.000232 0.000164
2.8 2.6 0.609 0.000224 0.000159
2.9 2.6 0.607 0.000215 0.000152
3 2.6 0.605 0.000205 0.000146
3.1 2.6 0.603 0.000194 0.000138
3.2 2.6 0.6 0.000183 0.000131
3.3 2.6 0.598 0.00017 0.000122
3.4 2.6 0.595 0.000157 0.000113
3.5 2.6 0.592 0.000144 0.000104
3.6 2.6 0.589 0.00013 9.47e-05
3.7 2.6 0.586 0.000115 8.5e-05
3.8 2.6 0.582 0.0001 7.52e-05
3.9 2.6 0.579 8.52e-05 6.58e-05
4 2.6 0.575 7.14e-05 5.97e-05
4.1 2.6 0.571 5.86e-05 8.11e-05
4.2 2.6 0.566 3.43e-05 4.4e-05
4.3 2.6 0.562 9.9e-06 2.28e-05
4.4 2.6 0.558 3.77e-05 0.000102
4.5 2.6 0.553 2.01e-05 9.69e-06
4.6 2.6 0.548 4.25e-06 5e-06
4.7 2.6 0.543 2.23e-06 2.58e-06
4.8 2.6 0.538 3.1e-06 4.55e-06
4.9 2.6 0.533 8.29e-06 1.19e-05
5 2.6 0.528 3.81e-05 3.62e-05
5.1 2.6 0.523 0.00204 0.000829
5.2 2.6 0.516 0.000109 0.000132
5.3 2.6 0.511 8.63e-05 4.15e-05
5.4 2.6 0.505 7.81e-05 3.74e-05
5.5 2.6 0.499 7.6e-05 5.33e-05
5.6 2.6 0.493 5.79e-05 0.000154
5.7 2.6 0.487 5.53e-05 0.000165
5.8 2.6 0.48 6.27e-05 0.000172
5.9 2.6 0.474 7.44e-05 0.000183
6 2.6 0.468 7.51e-05 0.000187
6.1 2.6 0.461 7.81e-05 0.000191
6.2 2.6 0.455 8.09e-05 0.000194
6.3 2.6 0.448 8.32e-05 0.000195
6.4 2.6 0.441 8.49e-05 0.000195
6.5 2.6 0.435 8.62e-05 0.000193
6.6 2.6 0.428 0.000113 0.000164
6.7 2.6 0.421 0.000112 0.000161
6.8 2.6 0.414 0.00011 0.000158
6.9 2.6 0.407 0.000108 0.000153
7 2.6 0.401 0.000105 0.000147
7.1 2.6 0.394 0.000102 0.00014
7.2 2.6 0.387 9.81e-05 0.000133
7.3 2.6 0.38 9.38e-05 0.000125
7.4 2.6 0.373 8.91e-05 0.000116
7.5 2.6 0.366 8.42e-05 0.000107
7.6 2.6 0.359 7.91e-05 9.78e-05
7.7 2.6 0.352 7.41e-05 8.8e-05
7.8 2.6 0.345 6.95e-05 7.83e-05
7.9 2.6 0.339 2.06e-05 4.37e-05
8 2.6 0.332 2.74e-05 4.77e-05
8.1 2.6 0.325 3.82e-05 5.29e-05
8.2 2.6 0.318 6.03e-05 6.2e-05
8.3 2.6 0.311 0.000137 8.96e-05
8.4 2.6 0.304 0.000255 0.000625
8.5 2.6 0.298 9.82e-05 0.000108
8.6 2.6 0.291 0.000129 7.89e-05
8.7 2.6 0.285 0.000624 0.00023
8.8 2.6 0.278 5.44e-05 0.000122
8.9 2.6 0.272 1.83e-05 3.81e-05
9 2.6 0.266 1.17e-05 2.11e-05
9.1 2.6 0.259 1.38e-05 1.42e-05
9.2 2.6 0.253 1.24e-05 1.07e-05
9.3 2.6 0.247 1.26e-05 9.93e-06
9.4 2.6 0.241 1.4e-05 1.11e-05
9.5 2.6 0.235 1.71e-05 1.44e-05
9.6 2.6 0.229 2.27e-05 2.06e-05
9.7 2.6 0.223 3.34e-05 3.28e-05
9.8 2.6 0.218 5.95e-05 6.51e-05
9.9 2.6 0.212 0.00022 0.000347
10 2.6 0.207 0.000332 0.000196
10.1 2.6 0.201 8.34e-05 6.46e-05
10.2 2.6 0.196 4.62e-05 3.95e-05
10.3 2.6 0.19 3.06e-05 2.84e-05
10.4 2.6 0.185 2.18e-05 2.2e-05
10.5 2.6 0.18 1.58e-05 1.76e-05
10.6 2.6 0.175 5.6e-05 3.4e-05
10.7 2.6 0.17 6e-05 3.16e-05
10.8 2.6 0.165 6.3e-05 2.94e-05
10.9 2.6 0.161 6.53e-05 2.75e-05
11 2.6 0.156 0.00011 5.19e-05
11.1 2.6 0.151 0.000106 5.15e-05
11.2 2.6 0.147 0.000102 5.07e-05
11.3 2.6 0.143 9.73e-05 4.97e-05
11.4 2.6 0.138 9.24e-05 4.84e-05
11.5 2.6 0.134 7.69e-05 5.73e-05
11.6 2.6 0.13 7.24e-05 5.47e-05
11.7 2.6 0.126 6.79e-05 5.2e-05
11.8 2.6 0.122 6.32e-05 4.92e-05
11.9 2.6 0.119 5.84e-05 4.63e-05
12 2.6 0.115 5.36e-05 4.33e-05
12.1 2.6 0.111 4.88e-05 4.03e-05
12.2 2.6 0.108 4.41e-05 3.73e-05
12.3 2.6 0.105 3.93e-05 3.42e-05
12.4 2.6 0.101 2.15e-05 9.07e-06
12.5 2.6 0.098 2.11e-05 9.23e-06
12.6 2.6 0.0948 2.06e-05 9.34e-06
12.7 2.6 0.0918 2.01e-05 9.41e-06
12.8 2.6 0.0888 1.95e-05 9.45e-06
12.9 2.6 0.0859 1.88e-05 9.46e-06
13 2.6 0.0831 1.81e-05 9.46e-06
13.1 2.6 0.0804 1.74e-05 9.44e-06
13.2 2.6 0.0777 1.67e-05 9.43e-06
13.3 2.6 0.0751 1.6e-05 9.43e-06
13.4 2.6 0.0726 1.52e-05 9.45e-06
13.5 2.6 0.0702 1.45e-05 9.52e-06
13.6 2.6 0.0678 1.38e-05 9.66e-06
13.7 2.6 0.0656 1.32e-05 9.92e-06
13.8 2.6 0.0633 1.26e-05 1.04e-05
13.9 2.6 0.0612 1.21e-05 1.11e-05
14 2.6 0.0591 1.19e-05 1.25e-05
14.1 2.6 0.0571 1.21e-05 1.52e-05
14.2 2.6 0.0551 1.38e-05 2.22e-05
14.3 2.6 0.0532 2.69e-05 6.34e-05
14.4 2.6 0.0514 3.88e-05 1.86e-05
14.5 2.6 0.0496 1.15e-05 9.05e-06
14.6 2.6 0.0479 5.72e-06 6.63e-06
14.7 2.6 0.0462 3.35e-06 5.37e-06
14.8 2.6 0.0446 2.15e-06 4.51e-06
14.9 2.6 0.043 1.7e-06 3.86e-06
15 2.6 0.0415 1.41e-06 3.43e-06
15.1 2.6 0.0401 1.09e-06 2.65e-06
15.2 2.6 0.0386 1.12e-06 2.1e-06
15.3 2.6 0.0373 7.31e-07 2.08e-06
15.4 2.6 0.0359 7.29e-07 1.75e-06
15.5 2.6 0.0347 7.56e-07 1.44e-06
15.6 2.6 0.0334 8.01e-07 1.17e-06
15.7 2.6 0.0322 8.57e-07 9.11e-07
15.8 2.6 0.0311 9.2e-07 6.76e-07
15.9 2.6 0.03 9.86e-07 8.09e-07
16 2.6 0.0289 1.13e-06 1.31e-06
16.1 2.6 0.0279 1.14e-06 1.51e-06
16.2 2.6 0.0269 1.15e-06 1.7e-06
16.3 2.6 0.0259 1.16e-06 1.88e-06
16.4 2.6 0.0249 1.16e-06 2.03e-06
16.5 2.6 0.024 1.15e-06 2.17e-06
16.6 2.6 0.0232 1.15e-06 2.29e-06
16.7 2.6 0.0223 1.13e-06 2.4e-06
16.8 2.6 0.0215 1.12e-06 2.49e-06
16.9 2.6 0.0207 1.11e-06 2.57e-06
17 2.6 0.02 1.09e-06 2.64e-06
17.1 2.6 0.0192 1.08e-06 2.7e-06
17.2 2.6 0.0185 1.1e-06 2.75e-06
17.3 2.6 0.0179 1.11e-06 2.79e-06
17.4 2.6 0.0172 1.11e-06 2.81e-06
17.5 2.6 0.0166 1.12e-06 2.83e-06
17.6 2.6 0.016 1.12e-06 2.84e-06
17.7 2.6 0.0154 1.12e-06 2.85e-06
17.8 2.6 0.0148 1.12e-06 2.84e-06
17.9 2.6 0.0143 1.12e-06 2.83e-06
18 2.6 0.0137 1.11e-06 2.82e-06
18.1 2.6 0.0132 1.11e-06 2.8e-06
18.2 2.6 0.0128 1.1e-06 2.77e-06
18.3 2.6 0.0123 1.09e-06 2.75e-06
18.4 2.6 0.0118 1.08e-06 2.71e-06
18.5 2.6 0.0114 1.06e-06 2.68e-06
18.6 2.6 0.011 1.05e-06 2.64e-06
18.7 2.6 0.0106 1.03e-06 2.6e-06
18.8 2.6 0.0102 1.02e-06 2.56e-06
18.9 2.6 0.00979 9.99e-07 2.51e-06
19 2.6 0.00943 9.81e-07 2.46e-06
19.1 2.6 0.00908 9.63e-07 2.42e-06
19.2 2.6 0.00874 9.44e-07 2.37e-06
19.3 2.6 0.00842 9.25e-07 2.32e-06
19.4 2.6 0.0081 9.06e-07 2.27e-06
19.5 2.6 0.0078 8.86e-07 2.21e-06
19.6 2.6 0.00751 8.66e-07 2.16e-06
19.7 2.6 0.00723 8.46e-07 2.11e-06
19.8 2.6 0.00696 8.26e-07 2.06e-06
19.9 2.6 0.0067 8.06e-07 2.01e-06
20 2.6 0.00645 7.85e-07 1.95e-06
20.1 2.6 0.00621 7.65e-07 1.9e-06
20.2 2.6 0.00598 7.45e-07 1.85e-06
20.3 2.6 0.00575 7.26e-07 1.8e-06
20.4 2.6 0.00554 7.06e-07 1.75e-06
20.5 2.6 0.00533 6.87e-07 1.7e-06
20.6 2.6 0.00513 6.68e-07 1.65e-06
20.7 2.6 0.00494 6.49e-07 1.61e-06
20.8 2.6 0.00476 6.3e-07 1.56e-06
20.9 2.6 0.00458 6.12e-07 1.51e-06
21 2.6 0.00441 5.94e-07 1.47e-06
21.1 2.6 0.00424 5.76e-07 1.42e-06
21.2 2.6 0.00408 5.59e-07 1.38e-06
21.3 2.6 0.00393 5.42e-07 1.34e-06
21.4 2.6 0.00378 5.25e-07 1.3e-06
21.5 2.6 0.00364 5.09e-07 1.25e-06
21.6 2.6 0.0035 4.93e-07 1.21e-06
21.7 2.6 0.00337 4.77e-07 1.18e-06
21.8 2.6 0.00325 4.62e-07 1.14e-06
21.9 2.6 0.00312 4.48e-07 1.1e-06
22 2.6 0.00301 4.33e-07 1.07e-06
22.1 2.6 0.00289 4.19e-07 1.03e-06
22.2 2.6 0.00279 4.05e-07 9.96e-07
22.3 2.6 0.00268 3.92e-07 9.63e-07
22.4 2.6 0.00258 3.79e-07 9.31e-07
22.5 2.6 0.00248 3.67e-07 9e-07
22.6 2.6 0.00239 3.54e-07 8.69e-07
22.7 2.6 0.0023 3.42e-07 8.4e-07
22.8 2.6 0.00221 3.31e-07 8.11e-07
22.9 2.6 0.00213 3.2e-07 7.83e-07
23 2.6 0.00205 3.09e-07 7.57e-07
23.1 2.6 0.00197 2.98e-07 7.3e-07
23.2 2.6 0.0019 2.88e-07 7.05e-07
23.3 2.6 0.00183 2.78e-07 6.81e-07
23.4 2.6 0.00176 2.68e-07 6.57e-07
23.5 2.6 0.00169 2.59e-07 6.34e-07
23.6 2.6 0.00163 2.5e-07 6.12e-07
23.7 2.6 0.00157 2.41e-07 5.9e-07
23.8 2.6 0.00151 2.33e-07 5.7e-07
23.9 2.6 0.00145 2.25e-07 5.49e-07
24 2.6 0.0014 2.17e-07 5.3e-07
24.1 2.6 0.00134 2.09e-07 5.11e-07
24.2 2.6 0.00129 2.02e-07 4.93e-07
24.3 2.6 0.00125 1.95e-07 4.75e-07
24.4 2.6 0.0012 1.88e-07 4.58e-07
24.5 2.6 0.00115 1.81e-07 4.42e-07
24.6 2.6 0.00111 1.74e-07 4.26e-07
24.7 2.6 0.00107 1.68e-07 4.11e-07
24.8 2.6 0.00103 1.62e-07 3.96e-07
24.9 2.6 0.000989 1.56e-07 3.82e-07
25 2.6 0.000952 1.51e-07 3.68e-07
25.1 2.6 0.000916 1.45e-07 3.54e-07
25.2 2.6 0.000881 1.4e-07 3.42e-07
25.3 2.6 0.000848 1.35e-07 3.29e-07
25.4 2.6 0.000816 1.3e-07 3.17e-07
25.5 2.6 0.000785 1.25e-07 3.06e-07
25.6 2.6 0.000756 1.21e-07 2.94e-07
25.7 2.6 0.000727 1.16e-07 2.84e-07
25.8 2.6 0.0007 1.12e-07 2.73e-07
25.9 2.6 0.000674 1.08e-07 2.63e-07
26 2.6 0.000648 1.04e-07 2.54e-07
26.1 2.6 0.000624 1e-07 2.44e-07
26.2 2.6 0.0006 9.65e-08 2.35e-07
26.3 2.6 0.000578 9.3e-08 2.27e-07
26.4 2.6 0.000556 8.96e-08 2.18e-07
26.5 2.6 0.000535 8.63e-08 2.1e-07
26.6 2.6 0.000515 8.31e-08 2.02e-07
26.7 2.6 0.000495 8e-08 1.95e-07
26.8 2.6 0.000477 7.71e-08 1.88e-07
26.9 2.6 0.000459 7.42e-08 1.81e-07
27 2.6 0.000441 7.15e-08 1.74e-07
27.1 2.6 0.000425 6.88e-08 1.68e-07
27.2 2.6 0.000409 6.63e-08 1.61e-07
27.3 2.6 0.000393 6.38e-08 1.55e-07
27.4 2.6 0.000379 6.15e-08 1.5e-07
27.5 2.6 0.000364 5.92e-08 1.44e-07
27.6 2.6 0.000351 5.7e-08 1.39e-07
27.7 2.6 0.000337 5.49e-08 1.34e-07
27.8 2.6 0.000325 5.28e-08 1.29e-07
27.9 2.6 0.000312 5.09e-08 1.24e-07
28 2.6 0.000301 4.9e-08 1.19e-07
28.1 2.6 0.000289 4.72e-08 1.15e-07
28.2 2.6 0.000278 4.54e-08 1.11e-07
28.3 2.6 0.000268 4.37e-08 1.06e-07
28.4 2.6 0.000258 4.21e-08 1.02e-07
28.5 2.6 0.000248 4.05e-08 9.86e-08
28.6 2.6 0.000239 3.9e-08 9.49e-08
28.7 2.6 0.00023 3.75e-08 9.14e-08
28.8 2.6 0.000221 3.61e-08 8.8e-08
28.9 2.6 0.000213 3.48e-08 8.47e-08
29 2.6 0.000205 3.35e-08 8.15e-08
29.1 2.6 0.000197 3.22e-08 7.85e-08
29.2 2.6 0.000189 3.1e-08 7.55e-08
29.3 2.6 0.000182 2.99e-08 7.27e-08
29.4 2.6 0.000175 2.88e-08 7e-08
29.5 2.6 0.000169 2.77e-08 6.73e-08
29.6 2.6 0.000162 2.66e-08 6.48e-08
29.7 2.6 0.000156 2.56e-08 6.24e-08
29.8 2.6 0.00015 2.47e-08 6e-08
29.9 2.6 0.000145 2.38e-08 5.78e-08
30 2.6 0.000139 2.29e-08 5.56e-08
30.1 2.6 0.000134 2.2e-08 5.35e-08
30.2 2.6 0.000129 2.12e-08 5.15e-08
30.3 2.6 0.000124 2.04e-08 4.96e-08
30.4 2.6 0.000119 1.96e-08 4.77e-08
30.5 2.6 0.000115 1.89e-08 4.59e-08
30.6 2.6 0.000111 1.82e-08 4.42e-08
30.7 2.6 0.000106 1.75e-08 4.26e-08
30.8 2.6 0.000102 1.68e-08 4.1e-08
30.9 2.6 9.86e-05 1.62e-08 3.94e-08
31 2.6 9.48e-05 1.56e-08 3.79e-08
31.1 2.6 9.13e-05 1.5e-08 3.65e-08
31.2 2.6 8.78e-05 1.44e-08 3.51e-08
31.3 2.6 8.45e-05 1.39e-08 3.38e-08
31.4 2.6 8.13e-05 1.34e-08 3.25e-08
31.5 2.6 7.82e-05 1.29e-08 3.13e-08
31.6 2.6 7.53e-05 1.24e-08 3.01e-08
31.7 2.6 7.25e-05 1.19e-08 2.9e-08
31.8 2.6 6.97e-05 1.15e-08 2.79e-08
31.9 2.6 6.71e-05 1.1e-08 2.69e-08
32 2.6 6.46e-05 1.06e-08 2.59e-08
32.1 2.6 6.21e-05 1.02e-08 2.49e-08
32.2 2.6 5.98e-05 9.85e-09 2.4e-08
32.3 2.6 5.75e-05 9.48e-09 2.3e-08
32.4 2.6 5.54e-05 9.12e-09 2.22e-08
32.5 2.6 5.33e-05 8.78e-09 2.13e-08
32.6 2.6 5.13e-05 8.45e-09 2.05e-08
32.7 2.6 4.93e-05 8.13e-09 1.98e-08
32.8 2.6 4.75e-05 7.82e-09 1.9e-08
32.9 2.6 4.57e-05 7.53e-09 1.83e-08
33 2.6 4.39e-05 7.24e-09 1.76e-08
33.1 2.6 4.23e-05 6.97e-09 1.7e-08
33.2 2.6 4.07e-05 6.71e-09 1.63e-08
33.3 2.6 3.92e-05 6.46e-09 1.57e-08
33.4 2.6 3.77e-05 6.21e-09 1.51e-08
33.5 2.6 3.63e-05 5.98e-09 1.45e-08
33.6 2.6 3.49e-05 5.75e-09 1.4e-08
33.7 2.6 3.36e-05 5.54e-09 1.35e-08
33.8 2.6 3.23e-05 5.33e-09 1.3e-08
33.9 2.6 3.11e-05 5.13e-09 1.25e-08
34 2.6 2.99e-05 4.93e-09 1.2e-08
34.1 2.6 2.88e-05 4.75e-09 1.15e-08
34.2 2.6 2.77e-05 4.57e-09 1.11e-08
34.3 2.6 2.67e-05 4.4e-09 1.07e-08
34.4 2.6 2.56e-05 4.23e-09 1.03e-08
34.5 2.6 2.47e-05 4.07e-09 9.9e-09
34.6 2.6 2.38e-05 3.92e-09 9.53e-09
34.7 2.6 2.29e-05 3.77e-09 9.17e-09
34.8 2.6 2.2e-05 3.63e-09 8.83e-09
34.9 2.6 2.12e-05 3.49e-09 8.49e-09
35 2.6 2.04e-05 3.36e-09 8.17e-09
35.1 2.6 1.96e-05 3.23e-09 7.86e-09
35.2 2.6 1.89e-05 3.11e-09 7.57e-09
35.3 2.6 1.81e-05 2.99e-09 7.28e-09
35.4 2.6 1.75e-05 2.88e-09 7.01e-09
35.5 2.6 1.68e-05 2.77e-09 6.74e-09
35.6 2.6 1.62e-05 2.67e-09 6.49e-09
35.7 2.6 1.56e-05 2.57e-09 6.24e-09
35.8 2.6 1.5e-05 2.47e-09 6.01e-09
35.9 2.6 1.44e-05 2.38e-09 5.78e-09
36 2.6 1.39e-05 2.29e-09 5.56e-09
36.1 2.6 1.33e-05 2.2e-09 5.35e-09
36.2 2.6 1.28e-05 2.12e-09 5.15e-09
36.3 2.6 1.24e-05 2.04e-09 4.96e-09
36.4 2.6 1.19e-05 1.96e-09 4.77e-09
36.5 2.6 1.14e-05 1.89e-09 4.59e-09
36.6 2.6 1.1e-05 1.82e-09 4.42e-09
36.7 2.6 1.06e-05 1.75e-09 4.25e-09
36.8 2.6 1.02e-05 1.68e-09 4.09e-09
36.9 2.6 9.81e-06 1.62e-09 3.94e-09
37 2.6 9.44e-06 1.56e-09 3.79e-09
37.1 2.6 9.08e-06 1.5e-09 3.65e-09
37.2 2.6 8.74e-06 1.44e-09 3.51e-09
37.3 2.6 8.41e-06 1.39e-09 3.38e-09
37.4 2.6 8.09e-06 1.34e-09 3.25e-09
37.5 2.6 7.79e-06 1.29e-09 3.13e-09
37.6 2.6 7.49e-06 1.24e-09 3.01e-09
37.7 2.6 7.21e-06 1.19e-09 2.89e-09
37.8 2.6 6.94e-06 1.15e-09 2.79e-09
37.9 2.6 6.68e-06 1.1e-09 2.68e-09
38 2.6 6.42e-06 1.06e-09 2.58e-09
38.1 2.6 6.18e-06 1.02e-09 2.48e-09
38.2 2.6 5.95e-06 9.82e-10 2.39e-09
38.3 2.6 5.72e-06 9.45e-10 2.3e-09
38.4 2.6 5.51e-06 9.09e-10 2.21e-09
38.5 2.6 5.3e-06 8.75e-10 2.13e-09
38.6 2.6 5.1e-06 8.42e-10 2.05e-09
38.7 2.6 4.91e-06 8.1e-10 1.97e-09
38.8 2.6 4.72e-06 7.8e-10 1.9e-09
38.9 2.6 4.54e-06 7.5e-10 1.82e-09
39 2.6 4.37e-06 7.22e-10 1.76e-09
39.1 2.6 4.21e-06 6.95e-10 1.69e-09
39.2 2.6 4.05e-06 6.69e-10 1.63e-09
39.3 2.6 3.9e-06 6.43e-10 1.56e-09
39.4 2.6 3.75e-06 6.19e-10 1.51e-09
39.5 2.6 3.61e-06 5.96e-10 1.45e-09
39.6 2.6 3.47e-06 5.73e-10 1.39e-09
39.7 2.6 3.34e-06 5.52e-10 1.34e-09
39.8 2.6 3.21e-06 5.31e-10 1.29e-09
39.9 2.6 3.09e-06 5.11e-10 1.24e-09
40 2.6 2.98e-06 4.92e-10 1.2e-09
40.1 2.6 2.86e-06 4.73e-10 1.15e-09
40.2 2.6 2.76e-06 4.55e-10 1.11e-09
40.3 2.6 2.65e-06 4.38e-10 1.06e-09
40.4 2.6 2.55e-06 4.21e-10 1.02e-09
40.5 2.6 2.46e-06 4.06e-10 9.86e-10
40.6 2.6 2.36e-06 3.9e-10 9.49e-10
40.7 2.6 2.27e-06 3.75e-10 9.13e-10
40.8 2.6 2.19e-06 3.61e-10 8.79e-10
40.9 2.6 2.11e-06 3.48e-10 8.46e-10
41 2.6 2.03e-06 3.35e-10 8.14e-10
41.1 2.6 1.95e-06 3.22e-10 7.83e-10
41.2 2.6 1.88e-06 3.1e-10 7.53e-10
41.3 2.6 1.81e-06 2.98e-10 7.25e-10
41.4 2.6 1.74e-06 2.87e-10 6.98e-10
41.5 2.6 1.67e-06 2.76e-10 6.71e-10
41.6 2.6 1.61e-06 2.66e-10 6.46e-10
41.7 2.6 1.55e-06 2.56e-10 6.22e-10
41.8 2.6 1.49e-06 2.46e-10 5.98e-10
41.9 2.6 1.43e-06 2.37e-10 5.76e-10
42 2.6 1.38e-06 2.28e-10 5.54e-10
42.1 2.6 1.33e-06 2.19e-10 5.33e-10
42.2 2.6 1.28e-06 2.11e-10 5.13e-10
42.3 2.6 1.23e-06 2.03e-10 4.94e-10
42.4 2.6 1.18e-06 1.95e-10 4.75e-10
42.5 2.6 1.14e-06 1.88e-10 4.57e-10
42.6 2.6 1.09e-06 1.81e-10 4.4e-10
42.7 2.6 1.05e-06 1.74e-10 4.23e-10
42.8 2.6 1.01e-06 1.67e-10 4.07e-10
42.9 2.6 9.76e-07 1.61e-10 3.92e-10
43 2.6 9.39e-07 1.55e-10 3.77e-10
43.1 2.6 9.03e-07 1.49e-10 3.63e-10
43.2 2.6 8.69e-07 1.44e-10 3.49e-10
43.3 2.6 8.37e-07 1.38e-10 3.36e-10
43.4 2.6 8.05e-07 1.33e-10 3.23e-10
43.5 2.6 7.75e-07 1.28e-10 3.11e-10
43.6 2.6 7.45e-07 1.23e-10 2.99e-10
43.7 2.6 7.17e-07 1.18e-10 2.88e-10
43.8 2.6 6.9e-07 1.14e-10 2.77e-10
43.9 2.6 6.64e-07 1.1e-10 2.67e-10
44 2.6 6.39e-07 1.06e-10 2.57e-10
44.1 2.6 6.15e-07 1.02e-10 2.47e-10
52.5 2.6 2.43e-08 4.01e-12 9.76e-12
52.6 2.6 2.34e-08 3.86e-12 9.39e-12
52.7 2.6 2.25e-08 3.72e-12 9.04e-12
52.8 2.6 2.17e-08 3.58e-12 8.7e-12
52.9 2.6 2.08e-08 3.44e-12 8.37e-12
53 2.6 2.01e-08 3.31e-12 8.05e-12
53.1 2.6 1.93e-08 3.19e-12 7.75e-12
53.2 2.6 1.86e-08 3.07e-12 7.46e-12
53.3 2.6 1.79e-08 2.95e-12 7.18e-12
53.4 2.6 1.72e-08 2.84e-12 6.91e-12
53.5 2.6 1.65e-08 2.73e-12 6.65e-12
53.6 2.6 1.59e-08 2.63e-12 6.39e-12
53.7 2.6 1.53e-08 2.53e-12 6.15e-12
53.8 2.6 1.47e-08 2.44e-12 5.92e-12
53.9 2.6 1.42e-08 2.34e-12 5.7e-12
54 2.6 1.37e-08 2.25e-12 5.48e-12
54.1 2.6 1.31e-08 2.17e-12 5.28e-12
54.2 2.6 1.26e-08 2.09e-12 5.08e-12
54.3 2.6 1.22e-08 2.01e-12 4.89e-12
54.4 2.6 1.17e-08 1.93e-12 4.7e-12
54.5 2.6 1.13e-08 1.86e-12 4.52e-12
54.6 2.6 1.08e-08 1.79e-12 4.35e-12
54.7 2.6 1.04e-08 1.72e-12 4.19e-12
54.8 2.6 1e-08 1.66e-12 4.03e-12
54.9 2.6 9.66e-09 1.59e-12 3.88e-12
55 2.6 9.29e-09 1.53e-12 3.73e-12
55.1 2.6 8.94e-09 1.48e-12 3.59e-12
55.2 2.6 8.6e-09 1.42e-12 3.46e-12
55.3 2.6 8.28e-09 1.37e-12 3.33e-12
55.4 2.6 7.97e-09 1.32e-12 3.2e-12
55.5 2.6 7.67e-09 1.27e-12 3.08e-12
55.6 2.6 7.38e-09 1.22e-12 2.96e-12
55.7 2.6 7.1e-09 1.17e-12 2.85e-12
55.8 2.6 6.83e-09 1.13e-12 2.74e-12
55.9 2.6 6.57e-09 1.09e-12 2.64e-12
56 2.6 6.33e-09 1.04e-12 2.54e-12
56.1 2.6 6.09e-09 1.01e-12 2.44e-12
56.2 2.6 5.86e-09 9.67e-13 2.35e-12
56.3 2.6 5.64e-09 9.31e-13 2.26e-12
56.4 2.6 5.42e-09 8.96e-13 2.18e-12
56.5 2.6 5.22e-09 8.62e-13 2.1e-12
56.6 2.6 5.02e-09 8.29e-13 2.02e-12
56.7 2.6 4.83e-09 7.98e-13 1.94e-12
56.8 2.6 4.65e-09 7.68e-13 1.87e-12
56.9 2.6 4.47e-09 7.39e-13 1.8e-12
57 2.6 4.31e-09 7.11e-13 1.73e-12
57.1 2.6 4.14e-09 6.84e-13 1.66e-12
57.2 2.6 3.99e-09 6.58e-13 1.6e-12
57.3 2.6 3.84e-09 6.34e-13 1.54e-12
57.4 2.6 3.69e-09 6.1e-13 1.48e-12
57.5 2.6 3.55e-09 5.87e-13 1.43e-12
57.6 2.6 3.42e-09 5.65e-13 1.37e-12
57.7 2.6 3.29e-09 5.43e-13 1.32e-12
57.8 2.6 3.17e-09 5.23e-13 1.27e-12
57.9 2.6 3.05e-09 5.03e-13 1.22e-12
58 2.6 2.93e-09 4.84e-13 1.18e-12
58.1 2.6 2.82e-09 4.66e-13 1.13e-12
58.2 2.6 2.71e-09 4.48e-13 1.09e-12
58.3 2.6 2.61e-09 4.31e-13 1.05e-12
58.4 2.6 2.51e-09 4.15e-13 1.01e-12
58.5 2.6 2.42e-09 3.99e-13 9.71e-13
58.6 2.6 2.33e-09 3.84e-13 9.35e-13
58.7 2.6 2.24e-09 3.7e-13 8.99e-13
58.8 2.6 2.15e-09 3.56e-13 8.65e-13
58.9 2.6 2.07e-09 3.42e-13 8.33e-13
59 2.6 2e-09 3.3e-13 8.01e-13
59.1 2.6 1.92e-09 3.17e-13 7.71e-13
59.2 2.6 1.85e-09 3.05e-13 7.42e-13
59.3 2.6 1.78e-09 2.94e-13 7.14e-13
59.4 2.6 1.71e-09 2.83e-13 6.87e-13
59.5 2.6 1.65e-09 2.72e-13 6.61e-13
59.6 2.6 1.58e-09 2.62e-13 6.36e-13
59.7 2.6 1.52e-09 2.52e-13 6.12e-13
59.8 2.6 1.47e-09 2.42e-13 5.89e-13
59.9 2.6 1.41e-09 2.33e-13 5.67e-13
60 2.6 1.36e-09 2.24e-13 5.46e-13
60.1 2.6 1.31e-09 2.16e-13 5.25e-13
60.2 2.6 1.26e-09 2.08e-13 5.05e-13
60.3 2.6 1.21e-09 2e-13 4.86e-13
60.4 2.6 1.16e-09 1.92e-13 4.68e-13
60.5 2.6 1.12e-09 1.85e-13 4.5e-13
60.6 2.6 1.08e-09 1.78e-13 4.33e-13
60.7 2.6 1.04e-09 1.71e-13 4.17e-13
60.8 2.6 9.98e-10 1.65e-13 4.01e-13
60.9 2.6 9.61e-10 1.59e-13 3.86e-13
61 2.6 9.25e-10 1.53e-13 3.71e-13
61.1 2.6 8.9e-10 1.47e-13 3.57e-13
61.2 2.6 8.56e-10 1.41e-13 3.44e-13
61.3 2.6 8.24e-10 1.36e-13 3.31e-13
61.4 2.6 7.93e-10 1.31e-13 3.18e-13
61.5 2.6 7.63e-10 1.26e-13 3.06e-13
61.6 2.6 7.34e-10 1.21e-13 2.95e-13
61.7 2.6 7.06e-10 1.17e-13 2.84e-13
61.8 2.6 6.8e-10 1.12e-13 2.73e-13
61.9 2.6 6.54e-10 1.08e-13 2.63e-13
62 2.6 6.29e-10 1.04e-13 2.53e-13
62.1 2.6 6.06e-10 1e-13 2.43e-13
62.2 2.6 5.83e-10 9.62e-14 2.34e-13
62.3 2.6 5.61e-10 9.26e-14 2.25e-13
62.4 2.6 5.4e-10 8.91e-14 2.17e-13
62.5 2.6 5.19e-10 8.58e-14 2.09e-13
62.6 2.6 5e-10 8.25e-14 2.01e-13
62.7 2.6 4.81e-10 7.94e-14 1.93e-13
62.8 2.6 4.63e-10 7.64e-14 1.86e-13
62.9 2.6 4.45e-10 7.35e-14 1.79e-13
63 2.6 4.28e-10 7.08e-14 1.72e-13
63.1 2.6 4.12e-10 6.81e-14 1.66e-13
63.2 2.6 3.97e-10 6.55e-14 1.59e-13
63.3 2.6 3.82e-10 6.3e-14 1.53e-13
63.4 2.6 3.67e-10 6.07e-14 1.48e-13
63.5 2.6 3.53e-10 5.84e-14 1.42e-13
63.6 2.6 3.4e-10 5.62e-14 1.37e-13
63.7 2.6 3.27e-10 5.41e-14 1.31e-13
63.8 2.6 3.15e-10 5.2e-14 1.26e-13
63.9 2.6 3.03e-10 5e-14 1.22e-13
64 2.6 2.92e-10 4.82e-14 1.17e-13
64.1 2.6 2.81e-10 4.63e-14 1.13e-13
64.2 2.6 2.7e-10 4.46e-14 1.08e-13
64.3 2.6 2.6e-10 4.29e-14 1.04e-13
64.4 2.6 2.5e-10 4.13e-14 1e-13
64.5 2.6 2.41e-10 3.97e-14 9.66e-14
64.6 2.6 2.32e-10 3.82e-14 9.3e-14
64.7 2.6 2.23e-10 3.68e-14 8.95e-14
64.8 2.6 2.14e-10 3.54e-14 8.61e-14
64.9 2.6 2.06e-10 3.41e-14 8.29e-14
65 2.6 1.99e-10 3.28e-14 7.97e-14
65.1 2.6 1.91e-10 3.15e-14 7.67e-14
65.2 2.6 1.84e-10 3.04e-14 7.38e-14
65.3 2.6 1.77e-10 2.92e-14 7.1e-14
65.4 2.6 1.7e-10 2.81e-14 6.84e-14
65.5 2.6 1.64e-10 2.7e-14 6.58e-14
65.6 2.6 1.58e-10 2.6e-14 6.33e-14
65.7 2.6 1.52e-10 2.51e-14 6.09e-14
65.8 2.6 1.46e-10 2.41e-14 5.86e-14
65.9 2.6 1.4e-10 2.32e-14 5.64e-14
66 2.6 1.35e-10 2.23e-14 5.43e-14
66.1 2.6 1.3e-10 2.15e-14 5.22e-14
66.2 2.6 1.25e-10 2.07e-14 5.03e-14
66.3 2.6 1.2e-10 1.99e-14 4.84e-14
66.4 2.6 1.16e-10 1.91e-14 4.65e-14
66.5 2.6 1.11e-10 1.84e-14 4.48e-14
66.6 2.6 1.07e-10 1.77e-14 4.31e-14
66.7 2.6 1.03e-10 1.71e-14 4.15e-14
72.8 2.6 9.88e-12 1.63e-15 3.97e-15
72.9 2.6 9.51e-12 1.57e-15 3.82e-15
73 2.6 9.15e-12 1.51e-15 3.68e-15
73.1 2.6 8.81e-12 1.45e-15 3.54e-15
73.2 2.6 8.47e-12 1.4e-15 3.4e-15
73.3 2.6 8.15e-12 1.35e-15 3.27e-15
73.4 2.6 7.85e-12 1.3e-15 3.15e-15
73.5 2.6 7.55e-12 1.25e-15 3.03e-15
73.6 2.6 7.27e-12 1.2e-15 2.92e-15
73.7 2.6 6.99e-12 1.15e-15 2.81e-15
73.8 2.6 6.73e-12 1.11e-15 2.7e-15
73.9 2.6 6.47e-12 1.07e-15 2.6e-15
74 2.6 6.23e-12 1.03e-15 2.5e-15
74.1 2.6 5.99e-12 9.9e-16 2.41e-15
74.2 2.6 5.77e-12 9.53e-16 2.32e-15
74.3 2.6 5.55e-12 9.17e-16 2.23e-15
74.4 2.6 5.34e-12 8.82e-16 2.15e-15
74.5 2.6 5.14e-12 8.49e-16 2.06e-15
74.6 2.6 4.95e-12 8.17e-16 1.99e-15
74.7 2.6 4.76e-12 7.86e-16 1.91e-15
74.8 2.6 4.58e-12 7.56e-16 1.84e-15
74.9 2.6 4.41e-12 7.28e-16 1.77e-15
75 2.6 4.24e-12 7e-16 1.7e-15
75.1 2.6 4.08e-12 6.74e-16 1.64e-15
75.2 2.6 3.93e-12 6.48e-16 1.58e-15
75.3 2.6 3.78e-12 6.24e-16 1.52e-15
75.4 2.6 3.64e-12 6e-16 1.46e-15
75.5 2.6 3.5e-12 5.78e-16 1.41e-15
75.6 2.6 3.37e-12 5.56e-16 1.35e-15
75.7 2.6 3.24e-12 5.35e-16 1.3e-15
75.8 2.6 3.12e-12 5.15e-16 1.25e-15
75.9 2.6 3e-12 4.95e-16 1.2e-15
76 2.6 2.89e-12 4.77e-16 1.16e-15
76.1 2.6 2.78e-12 4.59e-16 1.12e-15
76.2 2.6 2.67e-12 4.41e-16 1.07e-15
76.3 2.6 2.57e-12 4.25e-16 1.03e-15
76.4 2.6 2.48e-12 4.09e-16 9.94e-16
76.5 2.6 2.38e-12 3.93e-16 9.57e-16
76.6 2.6 2.29e-12 3.78e-16 9.2e-16
76.7 2.6 2.21e-12 3.64e-16 8.86e-16
76.8 2.6 2.12e-12 3.5e-16 8.52e-16
76.9 2.6 2.04e-12 3.37e-16 8.2e-16
77 2.6 1.96e-12 3.25e-16 7.89e-16
77.1 2.6 1.89e-12 3.12e-16 7.59e-16
77.2 2.6 1.82e-12 3.01e-16 7.31e-16
77.3 2.6 1.75e-12 2.89e-16 7.03e-16
77.4 2.6 1.68e-12 2.78e-16 6.77e-16
77.5 2.6 1.62e-12 2.68e-16 6.51e-16
77.6 2.6 1.56e-12 2.58e-16 6.27e-16
77.7 2.6 1.5e-12 2.48e-16 6.03e-16
77.8 2.6 1.44e-12 2.39e-16 5.8e-16
77.9 2.6 1.39e-12 2.3e-16 5.58e-16
78 2.6 1.34e-12 2.21e-16 5.37e-16
78.1 2.6 1.29e-12 2.13e-16 5.17e-16
78.2 2.6 1.24e-12 2.05e-16 4.97e-16
78.3 2.6 1.19e-12 1.97e-16 4.79e-16
78.4 2.6 1.15e-12 1.89e-16 4.61e-16
78.5 2.6 1.1e-12 1.82e-16 4.43e-16
78.6 2.6 1.06e-12 1.75e-16 4.26e-16
78.7 2.6 1.02e-12 1.69e-16 4.1e-16
78.8 2.6 9.83e-13 1.62e-16 3.95e-16
78.9 2.6 9.46e-13 1.56e-16 3.8e-16
79 2.6 9.11e-13 1.5e-16 3.66e-16
79.1 2.6 8.76e-13 1.45e-16 3.52e-16
79.2 2.6 8.43e-13 1.39e-16 3.39e-16
79.3 2.6 8.11e-13 1.34e-16 3.26e-16
79.4 2.6 7.81e-13 1.29e-16 3.14e-16
79.5 2.6 7.51e-13 1.24e-16 3.02e-16
79.6 2.6 7.23e-13 1.19e-16 2.9e-16
79.7 2.6 6.96e-13 1.15e-16 2.79e-16
79.8 2.6 6.69e-13 1.11e-16 2.69e-16
79.9 2.6 6.44e-13 1.06e-16 2.59e-16
80 2.6 6.2e-13 1.02e-16 2.49e-16
80.1 2.6 5.96e-13 9.85e-17 2.4e-16
80.2 2.6 5.74e-13 9.48e-17 2.3e-16
80.3 2.6 5.52e-13 9.12e-17 2.22e-16
80.4 2.6 5.31e-13 8.78e-17 2.13e-16
80.5 2.6 5.11e-13 8.44e-17 2.05e-16
80.6 2.6 4.92e-13 8.13e-17 1.98e-16
80.7 2.6 4.74e-13 7.82e-17 1.9e-16
80.8 2.6 4.56e-13 7.52e-17 1.83e-16
80.9 2.6 4.38e-13 7.24e-17 1.76e-16
81 2.6 4.22e-13 6.97e-17 1.69e-16
81.1 2.6 4.06e-13 6.7e-17 1.63e-16
81.2 2.6 3.91e-13 6.45e-17 1.57e-16
81.3 2.6 3.76e-13 6.21e-17 1.51e-16
81.4 2.6 3.62e-13 5.97e-17 1.45e-16
81.5 2.6 3.48e-13 5.75e-17 1.4e-16
81.6 2.6 3.35e-13 5.53e-17 1.35e-16
81.7 2.6 3.22e-13 5.32e-17 1.29e-16
81.8 2.6 3.1e-13 5.12e-17 1.25e-16
81.9 2.6 2.98e-13 4.93e-17 1.2e-16
82 2.6 2.87e-13 4.74e-17 1.15e-16
82.1 2.6 2.76e-13 4.56e-17 1.11e-16
82.2 2.6 2.66e-13 4.39e-17 1.07e-16
82.3 2.6 2.56e-13 4.23e-17 1.03e-16
82.4 2.6 2.46e-13 4.07e-17 9.89e-17
82.5 2.6 2.37e-13 3.91e-17 9.52e-17
82.6 2.6 2.28e-13 3.77e-17 9.16e-17
82.7 2.6 2.19e-13 3.62e-17 8.81e-17
82.8 2.6 2.11e-13 3.49e-17 8.48e-17
82.9 2.6 2.03e-13 3.36e-17 8.16e-17
83 2.6 1.95e-13 3.23e-17 7.85e-17
83.1 2.6 1.88e-13 3.11e-17 7.56e-17
83.2 2.6 1.81e-13 2.99e-17 7.27e-17
83.3 2.6 1.74e-13 2.88e-17 7e-17
83.4 2.6 1.68e-13 2.77e-17 6.73e-17
83.5 2.6 1.61e-13 2.66e-17 6.48e-17
83.6 2.6 1.55e-13 2.56e-17 6.23e-17
83.7 2.6 1.49e-13 2.47e-17 6e-17
83.8 2.6 1.44e-13 2.37e-17 5.77e-17
83.9 2.6 1.38e-13 2.28e-17 5.55e-17
84 2.6 1.33e-13 2.2e-17 5.34e-17
84.1 2.6 1.28e-13 2.11e-17 5.14e-17
84.2 2.6 1.23e-13 2.03e-17 4.95e-17
84.3 2.6 1.19e-13 1.96e-17 4.76e-17
84.4 2.6 1.14e-13 1.88e-17 4.58e-17
84.5 2.6 1.1e-13 1.81e-17 4.41e-17
84.6 2.6 1.06e-13 1.74e-17 4.24e-17
84.7 2.6 1.02e-13 1.68e-17 4.08e-17
84.8 2.6 9.78e-14 1.62e-17 3.93e-17
84.9 2.6 9.41e-14 1.55e-17 3.78e-17
85 2.6 9.06e-14 1.5e-17 3.64e-17
85.1 2.6 8.72e-14 1.44e-17 3.5e-17
85.2 2.6 8.39e-14 1.39e-17 3.37e-17
85.3 2.6 8.07e-14 1.33e-17 3.24e-17
85.4 2.6 7.77e-14 1.28e-17 3.12e-17
85.5 2.6 7.47e-14 1.23e-17 3e-17
85.6 2.6 7.19e-14 1.19e-17 2.89e-17
85.7 2.6 6.92e-14 1.14e-17 2.78e-17
85.8 2.6 6.66e-14 1.1e-17 2.67e-17
85.9 2.6 6.41e-14 1.06e-17 2.57e-17
86 2.6 6.17e-14 1.02e-17 2.48e-17
86.1 2.6 5.93e-14 9.8e-18 2.38e-17
86.2 2.6 5.71e-14 9.43e-18 2.29e-17
86.3 2.6 5.49e-14 9.07e-18 2.21e-17
86.4 2.6 5.29e-14 8.73e-18 2.12e-17
86.5 2.6 5.09e-14 8.4e-18 2.04e-17
86.6 2.6 4.9e-14 8.08e-18 1.97e-17
86.7 2.6 4.71e-14 7.78e-18 1.89e-17
86.8 2.6 4.53e-14 7.49e-18 1.82e-17
86.9 2.6 4.36e-14 7.2e-18 1.75e-17
87 2.6 4.2e-14 6.93e-18 1.69e-17
87.1 2.6 4.04e-14 6.67e-18 1.62e-17
87.2 2.6 3.89e-14 6.42e-18 1.56e-17
87.3 2.6 3.74e-14 6.18e-18 1.5e-17
87.4 2.6 3.6e-14 5.94e-18 1.45e-17
87.5 2.6 3.46e-14 5.72e-18 1.39e-17
87.6 2.6 3.33e-14 5.5e-18 1.34e-17
87.7 2.6 3.21e-14 5.3e-18 1.29e-17
87.8 2.6 3.09e-14 5.1e-18 1.24e-17
87.9 2.6 2.97e-14 4.9e-18 1.19e-17
88 2.6 2.86e-14 4.72e-18 1.15e-17
88.1 2.6 2.75e-14 4.54e-18 1.1e-17
88.2 2.6 2.65e-14 4.37e-18 1.06e-17
88.3 2.6 2.55e-14 4.2e-18 1.02e-17
88.4 2.6 2.45e-14 4.05e-18 9.84e-18
88.5 2.6 2.36e-14 3.89e-18 9.47e-18
88.6 2.6 2.27e-14 3.75e-18 9.11e-18
88.7 2.6 2.18e-14 3.61e-18 8.77e-18
88.8 2.6 2.1e-14 3.47e-18 8.44e-18
88.9 2.6 2.02e-14 3.34e-18 8.12e-18
89 2.6 1.95e-14 3.21e-18 7.81e-18
89.1 2.6 1.87e-14 3.09e-18 7.52e-18
89.2 2.6 1.8e-14 2.97e-18 7.23e-18
89.3 2.6 1.73e-14 2.86e-18 6.96e-18
89.4 2.6 1.67e-14 2.75e-18 6.7e-18
89.5 2.6 1.6e-14 2.65e-18 6.44e-18
89.6 2.6 1.54e-14 2.55e-18 6.2e-18
89.7 2.6 1.49e-14 2.45e-18 5.97e-18
89.8 2.6 1.43e-14 2.36e-18 5.74e-18
89.9 2.6 1.38e-14 2.27e-18 5.53e-18
90 2.6 1.32e-14 2.19e-18 5.32e-18
90.1 2.6 1.27e-14 2.1e-18 5.12e-18
90.2 2.6 1.23e-14 2.02e-18 4.92e-18
90.3 2.6 1.18e-14 1.95e-18 4.74e-18
90.4 2.6 1.14e-14 1.87e-18 4.56e-18
90.5 2.6 1.09e-14 1.8e-18 4.39e-18
90.6 2.6 1.05e-14 1.74e-18 4.22e-18
90.7 2.6 1.01e-14 1.67e-18 4.06e-18
90.8 2.6 9.73e-15 1.61e-18 3.91e-18
90.9 2.6 9.37e-15 1.55e-18 3.76e-18
91 2.6 9.01e-15 1.49e-18 3.62e-18
91.1 2.6 8.67e-15 1.43e-18 3.48e-18
91.2 2.6 8.35e-15 1.38e-18 3.35e-18
91.3 2.6 8.03e-15 1.33e-18 3.23e-18
91.4 2.6 7.73e-15 1.28e-18 3.1e-18
91.5 2.6 7.44e-15 1.23e-18 2.99e-18
91.6 2.6 7.16e-15 1.18e-18 2.87e-18
91.7 2.6 6.89e-15 1.14e-18 2.77e-18
91.8 2.6 6.63e-15 1.09e-18 2.66e-18
91.9 2.6 6.38e-15 1.05e-18 2.56e-18
92 2.6 6.13e-15 1.01e-18 2.46e-18
92.1 2.6 5.9e-15 9.75e-19 2.37e-18
92.2 2.6 5.68e-15 9.38e-19 2.28e-18
92.3 2.6 5.47e-15 9.03e-19 2.2e-18
92.4 2.6 5.26e-15 8.69e-19 2.11e-18
92.5 2.6 5.06e-15 8.36e-19 2.03e-18
92.6 2.6 4.87e-15 8.04e-19 1.96e-18
92.7 2.6 4.69e-15 7.74e-19 1.88e-18
92.8 2.6 4.51e-15 7.45e-19 1.81e-18
92.9 2.6 4.34e-15 7.17e-19 1.74e-18
93 2.6 4.18e-15 6.9e-19 1.68e-18
93.1 2.6 4.02e-15 6.64e-19 1.61e-18
93.2 2.6 3.87e-15 6.39e-19 1.55e-18
93.3 2.6 3.72e-15 6.15e-19 1.49e-18
93.4 2.6 3.58e-15 5.91e-19 1.44e-18
93.5 2.6 3.45e-15 5.69e-19 1.38e-18
93.6 2.6 3.32e-15 5.48e-19 1.33e-18
93.7 2.6 3.19e-15 5.27e-19 1.28e-18
93.8 2.6 3.07e-15 5.07e-19 1.23e-18
93.9 2.6 2.95e-15 4.88e-19 1.19e-18
94 2.6 2.84e-15 4.69e-19 1.14e-18
94.1 2.6 2.74e-15 4.52e-19 1.1e-18
94.2 2.6 2.63e-15 4.35e-19 1.06e-18
94.3 2.6 2.53e-15 4.18e-19 1.02e-18
94.4 2.6 2.44e-15 4.03e-19 9.79e-19
94.5 2.6 2.35e-15 3.87e-19 9.42e-19
94.6 2.6 2.26e-15 3.73e-19 9.06e-19
94.7 2.6 2.17e-15 3.59e-19 8.72e-19
94.8 2.6 2.09e-15 3.45e-19 8.39e-19
94.9 2.6 2.01e-15 3.32e-19 8.08e-19
95 2.6 1.94e-15 3.2e-19 7.77e-19
95.1 2.6 1.86e-15 3.08e-19 7.48e-19
95.2 2.6 1.79e-15 2.96e-19 7.2e-19
95.3 2.6 1.72e-15 2.85e-19 6.92e-19
95.4 2.6 1.66e-15 2.74e-19 6.66e-19
95.5 2.6 1.6e-15 2.64e-19 6.41e-19
95.6 2.6 1.54e-15 2.54e-19 6.17e-19
95.7 2.6 1.48e-15 2.44e-19 5.94e-19
95.8 2.6 1.42e-15 2.35e-19 5.71e-19
95.9 2.6 1.37e-15 2.26e-19 5.5e-19
96 2.6 1.32e-15 2.17e-19 5.29e-19
96.1 2.6 1.27e-15 2.09e-19 5.09e-19
96.2 2.6 1.22e-15 2.01e-19 4.9e-19
96.3 2.6 1.17e-15 1.94e-19 4.71e-19
96.4 2.6 1.13e-15 1.87e-19 4.54e-19
96.5 2.6 1.09e-15 1.8e-19 4.36e-19
96.6 2.6 1.05e-15 1.73e-19 4.2e-19
96.7 2.6 1.01e-15 1.66e-19 4.04e-19
96.8 2.6 9.68e-16 1.6e-19 3.89e-19
96.9 2.6 9.32e-16 1.54e-19 3.74e-19
97 2.6 8.97e-16 1.48e-19 3.6e-19
97.1 2.6 8.63e-16 1.42e-19 3.47e-19
97.2 2.6 8.3e-16 1.37e-19 3.33e-19
97.3 2.6 7.99e-16 1.32e-19 3.21e-19
97.4 2.6 7.69e-16 1.27e-19 3.09e-19
97.5 2.6 7.4e-16 1.22e-19 2.97e-19
97.6 2.6 7.12e-16 1.18e-19 2.86e-19
97.7 2.6 6.85e-16 1.13e-19 2.75e-19
97.8 2.6 6.59e-16 1.09e-19 2.65e-19
97.9 2.6 6.34e-16 1.05e-19 2.55e-19
98 2.6 6.1e-16 1.01e-19 2.45e-19
98.1 2.6 5.87e-16 9.7e-20 2.36e-19
98.2 2.6 5.65e-16 9.33e-20 2.27e-19
98.3 2.6 5.44e-16 8.98e-20 2.18e-19
98.4 2.6 5.23e-16 8.64e-20 2.1e-19
98.5 2.6 5.04e-16 8.32e-20 2.02e-19
98.6 2.6 4.85e-16 8e-20 1.95e-19
98.7 2.6 4.66e-16 7.7e-20 1.87e-19
98.8 2.6 4.49e-16 7.41e-20 1.8e-19
98.9 2.6 4.32e-16 7.13e-20 1.73e-19
99 2.6 4.15e-16 6.86e-20 1.67e-19
99.1 2.6 4e-16 6.6e-20 1.61e-19
99.2 2.6 3.85e-16 6.35e-20 1.55e-19
99.3 2.6 3.7e-16 6.11e-20 1.49e-19
99.4 2.6 3.56e-16 5.88e-20 1.43e-19
99.5 2.6 3.43e-16 5.66e-20 1.38e-19
99.6 2.6 3.3e-16 5.45e-20 1.32e-19
99.7 2.6 3.17e-16 5.24e-20 1.27e-19
99.8 2.6 3.05e-16 5.04e-20 1.23e-19
99.9 2.6 2.94e-16 4.85e-20 1.18e-19
