-25 3.4 0.00165 4.97e-08 1.3e-07
-24.9 3.4 0.0017 5.11e-08 1.33e-07
-24.8 3.4 0.00175 5.24e-08 1.37e-07
-24.7 3.4 0.0018 5.39e-08 1.41e-07
-24.6 3.4 0.00185 5.53e-08 1.45e-07
-24.5 3.4 0.00191 5.69e-08 1.49e-07
-24.4 3.4 0.00197 5.84e-08 1.53e-07
-24.3 3.4 0.00202 6e-08 1.57e-07
-24.2 3.4 0.00208 6.16e-08 1.61e-07
-24.1 3.4 0.00215 6.33e-08 1.66e-07
-24 3.4 0.00221 6.5e-08 1.7e-07
-23.9 3.4 0.00228 6.67e-08 1.75e-07
-23.8 3.4 0.00234 6.84e-08 1.8e-07
-23.7 3.4 0.00241 7.03e-08 1.84e-07
-23.6 3.4 0.00249 7.21e-08 1.89e-07
-23.5 3.4 0.00256 7.4e-08 1.95e-07
-23.4 3.4 0.00264 7.6e-08 2e-07
-23.3 3.4 0.00271 7.79e-08 2.05e-07
-23.2 3.4 0.00279 7.99e-08 2.1e-07
-23.1 3.4 0.00288 8.2e-08 2.16e-07
-23 3.4 0.00296 8.42e-08 2.22e-07
-22.9 3.4 0.00305 8.63e-08 2.27e-07
-22.8 3.4 0.00314 8.85e-08 2.33e-07
-22.7 3.4 0.00323 9.08e-08 2.39e-07
-22.6 3.4 0.00333 9.31e-08 2.46e-07
-22.5 3.4 0.00343 9.54e-08 2.52e-07
-22.4 3.4 0.00353 9.78e-08 2.58e-07
-22.3 3.4 0.00364 1e-07 2.65e-07
-22.2 3.4 0.00374 1.03e-07 2.71e-07
-22.1 3.4 0.00386 1.05e-07 2.78e-07
-22 3.4 0.00397 1.08e-07 2.85e-07
-21.9 3.4 0.00409 1.1e-07 2.92e-07
-21.8 3.4 0.00421 1.13e-07 3e-07
-21.7 3.4 0.00433 1.16e-07 3.07e-07
-21.6 3.4 0.00446 1.18e-07 3.14e-07
-21.5 3.4 0.0046 1.21e-07 3.22e-07
-21.4 3.4 0.00473 1.24e-07 3.29e-07
-21.3 3.4 0.00487 1.27e-07 3.37e-07
-21.2 3.4 0.00502 1.3e-07 3.45e-07
-21.1 3.4 0.00516 1.33e-07 3.53e-07
-21 3.4 0.00532 1.36e-07 3.61e-07
-20.9 3.4 0.00548 1.39e-07 3.7e-07
-20.8 3.4 0.00564 1.42e-07 3.78e-07
-20.7 3.4 0.0058 1.45e-07 3.86e-07
-20.6 3.4 0.00598 1.48e-07 3.95e-07
-20.5 3.4 0.00615 1.51e-07 4.03e-07
-20.4 3.4 0.00633 1.54e-07 4.12e-07
-20.3 3.4 0.00652 1.57e-07 4.21e-07
-20.2 3.4 0.00672 1.6e-07 4.3e-07
-20.1 3.4 0.00691 1.63e-07 4.39e-07
-20 3.4 0.00712 1.67e-07 4.47e-07
-19.9 3.4 0.00733 1.7e-07 4.56e-07
-19.8 3.4 0.00754 1.73e-07 4.65e-07
-19.7 3.4 0.00777 1.76e-07 4.74e-07
-19.6 3.4 0.008 1.79e-07 4.83e-07
-19.5 3.4 0.00823 1.82e-07 4.92e-07
-19.4 3.4 0.00848 1.85e-07 5.01e-07
-19.3 3.4 0.00873 1.89e-07 5.1e-07
-19.2 3.4 0.00898 1.91e-07 5.19e-07
-19.1 3.4 0.00925 1.95e-07 5.28e-07
-19 3.4 0.00952 1.97e-07 5.36e-07
-18.9 3.4 0.0098 2e-07 5.45e-07
-18.8 3.4 0.0101 2.03e-07 5.53e-07
-18.7 3.4 0.0104 2.06e-07 5.61e-07
-18.6 3.4 0.0107 2.08e-07 5.69e-07
-18.5 3.4 0.011 2.11e-07 5.77e-07
-18.4 3.4 0.0113 2.13e-07 5.84e-07
-18.3 3.4 0.0117 2.15e-07 5.91e-07
-18.2 3.4 0.012 2.18e-07 5.97e-07
-18.1 3.4 0.0124 2.2e-07 6.05e-07
-18 3.4 0.0127 2.21e-07 6.11e-07
-17.9 3.4 0.0131 2.23e-07 6.16e-07
-17.8 3.4 0.0135 2.25e-07 6.21e-07
-17.7 3.4 0.0139 2.26e-07 6.26e-07
-17.6 3.4 0.0143 2.27e-07 6.31e-07
-17.5 3.4 0.0147 2.28e-07 6.34e-07
-17.4 3.4 0.0151 2.28e-07 6.36e-07
-17.3 3.4 0.0156 2.28e-07 6.39e-07
-17.2 3.4 0.016 2.29e-07 6.4e-07
-17.1 3.4 0.0165 2.29e-07 6.4e-07
-17 3.4 0.017 2.28e-07 6.4e-07
-16.9 3.4 0.0175 2.28e-07 6.39e-07
-16.8 3.4 0.018 2.31e-07 6.37e-07
-16.7 3.4 0.0185 2.34e-07 6.33e-07
-16.6 3.4 0.019 2.36e-07 6.29e-07
-16.5 3.4 0.0196 2.38e-07 6.23e-07
-16.4 3.4 0.0201 2.4e-07 6.16e-07
-16.3 3.4 0.0207 2.42e-07 6.07e-07
-16.2 3.4 0.0213 2.43e-07 5.97e-07
-16.1 3.4 0.0219 2.43e-07 5.86e-07
-16 3.4 0.0226 2.45e-07 5.73e-07
-15.9 3.4 0.0232 2.45e-07 5.58e-07
-15.8 3.4 0.0239 2.44e-07 5.42e-07
-15.7 3.4 0.0246 2.43e-07 5.24e-07
-15.6 3.4 0.0253 2.43e-07 5.03e-07
-15.5 3.4 0.026 2.41e-07 4.81e-07
-15.4 3.4 0.0268 2.39e-07 4.57e-07
-15.3 3.4 0.0275 2.35e-07 4.3e-07
-15.2 3.4 0.0283 2.32e-07 4.01e-07
-15.1 3.4 0.0291 2.28e-07 3.7e-07
-15 3.4 0.03 2.22e-07 3.37e-07
-14.9 3.4 0.0308 2.16e-07 3e-07
-14.8 3.4 0.0317 2.08e-07 2.62e-07
-14.7 3.4 0.0326 1.57e-07 1.69e-07
-14.6 3.4 0.0335 2.87e-07 5.63e-07
-14.5 3.4 0.0345 2.5e-07 4.56e-07
-14.4 3.4 0.0355 2.13e-07 3.41e-07
-14.3 3.4 0.0365 1.77e-07 2.2e-07
-14.2 3.4 0.0375 1.4e-07 1.8e-07
-14.1 3.4 0.0386 1.08e-07 2.58e-07
-14 3.4 0.0397 1.85e-07 3.44e-07
-13.9 3.4 0.0408 1.64e-07 3.84e-07
-13.8 3.4 0.0419 2.03e-07 4.53e-07
-13.7 3.4 0.0431 2.32e-07 5.38e-07
-13.6 3.4 0.0443 3.82e-07 6.49e-07
-13.5 3.4 0.0456 7.08e-07 8.23e-07
-13.4 3.4 0.0468 1.68e-06 1.21e-06
-13.3 3.4 0.0481 1.55e-05 5.89e-06
-13.2 3.4 0.0495 1.96e-06 3.58e-06
-13.1 3.4 0.0508 1.51e-06 1.96e-06
-13 3.4 0.0523 1.45e-06 1.51e-06
-12.9 3.4 0.0537 1.49e-06 1.32e-06
-12.8 3.4 0.0552 1.56e-06 1.22e-06
-12.7 3.4 0.0567 1.65e-06 1.17e-06
-12.6 3.4 0.0583 1.75e-06 1.15e-06
-12.5 3.4 0.0599 1.86e-06 1.15e-06
-12.4 3.4 0.0615 1.98e-06 1.16e-06
-12.3 3.4 0.0632 2.1e-06 1.17e-06
-12.2 3.4 0.0649 2.23e-06 1.2e-06
-12.1 3.4 0.0666 2.36e-06 1.22e-06
-12 3.4 0.0684 2.5e-06 1.25e-06
-11.9 3.4 0.0703 2.64e-06 1.28e-06
-11.8 3.4 0.0722 2.78e-06 1.31e-06
-11.7 3.4 0.0741 2.92e-06 1.35e-06
-11.6 3.4 0.0761 3.06e-06 1.38e-06
-11.5 3.4 0.0781 3.21e-06 1.41e-06
-11.4 3.4 0.0802 3.35e-06 1.45e-06
-11.3 3.4 0.0823 3.5e-06 1.48e-06
-11.2 3.4 0.0845 3.64e-06 1.51e-06
-11.1 3.4 0.0867 3.78e-06 1.53e-06
-11 3.4 0.089 3.92e-06 1.56e-06
-10.9 3.4 0.0913 4.05e-06 1.58e-06
-10.8 3.4 0.0937 4.18e-06 1.6e-06
-10.7 3.4 0.0961 4.31e-06 1.61e-06
-10.6 3.4 0.0986 4.42e-06 1.62e-06
-10.5 3.4 0.101 4.53e-06 1.63e-06
-10.4 3.4 0.104 4.64e-06 1.63e-06
-10.3 3.4 0.106 4.73e-06 1.67e-06
-10.2 3.4 0.109 4.81e-06 1.79e-06
-10.1 3.4 0.112 4.88e-06 1.89e-06
-10 3.4 0.115 4.94e-06 2.01e-06
-9.9 3.4 0.118 9.56e-06 8.21e-06
-9.8 3.4 0.121 1.07e-05 8.93e-06
-9.7 3.4 0.124 1.18e-05 9.65e-06
-9.6 3.4 0.127 1.3e-05 1.04e-05
-9.5 3.4 0.13 1.42e-05 1.11e-05
-9.4 3.4 0.133 1.53e-05 1.18e-05
-9.3 3.4 0.136 1.64e-05 1.25e-05
-9.2 3.4 0.139 1.76e-05 1.31e-05
-9.1 3.4 0.143 1.87e-05 1.38e-05
-9 3.4 0.146 2.25e-05 1.16e-05
-8.9 3.4 0.15 2.38e-05 1.2e-05
-8.8 3.4 0.153 2.5e-05 1.23e-05
-8.7 3.4 0.157 2.61e-05 1.25e-05
-8.6 3.4 0.161 2.71e-05 1.27e-05
-8.5 3.4 0.164 1.56e-05 6.72e-06
-8.4 3.4 0.168 1.49e-05 7.32e-06
-8.3 3.4 0.172 3.45e-06 6.18e-06
-8.2 3.4 0.176 5.34e-06 7.48e-06
-8.1 3.4 0.18 9.38e-06 1.01e-05
-8 3.4 0.184 2.48e-05 1.88e-05
-7.9 3.4 0.188 0.000131 0.000129
-7.8 3.4 0.192 1.87e-05 2.15e-05
-7.7 3.4 0.197 1.04e-05 8.83e-06
-7.6 3.4 0.201 6.92e-06 6.04e-06
-7.5 3.4 0.205 5.36e-06 4.37e-06
-7.4 3.4 0.21 4.27e-06 3.34e-06
-7.3 3.4 0.214 3.42e-06 2.61e-06
-7.2 3.4 0.219 2.71e-06 2.04e-06
-7.1 3.4 0.223 2.09e-06 1.59e-06
-7 3.4 0.228 1.53e-06 1.22e-06
-6.9 3.4 0.233 1.02e-06 9.05e-07
-6.8 3.4 0.238 5.35e-07 6.55e-07
-6.7 3.4 0.242 3.32e-07 4.68e-07
-6.6 3.4 0.247 3.8e-07 3.7e-07
-6.5 3.4 0.252 7.22e-07 6.38e-07
-6.4 3.4 0.257 1.09e-06 8.93e-07
-6.3 3.4 0.262 1.5e-06 1.14e-06
-6.2 3.4 0.267 2.09e-06 2.38e-06
-6.1 3.4 0.273 3.32e-06 5.78e-06
-6 3.4 0.278 9.74e-06 2.51e-05
-5.9 3.4 0.283 2.9e-05 1.29e-05
-5.8 3.4 0.288 1.26e-05 7.52e-06
-5.7 3.4 0.294 9.69e-06 6.31e-06
-5.6 3.4 0.299 9.31e-06 7.52e-06
-5.5 3.4 0.304 1.34e-05 2.19e-05
-5.4 3.4 0.31 3.16e-05 1.82e-05
-5.3 3.4 0.315 1.06e-05 1.14e-05
-5.2 3.4 0.321 6.92e-06 1.03e-05
-5.1 3.4 0.326 5.38e-06 9.96e-06
-5 3.4 0.332 4.51e-06 9.82e-06
-4.9 3.4 0.337 3.92e-06 9.74e-06
-4.8 3.4 0.343 3.48e-06 9.69e-06
-4.7 3.4 0.348 3.86e-06 9.64e-06
-4.6 3.4 0.354 4.29e-06 9.57e-06
-4.5 3.4 0.36 4.7e-06 9.47e-06
-4.4 3.4 0.365 5.1e-06 9.35e-06
-4.3 3.4 0.371 5.46e-06 9.19e-06
-4.2 3.4 0.377 5.82e-06 8.99e-06
-4.1 3.4 0.382 6.15e-06 8.77e-06
-4 3.4 0.388 6.47e-06 8.5e-06
-3.9 3.4 0.393 6.77e-06 8.2e-06
-3.8 3.4 0.399 1.96e-05 2.34e-05
-3.7 3.4 0.405 2.07e-05 2.53e-05
-3.6 3.4 0.41 2.18e-05 2.71e-05
-3.5 3.4 0.416 2.28e-05 2.89e-05
-3.4 3.4 0.421 2.36e-05 3.04e-05
-3.3 3.4 0.427 2.44e-05 3.19e-05
-3.2 3.4 0.432 2.5e-05 3.32e-05
-3.1 3.4 0.438 2.56e-05 3.44e-05
-3 3.4 0.443 2.6e-05 3.53e-05
-2.9 3.4 0.449 2.63e-05 3.62e-05
-2.8 3.4 0.454 2.65e-05 3.68e-05
-2.7 3.4 0.46 2.66e-05 3.73e-05
-2.6 3.4 0.465 2.72e-05 3.78e-05
-2.5 3.4 0.47 2.59e-05 3.7e-05
-2.4 3.4 0.475 1.91e-05 4.31e-05
-2.3 3.4 0.48 1.82e-05 4.28e-05
-2.2 3.4 0.485 1.7e-05 4.2e-05
-2.1 3.4 0.49 1.55e-05 4.08e-05
-2 3.4 0.495 1.7e-05 1.8e-05
-1.9 3.4 0.5 1.96e-05 1.21e-05
-1.8 3.4 0.505 2.75e-05 2.64e-05
-1.7 3.4 0.51 2.91e-05 3.01e-05
-1.6 3.4 0.514 6.89e-06 7.67e-06
-1.5 3.4 0.519 2.98e-06 3.52e-06
-1.4 3.4 0.523 1.4e-06 1.68e-06
-1.3 3.4 0.528 6.15e-07 6.25e-07
-1.2 3.4 0.532 1.06e-06 2.37e-06
-1.1 3.4 0.536 1.27e-06 1.15e-06
-1 3.4 0.54 6.93e-07 1.35e-06
-0.9 3.4 0.544 3.06e-06 2.31e-06
-0.8 3.4 0.548 6.95e-06 1.67e-05
-0.7 3.4 0.552 2.99e-06 4.3e-06
-0.6 3.4 0.555 3.21e-06 2.51e-06
-0.5 3.4 0.559 3.13e-06 2e-06
-0.4 3.4 0.562 3.2e-06 3.19e-06
-0.3 3.4 0.565 4.13e-06 2.08e-06
-0.2 3.4 0.569 3.86e-06 2.97e-06
-0.1 3.4 0.572 3.82e-06 3.59e-06
-4.44e-16 3.4 0.574 2.82e-06 1.18e-06
0.1 3.4 0.577 2.74e-06 1.53e-06
0.2 3.4 0.58 2.66e-06 1.87e-06
0.3 3.4 0.582 2.58e-06 2.2e-06
0.4 3.4 0.585 2.49e-06 2.52e-06
0.5 3.4 0.587 2.4e-06 2.84e-06
0.6 3.4 0.589 2.3e-06 3.15e-06
0.7 3.4 0.591 2.21e-06 3.45e-06
0.8 3.4 0.593 2.1e-06 3.73e-06
0.9 3.4 0.595 2e-06 3.99e-06
1 3.4 0.596 1.91e-06 4.24e-06
1.1 3.4 0.598 1.82e-06 4.48e-06
1.2 3.4 0.599 1.79e-06 4.69e-06
1.3 3.4 0.6 1.94e-06 4.88e-06
1.4 3.4 0.601 2.07e-06 5.05e-06
1.5 3.4 0.602 2.19e-06 5.2e-06
1.6 3.4 0.602 2.29e-06 5.31e-06
1.7 3.4 0.603 2.36e-06 5.41e-06
1.8 3.4 0.603 2.42e-06 5.47e-06
1.9 3.4 0.604 2.45e-06 5.51e-06
2 3.4 0.604 2.47e-06 5.52e-06
2.1 3.4 0.604 2.45e-06 5.51e-06
2.2 3.4 0.603 2.42e-06 5.47e-06
2.3 3.4 0.603 2.36e-06 5.41e-06
2.4 3.4 0.602 2.29e-06 5.31e-06
2.5 3.4 0.602 2.19e-06 5.2e-06
2.6 3.4 0.601 2.07e-06 5.05e-06
2.7 3.4 0.6 1.94e-06 4.88e-06
2.8 3.4 0.599 1.79e-06 4.69e-06
2.9 3.4 0.598 1.82e-06 4.48e-06
3 3.4 0.596 1.91e-06 4.24e-06
3.1 3.4 0.595 2e-06 3.99e-06
3.2 3.4 0.593 2.1e-06 3.73e-06
3.3 3.4 0.591 2.21e-06 3.45e-06
3.4 3.4 0.589 2.3e-06 3.15e-06
3.5 3.4 0.587 2.4e-06 2.84e-06
3.6 3.4 0.585 2.49e-06 2.52e-06
3.7 3.4 0.582 2.58e-06 2.2e-06
3.8 3.4 0.58 2.66e-06 1.87e-06
3.9 3.4 0.577 2.74e-06 1.53e-06
4 3.4 0.574 2.82e-06 1.18e-06
4.1 3.4 0.572 3.82e-06 3.59e-06
4.2 3.4 0.569 3.86e-06 2.97e-06
4.3 3.4 0.565 4.13e-06 2.08e-06
4.4 3.4 0.562 3.2e-06 3.19e-06
4.5 3.4 0.559 3.13e-06 2e-06
4.6 3.4 0.555 3.21e-06 2.51e-06
4.7 3.4 0.552 2.99e-06 4.3e-06
4.8 3.4 0.548 6.95e-06 1.67e-05
4.9 3.4 0.544 3.06e-06 2.31e-06
5 3.4 0.54 6.93e-07 1.35e-06
5.1 3.4 0.536 1.27e-06 1.15e-06
5.2 3.4 0.532 1.06e-06 2.37e-06
5.3 3.4 0.528 6.15e-07 6.25e-07
5.4 3.4 0.523 1.4e-06 1.68e-06
5.5 3.4 0.519 2.98e-06 3.52e-06
5.6 3.4 0.514 6.89e-06 7.67e-06
5.7 3.4 0.51 2.91e-05 3.01e-05
5.8 3.4 0.505 2.75e-05 2.64e-05
5.9 3.4 0.5 1.96e-05 1.21e-05
6 3.4 0.495 1.7e-05 1.8e-05
6.1 3.4 0.49 1.55e-05 4.08e-05
6.2 3.4 0.485 1.7e-05 4.2e-05
6.3 3.4 0.48 1.82e-05 4.28e-05
6.4 3.4 0.475 1.91e-05 4.31e-05
6.5 3.4 0.47 2.59e-05 3.7e-05
6.6 3.4 0.465 2.72e-05 3.78e-05
6.7 3.4 0.46 2.66e-05 3.73e-05
6.8 3.4 0.454 2.65e-05 3.68e-05
6.9 3.4 0.449 2.63e-05 3.62e-05
7 3.4 0.443 2.6e-05 3.53e-05
7.1 3.4 0.438 2.56e-05 3.44e-05
7.2 3.4 0.432 2.5e-05 3.32e-05
7.3 3.4 0.427 2.44e-05 3.19e-05
7.4 3.4 0.421 2.36e-05 3.04e-05
7.5 3.4 0.416 2.28e-05 2.89e-05
7.6 3.4 0.41 2.18e-05 2.71e-05
7.7 3.4 0.405 2.07e-05 2.53e-05
7.8 3.4 0.399 1.96e-05 2.34e-05
7.9 3.4 0.393 6.77e-06 8.2e-06
8 3.4 0.388 6.47e-06 8.5e-06
8.1 3.4 0.382 6.15e-06 8.77e-06
8.2 3.4 0.377 5.82e-06 8.99e-06
8.3 3.4 0.371 5.46e-06 9.19e-06
8.4 3.4 0.365 5.1e-06 9.35e-06
8.5 3.4 0.36 4.7e-06 9.47e-06
8.6 3.4 0.354 4.29e-06 9.57e-06
8.7 3.4 0.348 3.86e-06 9.64e-06
8.8 3.4 0.343 3.48e-06 9.69e-06
8.9 3.4 0.337 3.92e-06 9.74e-06
9 3.4 0.332 4.51e-06 9.82e-06
9.1 3.4 0.326 5.38e-06 9.96e-06
9.2 3.4 0.321 6.92e-06 1.03e-05
9.3 3.4 0.315 1.06e-05 1.14e-05
9.4 3.4 0.31 3.16e-05 1.82e-05
9.5 3.4 0.304 1.34e-05 2.19e-05
9.6 3.4 0.299 9.31e-06 7.52e-06
9.7 3.4 0.294 9.69e-06 6.31e-06
9.8 3.4 0.288 1.26e-05 7.52e-06
9.9 3.4 0.283 2.9e-05 1.29e-05
10 3.4 0.278 9.74e-06 2.51e-05
10.1 3.4 0.273 3.32e-06 5.78e-06
10.2 3.4 0.267 2.09e-06 2.38e-06
10.3 3.4 0.262 1.5e-06 1.14e-06
10.4 3.4 0.257 1.09e-06 8.93e-07
10.5 3.4 0.252 7.22e-07 6.38e-07
10.6 3.4 0.247 3.8e-07 3.7e-07
10.7 3.4 0.242 3.32e-07 4.68e-07
10.8 3.4 0.238 5.35e-07 6.55e-07
10.9 3.4 0.233 1.02e-06 9.05e-07
11 3.4 0.228 1.53e-06 1.22e-06
11.1 3.4 0.223 2.09e-06 1.59e-06
11.2 3.4 0.219 2.71e-06 2.04e-06
11.3 3.4 0.214 3.42e-06 2.61e-06
11.4 3.4 0.21 4.27e-06 3.34e-06
11.5 3.4 0.205 5.36e-06 4.37e-06
11.6 3.4 0.201 6.92e-06 6.04e-06
11.7 3.4 0.197 1.04e-05 8.83e-06
11.8 3.4 0.192 1.87e-05 2.15e-05
11.9 3.4 0.188 0.000131 0.000129
12 3.4 0.184 2.48e-05 1.88e-05
12.1 3.4 0.18 9.38e-06 1.01e-05
12.2 3.4 0.176 5.34e-06 7.48e-06
12.3 3.4 0.172 3.45e-06 6.18e-06
12.4 3.4 0.168 1.49e-05 7.32e-06
12.5 3.4 0.164 1.56e-05 6.72e-06
12.6 3.4 0.161 2.71e-05 1.27e-05
12.7 3.4 0.157 2.61e-05 1.25e-05
12.8 3.4 0.153 2.5e-05 1.23e-05
12.9 3.4 0.15 2.38e-05 1.2e-05
13 3.4 0.146 2.25e-05 1.16e-05
13.1 3.4 0.143 1.87e-05 1.38e-05
13.2 3.4 0.139 1.76e-05 1.31e-05
13.3 3.4 0.136 1.64e-05 1.25e-05
13.4 3.4 0.133 1.53e-05 1.18e-05
13.5 3.4 0.13 1.42e-05 1.11e-05
13.6 3.4 0.127 1.3e-05 1.04e-05
13.7 3.4 0.124 1.18e-05 9.65e-06
13.8 3.4 0.121 1.07e-05 8.93e-06
13.9 3.4 0.118 9.56e-06 8.21e-06
14 3.4 0.115 4.94e-06 2.01e-06
14.1 3.4 0.112 4.88e-06 1.89e-06
14.2 3.4 0.109 4.81e-06 1.79e-06
14.3 3.4 0.106 4.73e-06 1.67e-06
14.4 3.4 0.104 4.64e-06 1.63e-06
14.5 3.4 0.101 4.53e-06 1.63e-06
14.6 3.4 0.0986 4.42e-06 1.62e-06
14.7 3.4 0.0961 4.31e-06 1.61e-06
14.8 3.4 0.0937 4.18e-06 1.6e-06
14.9 3.4 0.0913 4.05e-06 1.58e-06
15 3.4 0.089 3.92e-06 1.56e-06
15.1 3.4 0.0867 3.78e-06 1.53e-06
15.2 3.4 0.0845 3.64e-06 1.51e-06
15.3 3.4 0.0823 3.5e-06 1.48e-06
15.4 3.4 0.0802 3.35e-06 1.45e-06
15.5 3.4 0.0781 3.21e-06 1.41e-06
15.6 3.4 0.0761 3.06e-06 1.38e-06
15.7 3.4 0.0741 2.92e-06 1.35e-06
15.8 3.4 0.0722 2.78e-06 1.31e-06
15.9 3.4 0.0703 2.64e-06 1.28e-06
16 3.4 0.0684 2.5e-06 1.25e-06
16.1 3.4 0.0666 2.36e-06 1.22e-06
16.2 3.4 0.0649 2.23e-06 1.2e-06
16.3 3.4 0.0632 2.1e-06 1.17e-06
16.4 3.4 0.0615 1.98e-06 1.16e-06
16.5 3.4 0.0599 1.86e-06 1.15e-06
16.6 3.4 0.0583 1.75e-06 1.15e-06
16.7 3.4 0.0567 1.65e-06 1.17e-06
16.8 3.4 0.0552 1.56e-06 1.22e-06
16.9 3.4 0.0537 1.49e-06 1.32e-06
17 3.4 0.0523 1.45e-06 1.51e-06
17.1 3.4 0.0508 1.51e-06 1.96e-06
17.2 3.4 0.0495 1.96e-06 3.58e-06
17.3 3.4 0.0481 1.55e-05 5.89e-06
17.4 3.4 0.0468 1.68e-06 1.21e-06
17.5 3.4 0.0456 7.08e-07 8.23e-07
17.6 3.4 0.0443 3.82e-07 6.49e-07
17.7 3.4 0.0431 2.32e-07 5.38e-07
17.8 3.4 0.0419 2.03e-07 4.53e-07
17.9 3.4 0.0408 1.64e-07 3.84e-07
18 3.4 0.0397 1.85e-07 3.44e-07
18.1 3.4 0.0386 1.08e-07 2.58e-07
18.2 3.4 0.0375 1.4e-07 1.8e-07
18.3 3.4 0.0365 1.77e-07 2.2e-07
18.4 3.4 0.0355 2.13e-07 3.41e-07
18.5 3.4 0.0345 2.5e-07 4.56e-07
18.6 3.4 0.0335 2.87e-07 5.63e-07
18.7 3.4 0.0326 1.57e-07 1.69e-07
18.8 3.4 0.0317 2.08e-07 2.62e-07
18.9 3.4 0.0308 2.16e-07 3e-07
19 3.4 0.03 2.22e-07 3.37e-07
19.1 3.4 0.0291 2.28e-07 3.7e-07
19.2 3.4 0.0283 2.32e-07 4.01e-07
19.3 3.4 0.0275 2.35e-07 4.3e-07
19.4 3.4 0.0268 2.39e-07 4.57e-07
19.5 3.4 0.026 2.41e-07 4.81e-07
19.6 3.4 0.0253 2.43e-07 5.03e-07
19.7 3.4 0.0246 2.43e-07 5.24e-07
19.8 3.4 0.0239 2.44e-07 5.42e-07
19.9 3.4 0.0232 2.45e-07 5.58e-07
20 3.4 0.0226 2.45e-07 5.73e-07
20.1 3.4 0.0219 2.43e-07 5.86e-07
20.2 3.4 0.0213 2.43e-07 5.97e-07
20.3 3.4 0.0207 2.42e-07 6.07e-07
20.4 3.4 0.0201 2.4e-07 6.16e-07
20.5 3.4 0.0196 2.38e-07 6.23e-07
20.6 3.4 0.019 2.36e-07 6.29e-07
20.7 3.4 0.0185 2.34e-07 6.33e-07
20.8 3.4 0.018 2.31e-07 6.37e-07
20.9 3.4 0.0175 2.28e-07 6.39e-07
21 3.4 0.017 2.28e-07 6.4e-07
21.1 3.4 0.0165 2.29e-07 6.4e-07
21.2 3.4 0.016 2.29e-07 6.4e-07
21.3 3.4 0.0156 2.28e-07 6.39e-07
21.4 3.4 0.0151 2.28e-07 6.36e-07
21.5 3.4 0.0147 2.28e-07 6.34e-07
21.6 3.4 0.0143 2.27e-07 6.31e-07
21.7 3.4 0.0139 2.26e-07 6.26e-07
21.8 3.4 0.0135 2.25e-07 6.21e-07
21.9 3.4 0.0131 2.23e-07 6.16e-07
22 3.4 0.0127 2.21e-07 6.11e-07
22.1 3.4 0.0124 2.2e-07 6.05e-07
22.2 3.4 0.012 2.18e-07 5.97e-07
22.3 3.4 0.0117 2.15e-07 5.91e-07
22.4 3.4 0.0113 2.13e-07 5.84e-07
22.5 3.4 0.011 2.11e-07 5.77e-07
22.6 3.4 0.0107 2.08e-07 5.69e-07
22.7 3.4 0.0104 2.06e-07 5.61e-07
22.8 3.4 0.0101 2.03e-07 5.53e-07
22.9 3.4 0.0098 2e-07 5.45e-07
23 3.4 0.00952 1.97e-07 5.36e-07
23.1 3.4 0.00925 1.95e-07 5.28e-07
23.2 3.4 0.00898 1.91e-07 5.19e-07
23.3 3.4 0.00873 1.89e-07 5.1e-07
23.4 3.4 0.00848 1.85e-07 5.01e-07
23.5 3.4 0.00823 1.82e-07 4.92e-07
23.6 3.4 0.008 1.79e-07 4.83e-07
23.7 3.4 0.00777 1.76e-07 4.74e-07
23.8 3.4 0.00754 1.73e-07 4.65e-07
23.9 3.4 0.00733 1.7e-07 4.56e-07
24 3.4 0.00712 1.67e-07 4.47e-07
24.1 3.4 0.00691 1.63e-07 4.39e-07
24.2 3.4 0.00672 1.6e-07 4.3e-07
24.3 3.4 0.00652 1.57e-07 4.21e-07
24.4 3.4 0.00633 1.54e-07 4.12e-07
24.5 3.4 0.00615 1.51e-07 4.03e-07
24.6 3.4 0.00598 1.48e-07 3.95e-07
24.7 3.4 0.0058 1.45e-07 3.86e-07
24.8 3.4 0.00564 1.42e-07 3.78e-07
24.9 3.4 0.00548 1.39e-07 3.7e-07
25 3.4 0.00532 1.36e-07 3.61e-07
25.1 3.4 0.00516 1.33e-07 3.53e-07
25.2 3.4 0.00502 1.3e-07 3.45e-07
25.3 3.4 0.00487 1.27e-07 3.37e-07
25.4 3.4 0.00473 1.24e-07 3.29e-07
25.5 3.4 0.0046 1.21e-07 3.22e-07
25.6 3.4 0.00446 1.18e-07 3.14e-07
25.7 3.4 0.00433 1.16e-07 3.07e-07
25.8 3.4 0.00421 1.13e-07 3e-07
25.9 3.4 0.00409 1.1e-07 2.92e-07
26 3.4 0.00397 1.08e-07 2.85e-07
26.1 3.4 0.00386 1.05e-07 2.78e-07
26.2 3.4 0.00374 1.03e-07 2.71e-07
26.3 3.4 0.00364 1e-07 2.65e-07
26.4 3.4 0.00353 9.78e-08 2.58e-07
26.5 3.4 0.00343 9.54e-08 2.52e-07
26.6 3.4 0.00333 9.31e-08 2.46e-07
26.7 3.4 0.00323 9.08e-08 2.39e-07
26.8 3.4 0.00314 8.85e-08 2.33e-07
26.9 3.4 0.00305 8.63e-08 2.27e-07
27 3.4 0.00296 8.42e-08 2.22e-07
27.1 3.4 0.00288 8.2e-08 2.16e-07
27.2 3.4 0.00279 7.99e-08 2.1e-07
27.3 3.4 0.00271 7.79e-08 2.05e-07
27.4 3.4 0.00264 7.6e-08 2e-07
27.5 3.4 0.00256 7.4e-08 1.95e-07
27.6 3.4 0.00249 7.21e-08 1.89e-07
27.7 3.4 0.00241 7.03e-08 1.84e-07
27.8 3.4 0.00234 6.84e-08 1.8e-07
27.9 3.4 0.00228 6.67e-08 1.75e-07
28 3.4 0.00221 6.5e-08 1.7e-07
28.1 3.4 0.00215 6.33e-08 1.66e-07
28.2 3.4 0.00208 6.16e-08 1.61e-07
28.3 3.4 0.00202 6e-08 1.57e-07
28.4 3.4 0.00197 5.84e-08 1.53e-07
28.5 3.4 0.00191 5.69e-08 1.49e-07
28.6 3.4 0.00185 5.53e-08 1.45e-07
28.7 3.4 0.0018 5.39e-08 1.41e-07
28.8 3.4 0.00175 5.24e-08 1.37e-07
28.9 3.4 0.0017 5.11e-08 1.33e-07
29 3.4 0.00165 4.97e-08 1.3e-07
29.1 3.4 0.0016 4.83e-08 1.26e-07
29.2 3.4 0.00155 4.71e-08 1.23e-07
29.3 3.4 0.00151 4.58e-08 1.19e-07
29.4 3.4 0.00147 4.45e-08 1.16e-07
29.5 3.4 0.00142 4.34e-08 1.13e-07
29.6 3.4 0.00138 4.21e-08 1.1e-07
29.7 3.4 0.00134 4.1e-08 1.07e-07
29.8 3.4 0.0013 3.99e-08 1.04e-07
29.9 3.4 0.00127 3.88e-08 1.01e-07
30 3.4 0.00123 3.77e-08 9.82e-08
30.1 3.4 0.00119 3.68e-08 9.56e-08
30.2 3.4 0.00116 3.57e-08 9.29e-08
30.3 3.4 0.00113 3.47e-08 9.03e-08
30.4 3.4 0.00109 3.38e-08 8.78e-08
30.5 3.4 0.00106 3.28e-08 8.54e-08
30.6 3.4 0.00103 3.2e-08 8.3e-08
30.7 3.4 0.001 3.11e-08 8.07e-08
30.8 3.4 0.000972 3.02e-08 7.84e-08
30.9 3.4 0.000944 2.94e-08 7.62e-08
31 3.4 0.000916 2.86e-08 7.41e-08
31.1 3.4 0.00089 2.78e-08 7.2e-08
31.2 3.4 0.000864 2.7e-08 7e-08
31.3 3.4 0.000839 2.63e-08 6.8e-08
31.4 3.4 0.000815 2.55e-08 6.61e-08
31.5 3.4 0.000791 2.48e-08 6.42e-08
31.6 3.4 0.000768 2.41e-08 6.24e-08
31.7 3.4 0.000746 2.35e-08 6.07e-08
31.8 3.4 0.000724 2.28e-08 5.9e-08
31.9 3.4 0.000703 2.22e-08 5.73e-08
32 3.4 0.000683 2.15e-08 5.57e-08
32.1 3.4 0.000663 2.09e-08 5.41e-08
32.2 3.4 0.000644 2.04e-08 5.26e-08
32.3 3.4 0.000625 1.98e-08 5.11e-08
32.4 3.4 0.000607 1.92e-08 4.96e-08
32.5 3.4 0.00059 1.87e-08 4.82e-08
32.6 3.4 0.000573 1.82e-08 4.69e-08
32.7 3.4 0.000556 1.77e-08 4.55e-08
32.8 3.4 0.00054 1.72e-08 4.42e-08
32.9 3.4 0.000524 1.67e-08 4.3e-08
33 3.4 0.000509 1.62e-08 4.17e-08
33.1 3.4 0.000494 1.58e-08 4.06e-08
33.2 3.4 0.00048 1.53e-08 3.94e-08
33.3 3.4 0.000466 1.49e-08 3.83e-08
33.4 3.4 0.000453 1.45e-08 3.72e-08
33.5 3.4 0.00044 1.41e-08 3.61e-08
33.6 3.4 0.000427 1.37e-08 3.51e-08
33.7 3.4 0.000414 1.33e-08 3.41e-08
33.8 3.4 0.000402 1.29e-08 3.31e-08
33.9 3.4 0.000391 1.25e-08 3.22e-08
34 3.4 0.000379 1.22e-08 3.12e-08
34.1 3.4 0.000368 1.18e-08 3.03e-08
34.2 3.4 0.000358 1.15e-08 2.95e-08
34.3 3.4 0.000347 1.12e-08 2.86e-08
34.4 3.4 0.000337 1.09e-08 2.78e-08
34.5 3.4 0.000328 1.06e-08 2.7e-08
34.6 3.4 0.000318 1.02e-08 2.62e-08
34.7 3.4 0.000309 9.96e-09 2.55e-08
34.8 3.4 0.0003 9.68e-09 2.47e-08
34.9 3.4 0.000291 9.4e-09 2.4e-08
35 3.4 0.000283 9.13e-09 2.33e-08
35.1 3.4 0.000275 8.88e-09 2.27e-08
35.2 3.4 0.000267 8.62e-09 2.2e-08
35.3 3.4 0.000259 8.38e-09 2.14e-08
35.4 3.4 0.000251 8.14e-09 2.08e-08
35.5 3.4 0.000244 7.91e-09 2.02e-08
35.6 3.4 0.000237 7.68e-09 1.96e-08
35.7 3.4 0.00023 7.46e-09 1.9e-08
35.8 3.4 0.000224 7.25e-09 1.85e-08
35.9 3.4 0.000217 7.05e-09 1.79e-08
36 3.4 0.000211 6.85e-09 1.74e-08
36.1 3.4 0.000205 6.65e-09 1.69e-08
36.2 3.4 0.000199 6.46e-09 1.64e-08
36.3 3.4 0.000193 6.27e-09 1.6e-08
36.4 3.4 0.000187 6.1e-09 1.55e-08
36.5 3.4 0.000182 5.92e-09 1.51e-08
36.6 3.4 0.000177 5.75e-09 1.46e-08
36.7 3.4 0.000172 5.59e-09 1.42e-08
36.8 3.4 0.000167 5.43e-09 1.38e-08
36.9 3.4 0.000162 5.27e-09 1.34e-08
37 3.4 0.000157 5.13e-09 1.3e-08
37.1 3.4 0.000153 4.97e-09 1.26e-08
37.2 3.4 0.000148 4.83e-09 1.23e-08
37.3 3.4 0.000144 4.7e-09 1.19e-08
37.4 3.4 0.00014 4.56e-09 1.16e-08
37.5 3.4 0.000136 4.43e-09 1.12e-08
37.6 3.4 0.000132 4.3e-09 1.09e-08
37.7 3.4 0.000128 4.18e-09 1.06e-08
37.8 3.4 0.000124 4.06e-09 1.03e-08
37.9 3.4 0.000121 3.95e-09 9.99e-09
38 3.4 0.000117 3.83e-09 9.7e-09
38.1 3.4 0.000114 3.72e-09 9.42e-09
38.2 3.4 0.00011 3.61e-09 9.15e-09
38.3 3.4 0.000107 3.51e-09 8.88e-09
38.4 3.4 0.000104 3.41e-09 8.63e-09
38.5 3.4 0.000101 3.31e-09 8.38e-09
38.6 3.4 9.81e-05 3.22e-09 8.13e-09
38.7 3.4 9.53e-05 3.12e-09 7.9e-09
38.8 3.4 9.25e-05 3.03e-09 7.67e-09
38.9 3.4 8.98e-05 2.95e-09 7.45e-09
39 3.4 8.72e-05 2.86e-09 7.23e-09
39.1 3.4 8.47e-05 2.78e-09 7.02e-09
39.2 3.4 8.22e-05 2.7e-09 6.82e-09
39.3 3.4 7.99e-05 2.62e-09 6.62e-09
39.4 3.4 7.75e-05 2.55e-09 6.43e-09
39.5 3.4 7.53e-05 2.47e-09 6.24e-09
39.6 3.4 7.31e-05 2.4e-09 6.06e-09
39.7 3.4 7.1e-05 2.33e-09 5.89e-09
39.8 3.4 6.89e-05 2.27e-09 5.72e-09
39.9 3.4 6.69e-05 2.2e-09 5.55e-09
40 3.4 6.5e-05 2.14e-09 5.39e-09
40.1 3.4 6.31e-05 2.08e-09 5.23e-09
40.2 3.4 6.13e-05 2.02e-09 5.08e-09
40.3 3.4 5.95e-05 1.96e-09 4.94e-09
40.4 3.4 5.78e-05 1.9e-09 4.79e-09
40.5 3.4 5.61e-05 1.85e-09 4.65e-09
40.6 3.4 5.45e-05 1.79e-09 4.52e-09
40.7 3.4 5.29e-05 1.74e-09 4.39e-09
40.8 3.4 5.14e-05 1.69e-09 4.26e-09
40.9 3.4 4.99e-05 1.64e-09 4.14e-09
41 3.4 4.84e-05 1.6e-09 4.02e-09
41.1 3.4 4.7e-05 1.55e-09 3.9e-09
41.2 3.4 4.57e-05 1.51e-09 3.79e-09
41.3 3.4 4.43e-05 1.46e-09 3.68e-09
41.4 3.4 4.31e-05 1.42e-09 3.57e-09
41.5 3.4 4.18e-05 1.38e-09 3.47e-09
41.6 3.4 4.06e-05 1.34e-09 3.37e-09
41.7 3.4 3.94e-05 1.3e-09 3.27e-09
41.8 3.4 3.83e-05 1.26e-09 3.18e-09
41.9 3.4 3.72e-05 1.23e-09 3.08e-09
42 3.4 3.61e-05 1.19e-09 2.99e-09
42.1 3.4 3.51e-05 1.16e-09 2.91e-09
42.2 3.4 3.4e-05 1.12e-09 2.82e-09
42.3 3.4 3.3e-05 1.09e-09 2.74e-09
42.4 3.4 3.21e-05 1.06e-09 2.66e-09
42.5 3.4 3.12e-05 1.03e-09 2.58e-09
42.6 3.4 3.03e-05 9.99e-10 2.51e-09
42.7 3.4 2.94e-05 9.7e-10 2.44e-09
42.8 3.4 2.85e-05 9.43e-10 2.37e-09
42.9 3.4 2.77e-05 9.15e-10 2.3e-09
43 3.4 2.69e-05 8.89e-10 2.23e-09
43.1 3.4 2.61e-05 8.63e-10 2.17e-09
43.2 3.4 2.54e-05 8.38e-10 2.1e-09
43.3 3.4 2.46e-05 8.15e-10 2.04e-09
43.4 3.4 2.39e-05 7.91e-10 1.98e-09
43.5 3.4 2.32e-05 7.68e-10 1.93e-09
43.6 3.4 2.25e-05 7.45e-10 1.87e-09
43.7 3.4 2.19e-05 7.25e-10 1.82e-09
43.8 3.4 2.13e-05 7.03e-10 1.76e-09
43.9 3.4 2.06e-05 6.83e-10 1.71e-09
44 3.4 2e-05 6.63e-10 1.66e-09
44.1 3.4 1.95e-05 6.44e-10 1.61e-09
44.2 3.4 1.89e-05 6.25e-10 1.57e-09
44.3 3.4 1.84e-05 6.08e-10 1.52e-09
44.4 3.4 1.78e-05 5.89e-10 1.48e-09
44.5 3.4 1.73e-05 5.73e-10 1.44e-09
44.6 3.4 1.68e-05 5.56e-10 1.39e-09
44.7 3.4 1.63e-05 5.4e-10 1.35e-09
44.8 3.4 1.58e-05 5.24e-10 1.31e-09
44.9 3.4 1.54e-05 5.09e-10 1.28e-09
45 3.4 1.49e-05 4.94e-10 1.24e-09
45.1 3.4 1.45e-05 4.8e-10 1.2e-09
45.2 3.4 1.41e-05 4.66e-10 1.17e-09
45.3 3.4 1.37e-05 4.52e-10 1.13e-09
45.4 3.4 1.33e-05 4.39e-10 1.1e-09
45.5 3.4 1.29e-05 4.27e-10 1.07e-09
45.6 3.4 1.25e-05 4.14e-10 1.04e-09
45.7 3.4 1.22e-05 4.03e-10 1.01e-09
45.8 3.4 1.18e-05 3.91e-10 9.79e-10
45.9 3.4 1.15e-05 3.8e-10 9.51e-10
46 3.4 1.11e-05 3.69e-10 9.23e-10
46.1 3.4 1.08e-05 3.58e-10 8.97e-10
46.2 3.4 1.05e-05 3.47e-10 8.71e-10
46.3 3.4 1.02e-05 3.38e-10 8.46e-10
46.4 3.4 9.9e-06 3.28e-10 8.21e-10
46.5 3.4 9.61e-06 3.18e-10 7.97e-10
46.6 3.4 9.33e-06 3.09e-10 7.74e-10
46.7 3.4 9.06e-06 3e-10 7.52e-10
46.8 3.4 8.8e-06 2.91e-10 7.3e-10
46.9 3.4 8.54e-06 2.83e-10 7.09e-10
47 3.4 8.3e-06 2.75e-10 6.88e-10
47.1 3.4 8.05e-06 2.67e-10 6.68e-10
47.2 3.4 7.82e-06 2.59e-10 6.49e-10
47.3 3.4 7.59e-06 2.52e-10 6.3e-10
47.4 3.4 7.37e-06 2.44e-10 6.12e-10
47.5 3.4 7.16e-06 2.37e-10 5.94e-10
47.6 3.4 6.95e-06 2.3e-10 5.77e-10
47.7 3.4 6.75e-06 2.24e-10 5.6e-10
47.8 3.4 6.56e-06 2.17e-10 5.44e-10
47.9 3.4 6.37e-06 2.11e-10 5.28e-10
48 3.4 6.18e-06 2.05e-10 5.13e-10
48.1 3.4 6e-06 1.99e-10 4.98e-10
48.2 3.4 5.83e-06 1.93e-10 4.83e-10
48.3 3.4 5.66e-06 1.87e-10 4.69e-10
48.4 3.4 5.5e-06 1.82e-10 4.56e-10
48.5 3.4 5.34e-06 1.77e-10 4.43e-10
48.6 3.4 5.18e-06 1.72e-10 4.3e-10
48.7 3.4 5.03e-06 1.67e-10 4.17e-10
48.8 3.4 4.89e-06 1.62e-10 4.05e-10
48.9 3.4 4.74e-06 1.57e-10 3.93e-10
49 3.4 4.61e-06 1.53e-10 3.82e-10
49.1 3.4 4.47e-06 1.48e-10 3.71e-10
49.2 3.4 4.34e-06 1.44e-10 3.6e-10
49.3 3.4 4.22e-06 1.4e-10 3.5e-10
49.4 3.4 4.1e-06 1.36e-10 3.4e-10
49.5 3.4 3.98e-06 1.32e-10 3.3e-10
49.6 3.4 3.86e-06 1.28e-10 3.2e-10
49.7 3.4 3.75e-06 1.24e-10 3.11e-10
49.8 3.4 3.64e-06 1.21e-10 3.02e-10
49.9 3.4 3.54e-06 1.17e-10 2.93e-10
50 3.4 3.43e-06 1.14e-10 2.85e-10
50.1 3.4 3.33e-06 1.11e-10 2.76e-10
50.2 3.4 3.24e-06 1.07e-10 2.68e-10
50.3 3.4 3.14e-06 1.04e-10 2.61e-10
50.4 3.4 3.05e-06 1.01e-10 2.53e-10
61.4 3.4 1.2e-07 3.98e-12 9.96e-12
61.5 3.4 1.17e-07 3.87e-12 9.67e-12
61.6 3.4 1.13e-07 3.76e-12 9.4e-12
61.7 3.4 1.1e-07 3.64e-12 9.12e-12
61.8 3.4 1.07e-07 3.54e-12 8.85e-12
61.9 3.4 1.04e-07 3.43e-12 8.6e-12
62 3.4 1.01e-07 3.34e-12 8.35e-12
62.1 3.4 9.77e-08 3.24e-12 8.11e-12
62.2 3.4 9.49e-08 3.15e-12 7.87e-12
62.3 3.4 9.22e-08 3.06e-12 7.64e-12
62.4 3.4 8.95e-08 2.97e-12 7.42e-12
62.5 3.4 8.69e-08 2.88e-12 7.21e-12
62.6 3.4 8.44e-08 2.8e-12 7e-12
62.7 3.4 8.19e-08 2.72e-12 6.8e-12
62.8 3.4 7.95e-08 2.64e-12 6.6e-12
62.9 3.4 7.72e-08 2.56e-12 6.41e-12
63 3.4 7.5e-08 2.49e-12 6.22e-12
63.1 3.4 7.28e-08 2.42e-12 6.04e-12
63.2 3.4 7.07e-08 2.35e-12 5.87e-12
63.3 3.4 6.87e-08 2.28e-12 5.7e-12
63.4 3.4 6.67e-08 2.21e-12 5.53e-12
63.5 3.4 6.47e-08 2.15e-12 5.37e-12
63.6 3.4 6.29e-08 2.08e-12 5.22e-12
63.7 3.4 6.1e-08 2.02e-12 5.06e-12
63.8 3.4 5.93e-08 1.97e-12 4.92e-12
63.9 3.4 5.76e-08 1.91e-12 4.77e-12
64 3.4 5.59e-08 1.85e-12 4.64e-12
64.1 3.4 5.43e-08 1.8e-12 4.5e-12
64.2 3.4 5.27e-08 1.75e-12 4.37e-12
64.3 3.4 5.12e-08 1.7e-12 4.24e-12
64.4 3.4 4.97e-08 1.65e-12 4.12e-12
64.5 3.4 4.82e-08 1.6e-12 4e-12
64.6 3.4 4.69e-08 1.55e-12 3.89e-12
64.7 3.4 4.55e-08 1.51e-12 3.77e-12
64.8 3.4 4.42e-08 1.46e-12 3.66e-12
64.9 3.4 4.29e-08 1.42e-12 3.56e-12
65 3.4 4.17e-08 1.38e-12 3.46e-12
65.1 3.4 4.04e-08 1.34e-12 3.35e-12
65.2 3.4 3.93e-08 1.3e-12 3.26e-12
65.3 3.4 3.81e-08 1.26e-12 3.16e-12
65.4 3.4 3.7e-08 1.23e-12 3.07e-12
65.5 3.4 3.6e-08 1.19e-12 2.98e-12
65.6 3.4 3.49e-08 1.16e-12 2.9e-12
65.7 3.4 3.39e-08 1.12e-12 2.81e-12
65.8 3.4 3.29e-08 1.09e-12 2.73e-12
65.9 3.4 3.2e-08 1.06e-12 2.65e-12
66 3.4 3.1e-08 1.03e-12 2.57e-12
66.1 3.4 3.01e-08 9.99e-13 2.5e-12
66.2 3.4 2.93e-08 9.7e-13 2.43e-12
66.3 3.4 2.84e-08 9.43e-13 2.36e-12
66.4 3.4 2.76e-08 9.15e-13 2.29e-12
66.5 3.4 2.68e-08 8.89e-13 2.22e-12
66.6 3.4 2.6e-08 8.63e-13 2.16e-12
66.7 3.4 2.53e-08 8.38e-13 2.1e-12
66.8 3.4 2.45e-08 8.14e-13 2.03e-12
66.9 3.4 2.38e-08 7.9e-13 1.98e-12
67 3.4 2.31e-08 7.67e-13 1.92e-12
67.1 3.4 2.25e-08 7.45e-13 1.86e-12
67.2 3.4 2.18e-08 7.23e-13 1.81e-12
67.3 3.4 2.12e-08 7.02e-13 1.76e-12
67.4 3.4 2.06e-08 6.82e-13 1.71e-12
67.5 3.4 2e-08 6.62e-13 1.66e-12
67.6 3.4 1.94e-08 6.43e-13 1.61e-12
67.7 3.4 1.88e-08 6.24e-13 1.56e-12
67.8 3.4 1.83e-08 6.06e-13 1.52e-12
67.9 3.4 1.77e-08 5.88e-13 1.47e-12
68 3.4 1.72e-08 5.72e-13 1.43e-12
68.1 3.4 1.67e-08 5.55e-13 1.39e-12
68.2 3.4 1.63e-08 5.39e-13 1.35e-12
68.3 3.4 1.58e-08 5.24e-13 1.31e-12
68.4 3.4 1.53e-08 5.08e-13 1.27e-12
68.5 3.4 1.49e-08 4.93e-13 1.23e-12
68.6 3.4 1.44e-08 4.79e-13 1.2e-12
68.7 3.4 1.4e-08 4.65e-13 1.16e-12
68.8 3.4 1.36e-08 4.52e-13 1.13e-12
68.9 3.4 1.32e-08 4.38e-13 1.1e-12
69 3.4 1.28e-08 4.26e-13 1.07e-12
69.1 3.4 1.25e-08 4.13e-13 1.03e-12
69.2 3.4 1.21e-08 4.02e-13 1e-12
69.3 3.4 1.18e-08 3.9e-13 9.75e-13
69.4 3.4 1.14e-08 3.79e-13 9.47e-13
69.5 3.4 1.11e-08 3.67e-13 9.2e-13
69.6 3.4 1.08e-08 3.57e-13 8.93e-13
69.7 3.4 1.05e-08 3.47e-13 8.67e-13
69.8 3.4 1.02e-08 3.36e-13 8.41e-13
69.9 3.4 9.86e-09 3.27e-13 8.18e-13
70 3.4 9.57e-09 3.17e-13 7.94e-13
70.1 3.4 9.29e-09 3.08e-13 7.71e-13
70.2 3.4 9.02e-09 2.99e-13 7.49e-13
70.3 3.4 8.76e-09 2.91e-13 7.27e-13
70.4 3.4 8.51e-09 2.82e-13 7.06e-13
70.5 3.4 8.26e-09 2.74e-13 6.85e-13
70.6 3.4 8.02e-09 2.66e-13 6.65e-13
70.7 3.4 7.79e-09 2.58e-13 6.46e-13
70.8 3.4 7.56e-09 2.51e-13 6.27e-13
70.9 3.4 7.35e-09 2.44e-13 6.09e-13
71 3.4 7.13e-09 2.37e-13 5.92e-13
71.1 3.4 6.93e-09 2.3e-13 5.74e-13
71.2 3.4 6.72e-09 2.23e-13 5.58e-13
71.3 3.4 6.53e-09 2.17e-13 5.42e-13
71.4 3.4 6.34e-09 2.1e-13 5.26e-13
71.5 3.4 6.16e-09 2.04e-13 5.11e-13
71.6 3.4 5.98e-09 1.98e-13 4.96e-13
71.7 3.4 5.81e-09 1.92e-13 4.82e-13
71.8 3.4 5.64e-09 1.87e-13 4.68e-13
71.9 3.4 5.47e-09 1.81e-13 4.54e-13
72 3.4 5.31e-09 1.76e-13 4.41e-13
72.1 3.4 5.16e-09 1.71e-13 4.28e-13
72.2 3.4 5.01e-09 1.66e-13 4.16e-13
72.3 3.4 4.87e-09 1.61e-13 4.04e-13
72.4 3.4 4.72e-09 1.57e-13 3.92e-13
72.5 3.4 4.59e-09 1.52e-13 3.81e-13
72.6 3.4 4.45e-09 1.48e-13 3.7e-13
72.7 3.4 4.33e-09 1.43e-13 3.59e-13
72.8 3.4 4.2e-09 1.39e-13 3.48e-13
72.9 3.4 4.08e-09 1.35e-13 3.38e-13
73 3.4 3.96e-09 1.31e-13 3.29e-13
73.1 3.4 3.85e-09 1.28e-13 3.19e-13
73.2 3.4 3.73e-09 1.24e-13 3.1e-13
73.3 3.4 3.63e-09 1.2e-13 3.01e-13
73.4 3.4 3.52e-09 1.17e-13 2.92e-13
73.5 3.4 3.42e-09 1.13e-13 2.84e-13
73.6 3.4 3.32e-09 1.1e-13 2.75e-13
73.7 3.4 3.22e-09 1.07e-13 2.67e-13
73.8 3.4 3.13e-09 1.04e-13 2.6e-13
73.9 3.4 3.04e-09 1.01e-13 2.52e-13
74 3.4 2.95e-09 9.78e-14 2.45e-13
74.1 3.4 2.87e-09 9.51e-14 2.38e-13
74.2 3.4 2.78e-09 9.23e-14 2.31e-13
74.3 3.4 2.7e-09 8.96e-14 2.24e-13
74.4 3.4 2.62e-09 8.7e-14 2.18e-13
74.5 3.4 2.55e-09 8.45e-14 2.11e-13
74.6 3.4 2.47e-09 8.2e-14 2.05e-13
74.7 3.4 2.4e-09 7.96e-14 1.99e-13
74.8 3.4 2.33e-09 7.74e-14 1.94e-13
74.9 3.4 2.26e-09 7.51e-14 1.88e-13
75 3.4 2.2e-09 7.29e-14 1.82e-13
75.1 3.4 2.14e-09 7.08e-14 1.77e-13
75.2 3.4 2.07e-09 6.87e-14 1.72e-13
75.3 3.4 2.01e-09 6.68e-14 1.67e-13
75.4 3.4 1.96e-09 6.48e-14 1.62e-13
75.5 3.4 1.9e-09 6.29e-14 1.57e-13
75.6 3.4 1.84e-09 6.11e-14 1.53e-13
75.7 3.4 1.79e-09 5.93e-14 1.48e-13
75.8 3.4 1.74e-09 5.77e-14 1.44e-13
75.9 3.4 1.69e-09 5.6e-14 1.4e-13
76 3.4 1.64e-09 5.44e-14 1.36e-13
76.1 3.4 1.59e-09 5.28e-14 1.32e-13
76.2 3.4 1.55e-09 5.12e-14 1.28e-13
76.3 3.4 1.5e-09 4.98e-14 1.25e-13
76.4 3.4 1.46e-09 4.83e-14 1.21e-13
76.5 3.4 1.41e-09 4.69e-14 1.17e-13
76.6 3.4 1.37e-09 4.55e-14 1.14e-13
76.7 3.4 1.33e-09 4.43e-14 1.11e-13
76.8 3.4 1.3e-09 4.29e-14 1.07e-13
76.9 3.4 1.26e-09 4.17e-14 1.04e-13
77 3.4 1.22e-09 4.05e-14 1.01e-13
77.1 3.4 1.19e-09 3.93e-14 9.84e-14
77.2 3.4 1.15e-09 3.82e-14 9.55e-14
77.3 3.4 1.12e-09 3.71e-14 9.27e-14
77.4 3.4 1.09e-09 3.6e-14 9.01e-14
77.5 3.4 1.05e-09 3.49e-14 8.74e-14
77.6 3.4 1.02e-09 3.39e-14 8.49e-14
77.7 3.4 9.94e-10 3.3e-14 8.25e-14
77.8 3.4 9.65e-10 3.2e-14 8.01e-14
77.9 3.4 9.37e-10 3.11e-14 7.77e-14
78 3.4 9.1e-10 3.02e-14 7.55e-14
78.1 3.4 8.84e-10 2.93e-14 7.33e-14
78.2 3.4 8.58e-10 2.85e-14 7.12e-14
78.3 3.4 8.33e-10 2.76e-14 6.91e-14
78.4 3.4 8.09e-10 2.68e-14 6.71e-14
78.5 3.4 7.86e-10 2.61e-14 6.52e-14
78.6 3.4 7.63e-10 2.53e-14 6.33e-14
78.7 3.4 7.41e-10 2.46e-14 6.14e-14
78.8 3.4 7.19e-10 2.39e-14 5.97e-14
78.9 3.4 6.98e-10 2.32e-14 5.79e-14
79 3.4 6.78e-10 2.25e-14 5.63e-14
79.1 3.4 6.59e-10 2.18e-14 5.46e-14
79.2 3.4 6.39e-10 2.12e-14 5.3e-14
79.3 3.4 6.21e-10 2.06e-14 5.15e-14
79.4 3.4 6.03e-10 2e-14 5e-14
79.5 3.4 5.85e-10 1.94e-14 4.86e-14
79.6 3.4 5.68e-10 1.89e-14 4.72e-14
79.7 3.4 5.52e-10 1.83e-14 4.58e-14
79.8 3.4 5.36e-10 1.78e-14 4.45e-14
79.9 3.4 5.2e-10 1.73e-14 4.32e-14
80 3.4 5.05e-10 1.68e-14 4.19e-14
80.1 3.4 4.91e-10 1.63e-14 4.07e-14
80.2 3.4 4.77e-10 1.58e-14 3.95e-14
80.3 3.4 4.63e-10 1.53e-14 3.84e-14
80.4 3.4 4.49e-10 1.49e-14 3.73e-14
80.5 3.4 4.36e-10 1.45e-14 3.62e-14
80.6 3.4 4.24e-10 1.4e-14 3.51e-14
80.7 3.4 4.11e-10 1.36e-14 3.41e-14
80.8 3.4 3.99e-10 1.32e-14 3.31e-14
80.9 3.4 3.88e-10 1.29e-14 3.22e-14
81 3.4 3.77e-10 1.25e-14 3.12e-14
81.1 3.4 3.66e-10 1.21e-14 3.03e-14
81.2 3.4 3.55e-10 1.18e-14 2.95e-14
81.3 3.4 3.45e-10 1.14e-14 2.86e-14
81.4 3.4 3.35e-10 1.11e-14 2.78e-14
81.5 3.4 3.25e-10 1.08e-14 2.7e-14
81.6 3.4 3.16e-10 1.05e-14 2.62e-14
81.7 3.4 3.07e-10 1.02e-14 2.54e-14
81.8 3.4 2.98e-10 9.87e-15 2.47e-14
81.9 3.4 2.89e-10 9.59e-15 2.4e-14
82 3.4 2.81e-10 9.3e-15 2.33e-14
82.1 3.4 2.73e-10 9.03e-15 2.26e-14
82.2 3.4 2.65e-10 8.78e-15 2.2e-14
82.3 3.4 2.57e-10 8.52e-15 2.13e-14
82.4 3.4 2.49e-10 8.27e-15 2.07e-14
82.5 3.4 2.42e-10 8.03e-15 2.01e-14
82.6 3.4 2.35e-10 7.8e-15 1.95e-14
82.7 3.4 2.28e-10 7.57e-15 1.89e-14
82.8 3.4 2.22e-10 7.35e-15 1.84e-14
82.9 3.4 2.15e-10 7.14e-15 1.79e-14
83 3.4 2.09e-10 6.94e-15 1.74e-14
83.1 3.4 2.03e-10 6.73e-15 1.68e-14
83.2 3.4 1.97e-10 6.54e-15 1.64e-14
83.3 3.4 1.91e-10 6.35e-15 1.59e-14
83.4 3.4 1.86e-10 6.17e-15 1.54e-14
83.5 3.4 1.81e-10 5.99e-15 1.5e-14
83.6 3.4 1.75e-10 5.81e-15 1.45e-14
83.7 3.4 1.7e-10 5.64e-15 1.41e-14
83.8 3.4 1.65e-10 5.48e-15 1.37e-14
83.9 3.4 1.6e-10 5.32e-15 1.33e-14
84 3.4 1.56e-10 5.17e-15 1.29e-14
84.1 3.4 1.51e-10 5.02e-15 1.25e-14
84.2 3.4 1.47e-10 4.87e-15 1.22e-14
84.3 3.4 1.43e-10 4.73e-15 1.18e-14
84.4 3.4 1.39e-10 4.59e-15 1.15e-14
84.5 3.4 1.35e-10 4.46e-15 1.12e-14
84.6 3.4 1.31e-10 4.33e-15 1.08e-14
84.7 3.4 1.27e-10 4.21e-15 1.05e-14
84.8 3.4 1.23e-10 4.08e-15 1.02e-14
84.9 3.4 1.2e-10 3.96e-15 9.92e-15
85 3.4 1.16e-10 3.85e-15 9.64e-15
85.1 3.4 1.13e-10 3.74e-15 9.35e-15
85.2 3.4 1.09e-10 3.63e-15 9.08e-15
85.3 3.4 1.06e-10 3.53e-15 8.82e-15
85.4 3.4 1.03e-10 3.42e-15 8.56e-15
85.5 3.4 1e-10 3.33e-15 8.32e-15
93.4 3.4 9.82e-12 3.26e-16 8.14e-16
93.5 3.4 9.53e-12 3.16e-16 7.91e-16
93.6 3.4 9.26e-12 3.07e-16 7.68e-16
93.7 3.4 8.99e-12 2.98e-16 7.46e-16
93.8 3.4 8.73e-12 2.89e-16 7.24e-16
93.9 3.4 8.47e-12 2.81e-16 7.03e-16
94 3.4 8.23e-12 2.73e-16 6.83e-16
94.1 3.4 7.99e-12 2.65e-16 6.63e-16
94.2 3.4 7.76e-12 2.57e-16 6.44e-16
94.3 3.4 7.53e-12 2.5e-16 6.25e-16
94.4 3.4 7.32e-12 2.43e-16 6.07e-16
94.5 3.4 7.1e-12 2.36e-16 5.89e-16
94.6 3.4 6.9e-12 2.29e-16 5.72e-16
94.7 3.4 6.7e-12 2.22e-16 5.56e-16
94.8 3.4 6.5e-12 2.16e-16 5.39e-16
94.9 3.4 6.32e-12 2.09e-16 5.24e-16
95 3.4 6.13e-12 2.03e-16 5.09e-16
95.1 3.4 5.95e-12 1.97e-16 4.94e-16
95.2 3.4 5.78e-12 1.92e-16 4.8e-16
95.3 3.4 5.61e-12 1.86e-16 4.66e-16
95.4 3.4 5.45e-12 1.81e-16 4.52e-16
95.5 3.4 5.29e-12 1.76e-16 4.39e-16
95.6 3.4 5.14e-12 1.7e-16 4.26e-16
95.7 3.4 4.99e-12 1.66e-16 4.14e-16
95.8 3.4 4.85e-12 1.61e-16 4.02e-16
95.9 3.4 4.71e-12 1.56e-16 3.9e-16
96 3.4 4.57e-12 1.51e-16 3.79e-16
96.1 3.4 4.44e-12 1.47e-16 3.68e-16
96.2 3.4 4.31e-12 1.43e-16 3.57e-16
96.3 3.4 4.18e-12 1.39e-16 3.47e-16
96.4 3.4 4.06e-12 1.35e-16 3.37e-16
96.5 3.4 3.94e-12 1.31e-16 3.27e-16
96.6 3.4 3.83e-12 1.27e-16 3.18e-16
96.7 3.4 3.72e-12 1.23e-16 3.08e-16
96.8 3.4 3.61e-12 1.2e-16 3e-16
96.9 3.4 3.51e-12 1.16e-16 2.91e-16
97 3.4 3.41e-12 1.13e-16 2.82e-16
97.1 3.4 3.31e-12 1.1e-16 2.74e-16
97.2 3.4 3.21e-12 1.06e-16 2.66e-16
97.3 3.4 3.12e-12 1.03e-16 2.59e-16
97.4 3.4 3.03e-12 1e-16 2.51e-16
97.5 3.4 2.94e-12 9.75e-17 2.44e-16
97.6 3.4 2.85e-12 9.46e-17 2.37e-16
97.7 3.4 2.77e-12 9.19e-17 2.3e-16
97.8 3.4 2.69e-12 8.92e-17 2.23e-16
97.9 3.4 2.61e-12 8.66e-17 2.17e-16
98 3.4 2.54e-12 8.41e-17 2.1e-16
98.1 3.4 2.46e-12 8.17e-17 2.04e-16
98.2 3.4 2.39e-12 7.93e-17 1.98e-16
98.3 3.4 2.32e-12 7.71e-17 1.93e-16
98.4 3.4 2.26e-12 7.48e-17 1.87e-16
98.5 3.4 2.19e-12 7.26e-17 1.82e-16
98.6 3.4 2.13e-12 7.05e-17 1.76e-16
98.7 3.4 2.07e-12 6.85e-17 1.71e-16
98.8 3.4 2.01e-12 6.65e-17 1.66e-16
98.9 3.4 1.95e-12 6.46e-17 1.62e-16
99 3.4 1.89e-12 6.27e-17 1.57e-16
99.1 3.4 1.84e-12 6.09e-17 1.52e-16
99.2 3.4 1.78e-12 5.91e-17 1.48e-16
99.3 3.4 1.73e-12 5.74e-17 1.44e-16
99.4 3.4 1.68e-12 5.58e-17 1.39e-16
99.5 3.4 1.63e-12 5.42e-17 1.35e-16
99.6 3.4 1.59e-12 5.26e-17 1.32e-16
99.7 3.4 1.54e-12 5.1e-17 1.28e-16
99.8 3.4 1.49e-12 4.95e-17 1.24e-16
99.9 3.4 1.45e-12 4.81e-17 1.2e-16
