-25 5.2 0.0179 2e-08 5.7e-08
-24.9 5.2 0.0182 1.95e-08 5.75e-08
-24.8 5.2 0.0185 2e-08 5.7e-08
-24.7 5.2 0.0189 2e-08 5.7e-08
-24.6 5.2 0.0192 2e-08 5.7e-08
-24.5 5.2 0.0196 2e-08 5.7e-08
-24.4 5.2 0.02 2e-08 5.7e-08
-24.3 5.2 0.0204 2.05e-08 5.65e-08
-24.2 5.2 0.0207 2e-08 5.6e-08
-24.1 5.2 0.0211 2.02e-08 5.57e-08
-24 5.2 0.0215 2.02e-08 5.57e-08
-23.9 5.2 0.022 2.02e-08 5.47e-08
-23.8 5.2 0.0224 2.05e-08 5.45e-08
-23.7 5.2 0.0228 2.02e-08 5.38e-08
-23.6 5.2 0.0232 1.98e-08 5.32e-08
-23.5 5.2 0.0237 2.02e-08 5.27e-08
-23.4 5.2 0.0241 2e-08 5.2e-08
-23.3 5.2 0.0246 1.98e-08 5.12e-08
-23.2 5.2 0.025 2.02e-08 5.08e-08
-23.1 5.2 0.0255 1.95e-08 4.95e-08
-23 5.2 0.026 1.95e-08 4.85e-08
-22.9 5.2 0.0265 1.93e-08 4.78e-08
-22.8 5.2 0.027 1.87e-08 4.63e-08
-22.7 5.2 0.0275 1.85e-08 4.55e-08
-22.6 5.2 0.028 1.9e-08 4.4e-08
-22.5 5.2 0.0285 1.83e-08 4.28e-08
-22.4 5.2 0.029 1.8e-08 4.1e-08
-22.3 5.2 0.0296 1.75e-08 3.95e-08
-22.2 5.2 0.0301 3.42e-08 7.78e-08
-22.1 5.2 0.0307 3.23e-08 7.27e-08
-22 5.2 0.0313 3e-08 6.8e-08
-21.9 5.2 0.0319 2.83e-08 6.28e-08
-21.8 5.2 0.0325 2.6e-08 5.7e-08
-21.7 5.2 0.0331 2.35e-08 5.15e-08
-21.6 5.2 0.0337 2.12e-08 4.58e-08
-21.5 5.2 0.0343 1.93e-08 3.98e-08
-21.4 5.2 0.0349 1.6e-08 3.3e-08
-21.3 5.2 0.0356 1.72e-08 2.27e-08
-21.2 5.2 0.0363 1.38e-08 1.62e-08
-21.1 5.2 0.0369 1e-08 1e-08
-21 5.2 0.0376 5.75e-09 3.25e-09
-20.9 5.2 0.0383 4e-09 7e-09
-20.8 5.2 0.039 1.28e-08 1.03e-08
-20.7 5.2 0.0398 4.25e-09 6.75e-09
-20.6 5.2 0.0405 3.75e-09 9.25e-09
-20.5 5.2 0.0412 4e-09 1.2e-08
-20.4 5.2 0.042 7e-09 1.5e-08
-20.3 5.2 0.0428 8.5e-09 1.95e-08
-20.2 5.2 0.0436 1.8e-08 2.5e-08
-20.1 5.2 0.0444 5.08e-08 3.92e-08
-20 5.2 0.0452 2.95e-07 8.23e-07
-19.9 5.2 0.046 5.45e-08 7.65e-08
-19.8 5.2 0.0469 4.95e-08 4.95e-08
-19.7 5.2 0.0477 5.15e-08 4.25e-08
-19.6 5.2 0.0486 5.5e-08 3.9e-08
-19.5 5.2 0.0495 5.9e-08 3.8e-08
-19.4 5.2 0.0504 6.42e-08 3.77e-08
-19.3 5.2 0.0513 6.97e-08 3.83e-08
-19.2 5.2 0.0522 7.48e-08 3.92e-08
-19.1 5.2 0.0532 8.08e-08 4.02e-08
-19 5.2 0.0542 8.65e-08 4.15e-08
-18.9 5.2 0.0551 9.25e-08 4.35e-08
-18.8 5.2 0.0561 9.87e-08 4.52e-08
-18.7 5.2 0.0572 1.05e-07 4.67e-08
-18.6 5.2 0.0582 1.12e-07 4.9e-08
-18.5 5.2 0.0592 1.2e-07 5.15e-08
-18.4 5.2 0.0603 1.26e-07 5.3e-08
-18.3 5.2 0.0614 1.33e-07 5.55e-08
-18.2 5.2 0.0625 1.41e-07 5.77e-08
-18.1 5.2 0.0636 1.49e-07 6e-08
-18 5.2 0.0648 1.57e-07 6.33e-08
-17.9 5.2 0.0659 1.65e-07 6.53e-08
-17.8 5.2 0.0671 1.73e-07 6.8e-08
-17.7 5.2 0.0683 1.82e-07 7.05e-08
-17.6 5.2 0.0695 1.9e-07 7.3e-08
-17.5 5.2 0.0708 1.99e-07 7.55e-08
-17.4 5.2 0.072 2.07e-07 7.88e-08
-17.3 5.2 0.0733 2.16e-07 8.1e-08
-17.2 5.2 0.0746 2.25e-07 8.38e-08
-17.1 5.2 0.0759 2.34e-07 8.68e-08
-17 5.2 0.0773 2.43e-07 8.95e-08
-16.9 5.2 0.0786 2.53e-07 9.25e-08
-16.8 5.2 0.08 2.62e-07 9.45e-08
-16.7 5.2 0.0814 2.73e-07 9.82e-08
-16.6 5.2 0.0828 2.82e-07 1.01e-07
-16.5 5.2 0.0843 2.91e-07 1.03e-07
-16.4 5.2 0.0858 3.01e-07 1.06e-07
-16.3 5.2 0.0873 3.11e-07 1.09e-07
-16.2 5.2 0.0888 3.22e-07 1.11e-07
-16.1 5.2 0.0903 3.31e-07 1.14e-07
-16 5.2 0.0919 3.41e-07 1.17e-07
-15.9 5.2 0.0935 3.51e-07 1.19e-07
-15.8 5.2 0.0951 3.61e-07 1.22e-07
-15.7 5.2 0.0967 3.7e-07 1.25e-07
-15.6 5.2 0.0984 3.8e-07 1.3e-07
-15.5 5.2 0.1 3.85e-07 1.35e-07
-15.4 5.2 0.102 4e-07 1.4e-07
-15.3 5.2 0.104 4.05e-07 1.45e-07
-15.2 5.2 0.105 4.18e-07 1.52e-07
-15.1 5.2 0.107 4.3e-07 1.6e-07
-15 5.2 0.109 4.35e-07 1.65e-07
-14.9 5.2 0.111 4.42e-07 1.68e-07
-14.8 5.2 0.113 4.48e-07 1.72e-07
-14.7 5.2 0.114 4.55e-07 1.75e-07
-14.6 5.2 0.116 4.65e-07 1.85e-07
-14.5 5.2 0.118 4.72e-07 1.88e-07
-14.4 5.2 0.12 4.75e-07 1.95e-07
-14.3 5.2 0.122 4.85e-07 2.05e-07
-14.2 5.2 0.124 4.9e-07 2.1e-07
-14.1 5.2 0.126 4.93e-07 2.18e-07
-14 5.2 0.129 4.98e-07 2.22e-07
-13.9 5.2 0.131 5.05e-07 2.35e-07
-13.8 5.2 0.133 5.02e-07 2.38e-07
-13.7 5.2 0.135 5.05e-07 2.45e-07
-13.6 5.2 0.137 5.02e-07 2.58e-07
-13.5 5.2 0.139 1.07e-06 8.9e-07
-13.4 5.2 0.142 1.21e-06 9.73e-07
-13.3 5.2 0.144 1.34e-06 1.06e-06
-13.2 5.2 0.146 1.48e-06 1.14e-06
-13.1 5.2 0.149 1.62e-06 1.22e-06
-13 5.2 0.151 1.76e-06 1.3e-06
-12.9 5.2 0.153 2.15e-06 1.11e-06
-12.8 5.2 0.156 2.31e-06 1.16e-06
-12.7 5.2 0.158 2.47e-06 1.19e-06
-12.6 5.2 0.161 1.51e-06 5.67e-07
-12.5 5.2 0.163 1.42e-06 6.55e-07
-12.4 5.2 0.166 4.53e-07 7.08e-07
-12.3 5.2 0.168 1.68e-06 1.39e-06
-12.2 5.2 0.171 5.97e-05 2.29e-05
-12.1 5.2 0.174 1.29e-06 1.14e-06
-12 5.2 0.176 9.35e-07 6.15e-07
-11.9 5.2 0.179 8.03e-07 4.48e-07
-11.8 5.2 0.182 7.28e-07 3.63e-07
-11.7 5.2 0.184 6.77e-07 3.13e-07
-11.6 5.2 0.187 6.38e-07 2.72e-07
-11.5 5.2 0.19 6.05e-07 2.55e-07
-11.4 5.2 0.193 5.75e-07 2.25e-07
-11.3 5.2 0.196 5.5e-07 2.1e-07
-11.2 5.2 0.199 5.2e-07 1.9e-07
-11.1 5.2 0.202 4.95e-07 1.75e-07
-11 5.2 0.205 4.72e-07 1.68e-07
-10.9 5.2 0.208 4.48e-07 1.52e-07
-10.8 5.2 0.211 4.22e-07 1.47e-07
-10.7 5.2 0.214 3.93e-07 1.38e-07
-10.6 5.2 0.217 3.67e-07 1.43e-07
-10.5 5.2 0.22 3.45e-07 1.35e-07
-10.4 5.2 0.223 3.13e-07 1.27e-07
-10.3 5.2 0.226 2.85e-07 1.25e-07
-10.2 5.2 0.229 2.55e-07 1.15e-07
-10.1 5.2 0.233 2.27e-07 1.12e-07
-10 5.2 0.236 1.97e-07 1.02e-07
-9.9 5.2 0.239 1.35e-07 7.5e-08
-9.8 5.2 0.242 1.02e-07 5.75e-08
-9.7 5.2 0.246 7.5e-08 4.5e-08
-9.6 5.2 0.249 5.25e-08 3.75e-08
-9.5 5.2 0.253 2.5e-08 2.5e-08
-9.4 5.2 0.256 1.15e-07 5.5e-08
-9.3 5.2 0.259 4.25e-08 2.75e-08
-9.2 5.2 0.263 8.25e-08 4.75e-08
-9.1 5.2 0.266 1.12e-07 5.75e-08
-9 5.2 0.27 1.72e-07 1.68e-07
-8.9 5.2 0.273 5.48e-07 1.22e-06
-8.8 5.2 0.277 6.8e-07 4.2e-07
-8.7 5.2 0.28 3.75e-07 3.55e-07
-8.6 5.2 0.284 3.1e-07 3.6e-07
-8.5 5.2 0.288 2.93e-07 3.87e-07
-8.4 5.2 0.291 2.85e-07 4.15e-07
-8.3 5.2 0.295 2.93e-07 4.37e-07
-8.2 5.2 0.299 3.22e-07 4.48e-07
-8.1 5.2 0.302 4.18e-07 3.82e-07
-8 5.2 0.306 1.68e-06 1.09e-06
-7.9 5.2 0.31 5e-07 7.3e-07
-7.8 5.2 0.313 3.72e-07 7.18e-07
-7.7 5.2 0.317 3.35e-07 7.45e-07
-7.6 5.2 0.321 3.1e-07 7.7e-07
-7.5 5.2 0.325 3.05e-07 7.95e-07
-7.4 5.2 0.328 3.03e-07 8.28e-07
-7.3 5.2 0.332 2.98e-07 8.63e-07
-7.2 5.2 0.336 3.05e-07 8.95e-07
-7.1 5.2 0.34 3.32e-07 9.18e-07
-7 5.2 0.344 3.55e-07 9.55e-07
-6.9 5.2 0.347 3.75e-07 9.75e-07
-6.8 5.2 0.351 3.98e-07 1e-06
-6.7 5.2 0.355 4.22e-07 1.03e-06
-6.6 5.2 0.359 4.37e-07 1.05e-06
-6.5 5.2 0.363 4.58e-07 1.07e-06
-6.4 5.2 0.367 4.77e-07 1.09e-06
-6.3 5.2 0.371 5.05e-07 1.11e-06
-6.2 5.2 0.374 5.25e-07 1.13e-06
-6.1 5.2 0.378 5.4e-07 1.15e-06
-6 5.2 0.382 5.55e-07 1.17e-06
-5.9 5.2 0.386 5.77e-07 1.17e-06
-5.8 5.2 0.39 5.95e-07 1.19e-06
-5.7 5.2 0.394 6.08e-07 1.18e-06
-5.6 5.2 0.397 6.22e-07 1.19e-06
-5.5 5.2 0.401 6.38e-07 1.19e-06
-5.4 5.2 0.405 6.5e-07 1.19e-06
-5.3 5.2 0.409 6.55e-07 1.19e-06
-5.2 5.2 0.413 6.67e-07 1.18e-06
-5.1 5.2 0.417 6.85e-07 1.17e-06
-5 5.2 0.42 6.95e-07 1.17e-06
-4.9 5.2 0.424 6.93e-07 1.15e-06
-4.8 5.2 0.428 7.05e-07 1.13e-06
-4.7 5.2 0.432 7.12e-07 1.12e-06
-4.6 5.2 0.435 7.12e-07 1.09e-06
-4.5 5.2 0.439 7.12e-07 1.07e-06
-4.4 5.2 0.443 7.22e-07 1.04e-06
-4.3 5.2 0.446 7.18e-07 1.01e-06
-4.2 5.2 0.45 7.2e-07 9.8e-07
-4.1 5.2 0.453 6.8e-07 9.8e-07
-4 5.2 0.457 1.85e-06 2.16e-06
-3.9 5.2 0.461 1.96e-06 2.41e-06
-3.8 5.2 0.464 2.07e-06 2.65e-06
-3.7 5.2 0.468 2.17e-06 2.87e-06
-3.6 5.2 0.471 2.26e-06 3.09e-06
-3.5 5.2 0.474 2.34e-06 3.27e-06
-3.4 5.2 0.478 1.85e-06 3.97e-06
-3.3 5.2 0.481 1.76e-06 4.11e-06
-3.2 5.2 0.484 1.45e-06 9.9e-07
-3.1 5.2 0.488 3.26e-05 1.52e-05
-3 5.2 0.491 9.1e-07 1.32e-06
-2.9 5.2 0.494 4.63e-07 8.97e-07
-2.8 5.2 0.497 3.05e-07 7.05e-07
-2.7 5.2 0.5 2.2e-07 5.8e-07
-2.6 5.2 0.504 1.8e-07 4.8e-07
-2.5 5.2 0.507 1.82e-07 3.98e-07
-2.4 5.2 0.51 1.65e-07 3.15e-07
-2.3 5.2 0.512 2.62e-07 6.48e-07
-2.2 5.2 0.515 1.6e-07 3.7e-07
-2.1 5.2 0.518 7.25e-08 7.75e-08
-2 5.2 0.521 3.25e-08 2.75e-08
-1.9 5.2 0.524 3.5e-08 7.5e-08
-1.8 5.2 0.526 1.85e-07 1.65e-07
-1.7 5.2 0.529 2.7e-07 3.2e-07
-1.6 5.2 0.532 2.85e-07 1.85e-07
-1.5 5.2 0.534 3.4e-07 1.7e-07
-1.4 5.2 0.537 4e-07 1.6e-07
-1.3 5.2 0.539 4.68e-07 1.72e-07
-1.2 5.2 0.541 5.3e-07 2.1e-07
-1.1 5.2 0.544 5.95e-07 2.55e-07
-1 5.2 0.546 6.4e-07 3.1e-07
-0.9 5.2 0.548 7.42e-07 3.17e-07
-0.8 5.2 0.55 7.9e-07 3.6e-07
-0.7 5.2 0.552 8.48e-07 4.03e-07
-0.6 5.2 0.554 9.1e-07 4.5e-07
-0.5 5.2 0.556 9.63e-07 4.87e-07
-0.4 5.2 0.558 1.02e-06 5.28e-07
-0.3 5.2 0.559 1.08e-06 5.67e-07
-0.2 5.2 0.561 1.13e-06 6.05e-07
-0.1 5.2 0.563 1.19e-06 6.42e-07
-4.44e-16 5.2 0.564 1.24e-06 6.73e-07
0.1 5.2 0.566 1.28e-06 7.1e-07
0.2 5.2 0.567 1.33e-06 7.48e-07
0.3 5.2 0.569 1.37e-06 7.75e-07
0.4 5.2 0.57 1.42e-06 8.12e-07
0.5 5.2 0.571 1.46e-06 8.42e-07
0.6 5.2 0.572 1.5e-06 8.7e-07
0.7 5.2 0.573 1.53e-06 8.95e-07
0.8 5.2 0.574 1.57e-06 9.2e-07
0.9 5.2 0.575 1.6e-06 9.42e-07
1 5.2 0.576 1.63e-06 9.6e-07
1.1 5.2 0.576 1.65e-06 9.88e-07
1.2 5.2 0.577 1.68e-06 1e-06
1.3 5.2 0.578 1.7e-06 1.02e-06
1.4 5.2 0.578 1.72e-06 1.03e-06
1.5 5.2 0.579 1.73e-06 1.04e-06
1.6 5.2 0.579 1.74e-06 1.06e-06
1.7 5.2 0.579 1.75e-06 1.06e-06
1.8 5.2 0.579 1.76e-06 1.07e-06
1.9 5.2 0.58 1.76e-06 1.07e-06
2 5.2 0.58 1.77e-06 1.07e-06
2.1 5.2 0.58 1.76e-06 1.07e-06
2.2 5.2 0.579 1.76e-06 1.07e-06
2.3 5.2 0.579 1.75e-06 1.06e-06
2.4 5.2 0.579 1.74e-06 1.06e-06
2.5 5.2 0.579 1.73e-06 1.04e-06
2.6 5.2 0.578 1.72e-06 1.03e-06
2.7 5.2 0.578 1.7e-06 1.02e-06
2.8 5.2 0.577 1.68e-06 1e-06
2.9 5.2 0.576 1.65e-06 9.88e-07
3 5.2 0.576 1.63e-06 9.6e-07
3.1 5.2 0.575 1.6e-06 9.42e-07
3.2 5.2 0.574 1.57e-06 9.2e-07
3.3 5.2 0.573 1.53e-06 8.95e-07
3.4 5.2 0.572 1.5e-06 8.7e-07
3.5 5.2 0.571 1.46e-06 8.42e-07
3.6 5.2 0.57 1.42e-06 8.12e-07
3.7 5.2 0.569 1.37e-06 7.75e-07
3.8 5.2 0.567 1.33e-06 7.48e-07
3.9 5.2 0.566 1.28e-06 7.1e-07
4 5.2 0.564 1.24e-06 6.73e-07
4.1 5.2 0.563 1.19e-06 6.42e-07
4.2 5.2 0.561 1.13e-06 6.05e-07
4.3 5.2 0.559 1.08e-06 5.67e-07
4.4 5.2 0.558 1.02e-06 5.28e-07
4.5 5.2 0.556 9.63e-07 4.87e-07
4.6 5.2 0.554 9.1e-07 4.5e-07
4.7 5.2 0.552 8.48e-07 4.03e-07
4.8 5.2 0.55 7.9e-07 3.6e-07
4.9 5.2 0.548 7.42e-07 3.17e-07
5 5.2 0.546 6.4e-07 3.1e-07
5.1 5.2 0.544 5.95e-07 2.55e-07
5.2 5.2 0.541 5.3e-07 2.1e-07
5.3 5.2 0.539 4.68e-07 1.72e-07
5.4 5.2 0.537 4e-07 1.6e-07
5.5 5.2 0.534 3.4e-07 1.7e-07
5.6 5.2 0.532 2.85e-07 1.85e-07
5.7 5.2 0.529 2.7e-07 3.2e-07
5.8 5.2 0.526 1.85e-07 1.65e-07
5.9 5.2 0.524 3.5e-08 7.5e-08
6 5.2 0.521 3.25e-08 2.75e-08
6.1 5.2 0.518 7.25e-08 7.75e-08
6.2 5.2 0.515 1.6e-07 3.7e-07
6.3 5.2 0.512 2.62e-07 6.48e-07
6.4 5.2 0.51 1.65e-07 3.15e-07
6.5 5.2 0.507 1.82e-07 3.98e-07
6.6 5.2 0.504 1.8e-07 4.8e-07
6.7 5.2 0.5 2.2e-07 5.8e-07
6.8 5.2 0.497 3.05e-07 7.05e-07
6.9 5.2 0.494 4.63e-07 8.97e-07
7 5.2 0.491 9.1e-07 1.32e-06
7.1 5.2 0.488 3.26e-05 1.52e-05
7.2 5.2 0.484 1.45e-06 9.9e-07
7.3 5.2 0.481 1.76e-06 4.11e-06
7.4 5.2 0.478 1.85e-06 3.97e-06
7.5 5.2 0.474 2.34e-06 3.27e-06
7.6 5.2 0.471 2.26e-06 3.09e-06
7.7 5.2 0.468 2.17e-06 2.87e-06
7.8 5.2 0.464 2.07e-06 2.65e-06
7.9 5.2 0.461 1.96e-06 2.41e-06
8 5.2 0.457 1.85e-06 2.16e-06
8.1 5.2 0.453 6.8e-07 9.8e-07
8.2 5.2 0.45 7.2e-07 9.8e-07
8.3 5.2 0.446 7.18e-07 1.01e-06
8.4 5.2 0.443 7.22e-07 1.04e-06
8.5 5.2 0.439 7.12e-07 1.07e-06
8.6 5.2 0.435 7.12e-07 1.09e-06
8.7 5.2 0.432 7.12e-07 1.12e-06
8.8 5.2 0.428 7.05e-07 1.13e-06
8.9 5.2 0.424 6.93e-07 1.15e-06
9 5.2 0.42 6.95e-07 1.17e-06
9.1 5.2 0.417 6.85e-07 1.17e-06
9.2 5.2 0.413 6.67e-07 1.18e-06
9.3 5.2 0.409 6.55e-07 1.19e-06
9.4 5.2 0.405 6.5e-07 1.19e-06
9.5 5.2 0.401 6.38e-07 1.19e-06
9.6 5.2 0.397 6.22e-07 1.19e-06
9.7 5.2 0.394 6.08e-07 1.18e-06
9.8 5.2 0.39 5.95e-07 1.19e-06
9.9 5.2 0.386 5.77e-07 1.17e-06
10 5.2 0.382 5.55e-07 1.17e-06
10.1 5.2 0.378 5.4e-07 1.15e-06
10.2 5.2 0.374 5.25e-07 1.13e-06
10.3 5.2 0.371 5.05e-07 1.11e-06
10.4 5.2 0.367 4.77e-07 1.09e-06
10.5 5.2 0.363 4.58e-07 1.07e-06
10.6 5.2 0.359 4.37e-07 1.05e-06
10.7 5.2 0.355 4.22e-07 1.03e-06
10.8 5.2 0.351 3.98e-07 1e-06
10.9 5.2 0.347 3.75e-07 9.75e-07
11 5.2 0.344 3.55e-07 9.55e-07
11.1 5.2 0.34 3.32e-07 9.18e-07
11.2 5.2 0.336 3.05e-07 8.95e-07
11.3 5.2 0.332 2.98e-07 8.63e-07
11.4 5.2 0.328 3.03e-07 8.28e-07
11.5 5.2 0.325 3.05e-07 7.95e-07
11.6 5.2 0.321 3.1e-07 7.7e-07
11.7 5.2 0.317 3.35e-07 7.45e-07
11.8 5.2 0.313 3.72e-07 7.18e-07
11.9 5.2 0.31 5e-07 7.3e-07
12 5.2 0.306 1.68e-06 1.09e-06
12.1 5.2 0.302 4.18e-07 3.82e-07
12.2 5.2 0.299 3.22e-07 4.48e-07
12.3 5.2 0.295 2.93e-07 4.37e-07
12.4 5.2 0.291 2.85e-07 4.15e-07
12.5 5.2 0.288 2.93e-07 3.87e-07
12.6 5.2 0.284 3.1e-07 3.6e-07
12.7 5.2 0.28 3.75e-07 3.55e-07
12.8 5.2 0.277 6.8e-07 4.2e-07
12.9 5.2 0.273 5.48e-07 1.22e-06
13 5.2 0.27 1.72e-07 1.68e-07
13.1 5.2 0.266 1.12e-07 5.75e-08
13.2 5.2 0.263 8.25e-08 4.75e-08
13.3 5.2 0.259 4.25e-08 2.75e-08
13.4 5.2 0.256 1.15e-07 5.5e-08
13.5 5.2 0.253 2.5e-08 2.5e-08
13.6 5.2 0.249 5.25e-08 3.75e-08
13.7 5.2 0.246 7.5e-08 4.5e-08
13.8 5.2 0.242 1.02e-07 5.75e-08
13.9 5.2 0.239 1.35e-07 7.5e-08
14 5.2 0.236 1.97e-07 1.02e-07
14.1 5.2 0.233 2.27e-07 1.12e-07
14.2 5.2 0.229 2.55e-07 1.15e-07
14.3 5.2 0.226 2.85e-07 1.25e-07
14.4 5.2 0.223 3.13e-07 1.27e-07
14.5 5.2 0.22 3.45e-07 1.35e-07
14.6 5.2 0.217 3.67e-07 1.43e-07
14.7 5.2 0.214 3.93e-07 1.38e-07
14.8 5.2 0.211 4.22e-07 1.47e-07
14.9 5.2 0.208 4.48e-07 1.52e-07
15 5.2 0.205 4.72e-07 1.68e-07
15.1 5.2 0.202 4.95e-07 1.75e-07
15.2 5.2 0.199 5.2e-07 1.9e-07
15.3 5.2 0.196 5.5e-07 2.1e-07
15.4 5.2 0.193 5.75e-07 2.25e-07
15.5 5.2 0.19 6.05e-07 2.55e-07
15.6 5.2 0.187 6.38e-07 2.72e-07
15.7 5.2 0.184 6.77e-07 3.13e-07
15.8 5.2 0.182 7.28e-07 3.63e-07
15.9 5.2 0.179 8.03e-07 4.48e-07
16 5.2 0.176 9.35e-07 6.15e-07
16.1 5.2 0.174 1.29e-06 1.14e-06
16.2 5.2 0.171 5.97e-05 2.29e-05
16.3 5.2 0.168 1.68e-06 1.39e-06
16.4 5.2 0.166 4.53e-07 7.08e-07
16.5 5.2 0.163 1.42e-06 6.55e-07
16.6 5.2 0.161 1.51e-06 5.67e-07
16.7 5.2 0.158 2.47e-06 1.19e-06
16.8 5.2 0.156 2.31e-06 1.16e-06
16.9 5.2 0.153 2.15e-06 1.11e-06
17 5.2 0.151 1.76e-06 1.3e-06
17.1 5.2 0.149 1.62e-06 1.22e-06
17.2 5.2 0.146 1.48e-06 1.14e-06
17.3 5.2 0.144 1.34e-06 1.06e-06
17.4 5.2 0.142 1.21e-06 9.73e-07
17.5 5.2 0.139 1.07e-06 8.9e-07
17.6 5.2 0.137 5.02e-07 2.58e-07
17.7 5.2 0.135 5.05e-07 2.45e-07
17.8 5.2 0.133 5.02e-07 2.38e-07
17.9 5.2 0.131 5.05e-07 2.35e-07
18 5.2 0.129 4.98e-07 2.22e-07
18.1 5.2 0.126 4.93e-07 2.18e-07
18.2 5.2 0.124 4.9e-07 2.1e-07
18.3 5.2 0.122 4.85e-07 2.05e-07
18.4 5.2 0.12 4.75e-07 1.95e-07
18.5 5.2 0.118 4.72e-07 1.88e-07
18.6 5.2 0.116 4.65e-07 1.85e-07
18.7 5.2 0.114 4.55e-07 1.75e-07
18.8 5.2 0.113 4.48e-07 1.72e-07
18.9 5.2 0.111 4.42e-07 1.68e-07
19 5.2 0.109 4.35e-07 1.65e-07
19.1 5.2 0.107 4.3e-07 1.6e-07
19.2 5.2 0.105 4.18e-07 1.52e-07
19.3 5.2 0.104 4.05e-07 1.45e-07
19.4 5.2 0.102 4e-07 1.4e-07
19.5 5.2 0.1 3.85e-07 1.35e-07
19.6 5.2 0.0984 3.8e-07 1.3e-07
19.7 5.2 0.0967 3.7e-07 1.25e-07
19.8 5.2 0.0951 3.61e-07 1.22e-07
19.9 5.2 0.0935 3.51e-07 1.19e-07
20 5.2 0.0919 3.41e-07 1.17e-07
20.1 5.2 0.0903 3.31e-07 1.14e-07
20.2 5.2 0.0888 3.22e-07 1.11e-07
20.3 5.2 0.0873 3.11e-07 1.09e-07
20.4 5.2 0.0858 3.01e-07 1.06e-07
20.5 5.2 0.0843 2.91e-07 1.03e-07
20.6 5.2 0.0828 2.82e-07 1.01e-07
20.7 5.2 0.0814 2.73e-07 9.82e-08
20.8 5.2 0.08 2.62e-07 9.45e-08
20.9 5.2 0.0786 2.53e-07 9.25e-08
21 5.2 0.0773 2.43e-07 8.95e-08
21.1 5.2 0.0759 2.34e-07 8.68e-08
21.2 5.2 0.0746 2.25e-07 8.38e-08
21.3 5.2 0.0733 2.16e-07 8.1e-08
21.4 5.2 0.072 2.07e-07 7.88e-08
21.5 5.2 0.0708 1.99e-07 7.55e-08
21.6 5.2 0.0695 1.9e-07 7.3e-08
21.7 5.2 0.0683 1.82e-07 7.05e-08
21.8 5.2 0.0671 1.73e-07 6.8e-08
21.9 5.2 0.0659 1.65e-07 6.53e-08
22 5.2 0.0648 1.57e-07 6.33e-08
22.1 5.2 0.0636 1.49e-07 6e-08
22.2 5.2 0.0625 1.41e-07 5.77e-08
22.3 5.2 0.0614 1.33e-07 5.55e-08
22.4 5.2 0.0603 1.26e-07 5.3e-08
22.5 5.2 0.0592 1.2e-07 5.15e-08
22.6 5.2 0.0582 1.12e-07 4.9e-08
22.7 5.2 0.0572 1.05e-07 4.67e-08
22.8 5.2 0.0561 9.87e-08 4.52e-08
22.9 5.2 0.0551 9.25e-08 4.35e-08
23 5.2 0.0542 8.65e-08 4.15e-08
23.1 5.2 0.0532 8.08e-08 4.02e-08
23.2 5.2 0.0522 7.48e-08 3.92e-08
23.3 5.2 0.0513 6.97e-08 3.83e-08
23.4 5.2 0.0504 6.42e-08 3.77e-08
23.5 5.2 0.0495 5.9e-08 3.8e-08
23.6 5.2 0.0486 5.5e-08 3.9e-08
23.7 5.2 0.0477 5.15e-08 4.25e-08
23.8 5.2 0.0469 4.95e-08 4.95e-08
23.9 5.2 0.046 5.45e-08 7.65e-08
24 5.2 0.0452 2.95e-07 8.23e-07
24.1 5.2 0.0444 5.08e-08 3.92e-08
24.2 5.2 0.0436 1.8e-08 2.5e-08
24.3 5.2 0.0428 8.5e-09 1.95e-08
24.4 5.2 0.042 7e-09 1.5e-08
24.5 5.2 0.0412 4e-09 1.2e-08
24.6 5.2 0.0405 3.75e-09 9.25e-09
24.7 5.2 0.0398 4.25e-09 6.75e-09
24.8 5.2 0.039 1.28e-08 1.03e-08
24.9 5.2 0.0383 4e-09 7e-09
25 5.2 0.0376 5.75e-09 3.25e-09
25.1 5.2 0.0369 1e-08 1e-08
25.2 5.2 0.0363 1.38e-08 1.62e-08
25.3 5.2 0.0356 1.72e-08 2.27e-08
25.4 5.2 0.0349 1.6e-08 3.3e-08
25.5 5.2 0.0343 1.93e-08 3.98e-08
25.6 5.2 0.0337 2.12e-08 4.58e-08
25.7 5.2 0.0331 2.35e-08 5.15e-08
25.8 5.2 0.0325 2.6e-08 5.7e-08
25.9 5.2 0.0319 2.83e-08 6.28e-08
26 5.2 0.0313 3e-08 6.8e-08
26.1 5.2 0.0307 3.23e-08 7.27e-08
26.2 5.2 0.0301 3.42e-08 7.78e-08
26.3 5.2 0.0296 1.75e-08 3.95e-08
26.4 5.2 0.029 1.8e-08 4.1e-08
26.5 5.2 0.0285 1.83e-08 4.28e-08
26.6 5.2 0.028 1.9e-08 4.4e-08
26.7 5.2 0.0275 1.85e-08 4.55e-08
26.8 5.2 0.027 1.87e-08 4.63e-08
26.9 5.2 0.0265 1.93e-08 4.78e-08
27 5.2 0.026 1.95e-08 4.85e-08
27.1 5.2 0.0255 1.95e-08 4.95e-08
27.2 5.2 0.025 2.02e-08 5.08e-08
27.3 5.2 0.0246 1.98e-08 5.12e-08
27.4 5.2 0.0241 2e-08 5.2e-08
27.5 5.2 0.0237 2.02e-08 5.27e-08
27.6 5.2 0.0232 1.98e-08 5.32e-08
27.7 5.2 0.0228 2.02e-08 5.38e-08
27.8 5.2 0.0224 2.05e-08 5.45e-08
27.9 5.2 0.022 2.02e-08 5.47e-08
28 5.2 0.0215 2.02e-08 5.57e-08
28.1 5.2 0.0211 2.02e-08 5.57e-08
28.2 5.2 0.0207 2e-08 5.6e-08
28.3 5.2 0.0204 2.05e-08 5.65e-08
28.4 5.2 0.02 2e-08 5.7e-08
28.5 5.2 0.0196 2e-08 5.7e-08
28.6 5.2 0.0192 2e-08 5.7e-08
28.7 5.2 0.0189 2e-08 5.7e-08
28.8 5.2 0.0185 2e-08 5.7e-08
28.9 5.2 0.0182 1.95e-08 5.75e-08
29 5.2 0.0179 2e-08 5.7e-08
29.1 5.2 0.0175 1.95e-08 5.75e-08
29.2 5.2 0.0172 2e-08 5.7e-08
29.3 5.2 0.0169 2e-08 5.7e-08
29.4 5.2 0.0166 1.93e-08 5.68e-08
29.5 5.2 0.0162 1.87e-08 5.62e-08
29.6 5.2 0.0159 1.93e-08 5.68e-08
29.7 5.2 0.0156 1.9e-08 5.6e-08
29.8 5.2 0.0154 1.93e-08 5.57e-08
29.9 5.2 0.0151 1.9e-08 5.6e-08
30 5.2 0.0148 1.87e-08 5.53e-08
30.1 5.2 0.0145 1.87e-08 5.53e-08
30.2 5.2 0.0142 1.85e-08 5.45e-08
30.3 5.2 0.014 1.87e-08 5.42e-08
30.4 5.2 0.0137 1.8e-08 5.4e-08
30.5 5.2 0.0134 1.85e-08 5.35e-08
30.6 5.2 0.0132 1.85e-08 5.35e-08
30.7 5.2 0.0129 1.85e-08 5.35e-08
30.8 5.2 0.0127 1.83e-08 5.27e-08
30.9 5.2 0.0125 1.8e-08 5.2e-08
31 5.2 0.0122 1.72e-08 5.17e-08
31.1 5.2 0.012 1.75e-08 5.15e-08
31.2 5.2 0.0118 1.78e-08 5.12e-08
31.3 5.2 0.0116 1.75e-08 5.05e-08
31.4 5.2 0.0113 1.72e-08 4.97e-08
31.5 5.2 0.0111 1.72e-08 4.97e-08
31.6 5.2 0.0109 1.68e-08 4.93e-08
31.7 5.2 0.0107 1.72e-08 4.88e-08
31.8 5.2 0.0105 1.7e-08 4.8e-08
31.9 5.2 0.0103 1.62e-08 4.78e-08
32 5.2 0.0101 1.6e-08 4.7e-08
32.1 5.2 0.00993 1.61e-08 4.65e-08
32.2 5.2 0.00974 1.59e-08 4.59e-08
32.3 5.2 0.00956 1.57e-08 4.54e-08
32.4 5.2 0.00938 1.56e-08 4.49e-08
32.5 5.2 0.0092 1.53e-08 4.44e-08
32.6 5.2 0.00903 1.52e-08 4.39e-08
32.7 5.2 0.00886 1.5e-08 4.33e-08
32.8 5.2 0.00869 1.49e-08 4.28e-08
32.9 5.2 0.00853 1.47e-08 4.23e-08
33 5.2 0.00837 1.45e-08 4.17e-08
33.1 5.2 0.00821 1.43e-08 4.13e-08
33.2 5.2 0.00805 1.41e-08 4.07e-08
33.3 5.2 0.0079 1.39e-08 4.01e-08
33.4 5.2 0.00775 1.38e-08 3.97e-08
33.5 5.2 0.00761 1.36e-08 3.92e-08
33.6 5.2 0.00746 1.35e-08 3.86e-08
33.7 5.2 0.00732 1.33e-08 3.81e-08
33.8 5.2 0.00718 1.31e-08 3.76e-08
33.9 5.2 0.00705 1.3e-08 3.7e-08
34 5.2 0.00691 1.28e-08 3.65e-08
34.1 5.2 0.00678 1.27e-08 3.61e-08
34.2 5.2 0.00665 1.24e-08 3.55e-08
34.3 5.2 0.00653 1.23e-08 3.5e-08
34.4 5.2 0.00641 1.21e-08 3.45e-08
34.5 5.2 0.00628 1.2e-08 3.4e-08
34.6 5.2 0.00617 1.17e-08 3.35e-08
34.7 5.2 0.00605 1.16e-08 3.3e-08
34.8 5.2 0.00593 1.14e-08 3.25e-08
34.9 5.2 0.00582 1.12e-08 3.2e-08
35 5.2 0.00571 1.11e-08 3.16e-08
35.1 5.2 0.0056 1.09e-08 3.11e-08
35.2 5.2 0.0055 1.08e-08 3.06e-08
35.3 5.2 0.00539 1.06e-08 3.02e-08
35.4 5.2 0.00529 1.05e-08 2.97e-08
35.5 5.2 0.00519 1.03e-08 2.93e-08
35.6 5.2 0.00509 1.01e-08 2.89e-08
35.7 5.2 0.005 1e-08 2.84e-08
35.8 5.2 0.0049 9.88e-09 2.79e-08
35.9 5.2 0.00481 9.72e-09 2.75e-08
36 5.2 0.00472 9.6e-09 2.71e-08
36.1 5.2 0.00463 9.45e-09 2.67e-08
36.2 5.2 0.00454 9.33e-09 2.62e-08
36.3 5.2 0.00446 9.17e-09 2.58e-08
36.4 5.2 0.00437 9.08e-09 2.53e-08
36.5 5.2 0.00429 8.9e-09 2.49e-08
36.6 5.2 0.00421 8.8e-09 2.45e-08
36.7 5.2 0.00413 8.67e-09 2.41e-08
36.8 5.2 0.00405 8.6e-09 2.37e-08
36.9 5.2 0.00397 8.53e-09 2.33e-08
37 5.2 0.0039 8.53e-09 2.28e-08
37.1 5.2 0.00382 8.58e-09 2.21e-08
37.2 5.2 0.00375 9.7e-09 2.05e-08
37.3 5.2 0.00368 1.3e-08 2.38e-08
37.4 5.2 0.00361 9.22e-09 2.22e-08
37.5 5.2 0.00354 8.45e-09 2.16e-08
37.6 5.2 0.00347 8.03e-09 2.12e-08
37.7 5.2 0.00341 7.72e-09 2.08e-08
37.8 5.2 0.00334 7.55e-09 2.04e-08
37.9 5.2 0.00328 7.27e-09 2e-08
38 5.2 0.00322 7.15e-09 1.97e-08
38.1 5.2 0.00316 7.05e-09 1.94e-08
38.2 5.2 0.0031 6.88e-09 1.9e-08
38.3 5.2 0.00304 6.75e-09 1.87e-08
38.4 5.2 0.00298 6.58e-09 1.83e-08
38.5 5.2 0.00292 6.48e-09 1.8e-08
38.6 5.2 0.00287 6.3e-09 1.77e-08
38.7 5.2 0.00281 6.23e-09 1.74e-08
38.8 5.2 0.00276 6.07e-09 1.71e-08
38.9 5.2 0.00271 6.03e-09 1.68e-08
39 5.2 0.00266 5.87e-09 1.65e-08
39.1 5.2 0.00261 5.77e-09 1.62e-08
39.2 5.2 0.00256 5.65e-09 1.6e-08
39.3 5.2 0.00251 5.6e-09 1.57e-08
39.4 5.2 0.00246 5.5e-09 1.54e-08
39.5 5.2 0.00241 5.38e-09 1.51e-08
39.6 5.2 0.00237 5.3e-09 1.49e-08
39.7 5.2 0.00232 5.18e-09 1.46e-08
39.8 5.2 0.00228 5.05e-09 1.43e-08
39.9 5.2 0.00224 5.03e-09 1.41e-08
40 5.2 0.00219 4.87e-09 1.38e-08
40.1 5.2 0.00215 4.83e-09 1.36e-08
40.2 5.2 0.00211 4.75e-09 1.34e-08
40.3 5.2 0.00207 4.67e-09 1.31e-08
40.4 5.2 0.00203 4.57e-09 1.29e-08
40.5 5.2 0.00199 4.52e-09 1.27e-08
40.6 5.2 0.00195 4.45e-09 1.25e-08
40.7 5.2 0.00192 4.3e-09 1.22e-08
40.8 5.2 0.00188 4.22e-09 1.2e-08
40.9 5.2 0.00185 4.2e-09 1.18e-08
41 5.2 0.00181 4.1e-09 1.16e-08
41.1 5.2 0.00178 4.02e-09 1.14e-08
41.2 5.2 0.00174 3.93e-09 1.12e-08
41.3 5.2 0.00171 3.93e-09 1.1e-08
41.4 5.2 0.00168 3.83e-09 1.08e-08
41.5 5.2 0.00164 3.72e-09 1.06e-08
41.6 5.2 0.00161 3.65e-09 1.04e-08
41.7 5.2 0.00158 3.63e-09 1.02e-08
41.8 5.2 0.00155 3.53e-09 9.97e-09
41.9 5.2 0.00152 3.48e-09 9.83e-09
42 5.2 0.00149 3.43e-09 9.68e-09
42.1 5.2 0.00147 3.4e-09 9.5e-09
42.2 5.2 0.00144 3.3e-09 9.3e-09
42.3 5.2 0.00141 3.25e-09 9.15e-09
42.4 5.2 0.00138 3.2e-09 9e-09
42.5 5.2 0.00136 3.17e-09 8.82e-09
42.6 5.2 0.00133 3.05e-09 8.65e-09
42.7 5.2 0.00131 3e-09 8.5e-09
42.8 5.2 0.00128 2.95e-09 8.35e-09
42.9 5.2 0.00126 2.9e-09 8.2e-09
43 5.2 0.00123 2.8e-09 8e-09
43.1 5.2 0.00121 2.78e-09 7.92e-09
43.2 5.2 0.00119 2.72e-09 7.78e-09
43.3 5.2 0.00116 2.67e-09 7.63e-09
43.4 5.2 0.00114 2.62e-09 7.48e-09
43.5 5.2 0.00112 2.57e-09 7.33e-09
43.6 5.2 0.0011 2.52e-09 7.17e-09
43.7 5.2 0.00108 2.5e-09 7.1e-09
43.8 5.2 0.00106 2.45e-09 6.95e-09
43.9 5.2 0.00104 2.4e-09 6.8e-09
44 5.2 0.00102 2.38e-09 6.72e-09
44.1 5.2 0.000998 2.33e-09 6.57e-09
44.2 5.2 0.000979 2.28e-09 6.45e-09
44.3 5.2 0.000961 2.24e-09 6.33e-09
44.4 5.2 0.000942 2.2e-09 6.21e-09
44.5 5.2 0.000924 2.16e-09 6.1e-09
44.6 5.2 0.000907 2.11e-09 5.99e-09
44.7 5.2 0.000889 2.08e-09 5.87e-09
44.8 5.2 0.000873 2.04e-09 5.76e-09
44.9 5.2 0.000856 2.01e-09 5.66e-09
45 5.2 0.00084 1.96e-09 5.55e-09
45.1 5.2 0.000824 1.93e-09 5.45e-09
45.2 5.2 0.000808 1.9e-09 5.35e-09
45.3 5.2 0.000793 1.86e-09 5.25e-09
45.4 5.2 0.000778 1.83e-09 5.15e-09
45.5 5.2 0.000763 1.79e-09 5.06e-09
45.6 5.2 0.000748 1.75e-09 4.96e-09
45.7 5.2 0.000734 1.72e-09 4.87e-09
45.8 5.2 0.00072 1.69e-09 4.78e-09
45.9 5.2 0.000706 1.66e-09 4.69e-09
46 5.2 0.000693 1.63e-09 4.6e-09
46.1 5.2 0.00068 1.6e-09 4.52e-09
46.2 5.2 0.000667 1.57e-09 4.43e-09
46.3 5.2 0.000654 1.54e-09 4.35e-09
46.4 5.2 0.000642 1.51e-09 4.27e-09
46.5 5.2 0.000629 1.49e-09 4.19e-09
46.6 5.2 0.000617 1.46e-09 4.11e-09
46.7 5.2 0.000606 1.43e-09 4.03e-09
46.8 5.2 0.000594 1.4e-09 3.96e-09
46.9 5.2 0.000583 1.37e-09 3.88e-09
47 5.2 0.000572 1.35e-09 3.81e-09
47.1 5.2 0.000561 1.33e-09 3.74e-09
47.2 5.2 0.00055 1.3e-09 3.67e-09
47.3 5.2 0.00054 1.28e-09 3.6e-09
47.4 5.2 0.000529 1.25e-09 3.54e-09
47.5 5.2 0.000519 1.23e-09 3.47e-09
47.6 5.2 0.000509 1.21e-09 3.41e-09
47.7 5.2 0.0005 1.19e-09 3.34e-09
47.8 5.2 0.00049 1.16e-09 3.28e-09
47.9 5.2 0.000481 1.14e-09 3.22e-09
48 5.2 0.000472 1.11e-09 3.15e-09
48.1 5.2 0.000463 1.1e-09 3.1e-09
48.2 5.2 0.000454 1.08e-09 3.04e-09
48.3 5.2 0.000445 1.05e-09 2.98e-09
48.4 5.2 0.000437 1.04e-09 2.93e-09
48.5 5.2 0.000429 1.02e-09 2.87e-09
48.6 5.2 0.00042 9.95e-10 2.81e-09
48.7 5.2 0.000412 9.85e-10 2.76e-09
48.8 5.2 0.000405 9.58e-10 2.71e-09
48.9 5.2 0.000397 9.4e-10 2.66e-09
49 5.2 0.000389 9.25e-10 2.62e-09
49.1 5.2 0.000382 9.08e-10 2.56e-09
49.2 5.2 0.000375 8.92e-10 2.52e-09
49.3 5.2 0.000367 8.73e-10 2.47e-09
49.4 5.2 0.00036 8.6e-10 2.42e-09
49.5 5.2 0.000354 8.37e-10 2.37e-09
49.6 5.2 0.000347 8.27e-10 2.33e-09
49.7 5.2 0.00034 8.1e-10 2.29e-09
49.8 5.2 0.000334 7.97e-10 2.24e-09
49.9 5.2 0.000327 7.85e-10 2.21e-09
50 5.2 0.000321 7.63e-10 2.16e-09
50.1 5.2 0.000315 7.5e-10 2.12e-09
50.2 5.2 0.000309 7.4e-10 2.08e-09
50.3 5.2 0.000303 7.23e-10 2.04e-09
50.4 5.2 0.000297 7.1e-10 2e-09
50.5 5.2 0.000292 6.95e-10 1.97e-09
50.6 5.2 0.000286 6.82e-10 1.93e-09
50.7 5.2 0.000281 6.7e-10 1.89e-09
50.8 5.2 0.000275 6.6e-10 1.86e-09
50.9 5.2 0.00027 6.43e-10 1.82e-09
51 5.2 0.000265 6.33e-10 1.79e-09
51.1 5.2 0.00026 6.2e-10 1.75e-09
51.2 5.2 0.000255 6.13e-10 1.72e-09
51.3 5.2 0.00025 5.95e-10 1.69e-09
51.4 5.2 0.000245 5.85e-10 1.65e-09
51.5 5.2 0.000241 5.73e-10 1.62e-09
51.6 5.2 0.000236 5.62e-10 1.59e-09
51.7 5.2 0.000232 5.55e-10 1.57e-09
51.8 5.2 0.000227 5.45e-10 1.53e-09
51.9 5.2 0.000223 5.32e-10 1.51e-09
52 5.2 0.000219 5.23e-10 1.48e-09
52.1 5.2 0.000215 5.18e-10 1.45e-09
52.2 5.2 0.00021 5.02e-10 1.42e-09
52.3 5.2 0.000206 4.95e-10 1.4e-09
52.4 5.2 0.000202 4.9e-10 1.37e-09
52.5 5.2 0.000199 4.72e-10 1.34e-09
52.6 5.2 0.000195 4.65e-10 1.31e-09
52.7 5.2 0.000191 4.58e-10 1.29e-09
52.8 5.2 0.000187 4.5e-10 1.27e-09
52.9 5.2 0.000184 4.37e-10 1.24e-09
53 5.2 0.00018 4.33e-10 1.22e-09
53.1 5.2 0.000177 4.25e-10 1.19e-09
53.2 5.2 0.000174 4.2e-10 1.17e-09
53.3 5.2 0.00017 4.07e-10 1.15e-09
53.4 5.2 0.000167 4e-10 1.13e-09
53.5 5.2 0.000164 3.98e-10 1.11e-09
53.6 5.2 0.000161 3.85e-10 1.09e-09
53.7 5.2 0.000158 3.75e-10 1.06e-09
53.8 5.2 0.000155 3.68e-10 1.04e-09
53.9 5.2 0.000152 3.62e-10 1.03e-09
54 5.2 0.000149 3.55e-10 1e-09
54.1 5.2 0.000146 3.5e-10 9.9e-10
54.2 5.2 0.000143 3.43e-10 9.68e-10
54.3 5.2 0.000141 3.38e-10 9.52e-10
54.4 5.2 0.000138 3.3e-10 9.3e-10
54.5 5.2 0.000135 3.23e-10 9.17e-10
54.6 5.2 0.000133 3.17e-10 8.92e-10
54.7 5.2 0.00013 3.1e-10 8.8e-10
54.8 5.2 0.000128 3.05e-10 8.65e-10
54.9 5.2 0.000125 3.02e-10 8.48e-10
55 5.2 0.000123 2.95e-10 8.35e-10
55.1 5.2 0.00012 2.9e-10 8.2e-10
55.2 5.2 0.000118 2.9e-10 8e-10
55.3 5.2 0.000116 2.8e-10 7.9e-10
55.4 5.2 0.000114 2.72e-10 7.67e-10
55.5 5.2 0.000112 2.7e-10 7.6e-10
55.6 5.2 0.000109 2.63e-10 7.37e-10
55.7 5.2 0.000107 2.55e-10 7.25e-10
55.8 5.2 0.000105 2.5e-10 7.1e-10
55.9 5.2 0.000103 2.48e-10 7.03e-10
56 5.2 0.000101 2.42e-10 6.87e-10
56.1 5.2 9.94e-05 2.39e-10 6.74e-10
56.2 5.2 9.75e-05 2.34e-10 6.61e-10
56.3 5.2 9.57e-05 2.3e-10 6.48e-10
56.4 5.2 9.38e-05 2.25e-10 6.36e-10
56.5 5.2 9.21e-05 2.21e-10 6.24e-10
56.6 5.2 9.03e-05 2.17e-10 6.13e-10
56.7 5.2 8.86e-05 2.12e-10 6.01e-10
56.8 5.2 8.69e-05 2.09e-10 5.89e-10
56.9 5.2 8.52e-05 2.05e-10 5.78e-10
57 5.2 8.36e-05 2.01e-10 5.67e-10
57.1 5.2 8.2e-05 1.97e-10 5.56e-10
57.2 5.2 8.05e-05 1.93e-10 5.46e-10
57.3 5.2 7.89e-05 1.9e-10 5.35e-10
57.4 5.2 7.74e-05 1.86e-10 5.25e-10
57.5 5.2 7.59e-05 1.83e-10 5.15e-10
57.6 5.2 7.45e-05 1.8e-10 5.05e-10
57.7 5.2 7.31e-05 1.76e-10 4.96e-10
57.8 5.2 7.17e-05 1.72e-10 4.86e-10
57.9 5.2 7.03e-05 1.69e-10 4.77e-10
58 5.2 6.9e-05 1.66e-10 4.68e-10
58.1 5.2 6.77e-05 1.63e-10 4.59e-10
58.2 5.2 6.64e-05 1.6e-10 4.5e-10
58.3 5.2 6.51e-05 1.57e-10 4.42e-10
58.4 5.2 6.39e-05 1.54e-10 4.33e-10
58.5 5.2 6.27e-05 1.51e-10 4.25e-10
58.6 5.2 6.15e-05 1.48e-10 4.17e-10
58.7 5.2 6.03e-05 1.45e-10 4.09e-10
58.8 5.2 5.91e-05 1.42e-10 4.02e-10
58.9 5.2 5.8e-05 1.4e-10 3.94e-10
59 5.2 5.69e-05 1.37e-10 3.86e-10
59.1 5.2 5.58e-05 1.34e-10 3.79e-10
59.2 5.2 5.48e-05 1.32e-10 3.72e-10
59.3 5.2 5.37e-05 1.29e-10 3.65e-10
59.4 5.2 5.27e-05 1.27e-10 3.58e-10
59.5 5.2 5.17e-05 1.24e-10 3.51e-10
59.6 5.2 5.07e-05 1.22e-10 3.44e-10
59.7 5.2 4.97e-05 1.2e-10 3.38e-10
59.8 5.2 4.88e-05 1.17e-10 3.31e-10
59.9 5.2 4.79e-05 1.16e-10 3.25e-10
60 5.2 4.7e-05 1.13e-10 3.19e-10
60.1 5.2 4.61e-05 1.11e-10 3.13e-10
60.2 5.2 4.52e-05 1.09e-10 3.06e-10
60.3 5.2 4.43e-05 1.07e-10 3.01e-10
60.4 5.2 4.35e-05 1.05e-10 2.96e-10
60.5 5.2 4.27e-05 1.03e-10 2.9e-10
60.6 5.2 4.18e-05 1.01e-10 2.84e-10
78.1 5.2 1.45e-06 3.53e-12 9.87e-12
78.2 5.2 1.42e-06 3.43e-12 9.67e-12
78.3 5.2 1.39e-06 3.35e-12 9.45e-12
78.4 5.2 1.36e-06 3.25e-12 9.25e-12
78.5 5.2 1.34e-06 3.25e-12 9.15e-12
78.6 5.2 1.31e-06 3.13e-12 8.88e-12
78.7 5.2 1.29e-06 3.13e-12 8.78e-12
78.8 5.2 1.26e-06 3.03e-12 8.58e-12
78.9 5.2 1.24e-06 2.98e-12 8.42e-12
79 5.2 1.22e-06 2.93e-12 8.28e-12
79.1 5.2 1.19e-06 2.88e-12 8.12e-12
79.2 5.2 1.17e-06 2.83e-12 7.98e-12
79.3 5.2 1.15e-06 2.75e-12 7.75e-12
79.4 5.2 1.13e-06 2.72e-12 7.68e-12
79.5 5.2 1.1e-06 2.67e-12 7.52e-12
79.6 5.2 1.08e-06 2.62e-12 7.38e-12
79.7 5.2 1.06e-06 2.57e-12 7.22e-12
79.8 5.2 1.04e-06 2.52e-12 7.07e-12
79.9 5.2 1.02e-06 2.45e-12 6.95e-12
80 5.2 1e-06 2.4e-12 6.8e-12
80.1 5.2 9.84e-07 2.38e-12 6.69e-12
80.2 5.2 9.65e-07 2.32e-12 6.57e-12
80.3 5.2 9.47e-07 2.29e-12 6.44e-12
80.4 5.2 9.29e-07 2.24e-12 6.32e-12
80.5 5.2 9.11e-07 2.19e-12 6.2e-12
80.6 5.2 8.94e-07 2.15e-12 6.08e-12
80.7 5.2 8.77e-07 2.11e-12 5.96e-12
80.8 5.2 8.6e-07 2.07e-12 5.85e-12
80.9 5.2 8.44e-07 2.04e-12 5.73e-12
81 5.2 8.28e-07 1.99e-12 5.63e-12
81.1 5.2 8.12e-07 1.96e-12 5.52e-12
81.2 5.2 7.96e-07 1.92e-12 5.42e-12
81.3 5.2 7.81e-07 1.88e-12 5.31e-12
81.4 5.2 7.66e-07 1.85e-12 5.21e-12
81.5 5.2 7.52e-07 1.81e-12 5.11e-12
81.6 5.2 7.38e-07 1.78e-12 5.01e-12
81.7 5.2 7.23e-07 1.74e-12 4.92e-12
81.8 5.2 7.1e-07 1.71e-12 4.82e-12
81.9 5.2 6.96e-07 1.68e-12 4.73e-12
82 5.2 6.83e-07 1.64e-12 4.64e-12
82.1 5.2 6.7e-07 1.62e-12 4.55e-12
82.2 5.2 6.57e-07 1.58e-12 4.47e-12
82.3 5.2 6.45e-07 1.55e-12 4.39e-12
82.4 5.2 6.32e-07 1.53e-12 4.3e-12
82.5 5.2 6.2e-07 1.49e-12 4.22e-12
82.6 5.2 6.08e-07 1.46e-12 4.13e-12
82.7 5.2 5.97e-07 1.44e-12 4.06e-12
82.8 5.2 5.86e-07 1.41e-12 3.99e-12
82.9 5.2 5.74e-07 1.39e-12 3.9e-12
83 5.2 5.63e-07 1.36e-12 3.83e-12
83.1 5.2 5.53e-07 1.34e-12 3.76e-12
83.2 5.2 5.42e-07 1.31e-12 3.69e-12
83.3 5.2 5.32e-07 1.28e-12 3.62e-12
83.4 5.2 5.22e-07 1.26e-12 3.54e-12
83.5 5.2 5.12e-07 1.24e-12 3.48e-12
83.6 5.2 5.02e-07 1.21e-12 3.41e-12
83.7 5.2 4.92e-07 1.19e-12 3.34e-12
83.8 5.2 4.83e-07 1.16e-12 3.29e-12
83.9 5.2 4.74e-07 1.15e-12 3.23e-12
84 5.2 4.65e-07 1.12e-12 3.16e-12
84.1 5.2 4.56e-07 1.1e-12 3.1e-12
84.2 5.2 4.47e-07 1.08e-12 3.04e-12
84.3 5.2 4.39e-07 1.06e-12 2.98e-12
84.4 5.2 4.3e-07 1.04e-12 2.93e-12
84.5 5.2 4.22e-07 1.02e-12 2.87e-12
84.6 5.2 4.14e-07 9.97e-13 2.81e-12
84.7 5.2 4.06e-07 9.78e-13 2.76e-12
84.8 5.2 3.99e-07 9.6e-13 2.71e-12
84.9 5.2 3.91e-07 9.4e-13 2.66e-12
85 5.2 3.84e-07 9.3e-13 2.61e-12
85.1 5.2 3.76e-07 9.05e-13 2.55e-12
85.2 5.2 3.69e-07 8.9e-13 2.51e-12
85.3 5.2 3.62e-07 8.75e-13 2.47e-12
85.4 5.2 3.55e-07 8.58e-13 2.41e-12
85.5 5.2 3.48e-07 8.4e-13 2.37e-12
85.6 5.2 3.42e-07 8.25e-13 2.32e-12
85.7 5.2 3.35e-07 8.1e-13 2.28e-12
85.8 5.2 3.29e-07 7.97e-13 2.23e-12
85.9 5.2 3.23e-07 7.77e-13 2.19e-12
86 5.2 3.16e-07 7.6e-13 2.15e-12
86.1 5.2 3.1e-07 7.52e-13 2.11e-12
86.2 5.2 3.04e-07 7.35e-13 2.07e-12
86.3 5.2 2.99e-07 7.18e-13 2.03e-12
86.4 5.2 2.93e-07 7.07e-13 1.99e-12
86.5 5.2 2.87e-07 6.9e-13 1.95e-12
86.6 5.2 2.82e-07 6.8e-13 1.92e-12
86.7 5.2 2.77e-07 6.68e-13 1.88e-12
86.8 5.2 2.71e-07 6.52e-13 1.85e-12
86.9 5.2 2.66e-07 6.4e-13 1.81e-12
87 5.2 2.61e-07 6.28e-13 1.77e-12
87.1 5.2 2.56e-07 6.18e-13 1.74e-12
87.2 5.2 2.51e-07 6.05e-13 1.7e-12
87.3 5.2 2.46e-07 5.93e-13 1.68e-12
87.4 5.2 2.42e-07 5.85e-13 1.64e-12
87.5 5.2 2.37e-07 5.73e-13 1.62e-12
87.6 5.2 2.33e-07 5.6e-13 1.58e-12
87.7 5.2 2.28e-07 5.5e-13 1.55e-12
87.8 5.2 2.24e-07 5.4e-13 1.52e-12
87.9 5.2 2.2e-07 5.28e-13 1.49e-12
88 5.2 2.15e-07 5.17e-13 1.46e-12
88.1 5.2 2.11e-07 5.1e-13 1.44e-12
88.2 5.2 2.07e-07 5e-13 1.41e-12
88.3 5.2 2.03e-07 4.87e-13 1.38e-12
88.4 5.2 1.99e-07 4.83e-13 1.36e-12
88.5 5.2 1.96e-07 4.7e-13 1.33e-12
88.6 5.2 1.92e-07 4.6e-13 1.3e-12
88.7 5.2 1.88e-07 4.55e-13 1.29e-12
88.8 5.2 1.85e-07 4.45e-13 1.26e-12
88.9 5.2 1.81e-07 4.38e-13 1.23e-12
89 5.2 1.78e-07 4.25e-13 1.21e-12
89.1 5.2 1.74e-07 4.23e-13 1.19e-12
89.2 5.2 1.71e-07 4.15e-13 1.16e-12
89.3 5.2 1.68e-07 4.03e-13 1.14e-12
89.4 5.2 1.65e-07 3.98e-13 1.12e-12
89.5 5.2 1.61e-07 3.88e-13 1.09e-12
89.6 5.2 1.58e-07 3.82e-13 1.08e-12
89.7 5.2 1.55e-07 3.75e-13 1.06e-12
89.8 5.2 1.52e-07 3.72e-13 1.04e-12
89.9 5.2 1.49e-07 3.63e-13 1.02e-12
90 5.2 1.47e-07 3.55e-13 9.95e-13
90.1 5.2 1.44e-07 3.5e-13 9.8e-13
90.2 5.2 1.41e-07 3.4e-13 9.6e-13
90.3 5.2 1.38e-07 3.3e-13 9.4e-13
90.4 5.2 1.36e-07 3.28e-13 9.22e-13
90.5 5.2 1.33e-07 3.2e-13 9e-13
90.6 5.2 1.31e-07 3.12e-13 8.88e-13
90.7 5.2 1.28e-07 3.08e-13 8.72e-13
90.8 5.2 1.26e-07 3.05e-13 8.55e-13
90.9 5.2 1.23e-07 2.97e-13 8.42e-13
91 5.2 1.21e-07 2.9e-13 8.2e-13
91.1 5.2 1.19e-07 2.85e-13 8.05e-13
91.2 5.2 1.16e-07 2.8e-13 7.9e-13
91.3 5.2 1.14e-07 2.75e-13 7.75e-13
91.4 5.2 1.12e-07 2.73e-13 7.68e-13
91.5 5.2 1.1e-07 2.65e-13 7.45e-13
91.6 5.2 1.08e-07 2.6e-13 7.3e-13
91.7 5.2 1.06e-07 2.58e-13 7.23e-13
91.8 5.2 1.04e-07 2.52e-13 7.07e-13
91.9 5.2 1.02e-07 2.45e-13 6.95e-13
92 5.2 9.98e-08 2.4e-13 6.78e-13
92.1 5.2 9.79e-08 2.36e-13 6.66e-13
92.2 5.2 9.6e-08 2.31e-13 6.53e-13
92.3 5.2 9.42e-08 2.27e-13 6.41e-13
92.4 5.2 9.24e-08 2.23e-13 6.29e-13
92.5 5.2 9.07e-08 2.19e-13 6.17e-13
92.6 5.2 8.89e-08 2.14e-13 6.04e-13
92.7 5.2 8.72e-08 2.1e-13 5.93e-13
92.8 5.2 8.56e-08 2.07e-13 5.82e-13
92.9 5.2 8.39e-08 2.03e-13 5.71e-13
93 5.2 8.23e-08 1.98e-13 5.6e-13
93.1 5.2 8.08e-08 1.95e-13 5.49e-13
93.2 5.2 7.92e-08 1.91e-13 5.39e-13
93.3 5.2 7.77e-08 1.87e-13 5.29e-13
93.4 5.2 7.63e-08 1.84e-13 5.18e-13
93.5 5.2 7.48e-08 1.8e-13 5.09e-13
93.6 5.2 7.34e-08 1.77e-13 4.99e-13
93.7 5.2 7.2e-08 1.73e-13 4.89e-13
93.8 5.2 7.06e-08 1.7e-13 4.8e-13
93.9 5.2 6.93e-08 1.67e-13 4.71e-13
94 5.2 6.79e-08 1.64e-13 4.62e-13
94.1 5.2 6.66e-08 1.6e-13 4.53e-13
94.2 5.2 6.54e-08 1.58e-13 4.45e-13
94.3 5.2 6.41e-08 1.54e-13 4.36e-13
94.4 5.2 6.29e-08 1.52e-13 4.27e-13
94.5 5.2 6.17e-08 1.48e-13 4.19e-13
94.6 5.2 6.05e-08 1.46e-13 4.12e-13
94.7 5.2 5.94e-08 1.43e-13 4.04e-13
94.8 5.2 5.83e-08 1.4e-13 3.96e-13
94.9 5.2 5.71e-08 1.38e-13 3.88e-13
95 5.2 5.61e-08 1.35e-13 3.81e-13
95.1 5.2 5.5e-08 1.32e-13 3.74e-13
95.2 5.2 5.39e-08 1.3e-13 3.67e-13
95.3 5.2 5.29e-08 1.28e-13 3.6e-13
95.4 5.2 5.19e-08 1.26e-13 3.53e-13
95.5 5.2 5.09e-08 1.23e-13 3.46e-13
95.6 5.2 4.99e-08 1.2e-13 3.4e-13
95.7 5.2 4.9e-08 1.18e-13 3.33e-13
95.8 5.2 4.81e-08 1.16e-13 3.27e-13
95.9 5.2 4.71e-08 1.14e-13 3.21e-13
96 5.2 4.62e-08 1.12e-13 3.15e-13
96.1 5.2 4.54e-08 1.09e-13 3.09e-13
96.2 5.2 4.45e-08 1.07e-13 3.03e-13
96.3 5.2 4.37e-08 1.05e-13 2.97e-13
96.4 5.2 4.28e-08 1.04e-13 2.92e-13
96.5 5.2 4.2e-08 1.01e-13 2.86e-13
96.6 5.2 4.12e-08 9.93e-14 2.8e-13
96.7 5.2 4.04e-08 9.8e-14 2.75e-13
96.8 5.2 3.97e-08 9.55e-14 2.7e-13
96.9 5.2 3.89e-08 9.35e-14 2.64e-13
97 5.2 3.82e-08 9.18e-14 2.59e-13
97.1 5.2 3.74e-08 9.02e-14 2.55e-13
97.2 5.2 3.67e-08 8.83e-14 2.5e-13
97.3 5.2 3.6e-08 8.7e-14 2.45e-13
97.4 5.2 3.53e-08 8.5e-14 2.4e-13
97.5 5.2 3.47e-08 8.37e-14 2.36e-13
97.6 5.2 3.4e-08 8.25e-14 2.32e-13
97.7 5.2 3.34e-08 8.05e-14 2.26e-13
97.8 5.2 3.27e-08 7.9e-14 2.23e-13
97.9 5.2 3.21e-08 7.7e-14 2.18e-13
98 5.2 3.15e-08 7.58e-14 2.14e-13
98.1 5.2 3.09e-08 7.5e-14 2.1e-13
98.2 5.2 3.03e-08 7.3e-14 2.06e-13
98.3 5.2 2.97e-08 7.17e-14 2.02e-13
98.4 5.2 2.92e-08 7e-14 1.98e-13
98.5 5.2 2.86e-08 6.87e-14 1.94e-13
98.6 5.2 2.81e-08 6.78e-14 1.91e-13
98.7 5.2 2.75e-08 6.62e-14 1.87e-13
98.8 5.2 2.7e-08 6.52e-14 1.84e-13
98.9 5.2 2.65e-08 6.38e-14 1.8e-13
99 5.2 2.6e-08 6.25e-14 1.77e-13
99.1 5.2 2.55e-08 6.15e-14 1.73e-13
99.2 5.2 2.5e-08 6.08e-14 1.7e-13
99.3 5.2 2.45e-08 5.9e-14 1.67e-13
99.4 5.2 2.41e-08 5.83e-14 1.64e-13
99.5 5.2 2.36e-08 5.67e-14 1.6e-13
99.6 5.2 2.31e-08 5.58e-14 1.57e-13
99.7 5.2 2.27e-08 5.48e-14 1.54e-13
99.8 5.2 2.23e-08 5.4e-14 1.52e-13
99.9 5.2 2.18e-08 5.25e-14 1.48e-13
