-25 8.4 0.0955 2.17e-08 7.25e-09
-24.9 8.4 0.0965 2.25e-08 7.5e-09
-24.8 8.4 0.0975 2.32e-08 7.75e-09
-24.7 8.4 0.0986 2.32e-08 7.75e-09
-24.6 8.4 0.0996 2.32e-08 7.75e-09
-24.5 8.4 0.101 3e-08 1e-08
-24.4 8.4 0.102 2.25e-08 7.5e-09
-24.3 8.4 0.103 2.25e-08 7.5e-09
-24.2 8.4 0.104 2.25e-08 7.5e-09
-24.1 8.4 0.105 2.25e-08 7.5e-09
-24 8.4 0.106 3e-08 1e-08
-23.9 8.4 0.107 3e-08 1e-08
-23.8 8.4 0.108 3e-08 1e-08
-23.7 8.4 0.11 3e-08 1e-08
-23.6 8.4 0.111 3e-08 1e-08
-23.5 8.4 0.112 2.25e-08 7.5e-09
-23.4 8.4 0.113 3e-08 1e-08
-23.3 8.4 0.114 3e-08 1e-08
-23.2 8.4 0.115 3e-08 1e-08
-23.1 8.4 0.117 3e-08 1e-08
-23 8.4 0.118 3e-08 1e-08
-22.9 8.4 0.119 3e-08 1e-08
-22.8 8.4 0.12 3e-08 1e-08
-22.7 8.4 0.122 3e-08 1e-08
-22.6 8.4 0.123 3e-08 1e-08
-22.5 8.4 0.124 3.25e-08 1.75e-08
-22.4 8.4 0.125 3.25e-08 1.75e-08
-22.3 8.4 0.127 3e-08 1e-08
-22.2 8.4 0.128 3e-08 1e-08
-22.1 8.4 0.129 3.25e-08 1.75e-08
-22 8.4 0.131 3.75e-08 1.25e-08
-21.9 8.4 0.132 3e-08 1e-08
-21.8 8.4 0.133 3.25e-08 1.75e-08
-21.7 8.4 0.135 3.75e-08 1.25e-08
-21.6 8.4 0.136 3.25e-08 1.75e-08
-21.5 8.4 0.137 3.75e-08 1.25e-08
-21.4 8.4 0.139 3e-08 1e-08
-21.3 8.4 0.14 3.25e-08 1.75e-08
-21.2 8.4 0.142 3.75e-08 1.25e-08
-21.1 8.4 0.143 3.25e-08 1.75e-08
-21 8.4 0.144 3.25e-08 1.75e-08
-20.9 8.4 0.146 3.25e-08 1.75e-08
-20.8 8.4 0.147 3.25e-08 1.75e-08
-20.7 8.4 0.149 3.25e-08 1.75e-08
-20.6 8.4 0.15 6.5e-08 5.5e-08
-20.5 8.4 0.152 8.5e-08 6.5e-08
-20.4 8.4 0.153 1e-07 8e-08
-20.3 8.4 0.155 1.1e-07 8e-08
-20.2 8.4 0.156 1.4e-07 7e-08
-20.1 8.4 0.158 1.55e-07 7.5e-08
-20 8.4 0.16 9.25e-08 3.75e-08
-19.9 8.4 0.161 5.25e-08 5.75e-08
-19.8 8.4 0.163 2.7e-07 5.5e-07
-19.7 8.4 0.164 6.75e-08 4.25e-08
-19.6 8.4 0.166 5.25e-08 2.75e-08
-19.5 8.4 0.168 4.75e-08 2.25e-08
-19.4 8.4 0.169 5e-08 2e-08
-19.3 8.4 0.171 4.75e-08 2.25e-08
-19.2 8.4 0.172 4.25e-08 1.75e-08
-19.1 8.4 0.174 4.25e-08 1.75e-08
-19 8.4 0.176 4.5e-08 1.5e-08
-18.9 8.4 0.177 4.25e-08 1.75e-08
-18.8 8.4 0.179 3.75e-08 1.25e-08
-18.7 8.4 0.181 4.25e-08 1.75e-08
-18.6 8.4 0.183 4.5e-08 1.5e-08
-18.5 8.4 0.184 3.75e-08 1.25e-08
-18.4 8.4 0.186 3.75e-08 1.25e-08
-18.3 8.4 0.188 3.75e-08 1.25e-08
-18.2 8.4 0.19 3.75e-08 1.25e-08
-18.1 8.4 0.191 3.75e-08 1.25e-08
-18 8.4 0.193 3.75e-08 1.25e-08
-17.9 8.4 0.195 3.75e-08 1.25e-08
-17.8 8.4 0.197 3.75e-08 1.25e-08
-17.7 8.4 0.199 3.75e-08 1.25e-08
-17.6 8.4 0.2 3.75e-08 1.25e-08
-17.5 8.4 0.202 3e-08 1e-08
-17.4 8.4 0.204 3e-08 1e-08
-17.3 8.4 0.206 3.75e-08 1.25e-08
-17.2 8.4 0.208 3.75e-08 1.25e-08
-17.1 8.4 0.21 3.25e-08 1.75e-08
-17 8.4 0.212 3e-08 1e-08
-16.9 8.4 0.214 3e-08 1e-08
-16.8 8.4 0.216 3e-08 1e-08
-16.7 8.4 0.218 3e-08 1e-08
-16.6 8.4 0.22 2.5e-08 1.5e-08
-16.5 8.4 0.221 2.25e-08 7.5e-09
-16.4 8.4 0.223 3e-08 1e-08
-16.3 8.4 0.225 2.25e-08 7.5e-09
-16.2 8.4 0.227 2.5e-08 1.5e-08
-16.1 8.4 0.229 2.25e-08 7.5e-09
-16 8.4 0.231 1.5e-08 5e-09
-15.9 8.4 0.234 1.5e-08 5e-09
-15.8 8.4 0.236 2.25e-08 7.5e-09
-15.7 8.4 0.238 1.5e-08 5e-09
-15.6 8.4 0.24 1.5e-08 5e-09
-15.5 8.4 0.242 1.5e-08 5e-09
-15.4 8.4 0.244 1.5e-08 5e-09
-15.3 8.4 0.246 1.5e-08 5e-09
-15.2 8.4 0.248 7.5e-09 2.5e-09
-15.1 8.4 0.25 2.25e-08 7.5e-09
-15 8.4 0.252 1.5e-08 5e-09
-14.9 8.4 0.254 1.25e-08 7.5e-09
-14.8 8.4 0.257 5e-09 5e-09
-14.7 8.4 0.259 0 0
-14.6 8.4 0.261 0 0
-14.5 8.4 0.263 0 0
-14.4 8.4 0.265 7.5e-09 2.5e-09
-14.3 8.4 0.267 7.5e-09 2.5e-09
-14.2 8.4 0.27 5.75e-08 1.63e-07
-14.1 8.4 0.272 1e-08 1e-08
-14 8.4 0.274 2.5e-09 7.5e-09
-13.9 8.4 0.276 2.5e-09 7.5e-09
-13.8 8.4 0.279 7.5e-09 1.25e-08
-13.7 8.4 0.281 5e-09 1.5e-08
-13.6 8.4 0.283 1.25e-08 1.75e-08
-13.5 8.4 0.285 7.5e-09 2.25e-08
-13.4 8.4 0.288 5e-09 1.5e-08
-13.3 8.4 0.29 1.25e-08 1.75e-08
-13.2 8.4 0.292 7.5e-09 2.25e-08
-13.1 8.4 0.294 7.5e-09 2.25e-08
-13 8.4 0.297 1.25e-08 2.75e-08
-12.9 8.4 0.299 1.5e-08 2.5e-08
-12.8 8.4 0.301 4.75e-08 4.25e-08
-12.7 8.4 0.304 1.75e-08 3.25e-08
-12.6 8.4 0.306 1.75e-08 3.25e-08
-12.5 8.4 0.308 2e-08 4e-08
-12.4 8.4 0.311 1.25e-08 3.75e-08
-12.3 8.4 0.313 1.25e-08 3.75e-08
-12.2 8.4 0.315 1.5e-08 4.5e-08
-12.1 8.4 0.318 1.5e-08 4.5e-08
-12 8.4 0.32 1.5e-08 4.5e-08
-11.9 8.4 0.322 1.75e-08 5.25e-08
-11.8 8.4 0.325 1.75e-08 5.25e-08
-11.7 8.4 0.327 1.5e-08 4.5e-08
-11.6 8.4 0.329 1.75e-08 5.25e-08
-11.5 8.4 0.332 2.5e-08 5.5e-08
-11.4 8.4 0.334 2.5e-08 5.5e-08
-11.3 8.4 0.337 2e-08 6e-08
-11.2 8.4 0.339 2e-08 6e-08
-11.1 8.4 0.341 2e-08 6e-08
-11 8.4 0.344 2.25e-08 6.75e-08
-10.9 8.4 0.346 2.25e-08 6.75e-08
-10.8 8.4 0.349 3e-08 7e-08
-10.7 8.4 0.351 2.25e-08 6.75e-08
-10.6 8.4 0.353 2.5e-08 7.5e-08
-10.5 8.4 0.356 2.25e-08 6.75e-08
-10.4 8.4 0.358 2.5e-08 7.5e-08
-10.3 8.4 0.36 3e-08 7e-08
-10.2 8.4 0.363 2.5e-08 7.5e-08
-10.1 8.4 0.365 3.25e-08 7.75e-08
-10 8.4 0.368 3.25e-08 7.75e-08
-9.9 8.4 0.37 2.75e-08 8.25e-08
-9.8 8.4 0.372 3.25e-08 7.75e-08
-9.7 8.4 0.375 3.25e-08 7.75e-08
-9.6 8.4 0.377 3.5e-08 8.5e-08
-9.5 8.4 0.38 2.75e-08 8.25e-08
-9.4 8.4 0.382 3.5e-08 8.5e-08
-9.3 8.4 0.384 2.75e-08 8.25e-08
-9.2 8.4 0.387 3.5e-08 8.5e-08
-9.1 8.4 0.389 3.5e-08 8.5e-08
-9 8.4 0.392 3.5e-08 8.5e-08
-8.9 8.4 0.394 3.75e-08 9.25e-08
-8.8 8.4 0.396 3.75e-08 9.25e-08
-8.7 8.4 0.399 3.75e-08 9.25e-08
-8.6 8.4 0.401 3.75e-08 9.25e-08
-8.5 8.4 0.403 3.75e-08 9.25e-08
-8.4 8.4 0.406 3.5e-08 8.5e-08
-8.3 8.4 0.408 3.75e-08 9.25e-08
-8.2 8.4 0.41 3.75e-08 9.25e-08
-8.1 8.4 0.413 3.75e-08 9.25e-08
-8 8.4 0.415 3.5e-08 8.5e-08
-7.9 8.4 0.417 4.25e-08 8.75e-08
-7.8 8.4 0.42 4.25e-08 8.75e-08
-7.7 8.4 0.422 4.25e-08 8.75e-08
-7.6 8.4 0.424 3.75e-08 9.25e-08
-7.5 8.4 0.427 3.5e-08 8.5e-08
-7.4 8.4 0.429 3.5e-08 8.5e-08
-7.3 8.4 0.431 3.5e-08 8.5e-08
-7.2 8.4 0.433 4e-08 8e-08
-7.1 8.4 0.436 4e-08 8e-08
-7 8.4 0.438 4e-08 8e-08
-6.9 8.4 0.44 4e-08 8e-08
-6.8 8.4 0.442 4e-08 8e-08
-6.7 8.4 0.445 3.75e-08 8.25e-08
-6.6 8.4 0.447 4e-08 8e-08
-6.5 8.4 0.449 4e-08 8e-08
-6.4 8.4 0.451 3.75e-08 7.25e-08
-6.3 8.4 0.453 3.5e-08 6.5e-08
-6.2 8.4 0.455 3.5e-08 6.5e-08
-6.1 8.4 0.457 3.5e-08 6.5e-08
-6 8.4 0.46 4e-08 6e-08
-5.9 8.4 0.462 1.17e-07 1.43e-07
-5.8 8.4 0.464 1.35e-07 1.75e-07
-5.7 8.4 0.466 1.22e-07 2.38e-07
-5.6 8.4 0.468 8e-08 1.4e-07
-5.5 8.4 0.47 6.6e-07 3.3e-07
-5.4 8.4 0.472 5e-08 8e-08
-5.3 8.4 0.474 3.25e-08 6.75e-08
-5.2 8.4 0.476 2.25e-08 5.75e-08
-5.1 8.4 0.478 1.75e-08 5.25e-08
-5 8.4 0.48 1.75e-08 5.25e-08
-4.9 8.4 0.482 2.25e-08 4.75e-08
-4.8 8.4 0.484 1.5e-08 4.5e-08
-4.7 8.4 0.486 1.5e-08 4.5e-08
-4.6 8.4 0.487 1.75e-08 3.25e-08
-4.5 8.4 0.489 1.75e-08 3.25e-08
-4.4 8.4 0.491 1e-08 3e-08
-4.3 8.4 0.493 1e-08 3e-08
-4.2 8.4 0.495 7.5e-09 2.25e-08
-4.1 8.4 0.497 1.75e-08 4.25e-08
-4 8.4 0.498 1.25e-08 2.75e-08
-3.9 8.4 0.5 7.5e-09 1.25e-08
-3.8 8.4 0.502 5e-09 5e-09
-3.7 8.4 0.503 7.5e-09 2.5e-09
-3.6 8.4 0.505 5e-09 5e-09
-3.5 8.4 0.507 0 0
-3.4 8.4 0.508 1e-08 1e-08
-3.3 8.4 0.51 1.25e-08 7.5e-09
-3.2 8.4 0.512 1.5e-08 5e-09
-3.1 8.4 0.513 1.5e-08 5e-09
-3 8.4 0.515 2e-08 1e-08
-2.9 8.4 0.516 2.25e-08 7.5e-09
-2.8 8.4 0.518 3e-08 1e-08
-2.7 8.4 0.519 3e-08 1e-08
-2.6 8.4 0.52 3.75e-08 1.25e-08
-2.5 8.4 0.522 3.75e-08 1.25e-08
-2.4 8.4 0.523 4.5e-08 1.5e-08
-2.3 8.4 0.525 5.25e-08 1.75e-08
-2.2 8.4 0.526 5.25e-08 1.75e-08
-2.1 8.4 0.527 5.25e-08 1.75e-08
-2 8.4 0.528 6e-08 2e-08
-1.9 8.4 0.53 6.25e-08 2.75e-08
-1.8 8.4 0.531 6.75e-08 2.25e-08
-1.7 8.4 0.532 7e-08 3e-08
-1.6 8.4 0.533 7.5e-08 2.5e-08
-1.5 8.4 0.534 7.5e-08 2.5e-08
-1.4 8.4 0.535 7.75e-08 3.25e-08
-1.3 8.4 0.536 7.75e-08 3.25e-08
-1.2 8.4 0.537 8.5e-08 3.5e-08
-1.1 8.4 0.538 8.5e-08 3.5e-08
-1 8.4 0.539 9e-08 3e-08
-0.9 8.4 0.54 9.25e-08 3.75e-08
-0.8 8.4 0.541 9.25e-08 3.75e-08
-0.7 8.4 0.542 1e-07 4e-08
-0.6 8.4 0.543 1e-07 4e-08
-0.5 8.4 0.544 1.08e-07 4.25e-08
-0.4 8.4 0.545 1.08e-07 4.25e-08
-0.3 8.4 0.545 1.08e-07 4.25e-08
-0.2 8.4 0.546 1.15e-07 4.5e-08
-0.1 8.4 0.547 1.15e-07 4.5e-08
-4.44e-16 8.4 0.548 1.22e-07 4.75e-08
0.1 8.4 0.548 1.22e-07 4.75e-08
0.2 8.4 0.549 1.22e-07 4.75e-08
0.3 8.4 0.549 1.25e-07 5.5e-08
0.4 8.4 0.55 1.3e-07 5e-08
0.5 8.4 0.55 1.3e-07 5e-08
0.6 8.4 0.551 1.33e-07 5.75e-08
0.7 8.4 0.551 1.3e-07 5e-08
0.8 8.4 0.552 1.38e-07 5.25e-08
0.9 8.4 0.552 1.33e-07 5.75e-08
1 8.4 0.552 1.4e-07 6e-08
1.1 8.4 0.553 1.4e-07 6e-08
1.2 8.4 0.553 1.35e-07 5.5e-08
1.3 8.4 0.553 1.4e-07 6e-08
1.4 8.4 0.554 1.4e-07 6e-08
1.5 8.4 0.554 1.4e-07 6e-08
1.6 8.4 0.554 1.4e-07 6e-08
1.7 8.4 0.554 1.4e-07 6e-08
1.8 8.4 0.554 1.47e-07 6.25e-08
1.9 8.4 0.554 1.4e-07 6e-08
2 8.4 0.554 1.47e-07 6.25e-08
2.1 8.4 0.554 1.4e-07 6e-08
2.2 8.4 0.554 1.47e-07 6.25e-08
2.3 8.4 0.554 1.4e-07 6e-08
2.4 8.4 0.554 1.4e-07 6e-08
2.5 8.4 0.554 1.4e-07 6e-08
2.6 8.4 0.554 1.4e-07 6e-08
2.7 8.4 0.553 1.4e-07 6e-08
2.8 8.4 0.553 1.35e-07 5.5e-08
2.9 8.4 0.553 1.4e-07 6e-08
3 8.4 0.552 1.4e-07 6e-08
3.1 8.4 0.552 1.33e-07 5.75e-08
3.2 8.4 0.552 1.38e-07 5.25e-08
3.3 8.4 0.551 1.3e-07 5e-08
3.4 8.4 0.551 1.33e-07 5.75e-08
3.5 8.4 0.55 1.3e-07 5e-08
3.6 8.4 0.55 1.3e-07 5e-08
3.7 8.4 0.549 1.25e-07 5.5e-08
3.8 8.4 0.549 1.22e-07 4.75e-08
3.9 8.4 0.548 1.22e-07 4.75e-08
4 8.4 0.548 1.22e-07 4.75e-08
4.1 8.4 0.547 1.15e-07 4.5e-08
4.2 8.4 0.546 1.15e-07 4.5e-08
4.3 8.4 0.545 1.08e-07 4.25e-08
4.4 8.4 0.545 1.08e-07 4.25e-08
4.5 8.4 0.544 1.08e-07 4.25e-08
4.6 8.4 0.543 1e-07 4e-08
4.7 8.4 0.542 1e-07 4e-08
4.8 8.4 0.541 9.25e-08 3.75e-08
4.9 8.4 0.54 9.25e-08 3.75e-08
5 8.4 0.539 9e-08 3e-08
5.1 8.4 0.538 8.5e-08 3.5e-08
5.2 8.4 0.537 8.5e-08 3.5e-08
5.3 8.4 0.536 7.75e-08 3.25e-08
5.4 8.4 0.535 7.75e-08 3.25e-08
5.5 8.4 0.534 7.5e-08 2.5e-08
5.6 8.4 0.533 7.5e-08 2.5e-08
5.7 8.4 0.532 7e-08 3e-08
5.8 8.4 0.531 6.75e-08 2.25e-08
5.9 8.4 0.53 6.25e-08 2.75e-08
6 8.4 0.528 6e-08 2e-08
6.1 8.4 0.527 5.25e-08 1.75e-08
6.2 8.4 0.526 5.25e-08 1.75e-08
6.3 8.4 0.525 5.25e-08 1.75e-08
6.4 8.4 0.523 4.5e-08 1.5e-08
6.5 8.4 0.522 3.75e-08 1.25e-08
6.6 8.4 0.52 3.75e-08 1.25e-08
6.7 8.4 0.519 3e-08 1e-08
6.8 8.4 0.518 3e-08 1e-08
6.9 8.4 0.516 2.25e-08 7.5e-09
7 8.4 0.515 2e-08 1e-08
7.1 8.4 0.513 1.5e-08 5e-09
7.2 8.4 0.512 1.5e-08 5e-09
7.3 8.4 0.51 1.25e-08 7.5e-09
7.4 8.4 0.508 1e-08 1e-08
7.5 8.4 0.507 0 0
7.6 8.4 0.505 5e-09 5e-09
7.7 8.4 0.503 7.5e-09 2.5e-09
7.8 8.4 0.502 5e-09 5e-09
7.9 8.4 0.5 7.5e-09 1.25e-08
8 8.4 0.498 1.25e-08 2.75e-08
8.1 8.4 0.497 1.75e-08 4.25e-08
8.2 8.4 0.495 7.5e-09 2.25e-08
8.3 8.4 0.493 1e-08 3e-08
8.4 8.4 0.491 1e-08 3e-08
8.5 8.4 0.489 1.75e-08 3.25e-08
8.6 8.4 0.487 1.75e-08 3.25e-08
8.7 8.4 0.486 1.5e-08 4.5e-08
8.8 8.4 0.484 1.5e-08 4.5e-08
8.9 8.4 0.482 2.25e-08 4.75e-08
9 8.4 0.48 1.75e-08 5.25e-08
9.1 8.4 0.478 1.75e-08 5.25e-08
9.2 8.4 0.476 2.25e-08 5.75e-08
9.3 8.4 0.474 3.25e-08 6.75e-08
9.4 8.4 0.472 5e-08 8e-08
9.5 8.4 0.47 6.6e-07 3.3e-07
9.6 8.4 0.468 8e-08 1.4e-07
9.7 8.4 0.466 1.22e-07 2.38e-07
9.8 8.4 0.464 1.35e-07 1.75e-07
9.9 8.4 0.462 1.17e-07 1.43e-07
10 8.4 0.46 4e-08 6e-08
10.1 8.4 0.457 3.5e-08 6.5e-08
10.2 8.4 0.455 3.5e-08 6.5e-08
10.3 8.4 0.453 3.5e-08 6.5e-08
10.4 8.4 0.451 3.75e-08 7.25e-08
10.5 8.4 0.449 4e-08 8e-08
10.6 8.4 0.447 4e-08 8e-08
10.7 8.4 0.445 3.75e-08 8.25e-08
10.8 8.4 0.442 4e-08 8e-08
10.9 8.4 0.44 4e-08 8e-08
11 8.4 0.438 4e-08 8e-08
11.1 8.4 0.436 4e-08 8e-08
11.2 8.4 0.433 4e-08 8e-08
11.3 8.4 0.431 3.5e-08 8.5e-08
11.4 8.4 0.429 3.5e-08 8.5e-08
11.5 8.4 0.427 3.5e-08 8.5e-08
11.6 8.4 0.424 3.75e-08 9.25e-08
11.7 8.4 0.422 4.25e-08 8.75e-08
11.8 8.4 0.42 4.25e-08 8.75e-08
11.9 8.4 0.417 4.25e-08 8.75e-08
12 8.4 0.415 3.5e-08 8.5e-08
12.1 8.4 0.413 3.75e-08 9.25e-08
12.2 8.4 0.41 3.75e-08 9.25e-08
12.3 8.4 0.408 3.75e-08 9.25e-08
12.4 8.4 0.406 3.5e-08 8.5e-08
12.5 8.4 0.403 3.75e-08 9.25e-08
12.6 8.4 0.401 3.75e-08 9.25e-08
12.7 8.4 0.399 3.75e-08 9.25e-08
12.8 8.4 0.396 3.75e-08 9.25e-08
12.9 8.4 0.394 3.75e-08 9.25e-08
13 8.4 0.392 3.5e-08 8.5e-08
13.1 8.4 0.389 3.5e-08 8.5e-08
13.2 8.4 0.387 3.5e-08 8.5e-08
13.3 8.4 0.384 2.75e-08 8.25e-08
13.4 8.4 0.382 3.5e-08 8.5e-08
13.5 8.4 0.38 2.75e-08 8.25e-08
13.6 8.4 0.377 3.5e-08 8.5e-08
13.7 8.4 0.375 3.25e-08 7.75e-08
13.8 8.4 0.372 3.25e-08 7.75e-08
13.9 8.4 0.37 2.75e-08 8.25e-08
14 8.4 0.368 3.25e-08 7.75e-08
14.1 8.4 0.365 3.25e-08 7.75e-08
14.2 8.4 0.363 2.5e-08 7.5e-08
14.3 8.4 0.36 3e-08 7e-08
14.4 8.4 0.358 2.5e-08 7.5e-08
14.5 8.4 0.356 2.25e-08 6.75e-08
14.6 8.4 0.353 2.5e-08 7.5e-08
14.7 8.4 0.351 2.25e-08 6.75e-08
14.8 8.4 0.349 3e-08 7e-08
14.9 8.4 0.346 2.25e-08 6.75e-08
15 8.4 0.344 2.25e-08 6.75e-08
15.1 8.4 0.341 2e-08 6e-08
15.2 8.4 0.339 2e-08 6e-08
15.3 8.4 0.337 2e-08 6e-08
15.4 8.4 0.334 2.5e-08 5.5e-08
15.5 8.4 0.332 2.5e-08 5.5e-08
15.6 8.4 0.329 1.75e-08 5.25e-08
15.7 8.4 0.327 1.5e-08 4.5e-08
15.8 8.4 0.325 1.75e-08 5.25e-08
15.9 8.4 0.322 1.75e-08 5.25e-08
16 8.4 0.32 1.5e-08 4.5e-08
16.1 8.4 0.318 1.5e-08 4.5e-08
16.2 8.4 0.315 1.5e-08 4.5e-08
16.3 8.4 0.313 1.25e-08 3.75e-08
16.4 8.4 0.311 1.25e-08 3.75e-08
16.5 8.4 0.308 2e-08 4e-08
16.6 8.4 0.306 1.75e-08 3.25e-08
16.7 8.4 0.304 1.75e-08 3.25e-08
16.8 8.4 0.301 4.75e-08 4.25e-08
16.9 8.4 0.299 1.5e-08 2.5e-08
17 8.4 0.297 1.25e-08 2.75e-08
17.1 8.4 0.294 7.5e-09 2.25e-08
17.2 8.4 0.292 7.5e-09 2.25e-08
17.3 8.4 0.29 1.25e-08 1.75e-08
17.4 8.4 0.288 5e-09 1.5e-08
17.5 8.4 0.285 7.5e-09 2.25e-08
17.6 8.4 0.283 1.25e-08 1.75e-08
17.7 8.4 0.281 5e-09 1.5e-08
17.8 8.4 0.279 7.5e-09 1.25e-08
17.9 8.4 0.276 2.5e-09 7.5e-09
18 8.4 0.274 2.5e-09 7.5e-09
18.1 8.4 0.272 1e-08 1e-08
18.2 8.4 0.27 5.75e-08 1.63e-07
18.3 8.4 0.267 7.5e-09 2.5e-09
18.4 8.4 0.265 7.5e-09 2.5e-09
18.5 8.4 0.263 0 0
18.6 8.4 0.261 0 0
18.7 8.4 0.259 0 0
18.8 8.4 0.257 5e-09 5e-09
18.9 8.4 0.254 1.25e-08 7.5e-09
19 8.4 0.252 1.5e-08 5e-09
19.1 8.4 0.25 2.25e-08 7.5e-09
19.2 8.4 0.248 7.5e-09 2.5e-09
19.3 8.4 0.246 1.5e-08 5e-09
19.4 8.4 0.244 1.5e-08 5e-09
19.5 8.4 0.242 1.5e-08 5e-09
19.6 8.4 0.24 1.5e-08 5e-09
19.7 8.4 0.238 1.5e-08 5e-09
19.8 8.4 0.236 2.25e-08 7.5e-09
19.9 8.4 0.234 1.5e-08 5e-09
20 8.4 0.231 1.5e-08 5e-09
20.1 8.4 0.229 2.25e-08 7.5e-09
20.2 8.4 0.227 2.5e-08 1.5e-08
20.3 8.4 0.225 2.25e-08 7.5e-09
20.4 8.4 0.223 3e-08 1e-08
20.5 8.4 0.221 2.25e-08 7.5e-09
20.6 8.4 0.22 2.5e-08 1.5e-08
20.7 8.4 0.218 3e-08 1e-08
20.8 8.4 0.216 3e-08 1e-08
20.9 8.4 0.214 3e-08 1e-08
21 8.4 0.212 3e-08 1e-08
21.1 8.4 0.21 3.25e-08 1.75e-08
21.2 8.4 0.208 3.75e-08 1.25e-08
21.3 8.4 0.206 3.75e-08 1.25e-08
21.4 8.4 0.204 3e-08 1e-08
21.5 8.4 0.202 3e-08 1e-08
21.6 8.4 0.2 3.75e-08 1.25e-08
21.7 8.4 0.199 3.75e-08 1.25e-08
21.8 8.4 0.197 3.75e-08 1.25e-08
21.9 8.4 0.195 3.75e-08 1.25e-08
22 8.4 0.193 3.75e-08 1.25e-08
22.1 8.4 0.191 3.75e-08 1.25e-08
22.2 8.4 0.19 3.75e-08 1.25e-08
22.3 8.4 0.188 3.75e-08 1.25e-08
22.4 8.4 0.186 3.75e-08 1.25e-08
22.5 8.4 0.184 3.75e-08 1.25e-08
22.6 8.4 0.183 4.5e-08 1.5e-08
22.7 8.4 0.181 4.25e-08 1.75e-08
22.8 8.4 0.179 3.75e-08 1.25e-08
22.9 8.4 0.177 4.25e-08 1.75e-08
23 8.4 0.176 4.5e-08 1.5e-08
23.1 8.4 0.174 4.25e-08 1.75e-08
23.2 8.4 0.172 4.25e-08 1.75e-08
23.3 8.4 0.171 4.75e-08 2.25e-08
23.4 8.4 0.169 5e-08 2e-08
23.5 8.4 0.168 4.75e-08 2.25e-08
23.6 8.4 0.166 5.25e-08 2.75e-08
23.7 8.4 0.164 6.75e-08 4.25e-08
23.8 8.4 0.163 2.7e-07 5.5e-07
23.9 8.4 0.161 5.25e-08 5.75e-08
24 8.4 0.16 9.25e-08 3.75e-08
24.1 8.4 0.158 1.55e-07 7.5e-08
24.2 8.4 0.156 1.4e-07 7e-08
24.3 8.4 0.155 1.1e-07 8e-08
24.4 8.4 0.153 1e-07 8e-08
24.5 8.4 0.152 8.5e-08 6.5e-08
24.6 8.4 0.15 6.5e-08 5.5e-08
24.7 8.4 0.149 3.25e-08 1.75e-08
24.8 8.4 0.147 3.25e-08 1.75e-08
24.9 8.4 0.146 3.25e-08 1.75e-08
25 8.4 0.144 3.25e-08 1.75e-08
25.1 8.4 0.143 3.25e-08 1.75e-08
25.2 8.4 0.142 3.75e-08 1.25e-08
25.3 8.4 0.14 3.25e-08 1.75e-08
25.4 8.4 0.139 3e-08 1e-08
25.5 8.4 0.137 3.75e-08 1.25e-08
25.6 8.4 0.136 3.25e-08 1.75e-08
25.7 8.4 0.135 3.75e-08 1.25e-08
25.8 8.4 0.133 3.25e-08 1.75e-08
25.9 8.4 0.132 3e-08 1e-08
26 8.4 0.131 3.75e-08 1.25e-08
26.1 8.4 0.129 3.25e-08 1.75e-08
26.2 8.4 0.128 3e-08 1e-08
26.3 8.4 0.127 3e-08 1e-08
26.4 8.4 0.125 3.25e-08 1.75e-08
26.5 8.4 0.124 3.25e-08 1.75e-08
26.6 8.4 0.123 3e-08 1e-08
26.7 8.4 0.122 3e-08 1e-08
26.8 8.4 0.12 3e-08 1e-08
26.9 8.4 0.119 3e-08 1e-08
27 8.4 0.118 3e-08 1e-08
27.1 8.4 0.117 3e-08 1e-08
27.2 8.4 0.115 3e-08 1e-08
27.3 8.4 0.114 3e-08 1e-08
27.4 8.4 0.113 3e-08 1e-08
27.5 8.4 0.112 2.25e-08 7.5e-09
27.6 8.4 0.111 3e-08 1e-08
27.7 8.4 0.11 3e-08 1e-08
27.8 8.4 0.108 3e-08 1e-08
27.9 8.4 0.107 3e-08 1e-08
28 8.4 0.106 3e-08 1e-08
28.1 8.4 0.105 2.25e-08 7.5e-09
28.2 8.4 0.104 2.25e-08 7.5e-09
28.3 8.4 0.103 2.25e-08 7.5e-09
28.4 8.4 0.102 2.25e-08 7.5e-09
28.5 8.4 0.101 3e-08 1e-08
28.6 8.4 0.0996 2.32e-08 7.75e-09
28.7 8.4 0.0986 2.32e-08 7.75e-09
28.8 8.4 0.0975 2.32e-08 7.75e-09
28.9 8.4 0.0965 2.25e-08 7.5e-09
29 8.4 0.0955 2.17e-08 7.25e-09
29.1 8.4 0.0945 2.17e-08 7.25e-09
29.2 8.4 0.0935 2.1e-08 7e-09
29.3 8.4 0.0925 2.02e-08 6.75e-09
29.4 8.4 0.0915 2.02e-08 6.75e-09
29.5 8.4 0.0905 2.02e-08 6.75e-09
29.6 8.4 0.0895 1.93e-08 6.75e-09
29.7 8.4 0.0886 1.87e-08 6.25e-09
29.8 8.4 0.0876 1.87e-08 6.25e-09
29.9 8.4 0.0867 1.8e-08 6e-09
30 8.4 0.0858 1.8e-08 6e-09
30.1 8.4 0.0848 1.72e-08 5.75e-09
30.2 8.4 0.0839 1.72e-08 5.75e-09
30.3 8.4 0.083 1.65e-08 5.5e-09
30.4 8.4 0.0821 1.57e-08 5.25e-09
30.5 8.4 0.0812 1.57e-08 5.25e-09
30.6 8.4 0.0804 1.57e-08 5.25e-09
30.7 8.4 0.0795 1.5e-08 5e-09
30.8 8.4 0.0786 1.43e-08 4.75e-09
30.9 8.4 0.0778 1.43e-08 4.75e-09
31 8.4 0.0769 1.35e-08 4.5e-09
31.1 8.4 0.0761 1.32e-08 4.75e-09
31.2 8.4 0.0753 1.32e-08 4.75e-09
31.3 8.4 0.0745 1.25e-08 4.5e-09
31.4 8.4 0.0736 1.2e-08 4e-09
31.5 8.4 0.0728 1.25e-08 4.5e-09
31.6 8.4 0.072 1.12e-08 3.75e-09
31.7 8.4 0.0713 1.12e-08 3.75e-09
31.8 8.4 0.0705 1.1e-08 4e-09
31.9 8.4 0.0697 1.03e-08 3.75e-09
32 8.4 0.0689 1e-08 4e-09
32.1 8.4 0.0682 9.75e-09 3.25e-09
32.2 8.4 0.0674 9.75e-09 3.25e-09
32.3 8.4 0.0667 9.5e-09 3.5e-09
32.4 8.4 0.066 8.75e-09 3.25e-09
32.5 8.4 0.0652 8.75e-09 3.25e-09
32.6 8.4 0.0645 8.75e-09 3.25e-09
32.7 8.4 0.0638 8.5e-09 3.5e-09
32.8 8.4 0.0631 8e-09 3e-09
32.9 8.4 0.0624 7.25e-09 2.75e-09
33 8.4 0.0617 7.5e-09 2.5e-09
33.1 8.4 0.061 7.25e-09 2.75e-09
33.2 8.4 0.0604 7.25e-09 2.75e-09
33.3 8.4 0.0597 6.75e-09 2.25e-09
33.4 8.4 0.059 6e-09 2e-09
33.5 8.4 0.0584 5.75e-09 2.25e-09
33.6 8.4 0.0577 6e-09 2e-09
33.7 8.4 0.0571 5e-09 2e-09
33.8 8.4 0.0565 5.25e-09 1.75e-09
33.9 8.4 0.0558 4.5e-09 1.5e-09
34 8.4 0.0552 4.5e-09 1.5e-09
34.1 8.4 0.0546 4.25e-09 1.75e-09
34.2 8.4 0.054 4.25e-09 1.75e-09
34.3 8.4 0.0534 4.25e-09 1.75e-09
34.4 8.4 0.0528 3.75e-09 1.25e-09
34.5 8.4 0.0522 3.75e-09 1.25e-09
34.6 8.4 0.0516 3.5e-09 1.5e-09
34.7 8.4 0.051 3.25e-09 1.75e-09
34.8 8.4 0.0505 3e-09 1e-09
34.9 8.4 0.0499 3e-09 1e-09
35 8.4 0.0493 2.25e-09 7.5e-10
35.1 8.4 0.0488 2e-09 1e-09
35.2 8.4 0.0482 2e-09 1e-09
35.3 8.4 0.0477 2e-09 1e-09
35.4 8.4 0.0472 1.5e-09 5e-10
35.5 8.4 0.0466 1.5e-09 5e-10
35.6 8.4 0.0461 1.25e-09 7.5e-10
35.7 8.4 0.0456 1.5e-09 5e-10
35.8 8.4 0.0451 1.25e-09 7.5e-10
35.9 8.4 0.0446 1e-09 1e-09
36 8.4 0.0441 1.75e-09 2.25e-09
36.1 8.4 0.0436 2.75e-09 1.25e-09
36.2 8.4 0.0431 2.5e-10 7.5e-10
36.3 8.4 0.0426 2.5e-10 7.5e-10
36.4 8.4 0.0421 0 0
36.5 8.4 0.0416 0 0
36.6 8.4 0.0412 0 0
36.7 8.4 0.0407 5e-10 5e-10
36.8 8.4 0.0402 7.5e-10 2.5e-10
36.9 8.4 0.0398 0 0
37 8.4 0.0393 2.5e-10 7.5e-10
37.1 8.4 0.0389 5e-10 5e-10
37.2 8.4 0.0384 2.5e-10 7.5e-10
37.3 8.4 0.038 0 0
37.4 8.4 0.0376 2.5e-10 7.5e-10
37.5 8.4 0.0371 5e-10 5e-10
37.6 8.4 0.0367 7.5e-10 1.25e-09
37.7 8.4 0.0363 1e-09 1e-09
37.8 8.4 0.0359 7.5e-10 1.25e-09
37.9 8.4 0.0355 1.5e-09 1.5e-09
38 8.4 0.0351 1.25e-09 1.75e-09
38.1 8.4 0.0347 1.5e-09 2.5e-09
38.2 8.4 0.0343 1.75e-09 2.25e-09
38.3 8.4 0.0339 1.25e-09 2.75e-09
38.4 8.4 0.0335 1.25e-09 2.75e-09
38.5 8.4 0.0331 1.25e-09 2.75e-09
38.6 8.4 0.0327 1.5e-09 3.5e-09
38.7 8.4 0.0324 1.5e-09 3.5e-09
38.8 8.4 0.032 2e-09 4e-09
38.9 8.4 0.0316 1.75e-09 4.25e-09
39 8.4 0.0313 1.75e-09 4.25e-09
39.1 8.4 0.0309 2.25e-09 4.75e-09
39.2 8.4 0.0306 2e-09 4e-09
39.3 8.4 0.0302 2.25e-09 4.75e-09
39.4 8.4 0.0299 2e-09 5e-09
39.5 8.4 0.0295 2.25e-09 4.75e-09
39.6 8.4 0.0292 2e-09 5e-09
39.7 8.4 0.0288 2.25e-09 4.75e-09
39.8 8.4 0.0285 1e-09 3e-09
39.9 8.4 0.0282 1e-09 3e-09
40 8.4 0.0279 1e-09 3e-09
40.1 8.4 0.0275 1e-09 3e-09
40.2 8.4 0.0272 1e-09 3e-09
40.3 8.4 0.0269 1e-09 3e-09
40.4 8.4 0.0266 1e-09 3e-09
40.5 8.4 0.0263 1e-09 3e-09
40.6 8.4 0.026 1.75e-09 3.25e-09
40.7 8.4 0.0257 1.5e-09 3.5e-09
40.8 8.4 0.0254 1e-09 3e-09
40.9 8.4 0.0251 1e-09 3e-09
41 8.4 0.0248 1.75e-09 3.25e-09
41.1 8.4 0.0245 1.25e-09 3.75e-09
41.2 8.4 0.0243 1.25e-09 3.75e-09
41.3 8.4 0.024 1e-09 3e-09
41.4 8.4 0.0237 1.25e-09 3.75e-09
41.5 8.4 0.0234 1.25e-09 3.75e-09
41.6 8.4 0.0232 1.75e-09 3.25e-09
41.7 8.4 0.0229 1e-09 3e-09
41.8 8.4 0.0226 1e-09 3e-09
41.9 8.4 0.0224 1.25e-09 3.75e-09
42 8.4 0.0221 1e-09 3e-09
42.1 8.4 0.0218 1.25e-09 3.75e-09
42.2 8.4 0.0216 1.25e-09 3.75e-09
42.3 8.4 0.0213 1.25e-09 3.75e-09
42.4 8.4 0.0211 1e-09 3e-09
42.5 8.4 0.0209 1.25e-09 3.75e-09
42.6 8.4 0.0206 1e-09 3e-09
42.7 8.4 0.0204 1.25e-09 3.75e-09
42.8 8.4 0.0201 1e-09 3e-09
42.9 8.4 0.0199 1e-09 3e-09
43 8.4 0.0197 1.25e-09 3.75e-09
43.1 8.4 0.0194 1.25e-09 3.75e-09
43.2 8.4 0.0192 1e-09 3e-09
43.3 8.4 0.019 1.25e-09 3.75e-09
43.4 8.4 0.0188 1.25e-09 3.75e-09
43.5 8.4 0.0186 1.25e-09 3.75e-09
43.6 8.4 0.0183 1.25e-09 3.75e-09
43.7 8.4 0.0181 1.5e-09 3.5e-09
43.8 8.4 0.0179 1.25e-09 3.75e-09
43.9 8.4 0.0177 1.25e-09 3.75e-09
44 8.4 0.0175 1.25e-09 3.75e-09
44.1 8.4 0.0173 1.25e-09 3.75e-09
44.2 8.4 0.0171 1.25e-09 3.75e-09
44.3 8.4 0.0169 1.25e-09 3.75e-09
44.4 8.4 0.0167 1e-09 3e-09
44.5 8.4 0.0165 1.25e-09 3.75e-09
44.6 8.4 0.0163 1e-09 3e-09
44.7 8.4 0.0161 1.25e-09 3.75e-09
44.8 8.4 0.0159 1.5e-09 3.5e-09
44.9 8.4 0.0158 1e-09 3e-09
45 8.4 0.0156 1.25e-09 3.75e-09
45.1 8.4 0.0154 1.25e-09 3.75e-09
45.2 8.4 0.0152 1e-09 3e-09
45.3 8.4 0.015 1e-09 3e-09
45.4 8.4 0.0149 1e-09 3e-09
45.5 8.4 0.0147 1e-09 3e-09
45.6 8.4 0.0145 1e-09 3e-09
45.7 8.4 0.0143 1e-09 3e-09
45.8 8.4 0.0142 1e-09 3e-09
45.9 8.4 0.014 1e-09 3e-09
46 8.4 0.0139 1e-09 3e-09
46.1 8.4 0.0137 1e-09 3e-09
46.2 8.4 0.0135 1.25e-09 3.75e-09
46.3 8.4 0.0134 1.25e-09 3.75e-09
46.4 8.4 0.0132 1e-09 3e-09
46.5 8.4 0.0131 1e-09 3e-09
46.6 8.4 0.0129 1e-09 3e-09
46.7 8.4 0.0128 1e-09 3e-09
46.8 8.4 0.0126 1e-09 3e-09
46.9 8.4 0.0125 1e-09 3e-09
47 8.4 0.0123 1e-09 3e-09
47.1 8.4 0.0122 1e-09 3e-09
47.2 8.4 0.012 1e-09 3e-09
47.3 8.4 0.0119 1e-09 3e-09
47.4 8.4 0.0118 1e-09 3e-09
47.5 8.4 0.0116 1e-09 3e-09
47.6 8.4 0.0115 1e-09 3e-09
47.7 8.4 0.0113 1e-09 3e-09
47.8 8.4 0.0112 1e-09 3e-09
47.9 8.4 0.0111 1e-09 3e-09
48 8.4 0.011 1e-09 3e-09
48.1 8.4 0.0108 7.5e-10 2.25e-09
48.2 8.4 0.0107 1e-09 3e-09
48.3 8.4 0.0106 1e-09 3e-09
48.4 8.4 0.0104 1e-09 3e-09
48.5 8.4 0.0103 1e-09 3e-09
48.6 8.4 0.0102 1e-09 3e-09
48.7 8.4 0.0101 1e-09 3e-09
48.8 8.4 0.00997 9.25e-10 2.67e-09
48.9 8.4 0.00985 9.25e-10 2.67e-09
49 8.4 0.00974 8.75e-10 2.62e-09
49.1 8.4 0.00962 8.75e-10 2.62e-09
49.2 8.4 0.00951 8.75e-10 2.62e-09
49.3 8.4 0.0094 8.75e-10 2.62e-09
49.4 8.4 0.00929 8.75e-10 2.62e-09
49.5 8.4 0.00918 8.75e-10 2.62e-09
49.6 8.4 0.00907 9e-10 2.6e-09
49.7 8.4 0.00896 9e-10 2.6e-09
49.8 8.4 0.00886 8.5e-10 2.55e-09
49.9 8.4 0.00876 8.5e-10 2.55e-09
50 8.4 0.00865 8.25e-10 2.47e-09
50.1 8.4 0.00855 8.75e-10 2.52e-09
50.2 8.4 0.00845 8.5e-10 2.45e-09
50.3 8.4 0.00835 8e-10 2.4e-09
50.4 8.4 0.00825 8.5e-10 2.45e-09
50.5 8.4 0.00816 8.25e-10 2.38e-09
50.6 8.4 0.00806 8e-10 2.4e-09
50.7 8.4 0.00797 8.25e-10 2.38e-09
50.8 8.4 0.00787 8e-10 2.4e-09
50.9 8.4 0.00778 8.5e-10 2.35e-09
51 8.4 0.00769 7.75e-10 2.33e-09
51.1 8.4 0.0076 7.5e-10 2.25e-09
51.2 8.4 0.00751 7.5e-10 2.25e-09
51.3 8.4 0.00742 7.75e-10 2.23e-09
51.4 8.4 0.00733 7.5e-10 2.25e-09
51.5 8.4 0.00725 7.25e-10 2.18e-09
51.6 8.4 0.00716 7.25e-10 2.18e-09
51.7 8.4 0.00708 7e-10 2.1e-09
51.8 8.4 0.007 7e-10 2.1e-09
51.9 8.4 0.00691 7e-10 2.1e-09
52 8.4 0.00683 7e-10 2.1e-09
52.1 8.4 0.00675 7e-10 2.1e-09
52.2 8.4 0.00667 7e-10 2.1e-09
52.3 8.4 0.00659 6.75e-10 2.02e-09
52.4 8.4 0.00652 7.25e-10 2.07e-09
52.5 8.4 0.00644 6.75e-10 2.02e-09
52.6 8.4 0.00636 6.75e-10 2.02e-09
52.7 8.4 0.00629 6.5e-10 1.95e-09
52.8 8.4 0.00622 6.5e-10 1.95e-09
52.9 8.4 0.00614 6.5e-10 1.95e-09
53 8.4 0.00607 6.5e-10 1.95e-09
53.1 8.4 0.006 7e-10 1.9e-09
53.2 8.4 0.00593 6.25e-10 1.87e-09
53.3 8.4 0.00586 6.75e-10 1.83e-09
53.4 8.4 0.00579 6.5e-10 1.85e-09
53.5 8.4 0.00572 6.25e-10 1.87e-09
53.6 8.4 0.00565 6.5e-10 1.85e-09
53.7 8.4 0.00559 6e-10 1.8e-09
53.8 8.4 0.00552 6e-10 1.8e-09
53.9 8.4 0.00546 6.25e-10 1.77e-09
54 8.4 0.00539 6.25e-10 1.77e-09
54.1 8.4 0.00533 6.25e-10 1.77e-09
54.2 8.4 0.00527 8e-10 1.5e-09
54.3 8.4 0.00521 6.25e-10 1.67e-09
54.4 8.4 0.00514 6.25e-10 1.67e-09
54.5 8.4 0.00508 6.25e-10 1.67e-09
54.6 8.4 0.00502 5.5e-10 1.65e-09
54.7 8.4 0.00496 6e-10 1.6e-09
54.8 8.4 0.00491 5.75e-10 1.63e-09
54.9 8.4 0.00485 6e-10 1.6e-09
55 8.4 0.00479 5.25e-10 1.58e-09
55.1 8.4 0.00473 5.25e-10 1.58e-09
55.2 8.4 0.00468 5.5e-10 1.55e-09
55.3 8.4 0.00462 5e-10 1.5e-09
55.4 8.4 0.00457 5.75e-10 1.53e-09
55.5 8.4 0.00452 5.5e-10 1.45e-09
55.6 8.4 0.00446 5.5e-10 1.45e-09
55.7 8.4 0.00441 5e-10 1.5e-09
55.8 8.4 0.00436 5e-10 1.5e-09
55.9 8.4 0.00431 4.75e-10 1.42e-09
56 8.4 0.00426 4.75e-10 1.42e-09
56.1 8.4 0.00421 5.25e-10 1.37e-09
56.2 8.4 0.00416 4.5e-10 1.35e-09
56.3 8.4 0.00411 5.25e-10 1.37e-09
56.4 8.4 0.00406 5e-10 1.4e-09
56.5 8.4 0.00401 4.75e-10 1.33e-09
56.6 8.4 0.00396 4.5e-10 1.35e-09
56.7 8.4 0.00392 4.25e-10 1.28e-09
56.8 8.4 0.00387 4.25e-10 1.28e-09
56.9 8.4 0.00383 5e-10 1.3e-09
57 8.4 0.00378 4.25e-10 1.28e-09
57.1 8.4 0.00374 4.25e-10 1.28e-09
57.2 8.4 0.00369 4.5e-10 1.25e-09
57.3 8.4 0.00365 4.5e-10 1.25e-09
57.4 8.4 0.0036 4.5e-10 1.25e-09
57.5 8.4 0.00356 4.25e-10 1.28e-09
57.6 8.4 0.00352 4e-10 1.2e-09
57.7 8.4 0.00348 4.5e-10 1.25e-09
57.8 8.4 0.00344 4e-10 1.2e-09
57.9 8.4 0.0034 4e-10 1.2e-09
58 8.4 0.00336 3.75e-10 1.12e-09
58.1 8.4 0.00332 3.75e-10 1.12e-09
58.2 8.4 0.00328 4.25e-10 1.17e-09
58.3 8.4 0.00324 3.75e-10 1.12e-09
58.4 8.4 0.0032 3.75e-10 1.12e-09
58.5 8.4 0.00316 3.5e-10 1.05e-09
58.6 8.4 0.00313 3.75e-10 1.12e-09
58.7 8.4 0.00309 3.5e-10 1.05e-09
58.8 8.4 0.00305 4e-10 1.1e-09
58.9 8.4 0.00302 3.5e-10 1.05e-09
59 8.4 0.00298 3.5e-10 1.05e-09
59.1 8.4 0.00295 3.5e-10 1.05e-09
59.2 8.4 0.00291 3.5e-10 1.05e-09
59.3 8.4 0.00288 3.5e-10 1.05e-09
59.4 8.4 0.00284 3.75e-10 1.03e-09
59.5 8.4 0.00281 3.75e-10 1.03e-09
59.6 8.4 0.00278 3.25e-10 9.75e-10
59.7 8.4 0.00274 3.5e-10 9.5e-10
59.8 8.4 0.00271 3.25e-10 9.75e-10
59.9 8.4 0.00268 3.25e-10 9.75e-10
60 8.4 0.00265 3.5e-10 9.5e-10
60.1 8.4 0.00262 3e-10 9e-10
60.2 8.4 0.00259 3e-10 9e-10
60.3 8.4 0.00256 3e-10 9e-10
60.4 8.4 0.00253 3.5e-10 9.5e-10
60.5 8.4 0.0025 3e-10 9e-10
60.6 8.4 0.00247 2.75e-10 8.25e-10
60.7 8.4 0.00244 2.75e-10 8.25e-10
60.8 8.4 0.00241 2.75e-10 8.25e-10
60.9 8.4 0.00238 3e-10 9e-10
61 8.4 0.00235 2.75e-10 8.25e-10
61.1 8.4 0.00232 2.75e-10 8.25e-10
61.2 8.4 0.0023 3e-10 8e-10
61.3 8.4 0.00227 3e-10 8e-10
61.4 8.4 0.00224 2.75e-10 8.25e-10
61.5 8.4 0.00222 3e-10 8e-10
61.6 8.4 0.00219 2.5e-10 7.5e-10
61.7 8.4 0.00216 3e-10 8e-10
61.8 8.4 0.00214 2.75e-10 8.25e-10
61.9 8.4 0.00211 2.5e-10 7.5e-10
62 8.4 0.00209 2.5e-10 7.5e-10
62.1 8.4 0.00206 2.75e-10 7.25e-10
62.2 8.4 0.00204 2.5e-10 7.5e-10
62.3 8.4 0.00202 2.5e-10 7.5e-10
62.4 8.4 0.00199 2.5e-10 7.5e-10
62.5 8.4 0.00197 2.5e-10 7.5e-10
62.6 8.4 0.00194 2.75e-10 7.25e-10
62.7 8.4 0.00192 2.25e-10 6.75e-10
62.8 8.4 0.0019 2.25e-10 6.75e-10
62.9 8.4 0.00188 2.25e-10 6.75e-10
63 8.4 0.00185 2.25e-10 6.75e-10
63.1 8.4 0.00183 2.25e-10 6.75e-10
63.2 8.4 0.00181 2.25e-10 6.75e-10
63.3 8.4 0.00179 2.25e-10 6.75e-10
63.4 8.4 0.00177 2.25e-10 6.75e-10
63.5 8.4 0.00175 2e-10 6e-10
63.6 8.4 0.00173 2.5e-10 6.5e-10
63.7 8.4 0.00171 2.5e-10 6.5e-10
63.8 8.4 0.00169 2.5e-10 6.5e-10
63.9 8.4 0.00167 2e-10 6e-10
64 8.4 0.00165 2e-10 6e-10
64.1 8.4 0.00163 2e-10 6e-10
64.2 8.4 0.00161 1.75e-10 5.25e-10
64.3 8.4 0.00159 2e-10 6e-10
64.4 8.4 0.00157 1.75e-10 5.25e-10
64.5 8.4 0.00155 2e-10 6e-10
64.6 8.4 0.00153 2e-10 6e-10
64.7 8.4 0.00152 2e-10 6e-10
64.8 8.4 0.0015 1.75e-10 5.25e-10
64.9 8.4 0.00148 2e-10 6e-10
65 8.4 0.00146 1.75e-10 5.25e-10
65.1 8.4 0.00144 2e-10 6e-10
65.2 8.4 0.00143 1.75e-10 5.25e-10
65.3 8.4 0.00141 1.75e-10 5.25e-10
65.4 8.4 0.00139 1.75e-10 5.25e-10
65.5 8.4 0.00138 1.5e-10 4.5e-10
65.6 8.4 0.00136 1.5e-10 4.5e-10
65.7 8.4 0.00135 1.5e-10 4.5e-10
65.8 8.4 0.00133 1.75e-10 5.25e-10
65.9 8.4 0.00131 1.5e-10 4.5e-10
66 8.4 0.0013 1.75e-10 5.25e-10
66.1 8.4 0.00128 2e-10 5e-10
66.2 8.4 0.00127 1.5e-10 4.5e-10
66.3 8.4 0.00125 1.75e-10 5.25e-10
66.4 8.4 0.00124 1.5e-10 4.5e-10
66.5 8.4 0.00122 1.5e-10 4.5e-10
66.6 8.4 0.00121 2e-10 5e-10
66.7 8.4 0.00119 1.5e-10 4.5e-10
66.8 8.4 0.00118 1.5e-10 4.5e-10
66.9 8.4 0.00117 1.5e-10 4.5e-10
67 8.4 0.00115 1.75e-10 4.25e-10
67.1 8.4 0.00114 1.5e-10 4.5e-10
67.2 8.4 0.00113 1.5e-10 4.5e-10
67.3 8.4 0.00111 1.25e-10 3.75e-10
67.4 8.4 0.0011 1.25e-10 3.75e-10
67.5 8.4 0.00109 1.5e-10 4.5e-10
67.6 8.4 0.00107 1.25e-10 3.75e-10
67.7 8.4 0.00106 1.25e-10 3.75e-10
67.8 8.4 0.00105 1.25e-10 3.75e-10
67.9 8.4 0.00104 1.25e-10 3.75e-10
68 8.4 0.00102 1.5e-10 4.5e-10
68.1 8.4 0.00101 1.25e-10 3.75e-10
68.2 8.4 0.000999 1.3e-10 3.8e-10
68.3 8.4 0.000988 1.27e-10 3.73e-10
68.4 8.4 0.000976 1.22e-10 3.68e-10
68.5 8.4 0.000964 1.22e-10 3.58e-10
68.6 8.4 0.000953 1.22e-10 3.58e-10
68.7 8.4 0.000942 1.18e-10 3.53e-10
68.8 8.4 0.000931 1.2e-10 3.5e-10
68.9 8.4 0.00092 1.18e-10 3.43e-10
69 8.4 0.000909 1.18e-10 3.43e-10
69.1 8.4 0.000898 1.15e-10 3.35e-10
69.2 8.4 0.000887 1.15e-10 3.35e-10
69.3 8.4 0.000877 1.1e-10 3.3e-10
69.4 8.4 0.000866 1.12e-10 3.28e-10
69.5 8.4 0.000856 1.12e-10 3.28e-10
69.6 8.4 0.000846 1.08e-10 3.23e-10
69.7 8.4 0.000836 1.05e-10 3.15e-10
69.8 8.4 0.000826 1.08e-10 3.13e-10
69.9 8.4 0.000816 1.02e-10 3.08e-10
70 8.4 0.000807 1.05e-10 3.05e-10
70.1 8.4 0.000797 1.02e-10 2.98e-10
70.2 8.4 0.000788 1.02e-10 2.98e-10
70.4 8.4 0.000769 1e-10 2.9e-10
70.5 8.4 0.00076 1e-10 2.9e-10
98.9 8.4 2.59e-05 3.25e-12 9.75e-12
99 8.4 2.56e-05 3.25e-12 9.75e-12
99.1 8.4 2.53e-05 3.25e-12 9.75e-12
99.2 8.4 2.5e-05 3.5e-12 9.5e-12
99.3 8.4 2.47e-05 3.5e-12 9.5e-12
99.4 8.4 2.44e-05 3.5e-12 9.5e-12
99.5 8.4 2.41e-05 3.5e-12 9.5e-12
99.6 8.4 2.38e-05 3e-12 9e-12
99.7 8.4 2.35e-05 3e-12 9e-12
99.8 8.4 2.32e-05 3.5e-12 9.5e-12
99.9 8.4 2.3e-05 3e-12 9e-12
