-25 0.52 4.5e-19 3.47e-19 6.02e-19
-24.9 0.52 5.45e-19 4.2e-19 7.3e-19
-24.8 0.52 6.61e-19 5.09e-19 8.84e-19
-24.7 0.52 8.01e-19 6.17e-19 1.07e-18
-24.6 0.52 9.71e-19 7.48e-19 1.3e-18
-24.5 0.52 1.18e-18 9.07e-19 1.57e-18
-24.4 0.52 1.43e-18 1.1e-18 1.91e-18
-24.3 0.52 1.73e-18 1.33e-18 2.31e-18
-24.2 0.52 2.1e-18 1.61e-18 2.8e-18
-24.1 0.52 2.54e-18 1.96e-18 3.4e-18
-24 0.52 3.08e-18 2.37e-18 4.12e-18
-23.9 0.52 3.73e-18 2.87e-18 4.99e-18
-23.8 0.52 4.52e-18 3.48e-18 6.05e-18
-23.7 0.52 5.48e-18 4.22e-18 7.33e-18
-23.6 0.52 6.64e-18 5.12e-18 8.89e-18
-23.5 0.52 8.05e-18 6.2e-18 1.08e-17
-23.4 0.52 9.76e-18 7.52e-18 1.31e-17
-23.3 0.52 1.18e-17 9.11e-18 1.58e-17
-23.2 0.52 1.43e-17 1.1e-17 1.92e-17
-23.1 0.52 1.74e-17 1.34e-17 2.33e-17
-23 0.52 2.11e-17 1.62e-17 2.82e-17
-22.9 0.52 2.55e-17 1.97e-17 3.42e-17
-22.8 0.52 3.09e-17 2.38e-17 4.14e-17
-22.7 0.52 3.75e-17 2.89e-17 5.02e-17
-22.6 0.52 4.55e-17 3.5e-17 6.08e-17
-22.5 0.52 5.51e-17 4.24e-17 7.37e-17
-22.4 0.52 6.68e-17 5.14e-17 8.93e-17
-22.3 0.52 8.09e-17 6.23e-17 1.08e-16
-22.2 0.52 9.81e-17 7.56e-17 1.31e-16
-22.1 0.52 1.19e-16 9.16e-17 1.59e-16
-22 0.52 1.44e-16 1.11e-16 1.93e-16
-21.9 0.52 1.75e-16 1.35e-16 2.34e-16
-21.8 0.52 2.12e-16 1.63e-16 2.83e-16
-21.7 0.52 2.57e-16 1.98e-16 3.43e-16
-21.6 0.52 3.11e-16 2.4e-16 4.16e-16
-21.5 0.52 3.77e-16 2.9e-16 5.04e-16
-21.4 0.52 4.57e-16 3.52e-16 6.11e-16
-21.3 0.52 5.54e-16 4.27e-16 7.41e-16
-21.2 0.52 6.71e-16 5.17e-16 8.98e-16
-21.1 0.52 8.14e-16 6.27e-16 1.09e-15
-21 0.52 9.86e-16 7.59e-16 1.32e-15
-20.9 0.52 1.2e-15 9.21e-16 1.6e-15
-20.8 0.52 1.45e-15 1.12e-15 1.94e-15
-20.7 0.52 1.76e-15 1.35e-15 2.35e-15
-20.6 0.52 2.13e-15 1.64e-15 2.85e-15
-20.5 0.52 2.58e-15 1.99e-15 3.45e-15
-20.4 0.52 3.13e-15 2.41e-15 4.18e-15
-20.3 0.52 3.79e-15 2.92e-15 5.07e-15
-20.2 0.52 4.59e-15 3.54e-15 6.14e-15
-20.1 0.52 5.57e-15 4.29e-15 7.45e-15
-20 0.52 6.75e-15 5.2e-15 9.03e-15
-19.9 0.52 8.18e-15 6.3e-15 1.09e-14
-19.8 0.52 9.91e-15 7.63e-15 1.33e-14
-19.7 0.52 1.2e-14 9.25e-15 1.61e-14
-19.6 0.52 1.46e-14 1.12e-14 1.95e-14
-19.5 0.52 1.76e-14 1.36e-14 2.36e-14
-19.4 0.52 2.14e-14 1.65e-14 2.86e-14
-19.3 0.52 2.59e-14 2e-14 3.47e-14
-19.2 0.52 3.14e-14 2.42e-14 4.2e-14
-19.1 0.52 3.81e-14 2.93e-14 5.1e-14
-19 0.52 4.62e-14 3.56e-14 6.18e-14
-18.9 0.52 5.59e-14 4.31e-14 7.49e-14
-18.8 0.52 6.78e-14 5.22e-14 9.07e-14
-18.7 0.52 8.22e-14 6.33e-14 1.1e-13
-18.6 0.52 9.96e-14 7.67e-14 1.33e-13
-18.5 0.52 1.21e-13 9.3e-14 1.62e-13
-18.4 0.52 1.46e-13 1.13e-13 1.96e-13
-18.3 0.52 1.77e-13 1.37e-13 2.37e-13
-18.2 0.52 2.15e-13 1.66e-13 2.88e-13
-18.1 0.52 2.61e-13 2.01e-13 3.49e-13
-18 0.52 3.16e-13 2.43e-13 4.23e-13
-17.9 0.52 3.83e-13 2.95e-13 5.12e-13
-17.8 0.52 4.64e-13 3.57e-13 6.21e-13
-17.7 0.52 5.62e-13 4.33e-13 7.52e-13
-17.6 0.52 6.82e-13 5.25e-13 9.12e-13
-17.5 0.52 8.26e-13 6.36e-13 1.11e-12
-17.4 0.52 1e-12 7.71e-13 1.34e-12
-17.3 0.52 1.21e-12 9.35e-13 1.62e-12
-17.2 0.52 1.47e-12 1.13e-12 1.97e-12
-17.1 0.52 1.78e-12 1.37e-12 2.39e-12
-17 0.52 2.16e-12 1.66e-12 2.89e-12
-16.9 0.52 2.62e-12 2.02e-12 3.5e-12
-16.8 0.52 3.17e-12 2.44e-12 4.25e-12
-16.7 0.52 3.85e-12 2.96e-12 5.15e-12
-16.6 0.52 4.66e-12 3.59e-12 6.24e-12
-16.5 0.52 5.65e-12 4.35e-12 7.56e-12
-16.4 0.52 6.85e-12 5.28e-12 9.17e-12
-14.8 0.52 1.49e-10 1.14e-10 1.99e-10
-14.7 0.52 1.8e-10 1.39e-10 2.41e-10
-14.6 0.52 2.18e-10 1.68e-10 2.92e-10
-14.5 0.52 2.65e-10 2.04e-10 3.54e-10
-14.4 0.52 3.21e-10 2.47e-10 4.29e-10
-14.3 0.52 3.89e-10 2.99e-10 5.2e-10
-14.2 0.52 4.71e-10 3.63e-10 6.3e-10
-14.1 0.52 5.71e-10 4.4e-10 7.64e-10
-14 0.52 6.92e-10 5.33e-10 9.26e-10
-13.9 0.52 8.39e-10 6.46e-10 1.12e-09
-13.8 0.52 1.02e-09 7.83e-10 1.36e-09
-13.7 0.52 1.23e-09 9.49e-10 1.65e-09
-13.6 0.52 1.49e-09 1.15e-09 2e-09
-13.5 0.52 1.81e-09 1.39e-09 2.42e-09
-13.4 0.52 2.19e-09 1.69e-09 2.94e-09
-13.3 0.52 2.66e-09 2.05e-09 3.56e-09
-13.2 0.52 3.22e-09 2.48e-09 4.31e-09
-13.1 0.52 3.91e-09 3.01e-09 5.23e-09
-13 0.52 4.74e-09 3.65e-09 6.34e-09
-12.9 0.52 5.74e-09 4.42e-09 7.68e-09
-12.8 0.52 6.96e-09 5.36e-09 9.31e-09
-12.7 0.52 8.43e-09 6.49e-09 1.13e-08
-12.6 0.52 1.02e-08 7.87e-09 1.37e-08
-12.5 0.52 1.24e-08 9.54e-09 1.66e-08
-12.4 0.52 1.5e-08 1.16e-08 2.01e-08
-12.3 0.52 1.82e-08 1.4e-08 2.43e-08
-12.2 0.52 2.21e-08 1.7e-08 2.95e-08
-12.1 0.52 2.67e-08 2.06e-08 3.58e-08
-12 0.52 3.24e-08 2.5e-08 4.33e-08
-11.9 0.52 3.93e-08 3.02e-08 5.25e-08
-11.8 0.52 4.76e-08 3.67e-08 6.37e-08
-11.7 0.52 5.77e-08 4.44e-08 7.72e-08
-11.6 0.52 6.99e-08 5.39e-08 9.36e-08
-11.5 0.52 8.47e-08 6.53e-08 1.13e-07
-11.4 0.52 1.03e-07 7.91e-08 1.37e-07
-11.3 0.52 1.24e-07 9.59e-08 1.67e-07
-11.2 0.52 1.51e-07 1.16e-07 2.02e-07
-11.1 0.52 1.83e-07 1.41e-07 2.45e-07
-11 0.52 2.22e-07 1.71e-07 2.97e-07
-10.9 0.52 2.69e-07 2.07e-07 3.59e-07
-10.8 0.52 3.26e-07 2.51e-07 4.36e-07
-10.7 0.52 3.95e-07 3.04e-07 5.28e-07
-10.6 0.52 4.78e-07 3.68e-07 6.4e-07
-10.5 0.52 5.8e-07 4.47e-07 7.76e-07
-10.4 0.52 7.03e-07 5.41e-07 9.4e-07
-10.3 0.52 8.52e-07 6.56e-07 1.14e-06
-10.2 0.52 1.03e-06 7.95e-07 1.38e-06
-10.1 0.52 1.25e-06 9.64e-07 1.67e-06
-10 0.52 1.52e-06 1.17e-06 2.03e-06
-9.9 0.52 1.84e-06 1.42e-06 2.46e-06
-9.8 0.52 2.23e-06 1.72e-06 2.98e-06
-9.7 0.52 2.7e-06 2.08e-06 3.61e-06
-9.6 0.52 3.27e-06 2.52e-06 4.38e-06
-9.5 0.52 3.97e-06 3.06e-06 5.31e-06
-9.4 0.52 4.81e-06 3.7e-06 6.43e-06
-9.3 0.52 5.83e-06 4.49e-06 7.8e-06
-9.2 0.52 7.06e-06 5.44e-06 9.45e-06
-9.1 0.52 8.56e-06 6.59e-06 1.15e-05
-9 0.52 1.04e-05 7.99e-06 1.39e-05
-8.9 0.52 1.26e-05 9.69e-06 1.68e-05
-8.8 0.52 1.52e-05 1.17e-05 2.04e-05
-8.7 0.52 1.85e-05 1.42e-05 2.47e-05
-8.6 0.52 2.24e-05 1.72e-05 3e-05
-8.5 0.52 2.71e-05 2.09e-05 3.63e-05
-8.4 0.52 3.29e-05 2.53e-05 4.4e-05
-8.3 0.52 3.99e-05 3.07e-05 5.33e-05
-8.2 0.52 4.83e-05 3.72e-05 6.46e-05
-8.1 0.52 5.86e-05 4.51e-05 7.83e-05
-8 0.52 7.1e-05 5.47e-05 9.49e-05
-7.9 0.52 8.6e-05 6.63e-05 0.000115
-7.8 0.52 0.000104 8.04e-05 0.000139
-7.7 0.52 0.000126 9.74e-05 0.000169
-7.6 0.52 0.000153 0.000118 0.000205
-7.5 0.52 0.000186 0.000143 0.000248
-7.4 0.52 0.000225 0.000173 0.000301
-7.3 0.52 0.000272 0.00021 0.000364
-7.2 0.52 0.00033 0.000255 0.000441
-7.1 0.52 0.0004 0.000309 0.000534
-7 0.52 0.000484 0.000375 0.000647
-6.9 0.52 0.000587 0.000454 0.000784
-6.8 0.52 0.000711 0.00055 0.000949
-6.7 0.52 0.000861 0.000667 0.00115
-6.6 0.52 0.00104 0.000809 0.00139
-6.5 0.52 0.00126 0.000981 0.00168
-6.4 0.52 0.00153 0.00119 0.00203
-6.3 0.52 0.00185 0.00144 0.00246
-6.2 0.52 0.00223 0.00175 0.00297
-6.1 0.52 0.0027 0.00212 0.00359
-6 0.52 0.00326 0.00257 0.00433
-5.9 0.52 0.00394 0.00312 0.00521
-5.8 0.52 0.00476 0.00379 0.00628
-5.7 0.52 0.00574 0.00459 0.00755
-5.6 0.52 0.00691 0.00557 0.00906
-5.5 0.52 0.00832 0.00675 0.0108
-5.4 0.52 0.01 0.00818 0.013
-5.3 0.52 0.012 0.00991 0.0155
-5.2 0.52 0.0144 0.012 0.0184
-5.1 0.52 0.0173 0.0145 0.0218
-5 0.52 0.0207 0.0174 0.0256
-4.9 0.52 0.0247 0.021 0.0301
-4.8 0.52 0.0323 0.0334 0.0378
-4.7 0.52 0.0384 0.0395 0.0438
-4.6 0.52 0.0457 0.0465 0.0503
-4.5 0.52 0.0541 0.0541 0.0572
-4.4 0.52 0.0734 0.0696 0.0738
-4.3 0.52 0.0857 0.0779 0.0817
-4.2 0.52 0.0994 0.0851 0.0889
-4.1 0.52 0.114 0.0904 0.0948
-4 0.52 0.137 0.0922 0.105
-3.9 0.52 0.152 0.103 0.106
-3.8 0.52 0.166 0.112 0.102
-3.7 0.52 0.18 0.103 0.0958
-3.6 0.52 0.194 0.11 0.0885
-3.5 0.52 0.204 0.113 0.0761
-3.4 0.52 0.207 0.112 0.0574
-3.3 0.52 0.202 0.103 0.0406
-3.2 0.52 0.23 0.0947 0.0394
-3.1 0.52 0.224 0.0838 0.0576
-3 0.52 0.209 0.0639 0.0964
-2.9 0.52 0.148 0.0886 0.251
-2.8 0.52 0.131 0.113 0.253
-2.7 0.52 0.126 0.125 0.212
-2.6 0.52 0.0769 0.18 0.288
-2.5 0.52 0.117 0.147 0.331
-2.4 0.52 0.166 0.106 0.191
-2.3 0.52 0.204 0.0763 0.196
-2.2 0.52 0.475 0.65 0.242
-2.1 0.52 0.437 0.268 0.18
-2 0.52 0.379 0.233 0.114
-1.9 0.52 0.367 0.0756 0.0948
-1.8 0.52 0.373 0.143 0.0911
-1.7 0.52 0.366 0.408 0.362
-1.6 0.52 0.294 0.189 0.118
-1.5 0.52 0.307 0.0869 0.0937
-1.4 0.52 0.307 0.0243 0.0363
-1.3 0.52 0.254 0.239 0.421
-1.2 0.52 0.342 0.1 0.133
-1.1 0.52 0.371 0.117 0.114
-1 0.52 0.398 0.0867 0.0469
-0.9 0.52 0.414 0.0442 0.0394
-0.8 0.52 0.365 0.176 0.351
-0.7 0.52 0.476 0.098 0.0793
-0.6 0.52 0.477 0.0751 0.0504
-0.5 0.52 0.49 0.0317 0.0253
-0.4 0.52 0.473 0.174 0.15
-0.3 0.52 0.473 0.0875 0.0865
-0.2 0.52 0.475 0.0703 0.0797
-0.1 0.52 0.481 0.0228 0.0303
-1.33e-15 0.52 0.476 0.0603 0.0957
0.1 0.52 0.516 0.105 0.0758
0.2 0.52 0.533 0.34 0.291
0.3 0.52 0.56 0.135 0.0693
0.4 0.52 0.573 0.0938 0.0761
0.5 0.52 0.654 0.249 0.149
0.6 0.52 0.647 0.116 0.133
0.7 0.52 0.553 0.0852 0.0782
0.8 0.52 0.538 0.0643 0.103
0.9 0.52 0.526 0.0565 0.103
1 0.52 0.503 0.0953 0.222
1.1 0.52 0.485 0.096 0.199
1.2 0.52 0.48 0.0945 0.159
1.3 0.52 0.484 0.0789 0.112
1.4 0.52 0.526 0.0447 0.0808
1.5 0.52 0.55 0.0657 0.0865
1.6 0.52 0.55 0.0605 0.0614
1.7 0.52 0.537 0.0564 0.0335
1.8 0.52 0.552 0.0427 0.0293
1.9 0.52 0.566 0.0302 0.0156
2 0.52 0.576 0.0216 0.0101
2.1 0.52 0.582 0.0168 0.0155
2.2 0.52 0.586 0.0145 0.0198
2.3 0.52 0.587 0.0136 0.0231
2.4 0.52 0.587 0.0134 0.0257
2.5 0.52 0.587 0.0135 0.0277
2.6 0.52 0.587 0.0137 0.0291
2.7 0.52 0.586 0.0139 0.0301
2.8 0.52 0.586 0.014 0.0308
2.9 0.52 0.586 0.0141 0.0312
3 0.52 0.586 0.0142 0.0313
3.1 0.52 0.586 0.0141 0.0312
3.2 0.52 0.586 0.014 0.0308
3.3 0.52 0.586 0.0139 0.0301
3.4 0.52 0.587 0.0137 0.0291
3.5 0.52 0.587 0.0135 0.0277
3.6 0.52 0.587 0.0134 0.0257
3.7 0.52 0.587 0.0136 0.0231
3.8 0.52 0.586 0.0145 0.0198
3.9 0.52 0.582 0.0168 0.0155
4 0.52 0.576 0.0216 0.0101
4.1 0.52 0.566 0.0302 0.0156
4.2 0.52 0.552 0.0427 0.0293
4.3 0.52 0.537 0.0564 0.0335
4.4 0.52 0.55 0.0605 0.0614
4.5 0.52 0.55 0.0657 0.0865
4.6 0.52 0.526 0.0447 0.0808
4.7 0.52 0.484 0.0789 0.112
4.8 0.52 0.48 0.0945 0.159
4.9 0.52 0.485 0.096 0.199
5 0.52 0.503 0.0953 0.222
5.1 0.52 0.526 0.0565 0.103
5.2 0.52 0.538 0.0643 0.103
5.3 0.52 0.553 0.0852 0.0782
5.4 0.52 0.647 0.116 0.133
5.5 0.52 0.654 0.249 0.149
5.6 0.52 0.573 0.0938 0.0761
5.7 0.52 0.56 0.135 0.0693
5.8 0.52 0.533 0.34 0.291
5.9 0.52 0.516 0.105 0.0758
6 0.52 0.476 0.0603 0.0957
6.1 0.52 0.481 0.0228 0.0303
6.2 0.52 0.475 0.0703 0.0797
6.3 0.52 0.473 0.0875 0.0865
6.4 0.52 0.473 0.174 0.15
6.5 0.52 0.49 0.0317 0.0253
6.6 0.52 0.477 0.0751 0.0504
6.7 0.52 0.476 0.098 0.0793
6.8 0.52 0.365 0.176 0.351
6.9 0.52 0.414 0.0442 0.0394
7 0.52 0.398 0.0867 0.0469
7.1 0.52 0.371 0.117 0.114
7.2 0.52 0.342 0.1 0.133
7.3 0.52 0.254 0.239 0.421
7.4 0.52 0.307 0.0243 0.0363
7.5 0.52 0.307 0.0869 0.0937
7.6 0.52 0.294 0.189 0.118
7.7 0.52 0.366 0.408 0.362
7.8 0.52 0.373 0.143 0.0911
7.9 0.52 0.367 0.0756 0.0948
8 0.52 0.379 0.233 0.114
8.1 0.52 0.437 0.268 0.18
8.2 0.52 0.475 0.65 0.242
8.3 0.52 0.204 0.0763 0.196
8.4 0.52 0.166 0.106 0.191
8.5 0.52 0.117 0.147 0.331
8.6 0.52 0.0769 0.18 0.288
8.7 0.52 0.126 0.125 0.212
8.8 0.52 0.131 0.113 0.253
8.9 0.52 0.148 0.0886 0.251
9 0.52 0.209 0.0639 0.0964
9.1 0.52 0.224 0.0838 0.0576
9.2 0.52 0.23 0.0947 0.0394
9.3 0.52 0.202 0.103 0.0406
9.4 0.52 0.207 0.112 0.0574
9.5 0.52 0.204 0.113 0.0761
9.6 0.52 0.194 0.11 0.0885
9.7 0.52 0.18 0.103 0.0958
9.8 0.52 0.166 0.112 0.102
9.9 0.52 0.152 0.103 0.106
10 0.52 0.137 0.0922 0.105
10.1 0.52 0.114 0.0904 0.0948
10.2 0.52 0.0994 0.0851 0.0889
10.3 0.52 0.0857 0.0779 0.0817
10.4 0.52 0.0734 0.0696 0.0738
10.5 0.52 0.0541 0.0541 0.0572
10.6 0.52 0.0457 0.0465 0.0503
10.7 0.52 0.0384 0.0395 0.0438
10.8 0.52 0.0323 0.0334 0.0378
10.9 0.52 0.0247 0.021 0.0301
11 0.52 0.0207 0.0174 0.0256
11.1 0.52 0.0173 0.0145 0.0218
11.2 0.52 0.0144 0.012 0.0184
11.3 0.52 0.012 0.00991 0.0155
11.4 0.52 0.01 0.00818 0.013
11.5 0.52 0.00832 0.00675 0.0108
11.6 0.52 0.00691 0.00557 0.00906
11.7 0.52 0.00574 0.00459 0.00755
11.8 0.52 0.00476 0.00379 0.00628
11.9 0.52 0.00394 0.00312 0.00521
12 0.52 0.00326 0.00257 0.00433
12.1 0.52 0.0027 0.00212 0.00359
12.2 0.52 0.00223 0.00175 0.00297
12.3 0.52 0.00185 0.00144 0.00246
12.4 0.52 0.00153 0.00119 0.00203
12.5 0.52 0.00126 0.000981 0.00168
12.6 0.52 0.00104 0.000809 0.00139
12.7 0.52 0.000861 0.000667 0.00115
12.8 0.52 0.000711 0.00055 0.000949
12.9 0.52 0.000587 0.000454 0.000784
13 0.52 0.000484 0.000375 0.000647
13.1 0.52 0.0004 0.000309 0.000534
13.2 0.52 0.00033 0.000255 0.000441
13.3 0.52 0.000272 0.00021 0.000364
13.4 0.52 0.000225 0.000173 0.000301
13.5 0.52 0.000186 0.000143 0.000248
13.6 0.52 0.000153 0.000118 0.000205
13.7 0.52 0.000126 9.74e-05 0.000169
13.8 0.52 0.000104 8.04e-05 0.000139
13.9 0.52 8.6e-05 6.63e-05 0.000115
14 0.52 7.1e-05 5.47e-05 9.49e-05
14.1 0.52 5.86e-05 4.51e-05 7.83e-05
14.2 0.52 4.83e-05 3.72e-05 6.46e-05
14.3 0.52 3.99e-05 3.07e-05 5.33e-05
14.4 0.52 3.29e-05 2.53e-05 4.4e-05
14.5 0.52 2.71e-05 2.09e-05 3.63e-05
14.6 0.52 2.24e-05 1.72e-05 3e-05
14.7 0.52 1.85e-05 1.42e-05 2.47e-05
14.8 0.52 1.52e-05 1.17e-05 2.04e-05
14.9 0.52 1.26e-05 9.69e-06 1.68e-05
15 0.52 1.04e-05 7.99e-06 1.39e-05
15.1 0.52 8.56e-06 6.59e-06 1.15e-05
15.2 0.52 7.06e-06 5.44e-06 9.45e-06
15.3 0.52 5.83e-06 4.49e-06 7.8e-06
15.4 0.52 4.81e-06 3.7e-06 6.43e-06
15.5 0.52 3.97e-06 3.06e-06 5.31e-06
15.6 0.52 3.27e-06 2.52e-06 4.38e-06
15.7 0.52 2.7e-06 2.08e-06 3.61e-06
15.8 0.52 2.23e-06 1.72e-06 2.98e-06
15.9 0.52 1.84e-06 1.42e-06 2.46e-06
16 0.52 1.52e-06 1.17e-06 2.03e-06
16.1 0.52 1.25e-06 9.64e-07 1.67e-06
16.2 0.52 1.03e-06 7.95e-07 1.38e-06
16.3 0.52 8.52e-07 6.56e-07 1.14e-06
16.4 0.52 7.03e-07 5.41e-07 9.4e-07
16.5 0.52 5.8e-07 4.47e-07 7.76e-07
16.6 0.52 4.78e-07 3.68e-07 6.4e-07
16.7 0.52 3.95e-07 3.04e-07 5.28e-07
16.8 0.52 3.26e-07 2.51e-07 4.36e-07
16.9 0.52 2.69e-07 2.07e-07 3.59e-07
17 0.52 2.22e-07 1.71e-07 2.97e-07
17.1 0.52 1.83e-07 1.41e-07 2.45e-07
17.2 0.52 1.51e-07 1.16e-07 2.02e-07
17.3 0.52 1.24e-07 9.59e-08 1.67e-07
17.4 0.52 1.03e-07 7.91e-08 1.37e-07
17.5 0.52 8.47e-08 6.53e-08 1.13e-07
17.6 0.52 6.99e-08 5.39e-08 9.36e-08
17.7 0.52 5.77e-08 4.44e-08 7.72e-08
17.8 0.52 4.76e-08 3.67e-08 6.37e-08
17.9 0.52 3.93e-08 3.02e-08 5.25e-08
18 0.52 3.24e-08 2.5e-08 4.33e-08
18.1 0.52 2.67e-08 2.06e-08 3.58e-08
18.2 0.52 2.21e-08 1.7e-08 2.95e-08
18.3 0.52 1.82e-08 1.4e-08 2.43e-08
18.4 0.52 1.5e-08 1.16e-08 2.01e-08
18.5 0.52 1.24e-08 9.54e-09 1.66e-08
18.6 0.52 1.02e-08 7.87e-09 1.37e-08
18.7 0.52 8.43e-09 6.49e-09 1.13e-08
18.8 0.52 6.96e-09 5.36e-09 9.31e-09
18.9 0.52 5.74e-09 4.42e-09 7.68e-09
19 0.52 4.74e-09 3.65e-09 6.34e-09
19.1 0.52 3.91e-09 3.01e-09 5.23e-09
19.2 0.52 3.22e-09 2.48e-09 4.31e-09
19.3 0.52 2.66e-09 2.05e-09 3.56e-09
19.4 0.52 2.19e-09 1.69e-09 2.94e-09
19.5 0.52 1.81e-09 1.39e-09 2.42e-09
19.6 0.52 1.49e-09 1.15e-09 2e-09
19.7 0.52 1.23e-09 9.49e-10 1.65e-09
19.8 0.52 1.02e-09 7.83e-10 1.36e-09
19.9 0.52 8.39e-10 6.46e-10 1.12e-09
20 0.52 6.92e-10 5.33e-10 9.26e-10
20.1 0.52 5.71e-10 4.4e-10 7.64e-10
20.2 0.52 4.71e-10 3.63e-10 6.3e-10
20.3 0.52 3.89e-10 2.99e-10 5.2e-10
20.4 0.52 3.21e-10 2.47e-10 4.29e-10
20.5 0.52 2.65e-10 2.04e-10 3.54e-10
20.6 0.52 2.18e-10 1.68e-10 2.92e-10
20.7 0.52 1.8e-10 1.39e-10 2.41e-10
20.8 0.52 1.49e-10 1.14e-10 1.99e-10
22.4 0.52 6.85e-12 5.28e-12 9.17e-12
22.5 0.52 5.65e-12 4.35e-12 7.56e-12
22.6 0.52 4.66e-12 3.59e-12 6.24e-12
22.7 0.52 3.85e-12 2.96e-12 5.15e-12
22.8 0.52 3.17e-12 2.44e-12 4.25e-12
22.9 0.52 2.62e-12 2.02e-12 3.5e-12
23 0.52 2.16e-12 1.66e-12 2.89e-12
23.1 0.52 1.78e-12 1.37e-12 2.39e-12
23.2 0.52 1.47e-12 1.13e-12 1.97e-12
23.3 0.52 1.21e-12 9.35e-13 1.62e-12
23.4 0.52 1e-12 7.71e-13 1.34e-12
23.5 0.52 8.26e-13 6.36e-13 1.11e-12
23.6 0.52 6.82e-13 5.25e-13 9.12e-13
23.7 0.52 5.62e-13 4.33e-13 7.52e-13
23.8 0.52 4.64e-13 3.57e-13 6.21e-13
23.9 0.52 3.83e-13 2.95e-13 5.12e-13
24 0.52 3.16e-13 2.43e-13 4.23e-13
24.1 0.52 2.61e-13 2.01e-13 3.49e-13
24.2 0.52 2.15e-13 1.66e-13 2.88e-13
24.3 0.52 1.77e-13 1.37e-13 2.37e-13
24.4 0.52 1.46e-13 1.13e-13 1.96e-13
24.5 0.52 1.21e-13 9.3e-14 1.62e-13
24.6 0.52 9.96e-14 7.67e-14 1.33e-13
24.7 0.52 8.22e-14 6.33e-14 1.1e-13
24.8 0.52 6.78e-14 5.22e-14 9.07e-14
24.9 0.52 5.59e-14 4.31e-14 7.49e-14
25 0.52 4.62e-14 3.56e-14 6.18e-14
25.1 0.52 3.81e-14 2.93e-14 5.1e-14
25.2 0.52 3.14e-14 2.42e-14 4.2e-14
25.3 0.52 2.59e-14 2e-14 3.47e-14
25.4 0.52 2.14e-14 1.65e-14 2.86e-14
25.5 0.52 1.76e-14 1.36e-14 2.36e-14
25.6 0.52 1.46e-14 1.12e-14 1.95e-14
25.7 0.52 1.2e-14 9.25e-15 1.61e-14
25.8 0.52 9.91e-15 7.63e-15 1.33e-14
25.9 0.52 8.18e-15 6.3e-15 1.09e-14
26 0.52 6.75e-15 5.2e-15 9.03e-15
26.1 0.52 5.57e-15 4.29e-15 7.45e-15
26.2 0.52 4.59e-15 3.54e-15 6.14e-15
26.3 0.52 3.79e-15 2.92e-15 5.07e-15
26.4 0.52 3.13e-15 2.41e-15 4.18e-15
26.5 0.52 2.58e-15 1.99e-15 3.45e-15
26.6 0.52 2.13e-15 1.64e-15 2.85e-15
26.7 0.52 1.76e-15 1.35e-15 2.35e-15
26.8 0.52 1.45e-15 1.12e-15 1.94e-15
26.9 0.52 1.2e-15 9.21e-16 1.6e-15
27 0.52 9.86e-16 7.59e-16 1.32e-15
27.1 0.52 8.14e-16 6.27e-16 1.09e-15
27.2 0.52 6.71e-16 5.17e-16 8.98e-16
27.3 0.52 5.54e-16 4.27e-16 7.41e-16
27.4 0.52 4.57e-16 3.52e-16 6.11e-16
27.5 0.52 3.77e-16 2.9e-16 5.04e-16
27.6 0.52 3.11e-16 2.4e-16 4.16e-16
27.7 0.52 2.57e-16 1.98e-16 3.43e-16
27.8 0.52 2.12e-16 1.63e-16 2.83e-16
27.9 0.52 1.75e-16 1.35e-16 2.34e-16
28 0.52 1.44e-16 1.11e-16 1.93e-16
28.1 0.52 1.19e-16 9.16e-17 1.59e-16
28.2 0.52 9.81e-17 7.56e-17 1.31e-16
28.3 0.52 8.09e-17 6.23e-17 1.08e-16
28.4 0.52 6.68e-17 5.14e-17 8.93e-17
28.5 0.52 5.51e-17 4.24e-17 7.37e-17
28.6 0.52 4.55e-17 3.5e-17 6.08e-17
28.7 0.52 3.75e-17 2.89e-17 5.02e-17
28.8 0.52 3.09e-17 2.38e-17 4.14e-17
28.9 0.52 2.55e-17 1.97e-17 3.42e-17
29 0.52 2.11e-17 1.62e-17 2.82e-17
29.1 0.52 1.74e-17 1.34e-17 2.33e-17
29.2 0.52 1.43e-17 1.1e-17 1.92e-17
29.3 0.52 1.18e-17 9.11e-18 1.58e-17
29.4 0.52 9.76e-18 7.52e-18 1.31e-17
29.5 0.52 8.05e-18 6.2e-18 1.08e-17
29.6 0.52 6.64e-18 5.12e-18 8.89e-18
29.7 0.52 5.48e-18 4.22e-18 7.33e-18
29.8 0.52 4.52e-18 3.48e-18 6.05e-18
29.9 0.52 3.73e-18 2.87e-18 4.99e-18
30 0.52 3.08e-18 2.37e-18 4.12e-18
30.1 0.52 2.54e-18 1.96e-18 3.4e-18
30.2 0.52 2.1e-18 1.61e-18 2.8e-18
30.3 0.52 1.73e-18 1.33e-18 2.31e-18
30.4 0.52 1.43e-18 1.1e-18 1.91e-18
30.5 0.52 1.18e-18 9.07e-19 1.57e-18
30.6 0.52 9.71e-19 7.48e-19 1.3e-18
30.7 0.52 8.01e-19 6.17e-19 1.07e-18
30.8 0.52 6.61e-19 5.09e-19 8.84e-19
30.9 0.52 5.45e-19 4.2e-19 7.3e-19
31 0.52 4.5e-19 3.47e-19 6.02e-19
31.1 0.52 3.71e-19 2.86e-19 4.97e-19
31.2 0.52 3.06e-19 2.36e-19 4.1e-19
31.3 0.52 2.53e-19 1.95e-19 3.38e-19
31.4 0.52 2.08e-19 1.61e-19 2.79e-19
31.5 0.52 1.72e-19 1.32e-19 2.3e-19
31.6 0.52 1.42e-19 1.09e-19 1.9e-19
31.7 0.52 1.17e-19 9.02e-20 1.57e-19
31.8 0.52 9.66e-20 7.44e-20 1.29e-19
31.9 0.52 7.97e-20 6.14e-20 1.07e-19
32 0.52 6.58e-20 5.07e-20 8.8e-20
32.1 0.52 5.43e-20 4.18e-20 7.26e-20
32.2 0.52 4.48e-20 3.45e-20 5.99e-20
32.3 0.52 3.69e-20 2.84e-20 4.94e-20
32.4 0.52 3.05e-20 2.35e-20 4.08e-20
32.5 0.52 2.51e-20 1.94e-20 3.36e-20
32.6 0.52 2.07e-20 1.6e-20 2.78e-20
32.7 0.52 1.71e-20 1.32e-20 2.29e-20
32.8 0.52 1.41e-20 1.09e-20 1.89e-20
32.9 0.52 1.16e-20 8.97e-21 1.56e-20
33 0.52 9.61e-21 7.4e-21 1.29e-20
33.1 0.52 7.93e-21 6.11e-21 1.06e-20
33.2 0.52 6.54e-21 5.04e-21 8.75e-21
33.3 0.52 5.4e-21 4.16e-21 7.22e-21
33.4 0.52 4.45e-21 3.43e-21 5.96e-21
33.5 0.52 3.67e-21 2.83e-21 4.92e-21
33.6 0.52 3.03e-21 2.34e-21 4.06e-21
33.7 0.52 2.5e-21 1.93e-21 3.35e-21
33.8 0.52 2.06e-21 1.59e-21 2.76e-21
33.9 0.52 1.7e-21 1.31e-21 2.28e-21
34 0.52 1.4e-21 1.08e-21 1.88e-21
34.1 0.52 1.16e-21 8.93e-22 1.55e-21
34.2 0.52 9.56e-22 7.37e-22 1.28e-21
34.3 0.52 7.89e-22 6.08e-22 1.06e-21
34.4 0.52 6.51e-22 5.01e-22 8.71e-22
34.5 0.52 5.37e-22 4.14e-22 7.19e-22
34.6 0.52 4.43e-22 3.41e-22 5.93e-22
34.7 0.52 3.66e-22 2.82e-22 4.89e-22
34.8 0.52 3.02e-22 2.32e-22 4.04e-22
34.9 0.52 2.49e-22 1.92e-22 3.33e-22
35 0.52 2.05e-22 1.58e-22 2.75e-22
35.1 0.52 1.69e-22 1.3e-22 2.27e-22
35.2 0.52 1.4e-22 1.08e-22 1.87e-22
35.3 0.52 1.15e-22 8.88e-23 1.54e-22
35.4 0.52 9.51e-23 7.33e-23 1.27e-22
35.5 0.52 7.85e-23 6.05e-23 1.05e-22
35.6 0.52 6.48e-23 4.99e-23 8.67e-23
35.7 0.52 5.34e-23 4.12e-23 7.15e-23
35.8 0.52 4.41e-23 3.4e-23 5.9e-23
35.9 0.52 3.64e-23 2.8e-23 4.87e-23
36 0.52 3e-23 2.31e-23 4.02e-23
36.1 0.52 2.48e-23 1.91e-23 3.31e-23
36.2 0.52 2.04e-23 1.57e-23 2.73e-23
36.3 0.52 1.69e-23 1.3e-23 2.26e-23
36.4 0.52 1.39e-23 1.07e-23 1.86e-23
36.5 0.52 1.15e-23 8.84e-24 1.54e-23
36.6 0.52 9.47e-24 7.29e-24 1.27e-23
36.7 0.52 7.81e-24 6.02e-24 1.04e-23
36.8 0.52 6.44e-24 4.96e-24 8.62e-24
36.9 0.52 5.32e-24 4.09e-24 7.11e-24
37 0.52 4.39e-24 3.38e-24 5.87e-24
37.1 0.52 3.62e-24 2.79e-24 4.84e-24
37.2 0.52 2.99e-24 2.3e-24 3.99e-24
37.3 0.52 2.46e-24 1.9e-24 3.3e-24
37.4 0.52 2.03e-24 1.57e-24 2.72e-24
37.5 0.52 1.68e-24 1.29e-24 2.24e-24
37.6 0.52 1.38e-24 1.07e-24 1.85e-24
37.7 0.52 1.14e-24 8.79e-25 1.53e-24
37.8 0.52 9.42e-25 7.25e-25 1.26e-24
37.9 0.52 7.77e-25 5.98e-25 1.04e-24
38 0.52 6.41e-25 4.94e-25 8.58e-25
38.1 0.52 5.29e-25 4.07e-25 7.08e-25
38.2 0.52 4.36e-25 3.36e-25 5.84e-25
38.3 0.52 3.6e-25 2.77e-25 4.82e-25
38.4 0.52 2.97e-25 2.29e-25 3.97e-25
38.5 0.52 2.45e-25 1.89e-25 3.28e-25
38.6 0.52 2.02e-25 1.56e-25 2.71e-25
38.7 0.52 1.67e-25 1.28e-25 2.23e-25
38.8 0.52 1.38e-25 1.06e-25 1.84e-25
38.9 0.52 1.14e-25 8.75e-26 1.52e-25
39 0.52 9.37e-26 7.22e-26 1.25e-25
39.1 0.52 7.73e-26 5.95e-26 1.03e-25
39.2 0.52 6.38e-26 4.91e-26 8.53e-26
39.3 0.52 5.26e-26 4.05e-26 7.04e-26
39.4 0.52 4.34e-26 3.34e-26 5.81e-26
39.5 0.52 3.58e-26 2.76e-26 4.79e-26
39.6 0.52 2.96e-26 2.28e-26 3.95e-26
39.7 0.52 2.44e-26 1.88e-26 3.26e-26
39.8 0.52 2.01e-26 1.55e-26 2.69e-26
39.9 0.52 1.66e-26 1.28e-26 2.22e-26
40 0.52 1.37e-26 1.05e-26 1.83e-26
40.1 0.52 1.13e-26 8.7e-27 1.51e-26
40.2 0.52 9.32e-27 7.18e-27 1.25e-26
40.3 0.52 7.69e-27 5.92e-27 1.03e-26
40.4 0.52 6.35e-27 4.89e-27 8.49e-27
40.5 0.52 5.24e-27 4.03e-27 7e-27
40.6 0.52 4.32e-27 3.33e-27 5.78e-27
40.7 0.52 3.56e-27 2.74e-27 4.77e-27
40.8 0.52 2.94e-27 2.26e-27 3.93e-27
40.9 0.52 2.43e-27 1.87e-27 3.25e-27
41 0.52 2e-27 1.54e-27 2.68e-27
41.1 0.52 1.65e-27 1.27e-27 2.21e-27
41.2 0.52 1.36e-27 1.05e-27 1.82e-27
41.3 0.52 1.12e-27 8.66e-28 1.5e-27
41.4 0.52 9.27e-28 7.14e-28 1.24e-27
41.5 0.52 7.65e-28 5.89e-28 1.02e-27
41.6 0.52 6.31e-28 4.86e-28 8.45e-28
41.7 0.52 5.21e-28 4.01e-28 6.97e-28
41.8 0.52 4.3e-28 3.31e-28 5.75e-28
41.9 0.52 3.55e-28 2.73e-28 4.74e-28
42 0.52 2.93e-28 2.25e-28 3.91e-28
42.1 0.52 2.41e-28 1.86e-28 3.23e-28
42.2 0.52 1.99e-28 1.53e-28 2.66e-28
42.3 0.52 1.64e-28 1.27e-28 2.2e-28
42.4 0.52 1.36e-28 1.04e-28 1.81e-28
42.5 0.52 1.12e-28 8.61e-29 1.5e-28
42.6 0.52 9.23e-29 7.11e-29 1.23e-28
42.7 0.52 7.61e-29 5.86e-29 1.02e-28
42.8 0.52 6.28e-29 4.84e-29 8.4e-29
42.9 0.52 5.18e-29 3.99e-29 6.93e-29
43 0.52 4.28e-29 3.29e-29 5.72e-29
43.1 0.52 3.53e-29 2.72e-29 4.72e-29
43.2 0.52 2.91e-29 2.24e-29 3.89e-29
43.3 0.52 2.4e-29 1.85e-29 3.21e-29
43.4 0.52 1.98e-29 1.53e-29 2.65e-29
43.5 0.52 1.63e-29 1.26e-29 2.19e-29
43.6 0.52 1.35e-29 1.04e-29 1.8e-29
43.7 0.52 1.11e-29 8.57e-30 1.49e-29
43.8 0.52 9.18e-30 7.07e-30 1.23e-29
43.9 0.52 7.57e-30 5.83e-30 1.01e-29
44 0.52 6.25e-30 4.81e-30 8.36e-30
44.1 0.52 5.16e-30 3.97e-30 6.9e-30
44.2 0.52 4.25e-30 3.28e-30 5.69e-30
44.3 0.52 3.51e-30 2.7e-30 4.7e-30
44.4 0.52 2.9e-30 2.23e-30 3.87e-30
44.5 0.52 2.39e-30 1.84e-30 3.2e-30
44.6 0.52 1.97e-30 1.52e-30 2.64e-30
44.7 0.52 1.63e-30 1.25e-30 2.18e-30
44.8 0.52 1.34e-30 1.03e-30 1.8e-30
44.9 0.52 1.11e-30 8.53e-31 1.48e-30
45 0.52 9.13e-31 7.03e-31 1.22e-30
45.1 0.52 7.54e-31 5.8e-31 1.01e-30
45.2 0.52 6.22e-31 4.79e-31 8.32e-31
45.3 0.52 5.13e-31 3.95e-31 6.86e-31
45.4 0.52 4.23e-31 3.26e-31 5.66e-31
45.5 0.52 3.49e-31 2.69e-31 4.67e-31
45.6 0.52 2.88e-31 2.22e-31 3.85e-31
45.7 0.52 2.38e-31 1.83e-31 3.18e-31
45.8 0.52 1.96e-31 1.51e-31 2.62e-31
45.9 0.52 1.62e-31 1.25e-31 2.16e-31
46 0.52 1.33e-31 1.03e-31 1.79e-31
46.1 0.52 1.1e-31 8.48e-32 1.47e-31
46.2 0.52 9.09e-32 7e-32 1.22e-31
46.3 0.52 7.5e-32 5.77e-32 1e-31
46.4 0.52 6.19e-32 4.76e-32 8.28e-32
46.5 0.52 5.1e-32 3.93e-32 6.83e-32
46.6 0.52 4.21e-32 3.24e-32 5.63e-32
46.7 0.52 3.47e-32 2.68e-32 4.65e-32
46.8 0.52 2.87e-32 2.21e-32 3.83e-32
46.9 0.52 2.36e-32 1.82e-32 3.16e-32
47 0.52 1.95e-32 1.5e-32 2.61e-32
47.1 0.52 1.61e-32 1.24e-32 2.15e-32
47.2 0.52 1.33e-32 1.02e-32 1.78e-32
47.3 0.52 1.1e-32 8.44e-33 1.47e-32
47.4 0.52 9.04e-33 6.96e-33 1.21e-32
47.5 0.52 7.46e-33 5.74e-33 9.98e-33
47.6 0.52 6.15e-33 4.74e-33 8.23e-33
47.7 0.52 5.08e-33 3.91e-33 6.79e-33
47.8 0.52 4.19e-33 3.23e-33 5.6e-33
47.9 0.52 3.46e-33 2.66e-33 4.62e-33
48 0.52 2.85e-33 2.2e-33 3.82e-33
48.1 0.52 2.35e-33 1.81e-33 3.15e-33
48.2 0.52 1.94e-33 1.5e-33 2.6e-33
48.3 0.52 1.6e-33 1.23e-33 2.14e-33
48.4 0.52 1.32e-33 1.02e-33 1.77e-33
48.5 0.52 1.09e-33 8.4e-34 1.46e-33
48.6 0.52 8.99e-34 6.93e-34 1.2e-33
48.7 0.52 7.42e-34 5.72e-34 9.93e-34
48.8 0.52 6.12e-34 4.72e-34 8.19e-34
48.9 0.52 5.05e-34 3.89e-34 6.76e-34
49 0.52 4.17e-34 3.21e-34 5.58e-34
49.1 0.52 3.44e-34 2.65e-34 4.6e-34
49.2 0.52 2.84e-34 2.19e-34 3.8e-34
49.3 0.52 2.34e-34 1.8e-34 3.13e-34
49.4 0.52 1.93e-34 1.49e-34 2.58e-34
49.5 0.52 1.59e-34 1.23e-34 2.13e-34
49.6 0.52 1.31e-34 1.01e-34 1.76e-34
49.7 0.52 1.08e-34 8.35e-35 1.45e-34
49.8 0.52 8.95e-35 6.89e-35 1.2e-34
49.9 0.52 7.38e-35 5.69e-35 9.88e-35
50 0.52 6.09e-35 4.69e-35 8.15e-35
50.1 0.52 5.03e-35 3.87e-35 6.72e-35
50.2 0.52 4.15e-35 3.19e-35 5.55e-35
50.3 0.52 3.42e-35 2.63e-35 4.58e-35
50.4 0.52 2.82e-35 2.17e-35 3.78e-35
50.5 0.52 2.33e-35 1.79e-35 3.12e-35
50.6 0.52 1.92e-35 1.48e-35 2.57e-35
50.7 0.52 1.59e-35 1.22e-35 2.12e-35
50.8 0.52 1.31e-35 1.01e-35 1.75e-35
50.9 0.52 1.08e-35 8.31e-36 1.44e-35
51 0.52 8.9e-36 6.86e-36 1.19e-35
51.1 0.52 7.35e-36 5.66e-36 9.83e-36
51.2 0.52 6.06e-36 4.67e-36 8.11e-36
51.3 0.52 5e-36 3.85e-36 6.69e-36
51.4 0.52 4.13e-36 3.18e-36 5.52e-36
51.5 0.52 3.4e-36 2.62e-36 4.55e-36
51.6 0.52 2.81e-36 2.16e-36 3.76e-36
51.7 0.52 2.32e-36 1.78e-36 3.1e-36
51.8 0.52 1.91e-36 1.47e-36 2.56e-36
51.9 0.52 1.58e-36 1.21e-36 2.11e-36
52 0.52 1.3e-36 1e-36 1.74e-36
52.1 0.52 1.07e-36 8.27e-37 1.44e-36
52.2 0.52 8.86e-37 6.82e-37 1.19e-36
52.3 0.52 7.31e-37 5.63e-37 9.78e-37
52.4 0.52 6.03e-37 4.64e-37 8.07e-37
52.5 0.52 4.97e-37 3.83e-37 6.66e-37
52.6 0.52 4.1e-37 3.16e-37 5.49e-37
52.7 0.52 3.39e-37 2.61e-37 4.53e-37
52.8 0.52 2.79e-37 2.15e-37 3.74e-37
52.9 0.52 2.31e-37 1.78e-37 3.08e-37
53 0.52 1.9e-37 1.46e-37 2.54e-37
53.1 0.52 1.57e-37 1.21e-37 2.1e-37
53.2 0.52 1.29e-37 9.97e-38 1.73e-37
53.3 0.52 1.07e-37 8.23e-38 1.43e-37
53.4 0.52 8.81e-38 6.79e-38 1.18e-37
53.5 0.52 7.27e-38 5.6e-38 9.73e-38
53.6 0.52 6e-38 4.62e-38 8.03e-38
53.7 0.52 4.95e-38 3.81e-38 6.62e-38
53.8 0.52 4.08e-38 3.15e-38 5.46e-38
53.9 0.52 3.37e-38 2.59e-38 4.51e-38
54 0.52 2.78e-38 2.14e-38 3.72e-38
54.1 0.52 2.29e-38 1.77e-38 3.07e-38
54.2 0.52 1.89e-38 1.46e-38 2.53e-38
54.3 0.52 1.56e-38 1.2e-38 2.09e-38
54.4 0.52 1.29e-38 9.92e-39 1.72e-38
54.5 0.52 1.06e-38 8.18e-39 1.42e-38
54.6 0.52 8.77e-39 6.75e-39 1.17e-38
54.7 0.52 7.23e-39 5.57e-39 9.68e-39
54.8 0.52 5.97e-39 4.6e-39 7.99e-39
54.9 0.52 4.92e-39 3.79e-39 6.59e-39
55 0.52 4.06e-39 3.13e-39 5.44e-39
55.1 0.52 3.35e-39 2.58e-39 4.48e-39
55.2 0.52 2.77e-39 2.13e-39 3.7e-39
55.3 0.52 2.28e-39 1.76e-39 3.05e-39
55.4 0.52 1.88e-39 1.45e-39 2.52e-39
55.5 0.52 1.55e-39 1.2e-39 2.08e-39
55.6 0.52 1.28e-39 9.87e-40 1.71e-39
55.7 0.52 1.06e-39 8.14e-40 1.41e-39
55.8 0.52 8.72e-40 6.72e-40 1.17e-39
55.9 0.52 7.2e-40 5.54e-40 9.63e-40
56 0.52 5.94e-40 4.57e-40 7.94e-40
56.1 0.52 4.9e-40 3.77e-40 6.55e-40
56.2 0.52 4.04e-40 3.11e-40 5.41e-40
56.3 0.52 3.33e-40 2.57e-40 4.46e-40
56.4 0.52 2.75e-40 2.12e-40 3.68e-40
56.5 0.52 2.27e-40 1.75e-40 3.04e-40
56.6 0.52 1.87e-40 1.44e-40 2.51e-40
56.7 0.52 1.55e-40 1.19e-40 2.07e-40
56.8 0.52 1.27e-40 9.82e-41 1.71e-40
56.9 0.52 1.05e-40 8.1e-41 1.41e-40
57 0.52 8.68e-41 6.68e-41 1.16e-40
57.1 0.52 7.16e-41 5.51e-41 9.58e-41
57.2 0.52 5.91e-41 4.55e-41 7.9e-41
57.3 0.52 4.87e-41 3.75e-41 6.52e-41
57.4 0.52 4.02e-41 3.1e-41 5.38e-41
57.5 0.52 3.32e-41 2.56e-41 4.44e-41
57.6 0.52 2.74e-41 2.11e-41 3.66e-41
57.7 0.52 2.26e-41 1.74e-41 3.02e-41
57.8 0.52 1.86e-41 1.44e-41 2.49e-41
57.9 0.52 1.54e-41 1.18e-41 2.06e-41
58 0.52 1.27e-41 9.77e-42 1.7e-41
58.1 0.52 1.05e-41 8.06e-42 1.4e-41
58.2 0.52 8.63e-42 6.65e-42 1.16e-41
58.3 0.52 7.12e-42 5.49e-42 9.53e-42
58.4 0.52 5.88e-42 4.53e-42 7.86e-42
58.5 0.52 4.85e-42 3.73e-42 6.49e-42
58.6 0.52 4e-42 3.08e-42 5.35e-42
58.7 0.52 3.3e-42 2.54e-42 4.42e-42
58.8 0.52 2.72e-42 2.1e-42 3.64e-42
58.9 0.52 2.25e-42 1.73e-42 3.01e-42
59 0.52 1.85e-42 1.43e-42 2.48e-42
59.1 0.52 1.53e-42 1.18e-42 2.05e-42
59.2 0.52 1.26e-42 9.72e-43 1.69e-42
59.3 0.52 1.04e-42 8.02e-43 1.39e-42
59.4 0.52 8.59e-43 6.62e-43 1.15e-42
59.5 0.52 7.09e-43 5.46e-43 9.48e-43
59.6 0.52 5.85e-43 4.5e-43 7.82e-43
59.7 0.52 4.82e-43 3.72e-43 6.46e-43
59.8 0.52 3.98e-43 3.07e-43 5.33e-43
59.9 0.52 3.28e-43 2.53e-43 4.39e-43
60 0.52 2.71e-43 2.09e-43 3.63e-43
60.1 0.52 2.24e-43 1.72e-43 2.99e-43
60.2 0.52 1.84e-43 1.42e-43 2.47e-43
60.3 0.52 1.52e-43 1.17e-43 2.04e-43
60.4 0.52 1.26e-43 9.67e-44 1.68e-43
60.5 0.52 1.04e-43 7.98e-44 1.39e-43
60.6 0.52 8.55e-44 6.58e-44 1.14e-43
60.7 0.52 7.05e-44 5.43e-44 9.43e-44
60.8 0.52 5.82e-44 4.48e-44 7.78e-44
60.9 0.52 4.8e-44 3.7e-44 6.42e-44
61 0.52 3.96e-44 3.05e-44 5.3e-44
61.1 0.52 3.27e-44 2.52e-44 4.37e-44
61.2 0.52 2.7e-44 2.08e-44 3.61e-44
61.3 0.52 2.22e-44 1.71e-44 2.98e-44
61.4 0.52 1.84e-44 1.41e-44 2.46e-44
61.5 0.52 1.51e-44 1.17e-44 2.03e-44
61.6 0.52 1.25e-44 9.62e-45 1.67e-44
61.7 0.52 1.03e-44 7.94e-45 1.38e-44
61.8 0.52 8.5e-45 6.55e-45 1.14e-44
61.9 0.52 7.02e-45 5.4e-45 9.39e-45
62 0.52 5.79e-45 4.46e-45 7.74e-45
62.1 0.52 4.78e-45 3.68e-45 6.39e-45
62.2 0.52 3.94e-45 3.03e-45 5.27e-45
62.3 0.52 3.25e-45 2.5e-45 4.35e-45
62.4 0.52 2.68e-45 2.07e-45 3.59e-45
62.5 0.52 2.21e-45 1.7e-45 2.96e-45
62.6 0.52 1.83e-45 1.41e-45 2.44e-45
62.7 0.52 1.51e-45 1.16e-45 2.02e-45
62.8 0.52 1.24e-45 9.57e-46 1.66e-45
62.9 0.52 1.03e-45 7.9e-46 1.37e-45
63 0.52 8.46e-46 6.52e-46 1.13e-45
63.1 0.52 6.98e-46 5.38e-46 9.34e-46
63.2 0.52 5.76e-46 4.44e-46 7.7e-46
63.3 0.52 4.75e-46 3.66e-46 6.36e-46
63.4 0.52 3.92e-46 3.02e-46 5.24e-46
63.5 0.52 3.23e-46 2.49e-46 4.33e-46
63.6 0.52 2.67e-46 2.06e-46 3.57e-46
63.7 0.52 2.2e-46 1.7e-46 2.95e-46
63.8 0.52 1.82e-46 1.4e-46 2.43e-46
63.9 0.52 1.5e-46 1.15e-46 2.01e-46
64 0.52 1.24e-46 9.52e-47 1.65e-46
64.1 0.52 1.02e-46 7.86e-47 1.36e-46
64.2 0.52 8.42e-47 6.48e-47 1.13e-46
64.3 0.52 6.94e-47 5.35e-47 9.29e-47
64.4 0.52 5.73e-47 4.41e-47 7.67e-47
64.5 0.52 4.73e-47 3.64e-47 6.32e-47
64.6 0.52 3.9e-47 3e-47 5.22e-47
64.7 0.52 3.22e-47 2.48e-47 4.31e-47
64.8 0.52 2.65e-47 2.04e-47 3.55e-47
64.9 0.52 2.19e-47 1.69e-47 2.93e-47
65 0.52 1.81e-47 1.39e-47 2.42e-47
65.1 0.52 1.49e-47 1.15e-47 1.99e-47
65.2 0.52 1.23e-47 9.47e-48 1.65e-47
65.3 0.52 1.01e-47 7.82e-48 1.36e-47
65.4 0.52 8.37e-48 6.45e-48 1.12e-47
65.5 0.52 6.91e-48 5.32e-48 9.24e-48
65.6 0.52 5.7e-48 4.39e-48 7.63e-48
65.7 0.52 4.7e-48 3.62e-48 6.29e-48
65.8 0.52 3.88e-48 2.99e-48 5.19e-48
65.9 0.52 3.2e-48 2.47e-48 4.28e-48
66 0.52 2.64e-48 2.03e-48 3.53e-48
66.1 0.52 2.18e-48 1.68e-48 2.92e-48
66.2 0.52 1.8e-48 1.38e-48 2.41e-48
66.3 0.52 1.48e-48 1.14e-48 1.98e-48
66.4 0.52 1.22e-48 9.43e-49 1.64e-48
66.5 0.52 1.01e-48 7.78e-49 1.35e-48
66.6 0.52 8.33e-49 6.42e-49 1.11e-48
66.7 0.52 6.87e-49 5.29e-49 9.2e-49
66.8 0.52 5.67e-49 4.37e-49 7.59e-49
66.9 0.52 4.68e-49 3.6e-49 6.26e-49
67 0.52 3.86e-49 2.97e-49 5.17e-49
67.1 0.52 3.19e-49 2.45e-49 4.26e-49
67.2 0.52 2.63e-49 2.02e-49 3.52e-49
67.3 0.52 2.17e-49 1.67e-49 2.9e-49
67.4 0.52 1.79e-49 1.38e-49 2.39e-49
67.5 0.52 1.48e-49 1.14e-49 1.97e-49
67.6 0.52 1.22e-49 9.38e-50 1.63e-49
67.7 0.52 1e-49 7.74e-50 1.34e-49
67.8 0.52 8.29e-50 6.38e-50 1.11e-49
67.9 0.52 6.84e-50 5.27e-50 9.15e-50
68 0.52 5.64e-50 4.35e-50 7.55e-50
68.1 0.52 4.66e-50 3.59e-50 6.23e-50
68.2 0.52 3.84e-50 2.96e-50 5.14e-50
68.3 0.52 3.17e-50 2.44e-50 4.24e-50
68.4 0.52 2.61e-50 2.01e-50 3.5e-50
68.5 0.52 2.16e-50 1.66e-50 2.89e-50
68.6 0.52 1.78e-50 1.37e-50 2.38e-50
68.7 0.52 1.47e-50 1.13e-50 1.96e-50
68.8 0.52 1.21e-50 9.33e-51 1.62e-50
68.9 0.52 1e-50 7.7e-51 1.34e-50
69 0.52 8.25e-51 6.35e-51 1.1e-50
69.1 0.52 6.8e-51 5.24e-51 9.1e-51
69.2 0.52 5.61e-51 4.32e-51 7.51e-51
69.3 0.52 4.63e-51 3.57e-51 6.2e-51
69.4 0.52 3.82e-51 2.94e-51 5.11e-51
69.5 0.52 3.15e-51 2.43e-51 4.22e-51
69.6 0.52 2.6e-51 2e-51 3.48e-51
69.7 0.52 2.15e-51 1.65e-51 2.87e-51
69.8 0.52 1.77e-51 1.36e-51 2.37e-51
69.9 0.52 1.46e-51 1.13e-51 1.95e-51
70 0.52 1.21e-51 9.28e-52 1.61e-51
70.1 0.52 9.94e-52 7.66e-52 1.33e-51
70.2 0.52 8.2e-52 6.32e-52 1.1e-51
70.3 0.52 6.77e-52 5.21e-52 9.06e-52
70.4 0.52 5.58e-52 4.3e-52 7.47e-52
70.5 0.52 4.61e-52 3.55e-52 6.17e-52
70.6 0.52 3.8e-52 2.93e-52 5.09e-52
70.7 0.52 3.14e-52 2.42e-52 4.2e-52
70.8 0.52 2.59e-52 1.99e-52 3.46e-52
70.9 0.52 2.14e-52 1.64e-52 2.86e-52
71 0.52 1.76e-52 1.36e-52 2.36e-52
71.1 0.52 1.45e-52 1.12e-52 1.94e-52
71.2 0.52 1.2e-52 9.24e-53 1.6e-52
71.3 0.52 9.89e-53 7.62e-53 1.32e-52
71.4 0.52 8.16e-53 6.29e-53 1.09e-52
71.5 0.52 6.73e-53 5.19e-53 9.01e-53
71.6 0.52 5.56e-53 4.28e-53 7.43e-53
71.7 0.52 4.58e-53 3.53e-53 6.13e-53
71.8 0.52 3.78e-53 2.91e-53 5.06e-53
71.9 0.52 3.12e-53 2.4e-53 4.18e-53
72 0.52 2.57e-53 1.98e-53 3.44e-53
72.1 0.52 2.12e-53 1.64e-53 2.84e-53
72.2 0.52 1.75e-53 1.35e-53 2.34e-53
72.3 0.52 1.45e-53 1.11e-53 1.93e-53
72.4 0.52 1.19e-53 9.19e-54 1.6e-53
72.5 0.52 9.84e-54 7.58e-54 1.32e-53
72.6 0.52 8.12e-54 6.25e-54 1.09e-53
72.7 0.52 6.7e-54 5.16e-54 8.96e-54
72.8 0.52 5.53e-54 4.26e-54 7.4e-54
72.9 0.52 4.56e-54 3.51e-54 6.1e-54
73 0.52 3.76e-54 2.9e-54 5.03e-54
73.1 0.52 3.1e-54 2.39e-54 4.15e-54
73.2 0.52 2.56e-54 1.97e-54 3.43e-54
73.3 0.52 2.11e-54 1.63e-54 2.83e-54
73.4 0.52 1.74e-54 1.34e-54 2.33e-54
73.5 0.52 1.44e-54 1.11e-54 1.92e-54
73.6 0.52 1.19e-54 9.14e-55 1.59e-54
73.7 0.52 9.79e-55 7.54e-55 1.31e-54
73.8 0.52 8.08e-55 6.22e-55 1.08e-54
73.9 0.52 6.67e-55 5.13e-55 8.92e-55
74 0.52 5.5e-55 4.24e-55 7.36e-55
74.1 0.52 4.54e-55 3.5e-55 6.07e-55
74.2 0.52 3.74e-55 2.88e-55 5.01e-55
74.3 0.52 3.09e-55 2.38e-55 4.13e-55
74.4 0.52 2.55e-55 1.96e-55 3.41e-55
74.5 0.52 2.1e-55 1.62e-55 2.81e-55
74.6 0.52 1.73e-55 1.34e-55 2.32e-55
74.7 0.52 1.43e-55 1.1e-55 1.92e-55
74.8 0.52 1.18e-55 9.1e-56 1.58e-55
74.9 0.52 9.74e-56 7.5e-56 1.3e-55
75 0.52 8.04e-56 6.19e-56 1.08e-55
75.1 0.52 6.63e-56 5.11e-56 8.87e-56
75.2 0.52 5.47e-56 4.21e-56 7.32e-56
75.3 0.52 4.51e-56 3.48e-56 6.04e-56
75.4 0.52 3.72e-56 2.87e-56 4.98e-56
75.5 0.52 3.07e-56 2.37e-56 4.11e-56
75.6 0.52 2.54e-56 1.95e-56 3.39e-56
75.7 0.52 2.09e-56 1.61e-56 2.8e-56
75.8 0.52 1.73e-56 1.33e-56 2.31e-56
75.9 0.52 1.42e-56 1.1e-56 1.91e-56
76 0.52 1.17e-56 9.05e-57 1.57e-56
76.1 0.52 9.69e-57 7.47e-57 1.3e-56
76.2 0.52 8e-57 6.16e-57 1.07e-56
76.3 0.52 6.6e-57 5.08e-57 8.83e-57
76.4 0.52 5.44e-57 4.19e-57 7.28e-57
76.5 0.52 4.49e-57 3.46e-57 6.01e-57
76.6 0.52 3.71e-57 2.85e-57 4.96e-57
76.7 0.52 3.06e-57 2.35e-57 4.09e-57
76.8 0.52 2.52e-57 1.94e-57 3.38e-57
76.9 0.52 2.08e-57 1.6e-57 2.78e-57
77 0.52 1.72e-57 1.32e-57 2.3e-57
77.1 0.52 1.42e-57 1.09e-57 1.9e-57
77.2 0.52 1.17e-57 9e-58 1.56e-57
77.3 0.52 9.64e-58 7.43e-58 1.29e-57
77.4 0.52 7.96e-58 6.13e-58 1.06e-57
77.5 0.52 6.56e-58 5.06e-58 8.78e-58
77.6 0.52 5.42e-58 4.17e-58 7.25e-58
77.7 0.52 4.47e-58 3.44e-58 5.98e-58
77.8 0.52 3.69e-58 2.84e-58 4.93e-58
77.9 0.52 3.04e-58 2.34e-58 4.07e-58
78 0.52 2.51e-58 1.93e-58 3.36e-58
78.1 0.52 2.07e-58 1.59e-58 2.77e-58
78.2 0.52 1.71e-58 1.32e-58 2.29e-58
78.3 0.52 1.41e-58 1.09e-58 1.89e-58
78.4 0.52 1.16e-58 8.96e-59 1.56e-58
78.5 0.52 9.59e-59 7.39e-59 1.28e-58
78.6 0.52 7.92e-59 6.1e-59 1.06e-58
78.7 0.52 6.53e-59 5.03e-59 8.74e-59
78.8 0.52 5.39e-59 4.15e-59 7.21e-59
78.9 0.52 4.45e-59 3.42e-59 5.95e-59
79 0.52 3.67e-59 2.83e-59 4.91e-59
79.1 0.52 3.03e-59 2.33e-59 4.05e-59
79.2 0.52 2.5e-59 1.92e-59 3.34e-59
79.3 0.52 2.06e-59 1.59e-59 2.76e-59
79.4 0.52 1.7e-59 1.31e-59 2.27e-59
79.5 0.52 1.4e-59 1.08e-59 1.88e-59
79.6 0.52 1.16e-59 8.91e-60 1.55e-59
79.7 0.52 9.55e-60 7.35e-60 1.28e-59
79.8 0.52 7.88e-60 6.07e-60 1.05e-59
79.9 0.52 6.5e-60 5e-60 8.69e-60
80 0.52 5.36e-60 4.13e-60 7.17e-60
80.1 0.52 4.42e-60 3.41e-60 5.92e-60
80.2 0.52 3.65e-60 2.81e-60 4.88e-60
80.3 0.52 3.01e-60 2.32e-60 4.03e-60
80.4 0.52 2.48e-60 1.91e-60 3.32e-60
80.5 0.52 2.05e-60 1.58e-60 2.74e-60
80.6 0.52 1.69e-60 1.3e-60 2.26e-60
80.7 0.52 1.4e-60 1.07e-60 1.87e-60
80.8 0.52 1.15e-60 8.87e-61 1.54e-60
80.9 0.52 9.5e-61 7.32e-61 1.27e-60
81 0.52 7.84e-61 6.04e-61 1.05e-60
81.1 0.52 6.46e-61 4.98e-61 8.65e-61
81.2 0.52 5.33e-61 4.11e-61 7.14e-61
81.3 0.52 4.4e-61 3.39e-61 5.89e-61
81.4 0.52 3.63e-61 2.8e-61 4.86e-61
81.5 0.52 3e-61 2.31e-61 4.01e-61
81.6 0.52 2.47e-61 1.9e-61 3.31e-61
81.7 0.52 2.04e-61 1.57e-61 2.73e-61
81.8 0.52 1.68e-61 1.3e-61 2.25e-61
81.9 0.52 1.39e-61 1.07e-61 1.86e-61
82 0.52 1.15e-61 8.82e-62 1.53e-61
82.1 0.52 9.45e-62 7.28e-62 1.26e-61
82.2 0.52 7.8e-62 6e-62 1.04e-61
82.3 0.52 6.43e-62 4.95e-62 8.61e-62
82.4 0.52 5.31e-62 4.09e-62 7.1e-62
82.5 0.52 4.38e-62 3.37e-62 5.86e-62
82.6 0.52 3.61e-62 2.78e-62 4.83e-62
82.7 0.52 2.98e-62 2.3e-62 3.99e-62
82.8 0.52 2.46e-62 1.89e-62 3.29e-62
82.9 0.52 2.03e-62 1.56e-62 2.71e-62
83 0.52 1.67e-62 1.29e-62 2.24e-62
83.1 0.52 1.38e-62 1.06e-62 1.85e-62
83.2 0.52 1.14e-62 8.78e-63 1.52e-62
83.3 0.52 9.4e-63 7.24e-63 1.26e-62
83.4 0.52 7.76e-63 5.97e-63 1.04e-62
83.5 0.52 6.4e-63 4.93e-63 8.56e-63
83.6 0.52 5.28e-63 4.07e-63 7.06e-63
83.7 0.52 4.36e-63 3.36e-63 5.83e-63
83.8 0.52 3.59e-63 2.77e-63 4.81e-63
83.9 0.52 2.97e-63 2.28e-63 3.97e-63
84 0.52 2.45e-63 1.88e-63 3.27e-63
84.1 0.52 2.02e-63 1.55e-63 2.7e-63
84.2 0.52 1.67e-63 1.28e-63 2.23e-63
84.3 0.52 1.37e-63 1.06e-63 1.84e-63
84.4 0.52 1.13e-63 8.73e-64 1.52e-63
84.5 0.52 9.35e-64 7.2e-64 1.25e-63
84.6 0.52 7.72e-64 5.94e-64 1.03e-63
84.7 0.52 6.37e-64 4.9e-64 8.52e-64
84.8 0.52 5.25e-64 4.05e-64 7.03e-64
84.9 0.52 4.33e-64 3.34e-64 5.8e-64
85 0.52 3.58e-64 2.75e-64 4.78e-64
85.1 0.52 2.95e-64 2.27e-64 3.95e-64
85.2 0.52 2.43e-64 1.87e-64 3.26e-64
85.3 0.52 2.01e-64 1.55e-64 2.69e-64
85.4 0.52 1.66e-64 1.28e-64 2.22e-64
85.5 0.52 1.37e-64 1.05e-64 1.83e-64
85.6 0.52 1.13e-64 8.69e-65 1.51e-64
85.7 0.52 9.31e-65 7.17e-65 1.25e-64
85.8 0.52 7.68e-65 5.91e-65 1.03e-64
85.9 0.52 6.33e-65 4.88e-65 8.48e-65
86 0.52 5.23e-65 4.03e-65 6.99e-65
86.1 0.52 4.31e-65 3.32e-65 5.77e-65
86.2 0.52 3.56e-65 2.74e-65 4.76e-65
86.3 0.52 2.94e-65 2.26e-65 3.93e-65
86.4 0.52 2.42e-65 1.87e-65 3.24e-65
86.5 0.52 2e-65 1.54e-65 2.67e-65
86.6 0.52 1.65e-65 1.27e-65 2.21e-65
86.7 0.52 1.36e-65 1.05e-65 1.82e-65
86.8 0.52 1.12e-65 8.64e-66 1.5e-65
86.9 0.52 9.26e-66 7.13e-66 1.24e-65
87 0.52 7.64e-66 5.88e-66 1.02e-65
87.1 0.52 6.3e-66 4.85e-66 8.43e-66
87.2 0.52 5.2e-66 4e-66 6.96e-66
87.3 0.52 4.29e-66 3.3e-66 5.74e-66
87.4 0.52 3.54e-66 2.73e-66 4.74e-66
87.5 0.52 2.92e-66 2.25e-66 3.91e-66
87.6 0.52 2.41e-66 1.86e-66 3.22e-66
87.7 0.52 1.99e-66 1.53e-66 2.66e-66
87.8 0.52 1.64e-66 1.26e-66 2.19e-66
87.9 0.52 1.35e-66 1.04e-66 1.81e-66
88 0.52 1.12e-66 8.6e-67 1.49e-66
88.1 0.52 9.21e-67 7.09e-67 1.23e-66
88.2 0.52 7.6e-67 5.85e-67 1.02e-66
88.3 0.52 6.27e-67 4.83e-67 8.39e-67
88.4 0.52 5.17e-67 3.98e-67 6.92e-67
88.5 0.52 4.27e-67 3.29e-67 5.71e-67
88.6 0.52 3.52e-67 2.71e-67 4.71e-67
88.7 0.52 2.91e-67 2.24e-67 3.89e-67
88.8 0.52 2.4e-67 1.85e-67 3.21e-67
88.9 0.52 1.98e-67 1.52e-67 2.65e-67
89 0.52 1.63e-67 1.26e-67 2.18e-67
89.1 0.52 1.35e-67 1.04e-67 1.8e-67
89.2 0.52 1.11e-67 8.55e-68 1.49e-67
89.3 0.52 9.16e-68 7.06e-68 1.23e-67
89.4 0.52 7.56e-68 5.82e-68 1.01e-67
89.5 0.52 6.24e-68 4.8e-68 8.35e-68
89.6 0.52 5.15e-68 3.96e-68 6.89e-68
89.7 0.52 4.25e-68 3.27e-68 5.68e-68
89.8 0.52 3.5e-68 2.7e-68 4.69e-68
89.9 0.52 2.89e-68 2.23e-68 3.87e-68
90 0.52 2.38e-68 1.84e-68 3.19e-68
90.1 0.52 1.97e-68 1.52e-68 2.63e-68
90.2 0.52 1.62e-68 1.25e-68 2.17e-68
90.3 0.52 1.34e-68 1.03e-68 1.79e-68
90.4 0.52 1.11e-68 8.51e-69 1.48e-68
90.5 0.52 9.12e-69 7.02e-69 1.22e-68
90.6 0.52 7.52e-69 5.79e-69 1.01e-68
90.7 0.52 6.21e-69 4.78e-69 8.3e-69
90.8 0.52 5.12e-69 3.94e-69 6.85e-69
90.9 0.52 4.22e-69 3.25e-69 5.65e-69
91 0.52 3.49e-69 2.68e-69 4.66e-69
91.1 0.52 2.88e-69 2.21e-69 3.85e-69
91.2 0.52 2.37e-69 1.83e-69 3.17e-69
91.3 0.52 1.96e-69 1.51e-69 2.62e-69
91.4 0.52 1.62e-69 1.24e-69 2.16e-69
91.5 0.52 1.33e-69 1.03e-69 1.78e-69
91.6 0.52 1.1e-69 8.47e-70 1.47e-69
91.7 0.52 9.07e-70 6.99e-70 1.21e-69
91.8 0.52 7.48e-70 5.76e-70 1e-69
91.9 0.52 6.17e-70 4.76e-70 8.26e-70
92 0.52 5.09e-70 3.92e-70 6.82e-70
92.1 0.52 4.2e-70 3.24e-70 5.62e-70
92.2 0.52 3.47e-70 2.67e-70 4.64e-70
92.3 0.52 2.86e-70 2.2e-70 3.83e-70
92.4 0.52 2.36e-70 1.82e-70 3.16e-70
92.5 0.52 1.95e-70 1.5e-70 2.61e-70
92.6 0.52 1.61e-70 1.24e-70 2.15e-70
92.7 0.52 1.33e-70 1.02e-70 1.77e-70
92.8 0.52 1.09e-70 8.42e-71 1.46e-70
92.9 0.52 9.02e-71 6.95e-71 1.21e-70
93 0.52 7.45e-71 5.73e-71 9.96e-71
93.1 0.52 6.14e-71 4.73e-71 8.22e-71
93.2 0.52 5.07e-71 3.9e-71 6.78e-71
93.3 0.52 4.18e-71 3.22e-71 5.6e-71
93.4 0.52 3.45e-71 2.66e-71 4.62e-71
93.5 0.52 2.85e-71 2.19e-71 3.81e-71
93.6 0.52 2.35e-71 1.81e-71 3.14e-71
93.7 0.52 1.94e-71 1.49e-71 2.59e-71
93.8 0.52 1.6e-71 1.23e-71 2.14e-71
93.9 0.52 1.32e-71 1.02e-71 1.76e-71
94 0.52 1.09e-71 8.38e-72 1.46e-71
94.1 0.52 8.98e-72 6.92e-72 1.2e-71
94.2 0.52 7.41e-72 5.71e-72 9.91e-72
94.3 0.52 6.11e-72 4.71e-72 8.18e-72
94.4 0.52 5.04e-72 3.88e-72 6.75e-72
94.5 0.52 4.16e-72 3.2e-72 5.57e-72
94.6 0.52 3.43e-72 2.64e-72 4.59e-72
94.7 0.52 2.83e-72 2.18e-72 3.79e-72
94.8 0.52 2.34e-72 1.8e-72 3.13e-72
94.9 0.52 1.93e-72 1.48e-72 2.58e-72
95 0.52 1.59e-72 1.23e-72 2.13e-72
95.1 0.52 1.31e-72 1.01e-72 1.76e-72
95.2 0.52 1.08e-72 8.34e-73 1.45e-72
95.3 0.52 8.93e-73 6.88e-73 1.2e-72
95.4 0.52 7.37e-73 5.68e-73 9.86e-73
95.5 0.52 6.08e-73 4.68e-73 8.14e-73
95.6 0.52 5.02e-73 3.86e-73 6.71e-73
95.7 0.52 4.14e-73 3.19e-73 5.54e-73
95.8 0.52 3.42e-73 2.63e-73 4.57e-73
95.9 0.52 2.82e-73 2.17e-73 3.77e-73
96 0.52 2.32e-73 1.79e-73 3.11e-73
96.1 0.52 1.92e-73 1.48e-73 2.57e-73
96.2 0.52 1.58e-73 1.22e-73 2.12e-73
96.3 0.52 1.31e-73 1.01e-73 1.75e-73
96.4 0.52 1.08e-73 8.3e-74 1.44e-73
96.5 0.52 8.89e-74 6.85e-74 1.19e-73
96.6 0.52 7.33e-74 5.65e-74 9.81e-74
96.7 0.52 6.05e-74 4.66e-74 8.09e-74
96.8 0.52 4.99e-74 3.84e-74 6.68e-74
96.9 0.52 4.12e-74 3.17e-74 5.51e-74
97 0.52 3.4e-74 2.62e-74 4.55e-74
97.1 0.52 2.8e-74 2.16e-74 3.75e-74
97.2 0.52 2.31e-74 1.78e-74 3.09e-74
97.3 0.52 1.91e-74 1.47e-74 2.55e-74
97.4 0.52 1.57e-74 1.21e-74 2.11e-74
97.5 0.52 1.3e-74 1e-74 1.74e-74
97.6 0.52 1.07e-74 8.25e-75 1.43e-74
97.7 0.52 8.84e-75 6.81e-75 1.18e-74
97.8 0.52 7.3e-75 5.62e-75 9.76e-75
97.9 0.52 6.02e-75 4.64e-75 8.05e-75
98 0.52 4.97e-75 3.82e-75 6.64e-75
98.1 0.52 4.1e-75 3.16e-75 5.48e-75
98.2 0.52 3.38e-75 2.6e-75 4.52e-75
98.3 0.52 2.79e-75 2.15e-75 3.73e-75
98.4 0.52 2.3e-75 1.77e-75 3.08e-75
98.5 0.52 1.9e-75 1.46e-75 2.54e-75
98.6 0.52 1.57e-75 1.21e-75 2.1e-75
98.7 0.52 1.29e-75 9.95e-76 1.73e-75
98.8 0.52 1.07e-75 8.21e-76 1.43e-75
98.9 0.52 8.8e-76 6.78e-76 1.18e-75
99 0.52 7.26e-76 5.59e-76 9.71e-76
99.1 0.52 5.99e-76 4.61e-76 8.01e-76
99.2 0.52 4.94e-76 3.81e-76 6.61e-76
99.3 0.52 4.08e-76 3.14e-76 5.45e-76
99.4 0.52 3.36e-76 2.59e-76 4.5e-76
99.5 0.52 2.77e-76 2.14e-76 3.71e-76
99.6 0.52 2.29e-76 1.76e-76 3.06e-76
99.7 0.52 1.89e-76 1.45e-76 2.53e-76
99.8 0.52 1.56e-76 1.2e-76 2.09e-76
99.9 0.52 1.29e-76 9.9e-77 1.72e-76
