-25 1.8 4.4e-06 6.73e-09 1.41e-08
-24.9 1.8 4.65e-06 7.12e-09 1.49e-08
-24.8 1.8 4.92e-06 7.52e-09 1.58e-08
-24.7 1.8 5.2e-06 7.95e-09 1.67e-08
-24.6 1.8 5.49e-06 8.41e-09 1.76e-08
-24.5 1.8 5.81e-06 8.89e-09 1.87e-08
-24.4 1.8 6.14e-06 9.4e-09 1.97e-08
-24.3 1.8 6.49e-06 9.93e-09 2.08e-08
-24.2 1.8 6.86e-06 1.05e-08 2.2e-08
-24.1 1.8 7.25e-06 1.11e-08 2.33e-08
-24 1.8 7.67e-06 1.17e-08 2.46e-08
-23.9 1.8 8.11e-06 1.24e-08 2.6e-08
-23.8 1.8 8.57e-06 1.31e-08 2.75e-08
-23.7 1.8 9.06e-06 1.39e-08 2.91e-08
-23.6 1.8 9.58e-06 1.47e-08 3.07e-08
-23.5 1.8 1.01e-05 1.55e-08 3.25e-08
-23.4 1.8 1.07e-05 1.64e-08 3.44e-08
-23.3 1.8 1.13e-05 1.73e-08 3.63e-08
-23.2 1.8 1.2e-05 1.83e-08 3.84e-08
-23.1 1.8 1.26e-05 1.93e-08 4.06e-08
-23 1.8 1.34e-05 2.04e-08 4.29e-08
-22.9 1.8 1.41e-05 2.16e-08 4.54e-08
-22.8 1.8 1.49e-05 2.28e-08 4.79e-08
-22.7 1.8 1.58e-05 2.42e-08 5.07e-08
-22.6 1.8 1.67e-05 2.55e-08 5.36e-08
-22.5 1.8 1.76e-05 2.7e-08 5.66e-08
-22.4 1.8 1.87e-05 2.85e-08 5.99e-08
-22.3 1.8 1.97e-05 3.02e-08 6.33e-08
-22.2 1.8 2.08e-05 3.19e-08 6.69e-08
-22.1 1.8 2.2e-05 3.37e-08 7.07e-08
-22 1.8 2.33e-05 3.56e-08 7.47e-08
-21.9 1.8 2.46e-05 3.77e-08 7.9e-08
-21.8 1.8 2.6e-05 3.98e-08 8.35e-08
-21.7 1.8 2.75e-05 4.21e-08 8.83e-08
-21.6 1.8 2.91e-05 4.45e-08 9.33e-08
-21.5 1.8 3.08e-05 4.7e-08 9.86e-08
-21.4 1.8 3.25e-05 4.97e-08 1.04e-07
-21.3 1.8 3.44e-05 5.25e-08 1.1e-07
-21.2 1.8 3.63e-05 5.55e-08 1.17e-07
-21.1 1.8 3.84e-05 5.87e-08 1.23e-07
-21 1.8 4.06e-05 6.2e-08 1.3e-07
-20.9 1.8 4.29e-05 6.56e-08 1.38e-07
-20.8 1.8 4.54e-05 6.93e-08 1.45e-07
-20.7 1.8 4.8e-05 7.33e-08 1.54e-07
-20.6 1.8 5.07e-05 7.74e-08 1.62e-07
-20.5 1.8 5.36e-05 8.18e-08 1.72e-07
-20.4 1.8 5.67e-05 8.65e-08 1.82e-07
-20.3 1.8 5.99e-05 9.14e-08 1.92e-07
-20.2 1.8 6.33e-05 9.66e-08 2.03e-07
-20.1 1.8 6.69e-05 1.02e-07 2.14e-07
-20 1.8 7.07e-05 1.08e-07 2.27e-07
-19.9 1.8 7.48e-05 1.14e-07 2.39e-07
-19.8 1.8 7.91e-05 1.21e-07 2.53e-07
-19.7 1.8 8.36e-05 1.27e-07 2.67e-07
-19.6 1.8 8.83e-05 1.35e-07 2.83e-07
-19.5 1.8 9.34e-05 1.42e-07 2.99e-07
-19.4 1.8 9.87e-05 1.5e-07 3.16e-07
-19.3 1.8 0.000104 1.59e-07 3.34e-07
-19.2 1.8 0.00011 1.68e-07 3.53e-07
-19.1 1.8 0.000117 1.78e-07 3.73e-07
-19 1.8 0.000123 1.88e-07 3.94e-07
-18.9 1.8 0.00013 1.98e-07 4.16e-07
-18.8 1.8 0.000138 2.1e-07 4.4e-07
-18.7 1.8 0.000146 2.21e-07 4.65e-07
-18.6 1.8 0.000154 2.34e-07 4.91e-07
-18.5 1.8 0.000163 2.47e-07 5.19e-07
-18.4 1.8 0.000172 2.61e-07 5.49e-07
-18.3 1.8 0.000182 2.76e-07 5.8e-07
-18.2 1.8 0.000192 2.92e-07 6.12e-07
-18.1 1.8 0.000203 3.08e-07 6.47e-07
-18 1.8 0.000215 3.26e-07 6.84e-07
-17.9 1.8 0.000227 3.44e-07 7.22e-07
-17.8 1.8 0.00024 3.64e-07 7.63e-07
-17.7 1.8 0.000254 3.84e-07 8.06e-07
-17.6 1.8 0.000268 4.06e-07 8.52e-07
-17.5 1.8 0.000284 4.29e-07 9e-07
-17.4 1.8 0.0003 4.53e-07 9.51e-07
-17.3 1.8 0.000317 4.78e-07 1e-06
-17.2 1.8 0.000335 5.05e-07 1.06e-06
-17.1 1.8 0.000354 5.33e-07 1.12e-06
-17 1.8 0.000374 5.63e-07 1.18e-06
-16.9 1.8 0.000396 5.95e-07 1.25e-06
-16.8 1.8 0.000418 6.28e-07 1.32e-06
-16.7 1.8 0.000442 6.63e-07 1.39e-06
-16.6 1.8 0.000467 7e-07 1.47e-06
-16.5 1.8 0.000494 7.39e-07 1.55e-06
-16.4 1.8 0.000522 7.81e-07 1.64e-06
-16.3 1.8 0.000552 8.24e-07 1.73e-06
-16.2 1.8 0.000583 8.7e-07 1.83e-06
-16.1 1.8 0.000617 9.18e-07 1.93e-06
-16 1.8 0.000652 9.69e-07 2.04e-06
-15.9 1.8 0.000689 1.02e-06 2.15e-06
-15.8 1.8 0.000728 1.08e-06 2.27e-06
-15.7 1.8 0.00077 1.14e-06 2.39e-06
-15.6 1.8 0.000814 1.2e-06 2.52e-06
-15.5 1.8 0.00086 1.27e-06 2.66e-06
-15.4 1.8 0.000909 1.34e-06 2.81e-06
-15.3 1.8 0.000961 1.41e-06 2.96e-06
-15.2 1.8 0.00102 1.48e-06 3.12e-06
-15.1 1.8 0.00107 1.56e-06 3.29e-06
-15 1.8 0.00113 1.65e-06 3.47e-06
-14.9 1.8 0.0012 1.74e-06 3.66e-06
-14.8 1.8 0.00127 1.83e-06 3.85e-06
-14.7 1.8 0.00134 1.93e-06 4.06e-06
-14.6 1.8 0.00142 2.03e-06 4.28e-06
-14.5 1.8 0.0015 2.14e-06 4.51e-06
-14.4 1.8 0.00158 2.25e-06 4.74e-06
-14.3 1.8 0.00167 2.37e-06 4.99e-06
-14.2 1.8 0.00177 2.49e-06 5.25e-06
-14.1 1.8 0.00187 2.62e-06 5.53e-06
-14 1.8 0.00197 2.76e-06 5.82e-06
-13.9 1.8 0.00209 2.9e-06 6.12e-06
-13.8 1.8 0.0022 3.05e-06 6.43e-06
-13.7 1.8 0.00233 3.2e-06 6.75e-06
-13.6 1.8 0.00246 3.36e-06 7.1e-06
-13.5 1.8 0.0026 3.53e-06 7.45e-06
-13.4 1.8 0.00275 3.7e-06 7.82e-06
-13.3 1.8 0.0029 3.89e-06 8.2e-06
-13.2 1.8 0.00307 4.07e-06 8.6e-06
-13.1 1.8 0.00324 4.27e-06 9.02e-06
-13 1.8 0.00343 4.47e-06 9.45e-06
-12.9 1.8 0.00362 4.68e-06 9.89e-06
-12.8 1.8 0.00383 4.9e-06 1.04e-05
-12.7 1.8 0.00404 5.12e-06 1.08e-05
-12.6 1.8 0.00427 5.35e-06 1.13e-05
-12.5 1.8 0.00451 5.58e-06 1.18e-05
-12.4 1.8 0.00477 5.83e-06 1.23e-05
-12.3 1.8 0.00503 6.07e-06 1.29e-05
-12.2 1.8 0.00532 6.33e-06 1.34e-05
-12.1 1.8 0.00562 6.58e-06 1.39e-05
-12 1.8 0.00593 6.85e-06 1.45e-05
-11.9 1.8 0.00627 7.11e-06 1.5e-05
-11.8 1.8 0.00662 7.38e-06 1.56e-05
-11.7 1.8 0.00699 7.65e-06 1.62e-05
-11.6 1.8 0.00738 7.91e-06 1.67e-05
-11.5 1.8 0.0078 8.18e-06 1.73e-05
-11.4 1.8 0.00823 8.44e-06 1.78e-05
-11.3 1.8 0.00869 8.7e-06 1.83e-05
-11.2 1.8 0.00918 8.96e-06 1.89e-05
-11.1 1.8 0.00969 9.2e-06 1.93e-05
-11 1.8 0.0102 9.44e-06 1.98e-05
-10.9 1.8 0.0108 9.66e-06 2.02e-05
-10.8 1.8 0.0114 9.87e-06 2.05e-05
-10.7 1.8 0.012 1.01e-05 2.09e-05
-10.6 1.8 0.0127 1.02e-05 2.11e-05
-10.5 1.8 0.0134 1.04e-05 2.13e-05
-10.4 1.8 0.0141 1.05e-05 2.13e-05
-10.3 1.8 0.0149 1.06e-05 2.13e-05
-10.2 1.8 0.0157 1.06e-05 2.12e-05
-10.1 1.8 0.0166 1.07e-05 2.09e-05
-10 1.8 0.0175 1.07e-05 2.05e-05
-9.9 1.8 0.0184 1.06e-05 1.99e-05
-9.8 1.8 0.0194 1.06e-05 1.92e-05
-9.7 1.8 0.0205 1.04e-05 1.83e-05
-9.6 1.8 0.0216 1.03e-05 1.71e-05
-9.5 1.8 0.0228 1.01e-05 1.58e-05
-9.4 1.8 0.024 9.96e-06 1.42e-05
-9.3 1.8 0.0253 9.78e-06 1.23e-05
-9.2 1.8 0.0266 9.6e-06 1.02e-05
-9.1 1.8 0.0281 1.16e-05 8.68e-06
-9 1.8 0.0295 1.12e-05 1.17e-05
-8.9 1.8 0.0311 1.08e-05 1.5e-05
-8.8 1.8 0.0327 1.06e-05 1.87e-05
-8.7 1.8 0.0345 1.06e-05 2.28e-05
-8.6 1.8 0.0362 1.09e-05 2.74e-05
-8.5 1.8 0.0381 1.18e-05 3.25e-05
-8.4 1.8 0.0401 1.53e-05 3.81e-05
-8.3 1.8 0.0422 1.87e-05 4.45e-05
-8.2 1.8 0.0443 2.18e-05 5.17e-05
-8.1 1.8 0.0466 2.58e-05 6.13e-05
-8 1.8 0.0489 3.34e-05 7.5e-05
-7.9 1.8 0.0514 5.72e-05 8.28e-05
-7.8 1.8 0.054 9.17e-05 0.000101
-7.7 1.8 0.0567 0.000165 0.000132
-7.6 1.8 0.0595 0.000398 0.000216
-7.5 1.8 0.0499 0.0124 0.0371
-7.4 1.8 0.0651 0.000266 0.000528
-7.3 1.8 0.0683 0.000198 0.000303
-7.2 1.8 0.0716 0.000181 0.000228
-7.1 1.8 0.0751 0.000176 0.000191
-7 1.8 0.0786 0.000176 0.00017
-6.9 1.8 0.0823 0.000178 0.000155
-6.8 1.8 0.0861 0.00018 0.000144
-6.7 1.8 0.0901 0.000248 0.000258
-6.6 1.8 0.0942 0.000279 0.000273
-6.5 1.8 0.0985 0.00031 0.000289
-6.4 1.8 0.103 0.000342 0.000306
-6.3 1.8 0.107 0.000374 0.000323
-6.2 1.8 0.112 0.000406 0.00034
-6.1 1.8 0.117 0.000436 0.000355
-6 1.8 0.122 0.000465 0.00037
-5.9 1.8 0.127 0.000558 0.000317
-5.8 1.8 0.132 0.000589 0.000321
-5.7 1.8 0.138 0.000616 0.000323
-5.6 1.8 0.143 0.00064 0.000323
-5.5 1.8 0.149 0.000659 0.000319
-5.4 1.8 0.155 0.000379 0.000162
-5.3 1.8 0.161 0.000357 0.000177
-5.2 1.8 0.167 0.000329 0.000191
-5.1 1.8 0.173 0.000296 0.000204
-5 1.8 0.18 0.000258 0.000216
-4.9 1.8 0.186 0.000136 0.000125
-4.8 1.8 0.193 0.000163 0.000159
-4.7 1.8 0.2 0.000191 0.000196
-4.6 1.8 0.207 0.000223 0.000236
-4.5 1.8 0.214 0.00026 0.00028
-4.4 1.8 0.222 0.000307 0.000334
-4.3 1.8 0.229 0.00037 0.000405
-4.2 1.8 0.237 0.000468 0.000513
-4.1 1.8 0.245 0.000645 0.000707
-4 1.8 0.253 0.00107 0.00109
-3.9 1.8 0.263 0.00338 0.00279
-3.8 1.8 0.267 0.0113 0.0134
-3.7 1.8 0.276 0.00603 0.00556
-3.6 1.8 0.283 0.00377 0.00556
-3.5 1.8 0.304 0.0328 0.0116
-3.4 1.8 0.302 0.00214 0.0012
-3.3 1.8 0.31 0.00109 0.000771
-3.2 1.8 0.318 0.00075 0.000666
-3.1 1.8 0.327 0.000616 0.000644
-3 1.8 0.335 0.000558 0.000654
-2.9 1.8 0.344 0.000534 0.000677
-2.8 1.8 0.353 0.000526 0.000705
-2.7 1.8 0.362 0.000421 0.000838
-2.6 1.8 0.371 0.000413 0.000875
-2.5 1.8 0.379 0.000408 0.000907
-2.4 1.8 0.388 0.000404 0.000934
-2.3 1.8 0.397 0.000399 0.000955
-2.2 1.8 0.406 0.000394 0.00097
-2.1 1.8 0.415 0.000387 0.000979
-2 1.8 0.424 0.000378 0.000981
-1.9 1.8 0.433 0.000366 0.000977
-1.8 1.8 0.441 0.000353 0.000968
-1.7 1.8 0.45 0.000337 0.000952
-1.6 1.8 0.459 0.000338 0.000932
-1.5 1.8 0.467 0.000344 0.000906
-1.4 1.8 0.476 0.000346 0.000875
-1.3 1.8 0.484 0.000343 0.000839
-1.2 1.8 0.493 0.000339 0.000795
-1.1 1.8 0.501 0.000331 0.000748
-1 1.8 0.509 0.00032 0.000694
-0.9 1.8 0.518 0.000307 0.000635
-0.8 1.8 0.526 0.000292 0.00057
-0.7 1.8 0.533 0.000279 0.000498
-0.6 1.8 0.541 0.000268 0.000416
-0.5 1.8 0.549 0.000303 0.000245
-0.4 1.8 0.556 0.000343 0.000354
-0.3 1.8 0.563 0.000833 0.00195
-0.2 1.8 0.571 0.000899 0.000435
-0.1 1.8 0.578 0.000336 0.000196
-1.33e-15 1.8 0.585 5.75e-05 0.000104
0.1 1.8 0.592 7.46e-05 0.000157
0.2 1.8 0.598 4.45e-05 0.000103
0.3 1.8 0.604 2.35e-05 3.73e-05
0.4 1.8 0.61 1.28e-05 7.61e-06
0.5 1.8 0.616 6.36e-05 3.44e-05
0.6 1.8 0.622 0.000145 0.000105
0.7 1.8 0.628 0.000205 0.000155
0.8 1.8 0.633 0.000277 0.000197
0.9 1.8 0.638 0.000772 0.000289
1 1.8 0.643 0.000851 0.000322
1.1 1.8 0.648 0.000927 0.000355
1.2 1.8 0.652 0.000999 0.000387
1.3 1.8 0.656 0.00107 0.000417
1.4 1.8 0.661 0.00113 0.000447
1.5 1.8 0.664 0.00119 0.000475
1.6 1.8 0.668 0.00125 0.000501
1.7 1.8 0.671 0.0013 0.000526
1.8 1.8 0.674 0.00135 0.00055
1.9 1.8 0.677 0.00118 0.000781
2 1.8 0.68 0.00122 0.000806
2.1 1.8 0.682 0.00125 0.000829
2.2 1.8 0.684 0.00128 0.000849
2.3 1.8 0.686 0.0013 0.000867
2.4 1.8 0.688 0.00132 0.000883
2.5 1.8 0.689 0.00134 0.000896
2.6 1.8 0.69 0.00136 0.000906
2.7 1.8 0.691 0.00137 0.000915
2.8 1.8 0.692 0.00138 0.000921
2.9 1.8 0.692 0.00138 0.000924
3 1.8 0.692 0.00138 0.000925
3.1 1.8 0.692 0.00138 0.000924
3.2 1.8 0.692 0.00138 0.000921
3.3 1.8 0.691 0.00137 0.000915
3.4 1.8 0.69 0.00136 0.000906
3.5 1.8 0.689 0.00134 0.000896
3.6 1.8 0.688 0.00132 0.000883
3.7 1.8 0.686 0.0013 0.000867
3.8 1.8 0.684 0.00128 0.000849
3.9 1.8 0.682 0.00125 0.000829
4 1.8 0.68 0.00122 0.000806
4.1 1.8 0.677 0.00118 0.000781
4.2 1.8 0.674 0.00135 0.00055
4.3 1.8 0.671 0.0013 0.000526
4.4 1.8 0.668 0.00125 0.000501
4.5 1.8 0.664 0.00119 0.000475
4.6 1.8 0.661 0.00113 0.000447
4.7 1.8 0.656 0.00107 0.000417
4.8 1.8 0.652 0.000999 0.000387
4.9 1.8 0.648 0.000927 0.000355
5 1.8 0.643 0.000851 0.000322
5.1 1.8 0.638 0.000772 0.000289
5.2 1.8 0.633 0.000277 0.000197
5.3 1.8 0.628 0.000205 0.000155
5.4 1.8 0.622 0.000145 0.000105
5.5 1.8 0.616 6.36e-05 3.44e-05
5.6 1.8 0.61 1.28e-05 7.61e-06
5.7 1.8 0.604 2.35e-05 3.73e-05
5.8 1.8 0.598 4.45e-05 0.000103
5.9 1.8 0.592 7.46e-05 0.000157
6 1.8 0.585 5.75e-05 0.000104
6.1 1.8 0.578 0.000336 0.000196
6.2 1.8 0.571 0.000899 0.000435
6.3 1.8 0.563 0.000833 0.00195
6.4 1.8 0.556 0.000343 0.000354
6.5 1.8 0.549 0.000303 0.000245
6.6 1.8 0.541 0.000268 0.000416
6.7 1.8 0.533 0.000279 0.000498
6.8 1.8 0.526 0.000292 0.00057
6.9 1.8 0.518 0.000307 0.000635
7 1.8 0.509 0.00032 0.000694
7.1 1.8 0.501 0.000331 0.000748
7.2 1.8 0.493 0.000339 0.000795
7.3 1.8 0.484 0.000343 0.000839
7.4 1.8 0.476 0.000346 0.000875
7.5 1.8 0.467 0.000344 0.000906
7.6 1.8 0.459 0.000338 0.000932
7.7 1.8 0.45 0.000337 0.000952
7.8 1.8 0.441 0.000353 0.000968
7.9 1.8 0.433 0.000366 0.000977
8 1.8 0.424 0.000378 0.000981
8.1 1.8 0.415 0.000387 0.000979
8.2 1.8 0.406 0.000394 0.00097
8.3 1.8 0.397 0.000399 0.000955
8.4 1.8 0.388 0.000404 0.000934
8.5 1.8 0.379 0.000408 0.000907
8.6 1.8 0.371 0.000413 0.000875
8.7 1.8 0.362 0.000421 0.000838
8.8 1.8 0.353 0.000526 0.000705
8.9 1.8 0.344 0.000534 0.000677
9 1.8 0.335 0.000558 0.000654
9.1 1.8 0.327 0.000616 0.000644
9.2 1.8 0.318 0.00075 0.000666
9.3 1.8 0.31 0.00109 0.000771
9.4 1.8 0.302 0.00214 0.0012
9.5 1.8 0.304 0.0328 0.0116
9.6 1.8 0.283 0.00377 0.00556
9.7 1.8 0.276 0.00603 0.00556
9.8 1.8 0.267 0.0113 0.0134
9.9 1.8 0.263 0.00338 0.00279
10 1.8 0.253 0.00107 0.00109
10.1 1.8 0.245 0.000645 0.000707
10.2 1.8 0.237 0.000468 0.000513
10.3 1.8 0.229 0.00037 0.000405
10.4 1.8 0.222 0.000307 0.000334
10.5 1.8 0.214 0.00026 0.00028
10.6 1.8 0.207 0.000223 0.000236
10.7 1.8 0.2 0.000191 0.000196
10.8 1.8 0.193 0.000163 0.000159
10.9 1.8 0.186 0.000136 0.000125
11 1.8 0.18 0.000258 0.000216
11.1 1.8 0.173 0.000296 0.000204
11.2 1.8 0.167 0.000329 0.000191
11.3 1.8 0.161 0.000357 0.000177
11.4 1.8 0.155 0.000379 0.000162
11.5 1.8 0.149 0.000659 0.000319
11.6 1.8 0.143 0.00064 0.000323
11.7 1.8 0.138 0.000616 0.000323
11.8 1.8 0.132 0.000589 0.000321
11.9 1.8 0.127 0.000558 0.000317
12 1.8 0.122 0.000465 0.00037
12.1 1.8 0.117 0.000436 0.000355
12.2 1.8 0.112 0.000406 0.00034
12.3 1.8 0.107 0.000374 0.000323
12.4 1.8 0.103 0.000342 0.000306
12.5 1.8 0.0985 0.00031 0.000289
12.6 1.8 0.0942 0.000279 0.000273
12.7 1.8 0.0901 0.000248 0.000258
12.8 1.8 0.0861 0.00018 0.000144
12.9 1.8 0.0823 0.000178 0.000155
13 1.8 0.0786 0.000176 0.00017
13.1 1.8 0.0751 0.000176 0.000191
13.2 1.8 0.0716 0.000181 0.000228
13.3 1.8 0.0683 0.000198 0.000303
13.4 1.8 0.0651 0.000266 0.000528
13.5 1.8 0.0499 0.0124 0.0371
13.6 1.8 0.0595 0.000398 0.000216
13.7 1.8 0.0567 0.000165 0.000132
13.8 1.8 0.054 9.17e-05 0.000101
13.9 1.8 0.0514 5.72e-05 8.28e-05
14 1.8 0.0489 3.34e-05 7.5e-05
14.1 1.8 0.0466 2.58e-05 6.13e-05
14.2 1.8 0.0443 2.18e-05 5.17e-05
14.3 1.8 0.0422 1.87e-05 4.45e-05
14.4 1.8 0.0401 1.53e-05 3.81e-05
14.5 1.8 0.0381 1.18e-05 3.25e-05
14.6 1.8 0.0362 1.09e-05 2.74e-05
14.7 1.8 0.0345 1.06e-05 2.28e-05
14.8 1.8 0.0327 1.06e-05 1.87e-05
14.9 1.8 0.0311 1.08e-05 1.5e-05
15 1.8 0.0295 1.12e-05 1.17e-05
15.1 1.8 0.0281 1.16e-05 8.68e-06
15.2 1.8 0.0266 9.6e-06 1.02e-05
15.3 1.8 0.0253 9.78e-06 1.23e-05
15.4 1.8 0.024 9.96e-06 1.42e-05
15.5 1.8 0.0228 1.01e-05 1.58e-05
15.6 1.8 0.0216 1.03e-05 1.71e-05
15.7 1.8 0.0205 1.04e-05 1.83e-05
15.8 1.8 0.0194 1.06e-05 1.92e-05
15.9 1.8 0.0184 1.06e-05 1.99e-05
16 1.8 0.0175 1.07e-05 2.05e-05
16.1 1.8 0.0166 1.07e-05 2.09e-05
16.2 1.8 0.0157 1.06e-05 2.12e-05
16.3 1.8 0.0149 1.06e-05 2.13e-05
16.4 1.8 0.0141 1.05e-05 2.13e-05
16.5 1.8 0.0134 1.04e-05 2.13e-05
16.6 1.8 0.0127 1.02e-05 2.11e-05
16.7 1.8 0.012 1.01e-05 2.09e-05
16.8 1.8 0.0114 9.87e-06 2.05e-05
16.9 1.8 0.0108 9.66e-06 2.02e-05
17 1.8 0.0102 9.44e-06 1.98e-05
17.1 1.8 0.00969 9.2e-06 1.93e-05
17.2 1.8 0.00918 8.96e-06 1.89e-05
17.3 1.8 0.00869 8.7e-06 1.83e-05
17.4 1.8 0.00823 8.44e-06 1.78e-05
17.5 1.8 0.0078 8.18e-06 1.73e-05
17.6 1.8 0.00738 7.91e-06 1.67e-05
17.7 1.8 0.00699 7.65e-06 1.62e-05
17.8 1.8 0.00662 7.38e-06 1.56e-05
17.9 1.8 0.00627 7.11e-06 1.5e-05
18 1.8 0.00593 6.85e-06 1.45e-05
18.1 1.8 0.00562 6.58e-06 1.39e-05
18.2 1.8 0.00532 6.33e-06 1.34e-05
18.3 1.8 0.00503 6.07e-06 1.29e-05
18.4 1.8 0.00477 5.83e-06 1.23e-05
18.5 1.8 0.00451 5.58e-06 1.18e-05
18.6 1.8 0.00427 5.35e-06 1.13e-05
18.7 1.8 0.00404 5.12e-06 1.08e-05
18.8 1.8 0.00383 4.9e-06 1.04e-05
18.9 1.8 0.00362 4.68e-06 9.89e-06
19 1.8 0.00343 4.47e-06 9.45e-06
19.1 1.8 0.00324 4.27e-06 9.02e-06
19.2 1.8 0.00307 4.07e-06 8.6e-06
19.3 1.8 0.0029 3.89e-06 8.2e-06
19.4 1.8 0.00275 3.7e-06 7.82e-06
19.5 1.8 0.0026 3.53e-06 7.45e-06
19.6 1.8 0.00246 3.36e-06 7.1e-06
19.7 1.8 0.00233 3.2e-06 6.75e-06
19.8 1.8 0.0022 3.05e-06 6.43e-06
19.9 1.8 0.00209 2.9e-06 6.12e-06
20 1.8 0.00197 2.76e-06 5.82e-06
20.1 1.8 0.00187 2.62e-06 5.53e-06
20.2 1.8 0.00177 2.49e-06 5.25e-06
20.3 1.8 0.00167 2.37e-06 4.99e-06
20.4 1.8 0.00158 2.25e-06 4.74e-06
20.5 1.8 0.0015 2.14e-06 4.51e-06
20.6 1.8 0.00142 2.03e-06 4.28e-06
20.7 1.8 0.00134 1.93e-06 4.06e-06
20.8 1.8 0.00127 1.83e-06 3.85e-06
20.9 1.8 0.0012 1.74e-06 3.66e-06
21 1.8 0.00113 1.65e-06 3.47e-06
21.1 1.8 0.00107 1.56e-06 3.29e-06
21.2 1.8 0.00102 1.48e-06 3.12e-06
21.3 1.8 0.000961 1.41e-06 2.96e-06
21.4 1.8 0.000909 1.34e-06 2.81e-06
21.5 1.8 0.00086 1.27e-06 2.66e-06
21.6 1.8 0.000814 1.2e-06 2.52e-06
21.7 1.8 0.00077 1.14e-06 2.39e-06
21.8 1.8 0.000728 1.08e-06 2.27e-06
21.9 1.8 0.000689 1.02e-06 2.15e-06
22 1.8 0.000652 9.69e-07 2.04e-06
22.1 1.8 0.000617 9.18e-07 1.93e-06
22.2 1.8 0.000583 8.7e-07 1.83e-06
22.3 1.8 0.000552 8.24e-07 1.73e-06
22.4 1.8 0.000522 7.81e-07 1.64e-06
22.5 1.8 0.000494 7.39e-07 1.55e-06
22.6 1.8 0.000467 7e-07 1.47e-06
22.7 1.8 0.000442 6.63e-07 1.39e-06
22.8 1.8 0.000418 6.28e-07 1.32e-06
22.9 1.8 0.000396 5.95e-07 1.25e-06
23 1.8 0.000374 5.63e-07 1.18e-06
23.1 1.8 0.000354 5.33e-07 1.12e-06
23.2 1.8 0.000335 5.05e-07 1.06e-06
23.3 1.8 0.000317 4.78e-07 1e-06
23.4 1.8 0.0003 4.53e-07 9.51e-07
23.5 1.8 0.000284 4.29e-07 9e-07
23.6 1.8 0.000268 4.06e-07 8.52e-07
23.7 1.8 0.000254 3.84e-07 8.06e-07
23.8 1.8 0.00024 3.64e-07 7.63e-07
23.9 1.8 0.000227 3.44e-07 7.22e-07
24 1.8 0.000215 3.26e-07 6.84e-07
24.1 1.8 0.000203 3.08e-07 6.47e-07
24.2 1.8 0.000192 2.92e-07 6.12e-07
24.3 1.8 0.000182 2.76e-07 5.8e-07
24.4 1.8 0.000172 2.61e-07 5.49e-07
24.5 1.8 0.000163 2.47e-07 5.19e-07
24.6 1.8 0.000154 2.34e-07 4.91e-07
24.7 1.8 0.000146 2.21e-07 4.65e-07
24.8 1.8 0.000138 2.1e-07 4.4e-07
24.9 1.8 0.00013 1.98e-07 4.16e-07
25 1.8 0.000123 1.88e-07 3.94e-07
25.1 1.8 0.000117 1.78e-07 3.73e-07
25.2 1.8 0.00011 1.68e-07 3.53e-07
25.3 1.8 0.000104 1.59e-07 3.34e-07
25.4 1.8 9.87e-05 1.5e-07 3.16e-07
25.5 1.8 9.34e-05 1.42e-07 2.99e-07
25.6 1.8 8.83e-05 1.35e-07 2.83e-07
25.7 1.8 8.36e-05 1.27e-07 2.67e-07
25.8 1.8 7.91e-05 1.21e-07 2.53e-07
25.9 1.8 7.48e-05 1.14e-07 2.39e-07
26 1.8 7.07e-05 1.08e-07 2.27e-07
26.1 1.8 6.69e-05 1.02e-07 2.14e-07
26.2 1.8 6.33e-05 9.66e-08 2.03e-07
26.3 1.8 5.99e-05 9.14e-08 1.92e-07
26.4 1.8 5.67e-05 8.65e-08 1.82e-07
26.5 1.8 5.36e-05 8.18e-08 1.72e-07
26.6 1.8 5.07e-05 7.74e-08 1.62e-07
26.7 1.8 4.8e-05 7.33e-08 1.54e-07
26.8 1.8 4.54e-05 6.93e-08 1.45e-07
26.9 1.8 4.29e-05 6.56e-08 1.38e-07
27 1.8 4.06e-05 6.2e-08 1.3e-07
27.1 1.8 3.84e-05 5.87e-08 1.23e-07
27.2 1.8 3.63e-05 5.55e-08 1.17e-07
27.3 1.8 3.44e-05 5.25e-08 1.1e-07
27.4 1.8 3.25e-05 4.97e-08 1.04e-07
27.5 1.8 3.08e-05 4.7e-08 9.86e-08
27.6 1.8 2.91e-05 4.45e-08 9.33e-08
27.7 1.8 2.75e-05 4.21e-08 8.83e-08
27.8 1.8 2.6e-05 3.98e-08 8.35e-08
27.9 1.8 2.46e-05 3.77e-08 7.9e-08
28 1.8 2.33e-05 3.56e-08 7.47e-08
28.1 1.8 2.2e-05 3.37e-08 7.07e-08
28.2 1.8 2.08e-05 3.19e-08 6.69e-08
28.3 1.8 1.97e-05 3.02e-08 6.33e-08
28.4 1.8 1.87e-05 2.85e-08 5.99e-08
28.5 1.8 1.76e-05 2.7e-08 5.66e-08
28.6 1.8 1.67e-05 2.55e-08 5.36e-08
28.7 1.8 1.58e-05 2.42e-08 5.07e-08
28.8 1.8 1.49e-05 2.28e-08 4.79e-08
28.9 1.8 1.41e-05 2.16e-08 4.54e-08
29 1.8 1.34e-05 2.04e-08 4.29e-08
29.1 1.8 1.26e-05 1.93e-08 4.06e-08
29.2 1.8 1.2e-05 1.83e-08 3.84e-08
29.3 1.8 1.13e-05 1.73e-08 3.63e-08
29.4 1.8 1.07e-05 1.64e-08 3.44e-08
29.5 1.8 1.01e-05 1.55e-08 3.25e-08
29.6 1.8 9.58e-06 1.47e-08 3.07e-08
29.7 1.8 9.06e-06 1.39e-08 2.91e-08
29.8 1.8 8.57e-06 1.31e-08 2.75e-08
29.9 1.8 8.11e-06 1.24e-08 2.6e-08
30 1.8 7.67e-06 1.17e-08 2.46e-08
30.1 1.8 7.25e-06 1.11e-08 2.33e-08
30.2 1.8 6.86e-06 1.05e-08 2.2e-08
30.3 1.8 6.49e-06 9.93e-09 2.08e-08
30.4 1.8 6.14e-06 9.4e-09 1.97e-08
30.5 1.8 5.81e-06 8.89e-09 1.87e-08
30.6 1.8 5.49e-06 8.41e-09 1.76e-08
30.7 1.8 5.2e-06 7.95e-09 1.67e-08
30.8 1.8 4.92e-06 7.52e-09 1.58e-08
30.9 1.8 4.65e-06 7.12e-09 1.49e-08
31 1.8 4.4e-06 6.73e-09 1.41e-08
31.1 1.8 4.16e-06 6.37e-09 1.34e-08
31.2 1.8 3.94e-06 6.03e-09 1.26e-08
31.3 1.8 3.72e-06 5.7e-09 1.2e-08
31.4 1.8 3.52e-06 5.39e-09 1.13e-08
31.5 1.8 3.33e-06 5.1e-09 1.07e-08
31.6 1.8 3.15e-06 4.83e-09 1.01e-08
31.7 1.8 2.98e-06 4.56e-09 9.58e-09
31.8 1.8 2.82e-06 4.32e-09 9.06e-09
31.9 1.8 2.67e-06 4.08e-09 8.57e-09
32 1.8 2.52e-06 3.86e-09 8.11e-09
32.1 1.8 2.39e-06 3.66e-09 7.67e-09
32.2 1.8 2.26e-06 3.46e-09 7.25e-09
32.3 1.8 2.14e-06 3.27e-09 6.86e-09
32.4 1.8 2.02e-06 3.09e-09 6.49e-09
32.5 1.8 1.91e-06 2.93e-09 6.14e-09
32.6 1.8 1.81e-06 2.77e-09 5.81e-09
32.7 1.8 1.71e-06 2.62e-09 5.5e-09
32.8 1.8 1.62e-06 2.48e-09 5.2e-09
32.9 1.8 1.53e-06 2.34e-09 4.92e-09
33 1.8 1.45e-06 2.22e-09 4.65e-09
33.1 1.8 1.37e-06 2.1e-09 4.4e-09
33.2 1.8 1.3e-06 1.98e-09 4.16e-09
33.3 1.8 1.23e-06 1.88e-09 3.94e-09
33.4 1.8 1.16e-06 1.78e-09 3.72e-09
33.5 1.8 1.1e-06 1.68e-09 3.52e-09
33.6 1.8 1.04e-06 1.59e-09 3.33e-09
33.7 1.8 9.82e-07 1.5e-09 3.15e-09
33.8 1.8 9.29e-07 1.42e-09 2.98e-09
33.9 1.8 8.78e-07 1.34e-09 2.82e-09
34 1.8 8.31e-07 1.27e-09 2.67e-09
34.1 1.8 7.86e-07 1.2e-09 2.52e-09
34.2 1.8 7.44e-07 1.14e-09 2.39e-09
34.3 1.8 7.03e-07 1.08e-09 2.26e-09
34.4 1.8 6.65e-07 1.02e-09 2.14e-09
34.5 1.8 6.29e-07 9.64e-10 2.02e-09
34.6 1.8 5.95e-07 9.11e-10 1.91e-09
34.7 1.8 5.63e-07 8.62e-10 1.81e-09
34.8 1.8 5.33e-07 8.16e-10 1.71e-09
34.9 1.8 5.04e-07 7.72e-10 1.62e-09
35 1.8 4.77e-07 7.3e-10 1.53e-09
35.1 1.8 4.51e-07 6.9e-10 1.45e-09
35.2 1.8 4.27e-07 6.53e-10 1.37e-09
35.3 1.8 4.04e-07 6.18e-10 1.3e-09
35.4 1.8 3.82e-07 5.84e-10 1.23e-09
35.5 1.8 3.61e-07 5.53e-10 1.16e-09
35.6 1.8 3.42e-07 5.23e-10 1.1e-09
35.7 1.8 3.23e-07 4.95e-10 1.04e-09
35.8 1.8 3.06e-07 4.68e-10 9.82e-10
35.9 1.8 2.89e-07 4.43e-10 9.29e-10
36 1.8 2.74e-07 4.19e-10 8.79e-10
36.1 1.8 2.59e-07 3.96e-10 8.31e-10
36.2 1.8 2.45e-07 3.75e-10 7.86e-10
36.3 1.8 2.32e-07 3.54e-10 7.44e-10
36.4 1.8 2.19e-07 3.35e-10 7.04e-10
36.5 1.8 2.07e-07 3.17e-10 6.66e-10
36.6 1.8 1.96e-07 3e-10 6.3e-10
36.7 1.8 1.85e-07 2.84e-10 5.96e-10
36.8 1.8 1.75e-07 2.69e-10 5.63e-10
36.9 1.8 1.66e-07 2.54e-10 5.33e-10
37 1.8 1.57e-07 2.4e-10 5.04e-10
37.1 1.8 1.48e-07 2.27e-10 4.77e-10
37.2 1.8 1.4e-07 2.15e-10 4.51e-10
37.3 1.8 1.33e-07 2.03e-10 4.27e-10
37.4 1.8 1.26e-07 1.92e-10 4.04e-10
37.5 1.8 1.19e-07 1.82e-10 3.82e-10
37.6 1.8 1.12e-07 1.72e-10 3.61e-10
37.7 1.8 1.06e-07 1.63e-10 3.42e-10
37.8 1.8 1.01e-07 1.54e-10 3.23e-10
37.9 1.8 9.52e-08 1.46e-10 3.06e-10
38 1.8 9.01e-08 1.38e-10 2.89e-10
38.1 1.8 8.52e-08 1.3e-10 2.74e-10
38.2 1.8 8.06e-08 1.23e-10 2.59e-10
38.3 1.8 7.62e-08 1.17e-10 2.45e-10
38.4 1.8 7.21e-08 1.1e-10 2.32e-10
38.5 1.8 6.82e-08 1.04e-10 2.19e-10
44.1 1.8 3.04e-09 4.65e-12 9.76e-12
44.2 1.8 2.87e-09 4.4e-12 9.23e-12
44.3 1.8 2.72e-09 4.16e-12 8.73e-12
44.4 1.8 2.57e-09 3.94e-12 8.26e-12
44.5 1.8 2.43e-09 3.73e-12 7.82e-12
44.6 1.8 2.3e-09 3.52e-12 7.39e-12
44.7 1.8 2.18e-09 3.33e-12 6.99e-12
44.8 1.8 2.06e-09 3.15e-12 6.62e-12
44.9 1.8 1.95e-09 2.98e-12 6.26e-12
45 1.8 1.84e-09 2.82e-12 5.92e-12
45.1 1.8 1.74e-09 2.67e-12 5.6e-12
45.2 1.8 1.65e-09 2.52e-12 5.3e-12
45.3 1.8 1.56e-09 2.39e-12 5.01e-12
45.4 1.8 1.48e-09 2.26e-12 4.74e-12
45.5 1.8 1.4e-09 2.14e-12 4.48e-12
45.6 1.8 1.32e-09 2.02e-12 4.24e-12
45.7 1.8 1.25e-09 1.91e-12 4.01e-12
45.8 1.8 1.18e-09 1.81e-12 3.8e-12
45.9 1.8 1.12e-09 1.71e-12 3.59e-12
46 1.8 1.06e-09 1.62e-12 3.4e-12
46.1 1.8 1e-09 1.53e-12 3.21e-12
46.2 1.8 9.46e-10 1.45e-12 3.04e-12
46.3 1.8 8.95e-10 1.37e-12 2.88e-12
46.4 1.8 8.47e-10 1.3e-12 2.72e-12
46.5 1.8 8.01e-10 1.23e-12 2.57e-12
46.6 1.8 7.58e-10 1.16e-12 2.43e-12
46.7 1.8 7.17e-10 1.1e-12 2.3e-12
46.8 1.8 6.78e-10 1.04e-12 2.18e-12
46.9 1.8 6.41e-10 9.82e-13 2.06e-12
47 1.8 6.07e-10 9.29e-13 1.95e-12
47.1 1.8 5.74e-10 8.79e-13 1.84e-12
47.2 1.8 5.43e-10 8.31e-13 1.74e-12
47.3 1.8 5.14e-10 7.86e-13 1.65e-12
47.4 1.8 4.86e-10 7.44e-13 1.56e-12
47.5 1.8 4.6e-10 7.04e-13 1.48e-12
47.6 1.8 4.35e-10 6.66e-13 1.4e-12
47.7 1.8 4.11e-10 6.3e-13 1.32e-12
47.8 1.8 3.89e-10 5.96e-13 1.25e-12
47.9 1.8 3.68e-10 5.63e-13 1.18e-12
48 1.8 3.48e-10 5.33e-13 1.12e-12
48.1 1.8 3.29e-10 5.04e-13 1.06e-12
48.2 1.8 3.12e-10 4.77e-13 1e-12
48.3 1.8 2.95e-10 4.51e-13 9.47e-13
48.4 1.8 2.79e-10 4.27e-13 8.95e-13
48.5 1.8 2.64e-10 4.04e-13 8.47e-13
48.6 1.8 2.49e-10 3.82e-13 8.01e-13
48.7 1.8 2.36e-10 3.61e-13 7.58e-13
48.8 1.8 2.23e-10 3.42e-13 7.17e-13
48.9 1.8 2.11e-10 3.23e-13 6.78e-13
49 1.8 2e-10 3.06e-13 6.42e-13
49.1 1.8 1.89e-10 2.89e-13 6.07e-13
49.2 1.8 1.79e-10 2.74e-13 5.74e-13
49.3 1.8 1.69e-10 2.59e-13 5.43e-13
49.4 1.8 1.6e-10 2.45e-13 5.14e-13
49.5 1.8 1.51e-10 2.32e-13 4.86e-13
49.6 1.8 1.43e-10 2.19e-13 4.6e-13
49.7 1.8 1.35e-10 2.07e-13 4.35e-13
49.8 1.8 1.28e-10 1.96e-13 4.11e-13
49.9 1.8 1.21e-10 1.85e-13 3.89e-13
50 1.8 1.15e-10 1.75e-13 3.68e-13
50.1 1.8 1.08e-10 1.66e-13 3.48e-13
50.2 1.8 1.03e-10 1.57e-13 3.29e-13
54.4 1.8 9.94e-12 1.52e-14 3.19e-14
54.5 1.8 9.41e-12 1.44e-14 3.02e-14
54.6 1.8 8.9e-12 1.36e-14 2.86e-14
54.7 1.8 8.42e-12 1.29e-14 2.7e-14
54.8 1.8 7.96e-12 1.22e-14 2.56e-14
54.9 1.8 7.53e-12 1.15e-14 2.42e-14
55 1.8 7.13e-12 1.09e-14 2.29e-14
55.1 1.8 6.74e-12 1.03e-14 2.17e-14
55.2 1.8 6.38e-12 9.76e-15 2.05e-14
55.3 1.8 6.03e-12 9.23e-15 1.94e-14
55.4 1.8 5.71e-12 8.73e-15 1.83e-14
55.5 1.8 5.4e-12 8.26e-15 1.73e-14
55.6 1.8 5.11e-12 7.82e-15 1.64e-14
55.7 1.8 4.83e-12 7.39e-15 1.55e-14
55.8 1.8 4.57e-12 6.99e-15 1.47e-14
55.9 1.8 4.32e-12 6.62e-15 1.39e-14
56 1.8 4.09e-12 6.26e-15 1.31e-14
56.1 1.8 3.87e-12 5.92e-15 1.24e-14
56.2 1.8 3.66e-12 5.6e-15 1.18e-14
56.3 1.8 3.46e-12 5.3e-15 1.11e-14
56.4 1.8 3.27e-12 5.01e-15 1.05e-14
56.5 1.8 3.1e-12 4.74e-15 9.95e-15
56.6 1.8 2.93e-12 4.48e-15 9.41e-15
56.7 1.8 2.77e-12 4.24e-15 8.9e-15
56.8 1.8 2.62e-12 4.01e-15 8.42e-15
56.9 1.8 2.48e-12 3.8e-15 7.97e-15
57 1.8 2.35e-12 3.59e-15 7.53e-15
57.1 1.8 2.22e-12 3.4e-15 7.13e-15
57.2 1.8 2.1e-12 3.21e-15 6.74e-15
57.3 1.8 1.99e-12 3.04e-15 6.38e-15
57.4 1.8 1.88e-12 2.88e-15 6.03e-15
57.5 1.8 1.78e-12 2.72e-15 5.71e-15
57.6 1.8 1.68e-12 2.57e-15 5.4e-15
57.7 1.8 1.59e-12 2.43e-15 5.11e-15
57.8 1.8 1.5e-12 2.3e-15 4.83e-15
57.9 1.8 1.42e-12 2.18e-15 4.57e-15
58 1.8 1.35e-12 2.06e-15 4.32e-15
58.1 1.8 1.27e-12 1.95e-15 4.09e-15
58.2 1.8 1.2e-12 1.84e-15 3.87e-15
58.3 1.8 1.14e-12 1.74e-15 3.66e-15
58.4 1.8 1.08e-12 1.65e-15 3.46e-15
58.5 1.8 1.02e-12 1.56e-15 3.27e-15
58.6 1.8 9.64e-13 1.48e-15 3.1e-15
58.7 1.8 9.12e-13 1.4e-15 2.93e-15
58.8 1.8 8.63e-13 1.32e-15 2.77e-15
58.9 1.8 8.16e-13 1.25e-15 2.62e-15
59 1.8 7.72e-13 1.18e-15 2.48e-15
59.1 1.8 7.3e-13 1.12e-15 2.35e-15
59.2 1.8 6.91e-13 1.06e-15 2.22e-15
59.3 1.8 6.54e-13 1e-15 2.1e-15
59.4 1.8 6.18e-13 9.47e-16 1.99e-15
59.5 1.8 5.85e-13 8.95e-16 1.88e-15
59.6 1.8 5.53e-13 8.47e-16 1.78e-15
59.7 1.8 5.23e-13 8.01e-16 1.68e-15
59.8 1.8 4.95e-13 7.58e-16 1.59e-15
59.9 1.8 4.68e-13 7.17e-16 1.5e-15
60 1.8 4.43e-13 6.78e-16 1.42e-15
60.1 1.8 4.19e-13 6.42e-16 1.35e-15
60.2 1.8 3.96e-13 6.07e-16 1.27e-15
60.3 1.8 3.75e-13 5.74e-16 1.2e-15
60.4 1.8 3.55e-13 5.43e-16 1.14e-15
60.5 1.8 3.36e-13 5.14e-16 1.08e-15
60.6 1.8 3.17e-13 4.86e-16 1.02e-15
60.7 1.8 3e-13 4.6e-16 9.65e-16
60.8 1.8 2.84e-13 4.35e-16 9.12e-16
60.9 1.8 2.69e-13 4.11e-16 8.63e-16
61 1.8 2.54e-13 3.89e-16 8.17e-16
61.1 1.8 2.4e-13 3.68e-16 7.72e-16
61.2 1.8 2.27e-13 3.48e-16 7.31e-16
61.3 1.8 2.15e-13 3.29e-16 6.91e-16
61.4 1.8 2.04e-13 3.12e-16 6.54e-16
61.5 1.8 1.93e-13 2.95e-16 6.18e-16
61.6 1.8 1.82e-13 2.79e-16 5.85e-16
61.7 1.8 1.72e-13 2.64e-16 5.53e-16
61.8 1.8 1.63e-13 2.5e-16 5.24e-16
61.9 1.8 1.54e-13 2.36e-16 4.95e-16
62 1.8 1.46e-13 2.23e-16 4.68e-16
62.1 1.8 1.38e-13 2.11e-16 4.43e-16
62.2 1.8 1.31e-13 2e-16 4.19e-16
62.3 1.8 1.23e-13 1.89e-16 3.97e-16
62.4 1.8 1.17e-13 1.79e-16 3.75e-16
62.5 1.8 1.1e-13 1.69e-16 3.55e-16
62.6 1.8 1.05e-13 1.6e-16 3.36e-16
62.7 1.8 9.89e-14 1.51e-16 3.18e-16
62.8 1.8 9.35e-14 1.43e-16 3e-16
62.9 1.8 8.85e-14 1.35e-16 2.84e-16
63 1.8 8.37e-14 1.28e-16 2.69e-16
63.1 1.8 7.92e-14 1.21e-16 2.54e-16
63.2 1.8 7.49e-14 1.15e-16 2.41e-16
63.3 1.8 7.08e-14 1.08e-16 2.28e-16
63.4 1.8 6.7e-14 1.03e-16 2.15e-16
63.5 1.8 6.34e-14 9.7e-17 2.04e-16
63.6 1.8 6e-14 9.18e-17 1.93e-16
63.7 1.8 5.67e-14 8.68e-17 1.82e-16
63.8 1.8 5.37e-14 8.21e-17 1.72e-16
63.9 1.8 5.08e-14 7.77e-17 1.63e-16
64 1.8 4.8e-14 7.35e-17 1.54e-16
64.1 1.8 4.54e-14 6.95e-17 1.46e-16
64.2 1.8 4.3e-14 6.58e-17 1.38e-16
64.3 1.8 4.06e-14 6.22e-17 1.31e-16
64.4 1.8 3.84e-14 5.89e-17 1.23e-16
64.5 1.8 3.64e-14 5.57e-17 1.17e-16
64.6 1.8 3.44e-14 5.27e-17 1.11e-16
64.7 1.8 3.25e-14 4.98e-17 1.05e-16
64.8 1.8 3.08e-14 4.71e-17 9.89e-17
64.9 1.8 2.91e-14 4.46e-17 9.35e-17
65 1.8 2.75e-14 4.22e-17 8.85e-17
65.1 1.8 2.61e-14 3.99e-17 8.37e-17
65.2 1.8 2.47e-14 3.77e-17 7.92e-17
65.3 1.8 2.33e-14 3.57e-17 7.49e-17
65.4 1.8 2.21e-14 3.38e-17 7.09e-17
65.5 1.8 2.09e-14 3.19e-17 6.7e-17
65.6 1.8 1.97e-14 3.02e-17 6.34e-17
65.7 1.8 1.87e-14 2.86e-17 6e-17
65.8 1.8 1.77e-14 2.7e-17 5.67e-17
65.9 1.8 1.67e-14 2.56e-17 5.37e-17
66 1.8 1.58e-14 2.42e-17 5.08e-17
66.1 1.8 1.5e-14 2.29e-17 4.8e-17
66.2 1.8 1.41e-14 2.17e-17 4.54e-17
66.3 1.8 1.34e-14 2.05e-17 4.3e-17
66.4 1.8 1.27e-14 1.94e-17 4.07e-17
66.5 1.8 1.2e-14 1.83e-17 3.85e-17
66.6 1.8 1.13e-14 1.73e-17 3.64e-17
66.7 1.8 1.07e-14 1.64e-17 3.44e-17
66.8 1.8 1.01e-14 1.55e-17 3.26e-17
66.9 1.8 9.59e-15 1.47e-17 3.08e-17
67 1.8 9.07e-15 1.39e-17 2.91e-17
67.1 1.8 8.58e-15 1.31e-17 2.76e-17
67.2 1.8 8.11e-15 1.24e-17 2.61e-17
67.3 1.8 7.68e-15 1.18e-17 2.47e-17
67.4 1.8 7.26e-15 1.11e-17 2.33e-17
67.5 1.8 6.87e-15 1.05e-17 2.21e-17
67.6 1.8 6.5e-15 9.95e-18 2.09e-17
67.7 1.8 6.15e-15 9.41e-18 1.97e-17
67.8 1.8 5.81e-15 8.9e-18 1.87e-17
67.9 1.8 5.5e-15 8.42e-18 1.77e-17
68 1.8 5.2e-15 7.96e-18 1.67e-17
68.1 1.8 4.92e-15 7.53e-18 1.58e-17
68.2 1.8 4.66e-15 7.13e-18 1.5e-17
68.3 1.8 4.4e-15 6.74e-18 1.41e-17
68.4 1.8 4.17e-15 6.38e-18 1.34e-17
68.5 1.8 3.94e-15 6.03e-18 1.27e-17
68.6 1.8 3.73e-15 5.71e-18 1.2e-17
68.7 1.8 3.53e-15 5.4e-18 1.13e-17
68.8 1.8 3.34e-15 5.11e-18 1.07e-17
68.9 1.8 3.16e-15 4.83e-18 1.01e-17
69 1.8 2.99e-15 4.57e-18 9.59e-18
69.1 1.8 2.82e-15 4.32e-18 9.07e-18
69.2 1.8 2.67e-15 4.09e-18 8.58e-18
69.3 1.8 2.53e-15 3.87e-18 8.12e-18
69.4 1.8 2.39e-15 3.66e-18 7.68e-18
69.5 1.8 2.26e-15 3.46e-18 7.26e-18
69.6 1.8 2.14e-15 3.27e-18 6.87e-18
69.7 1.8 2.02e-15 3.1e-18 6.5e-18
69.8 1.8 1.91e-15 2.93e-18 6.15e-18
69.9 1.8 1.81e-15 2.77e-18 5.82e-18
70 1.8 1.71e-15 2.62e-18 5.5e-18
70.1 1.8 1.62e-15 2.48e-18 5.2e-18
70.2 1.8 1.53e-15 2.35e-18 4.92e-18
70.3 1.8 1.45e-15 2.22e-18 4.66e-18
70.4 1.8 1.37e-15 2.1e-18 4.41e-18
70.5 1.8 1.3e-15 1.99e-18 4.17e-18
70.6 1.8 1.23e-15 1.88e-18 3.94e-18
70.7 1.8 1.16e-15 1.78e-18 3.73e-18
70.8 1.8 1.1e-15 1.68e-18 3.53e-18
70.9 1.8 1.04e-15 1.59e-18 3.34e-18
71 1.8 9.83e-16 1.5e-18 3.16e-18
71.1 1.8 9.3e-16 1.42e-18 2.99e-18
71.2 1.8 8.79e-16 1.35e-18 2.82e-18
71.3 1.8 8.32e-16 1.27e-18 2.67e-18
71.4 1.8 7.87e-16 1.2e-18 2.53e-18
71.5 1.8 7.44e-16 1.14e-18 2.39e-18
71.6 1.8 7.04e-16 1.08e-18 2.26e-18
71.7 1.8 6.66e-16 1.02e-18 2.14e-18
71.8 1.8 6.3e-16 9.65e-19 2.02e-18
71.9 1.8 5.96e-16 9.12e-19 1.91e-18
72 1.8 5.64e-16 8.63e-19 1.81e-18
72.1 1.8 5.33e-16 8.17e-19 1.71e-18
72.2 1.8 5.05e-16 7.72e-19 1.62e-18
72.3 1.8 4.77e-16 7.31e-19 1.53e-18
72.4 1.8 4.51e-16 6.91e-19 1.45e-18
72.5 1.8 4.27e-16 6.54e-19 1.37e-18
72.6 1.8 4.04e-16 6.18e-19 1.3e-18
72.7 1.8 3.82e-16 5.85e-19 1.23e-18
72.8 1.8 3.62e-16 5.53e-19 1.16e-18
72.9 1.8 3.42e-16 5.24e-19 1.1e-18
73 1.8 3.24e-16 4.95e-19 1.04e-18
73.1 1.8 3.06e-16 4.68e-19 9.83e-19
73.2 1.8 2.89e-16 4.43e-19 9.3e-19
73.3 1.8 2.74e-16 4.19e-19 8.8e-19
73.4 1.8 2.59e-16 3.97e-19 8.32e-19
73.5 1.8 2.45e-16 3.75e-19 7.87e-19
73.6 1.8 2.32e-16 3.55e-19 7.45e-19
73.7 1.8 2.19e-16 3.36e-19 7.04e-19
73.8 1.8 2.07e-16 3.18e-19 6.66e-19
73.9 1.8 1.96e-16 3e-19 6.3e-19
74 1.8 1.86e-16 2.84e-19 5.96e-19
74.1 1.8 1.76e-16 2.69e-19 5.64e-19
74.2 1.8 1.66e-16 2.54e-19 5.33e-19
74.3 1.8 1.57e-16 2.41e-19 5.05e-19
74.4 1.8 1.49e-16 2.28e-19 4.77e-19
74.5 1.8 1.41e-16 2.15e-19 4.52e-19
74.6 1.8 1.33e-16 2.04e-19 4.27e-19
74.7 1.8 1.26e-16 1.93e-19 4.04e-19
74.8 1.8 1.19e-16 1.82e-19 3.82e-19
74.9 1.8 1.13e-16 1.72e-19 3.62e-19
75 1.8 1.06e-16 1.63e-19 3.42e-19
75.1 1.8 1.01e-16 1.54e-19 3.24e-19
75.2 1.8 9.53e-17 1.46e-19 3.06e-19
75.3 1.8 9.01e-17 1.38e-19 2.9e-19
75.4 1.8 8.53e-17 1.31e-19 2.74e-19
75.5 1.8 8.07e-17 1.23e-19 2.59e-19
75.6 1.8 7.63e-17 1.17e-19 2.45e-19
75.7 1.8 7.22e-17 1.11e-19 2.32e-19
75.8 1.8 6.83e-17 1.05e-19 2.19e-19
75.9 1.8 6.46e-17 9.89e-20 2.07e-19
76 1.8 6.11e-17 9.35e-20 1.96e-19
76.1 1.8 5.78e-17 8.85e-20 1.86e-19
76.2 1.8 5.47e-17 8.37e-20 1.76e-19
76.3 1.8 5.17e-17 7.92e-20 1.66e-19
76.4 1.8 4.89e-17 7.49e-20 1.57e-19
76.5 1.8 4.63e-17 7.09e-20 1.49e-19
76.6 1.8 4.38e-17 6.7e-20 1.41e-19
76.7 1.8 4.14e-17 6.34e-20 1.33e-19
76.8 1.8 3.92e-17 6e-20 1.26e-19
76.9 1.8 3.71e-17 5.67e-20 1.19e-19
77 1.8 3.51e-17 5.37e-20 1.13e-19
77.1 1.8 3.32e-17 5.08e-20 1.07e-19
77.2 1.8 3.14e-17 4.8e-20 1.01e-19
77.3 1.8 2.97e-17 4.54e-20 9.53e-20
77.4 1.8 2.81e-17 4.3e-20 9.02e-20
77.5 1.8 2.66e-17 4.07e-20 8.53e-20
77.6 1.8 2.51e-17 3.85e-20 8.07e-20
77.7 1.8 2.38e-17 3.64e-20 7.63e-20
77.8 1.8 2.25e-17 3.44e-20 7.22e-20
77.9 1.8 2.13e-17 3.26e-20 6.83e-20
78 1.8 2.01e-17 3.08e-20 6.46e-20
78.1 1.8 1.9e-17 2.91e-20 6.11e-20
78.2 1.8 1.8e-17 2.76e-20 5.78e-20
78.3 1.8 1.7e-17 2.61e-20 5.47e-20
78.4 1.8 1.61e-17 2.47e-20 5.17e-20
78.5 1.8 1.52e-17 2.33e-20 4.89e-20
78.6 1.8 1.44e-17 2.21e-20 4.63e-20
78.7 1.8 1.36e-17 2.09e-20 4.38e-20
78.8 1.8 1.29e-17 1.97e-20 4.14e-20
78.9 1.8 1.22e-17 1.87e-20 3.92e-20
79 1.8 1.15e-17 1.77e-20 3.71e-20
79.1 1.8 1.09e-17 1.67e-20 3.51e-20
79.2 1.8 1.03e-17 1.58e-20 3.32e-20
79.3 1.8 9.77e-18 1.5e-20 3.14e-20
79.4 1.8 9.24e-18 1.41e-20 2.97e-20
79.5 1.8 8.74e-18 1.34e-20 2.81e-20
79.6 1.8 8.27e-18 1.27e-20 2.66e-20
79.7 1.8 7.82e-18 1.2e-20 2.51e-20
79.8 1.8 7.4e-18 1.13e-20 2.38e-20
79.9 1.8 7e-18 1.07e-20 2.25e-20
80 1.8 6.62e-18 1.01e-20 2.13e-20
80.1 1.8 6.26e-18 9.59e-21 2.01e-20
80.2 1.8 5.93e-18 9.07e-21 1.9e-20
80.3 1.8 5.6e-18 8.58e-21 1.8e-20
80.4 1.8 5.3e-18 8.12e-21 1.7e-20
80.5 1.8 5.02e-18 7.68e-21 1.61e-20
80.6 1.8 4.74e-18 7.26e-21 1.52e-20
80.7 1.8 4.49e-18 6.87e-21 1.44e-20
80.8 1.8 4.25e-18 6.5e-21 1.36e-20
80.9 1.8 4.02e-18 6.15e-21 1.29e-20
81 1.8 3.8e-18 5.82e-21 1.22e-20
81.1 1.8 3.59e-18 5.5e-21 1.15e-20
81.2 1.8 3.4e-18 5.2e-21 1.09e-20
81.3 1.8 3.22e-18 4.92e-21 1.03e-20
81.4 1.8 3.04e-18 4.66e-21 9.77e-21
81.5 1.8 2.88e-18 4.41e-21 9.24e-21
81.6 1.8 2.72e-18 4.17e-21 8.74e-21
81.7 1.8 2.58e-18 3.94e-21 8.27e-21
81.8 1.8 2.44e-18 3.73e-21 7.82e-21
81.9 1.8 2.3e-18 3.53e-21 7.4e-21
82 1.8 2.18e-18 3.34e-21 7e-21
82.1 1.8 2.06e-18 3.16e-21 6.62e-21
82.2 1.8 1.95e-18 2.99e-21 6.27e-21
82.3 1.8 1.85e-18 2.82e-21 5.93e-21
82.4 1.8 1.75e-18 2.67e-21 5.61e-21
82.5 1.8 1.65e-18 2.53e-21 5.3e-21
82.6 1.8 1.56e-18 2.39e-21 5.02e-21
82.7 1.8 1.48e-18 2.26e-21 4.75e-21
82.8 1.8 1.4e-18 2.14e-21 4.49e-21
82.9 1.8 1.32e-18 2.02e-21 4.25e-21
83 1.8 1.25e-18 1.91e-21 4.02e-21
83.1 1.8 1.18e-18 1.81e-21 3.8e-21
83.2 1.8 1.12e-18 1.71e-21 3.59e-21
83.3 1.8 1.06e-18 1.62e-21 3.4e-21
83.4 1.8 1e-18 1.53e-21 3.22e-21
83.5 1.8 9.47e-19 1.45e-21 3.04e-21
83.6 1.8 8.96e-19 1.37e-21 2.88e-21
83.7 1.8 8.48e-19 1.3e-21 2.72e-21
83.8 1.8 8.02e-19 1.23e-21 2.58e-21
83.9 1.8 7.59e-19 1.16e-21 2.44e-21
84 1.8 7.18e-19 1.1e-21 2.3e-21
84.1 1.8 6.79e-19 1.04e-21 2.18e-21
84.2 1.8 6.42e-19 9.83e-22 2.06e-21
84.3 1.8 6.07e-19 9.3e-22 1.95e-21
84.4 1.8 5.75e-19 8.8e-22 1.85e-21
84.5 1.8 5.44e-19 8.32e-22 1.75e-21
84.6 1.8 5.14e-19 7.87e-22 1.65e-21
84.7 1.8 4.86e-19 7.45e-22 1.56e-21
84.8 1.8 4.6e-19 7.04e-22 1.48e-21
84.9 1.8 4.35e-19 6.66e-22 1.4e-21
85 1.8 4.12e-19 6.3e-22 1.32e-21
85.1 1.8 3.89e-19 5.96e-22 1.25e-21
85.2 1.8 3.68e-19 5.64e-22 1.18e-21
85.3 1.8 3.48e-19 5.33e-22 1.12e-21
85.4 1.8 3.3e-19 5.05e-22 1.06e-21
85.5 1.8 3.12e-19 4.77e-22 1e-21
85.6 1.8 2.95e-19 4.52e-22 9.48e-22
85.7 1.8 2.79e-19 4.27e-22 8.96e-22
85.8 1.8 2.64e-19 4.04e-22 8.48e-22
85.9 1.8 2.5e-19 3.82e-22 8.02e-22
86 1.8 2.36e-19 3.62e-22 7.59e-22
86.1 1.8 2.23e-19 3.42e-22 7.18e-22
86.2 1.8 2.11e-19 3.24e-22 6.79e-22
86.3 1.8 2e-19 3.06e-22 6.42e-22
86.4 1.8 1.89e-19 2.9e-22 6.08e-22
86.5 1.8 1.79e-19 2.74e-22 5.75e-22
86.6 1.8 1.69e-19 2.59e-22 5.44e-22
86.7 1.8 1.6e-19 2.45e-22 5.14e-22
86.8 1.8 1.51e-19 2.32e-22 4.86e-22
86.9 1.8 1.43e-19 2.19e-22 4.6e-22
87 1.8 1.36e-19 2.07e-22 4.35e-22
87.1 1.8 1.28e-19 1.96e-22 4.12e-22
87.2 1.8 1.21e-19 1.86e-22 3.9e-22
87.3 1.8 1.15e-19 1.76e-22 3.68e-22
87.4 1.8 1.09e-19 1.66e-22 3.49e-22
87.5 1.8 1.03e-19 1.57e-22 3.3e-22
87.6 1.8 9.71e-20 1.49e-22 3.12e-22
87.7 1.8 9.19e-20 1.41e-22 2.95e-22
87.8 1.8 8.69e-20 1.33e-22 2.79e-22
87.9 1.8 8.22e-20 1.26e-22 2.64e-22
88 1.8 7.78e-20 1.19e-22 2.5e-22
88.1 1.8 7.36e-20 1.13e-22 2.36e-22
88.2 1.8 6.96e-20 1.07e-22 2.24e-22
88.3 1.8 6.58e-20 1.01e-22 2.11e-22
88.4 1.8 6.23e-20 9.53e-23 2e-22
88.5 1.8 5.89e-20 9.02e-23 1.89e-22
88.6 1.8 5.57e-20 8.53e-23 1.79e-22
88.7 1.8 5.27e-20 8.07e-23 1.69e-22
88.8 1.8 4.99e-20 7.63e-23 1.6e-22
88.9 1.8 4.72e-20 7.22e-23 1.51e-22
89 1.8 4.46e-20 6.83e-23 1.43e-22
89.1 1.8 4.22e-20 6.46e-23 1.36e-22
89.2 1.8 3.99e-20 6.11e-23 1.28e-22
89.3 1.8 3.78e-20 5.78e-23 1.21e-22
89.4 1.8 3.57e-20 5.47e-23 1.15e-22
89.5 1.8 3.38e-20 5.17e-23 1.09e-22
89.6 1.8 3.2e-20 4.89e-23 1.03e-22
89.7 1.8 3.02e-20 4.63e-23 9.71e-23
89.8 1.8 2.86e-20 4.38e-23 9.19e-23
89.9 1.8 2.71e-20 4.14e-23 8.69e-23
90 1.8 2.56e-20 3.92e-23 8.22e-23
90.1 1.8 2.42e-20 3.71e-23 7.78e-23
90.2 1.8 2.29e-20 3.51e-23 7.36e-23
90.3 1.8 2.17e-20 3.32e-23 6.96e-23
90.4 1.8 2.05e-20 3.14e-23 6.58e-23
90.5 1.8 1.94e-20 2.97e-23 6.23e-23
90.6 1.8 1.83e-20 2.81e-23 5.89e-23
90.7 1.8 1.74e-20 2.66e-23 5.57e-23
90.8 1.8 1.64e-20 2.51e-23 5.27e-23
90.9 1.8 1.55e-20 2.38e-23 4.99e-23
91 1.8 1.47e-20 2.25e-23 4.72e-23
91.1 1.8 1.39e-20 2.13e-23 4.46e-23
91.2 1.8 1.31e-20 2.01e-23 4.22e-23
91.3 1.8 1.24e-20 1.9e-23 3.99e-23
91.4 1.8 1.18e-20 1.8e-23 3.78e-23
91.5 1.8 1.11e-20 1.7e-23 3.57e-23
91.6 1.8 1.05e-20 1.61e-23 3.38e-23
91.7 1.8 9.96e-21 1.52e-23 3.2e-23
91.8 1.8 9.42e-21 1.44e-23 3.02e-23
91.9 1.8 8.91e-21 1.36e-23 2.86e-23
92 1.8 8.43e-21 1.29e-23 2.71e-23
92.1 1.8 7.97e-21 1.22e-23 2.56e-23
92.2 1.8 7.54e-21 1.15e-23 2.42e-23
92.3 1.8 7.13e-21 1.09e-23 2.29e-23
92.4 1.8 6.75e-21 1.03e-23 2.17e-23
92.5 1.8 6.38e-21 9.77e-24 2.05e-23
92.6 1.8 6.04e-21 9.24e-24 1.94e-23
92.7 1.8 5.71e-21 8.74e-24 1.83e-23
92.8 1.8 5.4e-21 8.27e-24 1.74e-23
92.9 1.8 5.11e-21 7.82e-24 1.64e-23
93 1.8 4.83e-21 7.4e-24 1.55e-23
93.1 1.8 4.57e-21 7e-24 1.47e-23
93.2 1.8 4.33e-21 6.62e-24 1.39e-23
93.3 1.8 4.09e-21 6.27e-24 1.31e-23
93.4 1.8 3.87e-21 5.93e-24 1.24e-23
93.5 1.8 3.66e-21 5.61e-24 1.18e-23
93.6 1.8 3.46e-21 5.3e-24 1.11e-23
93.7 1.8 3.28e-21 5.02e-24 1.05e-23
93.8 1.8 3.1e-21 4.75e-24 9.96e-24
93.9 1.8 2.93e-21 4.49e-24 9.42e-24
94 1.8 2.77e-21 4.25e-24 8.91e-24
94.1 1.8 2.62e-21 4.02e-24 8.43e-24
94.2 1.8 2.48e-21 3.8e-24 7.97e-24
94.3 1.8 2.35e-21 3.59e-24 7.54e-24
94.4 1.8 2.22e-21 3.4e-24 7.13e-24
94.5 1.8 2.1e-21 3.22e-24 6.75e-24
94.6 1.8 1.99e-21 3.04e-24 6.38e-24
94.7 1.8 1.88e-21 2.88e-24 6.04e-24
94.8 1.8 1.78e-21 2.72e-24 5.71e-24
94.9 1.8 1.68e-21 2.58e-24 5.4e-24
95 1.8 1.59e-21 2.44e-24 5.11e-24
95.1 1.8 1.51e-21 2.3e-24 4.84e-24
95.2 1.8 1.42e-21 2.18e-24 4.57e-24
95.3 1.8 1.35e-21 2.06e-24 4.33e-24
95.4 1.8 1.27e-21 1.95e-24 4.09e-24
95.5 1.8 1.21e-21 1.85e-24 3.87e-24
95.6 1.8 1.14e-21 1.75e-24 3.66e-24
95.7 1.8 1.08e-21 1.65e-24 3.47e-24
95.8 1.8 1.02e-21 1.56e-24 3.28e-24
95.9 1.8 9.65e-22 1.48e-24 3.1e-24
96 1.8 9.13e-22 1.4e-24 2.93e-24
96.1 1.8 8.64e-22 1.32e-24 2.77e-24
96.2 1.8 8.17e-22 1.25e-24 2.62e-24
96.3 1.8 7.73e-22 1.18e-24 2.48e-24
96.4 1.8 7.31e-22 1.12e-24 2.35e-24
96.5 1.8 6.92e-22 1.06e-24 2.22e-24
96.6 1.8 6.54e-22 1e-24 2.1e-24
96.7 1.8 6.19e-22 9.48e-25 1.99e-24
96.8 1.8 5.86e-22 8.96e-25 1.88e-24
96.9 1.8 5.54e-22 8.48e-25 1.78e-24
97 1.8 5.24e-22 8.02e-25 1.68e-24
97.1 1.8 4.96e-22 7.59e-25 1.59e-24
97.2 1.8 4.69e-22 7.18e-25 1.51e-24
97.3 1.8 4.44e-22 6.79e-25 1.42e-24
97.4 1.8 4.2e-22 6.42e-25 1.35e-24
97.5 1.8 3.97e-22 6.08e-25 1.27e-24
97.6 1.8 3.75e-22 5.75e-25 1.21e-24
97.7 1.8 3.55e-22 5.44e-25 1.14e-24
97.8 1.8 3.36e-22 5.14e-25 1.08e-24
97.9 1.8 3.18e-22 4.86e-25 1.02e-24
98 1.8 3.01e-22 4.6e-25 9.66e-25
98.1 1.8 2.84e-22 4.35e-25 9.13e-25
98.2 1.8 2.69e-22 4.12e-25 8.64e-25
98.3 1.8 2.54e-22 3.9e-25 8.17e-25
98.4 1.8 2.41e-22 3.68e-25 7.73e-25
98.5 1.8 2.28e-22 3.49e-25 7.31e-25
98.6 1.8 2.15e-22 3.3e-25 6.92e-25
98.7 1.8 2.04e-22 3.12e-25 6.54e-25
98.8 1.8 1.93e-22 2.95e-25 6.19e-25
98.9 1.8 1.82e-22 2.79e-25 5.86e-25
99 1.8 1.72e-22 2.64e-25 5.54e-25
99.1 1.8 1.63e-22 2.5e-25 5.24e-25
99.2 1.8 1.54e-22 2.36e-25 4.96e-25
99.3 1.8 1.46e-22 2.24e-25 4.69e-25
99.4 1.8 1.38e-22 2.11e-25 4.44e-25
99.5 1.8 1.31e-22 2e-25 4.2e-25
99.6 1.8 1.24e-22 1.89e-25 3.97e-25
99.7 1.8 1.17e-22 1.79e-25 3.76e-25
99.8 1.8 1.11e-22 1.69e-25 3.55e-25
99.9 1.8 1.05e-22 1.6e-25 3.36e-25
