-25 7.4 0.0668 1.95e-08 7.5e-09
-24.9 7.4 0.0676 2.08e-08 7.25e-09
-24.8 7.4 0.0685 2.1e-08 8e-09
-24.7 7.4 0.0694 2.23e-08 7.75e-09
-24.6 7.4 0.0702 2.3e-08 8e-09
-24.5 7.4 0.0711 2.42e-08 8.75e-09
-24.4 7.4 0.072 2.45e-08 8.5e-09
-24.3 7.4 0.0729 2.55e-08 9.5e-09
-24.2 7.4 0.0738 2.6e-08 9e-09
-24.1 7.4 0.0747 2.68e-08 9.25e-09
-24 7.4 0.0757 2.83e-08 9.75e-09
-23.9 7.4 0.0766 2.9e-08 1e-08
-23.8 7.4 0.0776 2.97e-08 1.03e-08
-23.7 7.4 0.0785 3.05e-08 1.05e-08
-23.6 7.4 0.0795 3.12e-08 1.08e-08
-23.5 7.4 0.0805 3.23e-08 1.08e-08
-23.4 7.4 0.0815 3.27e-08 1.12e-08
-23.3 7.4 0.0825 3.42e-08 1.17e-08
-23.2 7.4 0.0835 3.45e-08 1.15e-08
-23.1 7.4 0.0846 3.57e-08 1.23e-08
-23 7.4 0.0856 3.65e-08 1.25e-08
-22.9 7.4 0.0867 3.77e-08 1.32e-08
-22.8 7.4 0.0877 3.9e-08 1.3e-08
-22.7 7.4 0.0888 3.98e-08 1.32e-08
-22.6 7.4 0.0899 4.05e-08 1.35e-08
-22.5 7.4 0.091 4.13e-08 1.38e-08
-22.4 7.4 0.0921 4.22e-08 1.47e-08
-22.3 7.4 0.0932 4.35e-08 1.45e-08
-22.2 7.4 0.0944 4.43e-08 1.47e-08
-22.1 7.4 0.0955 4.58e-08 1.53e-08
-22 7.4 0.0967 4.63e-08 1.57e-08
-21.9 7.4 0.0978 4.75e-08 1.65e-08
-21.8 7.4 0.099 4.82e-08 1.68e-08
-21.7 7.4 0.1 5.25e-08 1.75e-08
-21.6 7.4 0.101 4.75e-08 2.25e-08
-21.5 7.4 0.103 5.25e-08 1.75e-08
-21.4 7.4 0.104 5.25e-08 1.75e-08
-21.3 7.4 0.105 5.25e-08 1.75e-08
-21.2 7.4 0.106 5.25e-08 1.75e-08
-21.1 7.4 0.108 5.25e-08 1.75e-08
-21 7.4 0.109 6e-08 2e-08
-20.9 7.4 0.11 5.5e-08 2.5e-08
-20.8 7.4 0.112 5.5e-08 2.5e-08
-20.7 7.4 0.113 6e-08 2e-08
-20.6 7.4 0.114 6e-08 2e-08
-20.5 7.4 0.116 6e-08 2e-08
-20.4 7.4 0.117 6.25e-08 2.75e-08
-20.3 7.4 0.118 6.25e-08 2.75e-08
-20.2 7.4 0.12 6.25e-08 2.75e-08
-20.1 7.4 0.121 6.75e-08 2.25e-08
-20 7.4 0.123 6e-08 2e-08
-19.9 7.4 0.124 6.25e-08 2.75e-08
-19.8 7.4 0.126 6.75e-08 2.25e-08
-19.7 7.4 0.127 7e-08 3e-08
-19.6 7.4 0.128 6.75e-08 2.25e-08
-19.5 7.4 0.13 7e-08 3e-08
-19.4 7.4 0.131 7e-08 3e-08
-19.3 7.4 0.133 7e-08 3e-08
-19.2 7.4 0.135 6.75e-08 2.25e-08
-19.1 7.4 0.136 6.5e-08 2.5e-08
-19 7.4 0.138 6.25e-08 2.75e-08
-18.9 7.4 0.139 7e-08 3e-08
-18.8 7.4 0.141 6.5e-08 3.5e-08
-18.7 7.4 0.142 7e-08 3e-08
-18.6 7.4 0.144 6.75e-08 3.25e-08
-18.5 7.4 0.146 7e-08 3e-08
-18.4 7.4 0.147 6.75e-08 3.25e-08
-18.3 7.4 0.149 1.55e-07 1.25e-07
-18.2 7.4 0.151 1.8e-07 1.4e-07
-18.1 7.4 0.152 2.05e-07 1.55e-07
-18 7.4 0.154 2.32e-07 1.68e-07
-17.9 7.4 0.156 2.9e-07 1.5e-07
-17.8 7.4 0.158 3.15e-07 1.55e-07
-17.7 7.4 0.159 1.93e-07 7.75e-08
-17.6 7.4 0.161 5.75e-08 9.25e-08
-17.5 7.4 0.163 1.78e-06 7.5e-07
-17.4 7.4 0.165 1.8e-07 1.7e-07
-17.3 7.4 0.167 1.2e-07 7e-08
-17.2 7.4 0.169 1.05e-07 5.5e-08
-17.1 7.4 0.17 9.5e-08 4.5e-08
-17 7.4 0.172 9.25e-08 3.75e-08
-16.9 7.4 0.174 9.25e-08 3.75e-08
-16.8 7.4 0.176 9e-08 4e-08
-16.7 7.4 0.178 8.75e-08 3.25e-08
-16.6 7.4 0.18 8e-08 3e-08
-16.5 7.4 0.182 8e-08 3e-08
-16.4 7.4 0.184 8e-08 3e-08
-16.3 7.4 0.186 8e-08 3e-08
-16.2 7.4 0.188 8e-08 3e-08
-16.1 7.4 0.19 8e-08 3e-08
-16 7.4 0.192 7.25e-08 2.75e-08
-15.9 7.4 0.194 7.5e-08 2.5e-08
-15.8 7.4 0.196 7.25e-08 2.75e-08
-15.7 7.4 0.198 6.75e-08 2.25e-08
-15.6 7.4 0.2 6.75e-08 2.25e-08
-15.5 7.4 0.202 7e-08 3e-08
-15.4 7.4 0.204 6.75e-08 2.25e-08
-15.3 7.4 0.207 6.75e-08 2.25e-08
-15.2 7.4 0.209 6e-08 2e-08
-15.1 7.4 0.211 6e-08 2e-08
-15 7.4 0.213 6e-08 2e-08
-14.9 7.4 0.215 6e-08 2e-08
-14.8 7.4 0.217 6e-08 2e-08
-14.7 7.4 0.22 5.25e-08 1.75e-08
-14.6 7.4 0.222 5.25e-08 1.75e-08
-14.5 7.4 0.224 4.5e-08 1.5e-08
-14.4 7.4 0.226 4.5e-08 1.5e-08
-14.3 7.4 0.229 4e-08 2e-08
-14.2 7.4 0.231 3.75e-08 1.25e-08
-14.1 7.4 0.233 3.75e-08 1.25e-08
-14 7.4 0.236 3.25e-08 1.75e-08
-13.9 7.4 0.238 3.5e-08 1.5e-08
-13.8 7.4 0.24 2.5e-08 1.5e-08
-13.7 7.4 0.243 3e-08 1e-08
-13.6 7.4 0.245 2.25e-08 7.5e-09
-13.5 7.4 0.248 1.75e-08 1.25e-08
-13.4 7.4 0.25 2e-08 1e-08
-13.3 7.4 0.252 3.25e-08 1.75e-08
-13.2 7.4 0.255 2.25e-08 7.5e-09
-13.1 7.4 0.257 1.5e-08 5e-09
-13 7.4 0.26 5e-09 5e-09
-12.9 7.4 0.262 2.5e-09 7.5e-09
-12.8 7.4 0.265 0 0
-12.7 7.4 0.267 7.5e-09 2.5e-09
-12.6 7.4 0.27 1e-08 1e-08
-12.5 7.4 0.272 5.25e-08 1.17e-07
-12.4 7.4 0.275 2.75e-08 2.25e-08
-12.3 7.4 0.277 2.25e-08 2.75e-08
-12.2 7.4 0.28 2e-08 3e-08
-12.1 7.4 0.282 1.25e-08 2.75e-08
-12 7.4 0.285 1.75e-08 3.25e-08
-11.9 7.4 0.288 1.5e-08 3.5e-08
-11.8 7.4 0.29 2e-08 4e-08
-11.7 7.4 0.293 1.5e-08 4.5e-08
-11.6 7.4 0.296 2.25e-08 4.75e-08
-11.5 7.4 0.298 2.5e-08 5.5e-08
-11.4 7.4 0.301 2.5e-08 5.5e-08
-11.3 7.4 0.303 3e-08 6e-08
-11.2 7.4 0.306 4.5e-08 4.5e-08
-11.1 7.4 0.309 5e-08 8e-08
-11 7.4 0.312 3.25e-08 7.75e-08
-10.9 7.4 0.314 3.5e-08 8.5e-08
-10.8 7.4 0.317 3.25e-08 8.75e-08
-10.7 7.4 0.32 3.75e-08 9.25e-08
-10.6 7.4 0.322 3.25e-08 9.75e-08
-10.5 7.4 0.325 3.25e-08 9.75e-08
-10.4 7.4 0.328 3.5e-08 1.05e-07
-10.3 7.4 0.331 3.5e-08 1.05e-07
-10.2 7.4 0.333 3.5e-08 1.05e-07
-10.1 7.4 0.336 4e-08 1.2e-07
-10 7.4 0.339 4.5e-08 1.15e-07
-9.9 7.4 0.342 4e-08 1.2e-07
-9.8 7.4 0.344 4.25e-08 1.27e-07
-9.7 7.4 0.347 4.25e-08 1.27e-07
-9.6 7.4 0.35 4.5e-08 1.35e-07
-9.5 7.4 0.353 5.25e-08 1.38e-07
-9.4 7.4 0.356 5.25e-08 1.38e-07
-9.3 7.4 0.358 5.5e-08 1.45e-07
-9.2 7.4 0.361 5e-08 1.5e-07
-9.1 7.4 0.364 5.75e-08 1.52e-07
-9 7.4 0.367 5.75e-08 1.52e-07
-8.9 7.4 0.37 6.5e-08 1.55e-07
-8.8 7.4 0.372 6e-08 1.6e-07
-8.7 7.4 0.375 6.75e-08 1.63e-07
-8.6 7.4 0.378 7e-08 1.7e-07
-8.5 7.4 0.381 6.5e-08 1.75e-07
-8.4 7.4 0.384 6.5e-08 1.75e-07
-8.3 7.4 0.386 7.25e-08 1.77e-07
-8.2 7.4 0.389 7.25e-08 1.77e-07
-8.1 7.4 0.392 8e-08 1.8e-07
-8 7.4 0.395 7.25e-08 1.77e-07
-7.9 7.4 0.398 7.5e-08 1.85e-07
-7.8 7.4 0.4 8.25e-08 1.88e-07
-7.7 7.4 0.403 7.5e-08 1.85e-07
-7.6 7.4 0.406 7.5e-08 1.85e-07
-7.5 7.4 0.409 8.25e-08 1.88e-07
-7.4 7.4 0.412 7.75e-08 1.93e-07
-7.3 7.4 0.414 7.75e-08 1.93e-07
-7.2 7.4 0.417 8.25e-08 1.88e-07
-7.1 7.4 0.42 8.5e-08 1.95e-07
-7 7.4 0.423 8.5e-08 1.95e-07
-6.9 7.4 0.425 8.5e-08 1.95e-07
-6.8 7.4 0.428 8.5e-08 1.95e-07
-6.7 7.4 0.431 8.25e-08 1.88e-07
-6.6 7.4 0.434 9e-08 1.9e-07
-6.5 7.4 0.436 8.25e-08 1.88e-07
-6.4 7.4 0.439 9e-08 1.9e-07
-6.3 7.4 0.442 9e-08 1.9e-07
-6.2 7.4 0.445 9e-08 1.9e-07
-6.1 7.4 0.447 8e-08 1.8e-07
-6 7.4 0.45 9.5e-08 1.75e-07
-5.9 7.4 0.453 8.75e-08 1.82e-07
-5.8 7.4 0.455 9.25e-08 1.77e-07
-5.7 7.4 0.458 8.75e-08 1.72e-07
-5.6 7.4 0.461 9e-08 1.7e-07
-5.5 7.4 0.463 8.75e-08 1.63e-07
-5.4 7.4 0.466 8e-08 1.6e-07
-5.3 7.4 0.468 8.5e-08 1.55e-07
-5.2 7.4 0.471 8.5e-08 1.55e-07
-5.1 7.4 0.474 8.25e-08 1.47e-07
-5 7.4 0.476 8.75e-08 1.43e-07
-4.9 7.4 0.479 9.25e-08 1.38e-07
-4.8 7.4 0.481 2.38e-07 2.93e-07
-4.7 7.4 0.484 2.72e-07 3.58e-07
-4.6 7.4 0.486 2.98e-07 4.13e-07
-4.5 7.4 0.489 2.4e-07 5.3e-07
-4.4 7.4 0.491 2.6e-07 1.8e-07
-4.3 7.4 0.494 1.72e-07 2.58e-07
-4.2 7.4 0.496 8e-08 1.7e-07
-4.1 7.4 0.498 6.25e-08 1.38e-07
-4 7.4 0.501 4.5e-08 1.25e-07
-3.9 7.4 0.503 4.25e-08 1.17e-07
-3.8 7.4 0.505 3.5e-08 1.05e-07
-3.7 7.4 0.508 3.75e-08 9.25e-08
-3.6 7.4 0.51 3.5e-08 8.5e-08
-3.5 7.4 0.512 3e-08 8e-08
-3.4 7.4 0.515 3e-08 7e-08
-3.3 7.4 0.517 2.75e-08 6.25e-08
-3.2 7.4 0.519 4.75e-08 1.12e-07
-3.1 7.4 0.521 3.5e-08 8.5e-08
-3 7.4 0.523 2.75e-08 6.25e-08
-2.9 7.4 0.525 2.75e-08 3.25e-08
-2.8 7.4 0.527 7.5e-09 1.25e-08
-2.7 7.4 0.53 1e-08 2e-08
-2.6 7.4 0.532 2.5e-09 7.5e-09
-2.5 7.4 0.534 0 0
-2.4 7.4 0.536 2.25e-08 1.75e-08
-2.3 7.4 0.537 1.5e-08 1.5e-08
-2.2 7.4 0.539 2.75e-08 1.25e-08
-2.1 7.4 0.541 3.25e-08 1.75e-08
-2 7.4 0.543 4.25e-08 1.75e-08
-1.9 7.4 0.545 5.25e-08 1.75e-08
-1.8 7.4 0.547 6e-08 2e-08
-1.7 7.4 0.549 7.25e-08 2.75e-08
-1.6 7.4 0.55 7.5e-08 2.5e-08
-1.5 7.4 0.552 8.25e-08 2.75e-08
-1.4 7.4 0.554 9.25e-08 3.75e-08
-1.3 7.4 0.555 1e-07 4e-08
-1.2 7.4 0.557 1.15e-07 4.5e-08
-1.1 7.4 0.559 1.22e-07 4.75e-08
-1 7.4 0.56 1.3e-07 5e-08
-0.9 7.4 0.562 1.33e-07 5.75e-08
-0.8 7.4 0.563 1.45e-07 5.5e-08
-0.7 7.4 0.565 1.55e-07 6.5e-08
-0.6 7.4 0.566 1.63e-07 6.75e-08
-0.5 7.4 0.567 1.63e-07 6.75e-08
-0.4 7.4 0.569 1.77e-07 7.25e-08
-0.3 7.4 0.57 1.85e-07 7.5e-08
-0.2 7.4 0.571 1.93e-07 7.75e-08
-0.1 7.4 0.573 2e-07 8e-08
-1.33e-15 7.4 0.574 2.07e-07 8.25e-08
0.1 7.4 0.575 2.15e-07 8.5e-08
0.2 7.4 0.576 2.18e-07 9.25e-08
0.3 7.4 0.577 2.25e-07 9.5e-08
0.4 7.4 0.578 2.32e-07 9.75e-08
0.5 7.4 0.579 2.4e-07 1e-07
0.6 7.4 0.58 2.43e-07 1.08e-07
0.7 7.4 0.581 2.5e-07 1.1e-07
0.8 7.4 0.582 2.62e-07 1.08e-07
0.9 7.4 0.583 2.65e-07 1.15e-07
1 7.4 0.584 2.65e-07 1.15e-07
1.1 7.4 0.585 2.75e-07 1.25e-07
1.2 7.4 0.585 2.8e-07 1.2e-07
1.3 7.4 0.586 2.85e-07 1.25e-07
1.4 7.4 0.587 2.88e-07 1.22e-07
1.5 7.4 0.587 2.9e-07 1.3e-07
1.6 7.4 0.588 2.98e-07 1.33e-07
1.7 7.4 0.588 2.98e-07 1.33e-07
1.8 7.4 0.589 3.03e-07 1.27e-07
1.9 7.4 0.589 3.05e-07 1.35e-07
2 7.4 0.59 3.13e-07 1.38e-07
2.1 7.4 0.59 3.13e-07 1.38e-07
2.2 7.4 0.591 3.2e-07 1.4e-07
2.3 7.4 0.591 3.2e-07 1.4e-07
2.4 7.4 0.591 3.2e-07 1.4e-07
2.5 7.4 0.591 3.2e-07 1.4e-07
2.6 7.4 0.592 3.25e-07 1.45e-07
2.7 7.4 0.592 3.2e-07 1.4e-07
2.8 7.4 0.592 3.27e-07 1.43e-07
2.9 7.4 0.592 3.27e-07 1.43e-07
3 7.4 0.592 3.2e-07 1.4e-07
3.1 7.4 0.592 3.27e-07 1.43e-07
3.2 7.4 0.592 3.27e-07 1.43e-07
3.3 7.4 0.592 3.2e-07 1.4e-07
3.4 7.4 0.592 3.25e-07 1.45e-07
3.5 7.4 0.591 3.2e-07 1.4e-07
3.6 7.4 0.591 3.2e-07 1.4e-07
3.7 7.4 0.591 3.2e-07 1.4e-07
3.8 7.4 0.591 3.2e-07 1.4e-07
3.9 7.4 0.59 3.13e-07 1.38e-07
4 7.4 0.59 3.13e-07 1.38e-07
4.1 7.4 0.589 3.05e-07 1.35e-07
4.2 7.4 0.589 3.03e-07 1.27e-07
4.3 7.4 0.588 2.98e-07 1.33e-07
4.4 7.4 0.588 2.98e-07 1.33e-07
4.5 7.4 0.587 2.9e-07 1.3e-07
4.6 7.4 0.587 2.88e-07 1.22e-07
4.7 7.4 0.586 2.85e-07 1.25e-07
4.8 7.4 0.585 2.8e-07 1.2e-07
4.9 7.4 0.585 2.75e-07 1.25e-07
5 7.4 0.584 2.65e-07 1.15e-07
5.1 7.4 0.583 2.65e-07 1.15e-07
5.2 7.4 0.582 2.62e-07 1.08e-07
5.3 7.4 0.581 2.5e-07 1.1e-07
5.4 7.4 0.58 2.43e-07 1.08e-07
5.5 7.4 0.579 2.4e-07 1e-07
5.6 7.4 0.578 2.32e-07 9.75e-08
5.7 7.4 0.577 2.25e-07 9.5e-08
5.8 7.4 0.576 2.18e-07 9.25e-08
5.9 7.4 0.575 2.15e-07 8.5e-08
6 7.4 0.574 2.07e-07 8.25e-08
6.1 7.4 0.573 2e-07 8e-08
6.2 7.4 0.571 1.93e-07 7.75e-08
6.3 7.4 0.57 1.85e-07 7.5e-08
6.4 7.4 0.569 1.77e-07 7.25e-08
6.5 7.4 0.567 1.63e-07 6.75e-08
6.6 7.4 0.566 1.63e-07 6.75e-08
6.7 7.4 0.565 1.55e-07 6.5e-08
6.8 7.4 0.563 1.45e-07 5.5e-08
6.9 7.4 0.562 1.33e-07 5.75e-08
7 7.4 0.56 1.3e-07 5e-08
7.1 7.4 0.559 1.22e-07 4.75e-08
7.2 7.4 0.557 1.15e-07 4.5e-08
7.3 7.4 0.555 1e-07 4e-08
7.4 7.4 0.554 9.25e-08 3.75e-08
7.5 7.4 0.552 8.25e-08 2.75e-08
7.6 7.4 0.55 7.5e-08 2.5e-08
7.7 7.4 0.549 7.25e-08 2.75e-08
7.8 7.4 0.547 6e-08 2e-08
7.9 7.4 0.545 5.25e-08 1.75e-08
8 7.4 0.543 4.25e-08 1.75e-08
8.1 7.4 0.541 3.25e-08 1.75e-08
8.2 7.4 0.539 2.75e-08 1.25e-08
8.3 7.4 0.537 1.5e-08 1.5e-08
8.4 7.4 0.536 2.25e-08 1.75e-08
8.5 7.4 0.534 0 0
8.6 7.4 0.532 2.5e-09 7.5e-09
8.7 7.4 0.53 1e-08 2e-08
8.8 7.4 0.527 7.5e-09 1.25e-08
8.9 7.4 0.525 2.75e-08 3.25e-08
9 7.4 0.523 2.75e-08 6.25e-08
9.1 7.4 0.521 3.5e-08 8.5e-08
9.2 7.4 0.519 4.75e-08 1.12e-07
9.3 7.4 0.517 2.75e-08 6.25e-08
9.4 7.4 0.515 3e-08 7e-08
9.5 7.4 0.512 3e-08 8e-08
9.6 7.4 0.51 3.5e-08 8.5e-08
9.7 7.4 0.508 3.75e-08 9.25e-08
9.8 7.4 0.505 3.5e-08 1.05e-07
9.9 7.4 0.503 4.25e-08 1.17e-07
10 7.4 0.501 4.5e-08 1.25e-07
10.1 7.4 0.498 6.25e-08 1.38e-07
10.2 7.4 0.496 8e-08 1.7e-07
10.3 7.4 0.494 1.72e-07 2.58e-07
10.4 7.4 0.491 2.6e-07 1.8e-07
10.5 7.4 0.489 2.4e-07 5.3e-07
10.6 7.4 0.486 2.98e-07 4.13e-07
10.7 7.4 0.484 2.72e-07 3.58e-07
10.8 7.4 0.481 2.38e-07 2.93e-07
10.9 7.4 0.479 9.25e-08 1.38e-07
11 7.4 0.476 8.75e-08 1.43e-07
11.1 7.4 0.474 8.25e-08 1.47e-07
11.2 7.4 0.471 8.5e-08 1.55e-07
11.3 7.4 0.468 8.5e-08 1.55e-07
11.4 7.4 0.466 8e-08 1.6e-07
11.5 7.4 0.463 8.75e-08 1.63e-07
11.6 7.4 0.461 9e-08 1.7e-07
11.7 7.4 0.458 8.75e-08 1.72e-07
11.8 7.4 0.455 9.25e-08 1.77e-07
11.9 7.4 0.453 8.75e-08 1.82e-07
12 7.4 0.45 9.5e-08 1.75e-07
12.1 7.4 0.447 8e-08 1.8e-07
12.2 7.4 0.445 9e-08 1.9e-07
12.3 7.4 0.442 9e-08 1.9e-07
12.4 7.4 0.439 9e-08 1.9e-07
12.5 7.4 0.436 8.25e-08 1.88e-07
12.6 7.4 0.434 9e-08 1.9e-07
12.7 7.4 0.431 8.25e-08 1.88e-07
12.8 7.4 0.428 8.5e-08 1.95e-07
12.9 7.4 0.425 8.5e-08 1.95e-07
13 7.4 0.423 8.5e-08 1.95e-07
13.1 7.4 0.42 8.5e-08 1.95e-07
13.2 7.4 0.417 8.25e-08 1.88e-07
13.3 7.4 0.414 7.75e-08 1.93e-07
13.4 7.4 0.412 7.75e-08 1.93e-07
13.5 7.4 0.409 8.25e-08 1.88e-07
13.6 7.4 0.406 7.5e-08 1.85e-07
13.7 7.4 0.403 7.5e-08 1.85e-07
13.8 7.4 0.4 8.25e-08 1.88e-07
13.9 7.4 0.398 7.5e-08 1.85e-07
14 7.4 0.395 7.25e-08 1.77e-07
14.1 7.4 0.392 8e-08 1.8e-07
14.2 7.4 0.389 7.25e-08 1.77e-07
14.3 7.4 0.386 7.25e-08 1.77e-07
14.4 7.4 0.384 6.5e-08 1.75e-07
14.5 7.4 0.381 6.5e-08 1.75e-07
14.6 7.4 0.378 7e-08 1.7e-07
14.7 7.4 0.375 6.75e-08 1.63e-07
14.8 7.4 0.372 6e-08 1.6e-07
14.9 7.4 0.37 6.5e-08 1.55e-07
15 7.4 0.367 5.75e-08 1.52e-07
15.1 7.4 0.364 5.75e-08 1.52e-07
15.2 7.4 0.361 5e-08 1.5e-07
15.3 7.4 0.358 5.5e-08 1.45e-07
15.4 7.4 0.356 5.25e-08 1.38e-07
15.5 7.4 0.353 5.25e-08 1.38e-07
15.6 7.4 0.35 4.5e-08 1.35e-07
15.7 7.4 0.347 4.25e-08 1.27e-07
15.8 7.4 0.344 4.25e-08 1.27e-07
15.9 7.4 0.342 4e-08 1.2e-07
16 7.4 0.339 4.5e-08 1.15e-07
16.1 7.4 0.336 4e-08 1.2e-07
16.2 7.4 0.333 3.5e-08 1.05e-07
16.3 7.4 0.331 3.5e-08 1.05e-07
16.4 7.4 0.328 3.5e-08 1.05e-07
16.5 7.4 0.325 3.25e-08 9.75e-08
16.6 7.4 0.322 3.25e-08 9.75e-08
16.7 7.4 0.32 3.75e-08 9.25e-08
16.8 7.4 0.317 3.25e-08 8.75e-08
16.9 7.4 0.314 3.5e-08 8.5e-08
17 7.4 0.312 3.25e-08 7.75e-08
17.1 7.4 0.309 5e-08 8e-08
17.2 7.4 0.306 4.5e-08 4.5e-08
17.3 7.4 0.303 3e-08 6e-08
17.4 7.4 0.301 2.5e-08 5.5e-08
17.5 7.4 0.298 2.5e-08 5.5e-08
17.6 7.4 0.296 2.25e-08 4.75e-08
17.7 7.4 0.293 1.5e-08 4.5e-08
17.8 7.4 0.29 2e-08 4e-08
17.9 7.4 0.288 1.5e-08 3.5e-08
18 7.4 0.285 1.75e-08 3.25e-08
18.1 7.4 0.282 1.25e-08 2.75e-08
18.2 7.4 0.28 2e-08 3e-08
18.3 7.4 0.277 2.25e-08 2.75e-08
18.4 7.4 0.275 2.75e-08 2.25e-08
18.5 7.4 0.272 5.25e-08 1.17e-07
18.6 7.4 0.27 1e-08 1e-08
18.7 7.4 0.267 7.5e-09 2.5e-09
18.8 7.4 0.265 0 0
18.9 7.4 0.262 2.5e-09 7.5e-09
19 7.4 0.26 5e-09 5e-09
19.1 7.4 0.257 1.5e-08 5e-09
19.2 7.4 0.255 2.25e-08 7.5e-09
19.3 7.4 0.252 3.25e-08 1.75e-08
19.4 7.4 0.25 2e-08 1e-08
19.5 7.4 0.248 1.75e-08 1.25e-08
19.6 7.4 0.245 2.25e-08 7.5e-09
19.7 7.4 0.243 3e-08 1e-08
19.8 7.4 0.24 2.5e-08 1.5e-08
19.9 7.4 0.238 3.5e-08 1.5e-08
20 7.4 0.236 3.25e-08 1.75e-08
20.1 7.4 0.233 3.75e-08 1.25e-08
20.2 7.4 0.231 3.75e-08 1.25e-08
20.3 7.4 0.229 4e-08 2e-08
20.4 7.4 0.226 4.5e-08 1.5e-08
20.5 7.4 0.224 4.5e-08 1.5e-08
20.6 7.4 0.222 5.25e-08 1.75e-08
20.7 7.4 0.22 5.25e-08 1.75e-08
20.8 7.4 0.217 6e-08 2e-08
20.9 7.4 0.215 6e-08 2e-08
21 7.4 0.213 6e-08 2e-08
21.1 7.4 0.211 6e-08 2e-08
21.2 7.4 0.209 6e-08 2e-08
21.3 7.4 0.207 6.75e-08 2.25e-08
21.4 7.4 0.204 6.75e-08 2.25e-08
21.5 7.4 0.202 7e-08 3e-08
21.6 7.4 0.2 6.75e-08 2.25e-08
21.7 7.4 0.198 6.75e-08 2.25e-08
21.8 7.4 0.196 7.25e-08 2.75e-08
21.9 7.4 0.194 7.5e-08 2.5e-08
22 7.4 0.192 7.25e-08 2.75e-08
22.1 7.4 0.19 8e-08 3e-08
22.2 7.4 0.188 8e-08 3e-08
22.3 7.4 0.186 8e-08 3e-08
22.4 7.4 0.184 8e-08 3e-08
22.5 7.4 0.182 8e-08 3e-08
22.6 7.4 0.18 8e-08 3e-08
22.7 7.4 0.178 8.75e-08 3.25e-08
22.8 7.4 0.176 9e-08 4e-08
22.9 7.4 0.174 9.25e-08 3.75e-08
23 7.4 0.172 9.25e-08 3.75e-08
23.1 7.4 0.17 9.5e-08 4.5e-08
23.2 7.4 0.169 1.05e-07 5.5e-08
23.3 7.4 0.167 1.2e-07 7e-08
23.4 7.4 0.165 1.8e-07 1.7e-07
23.5 7.4 0.163 1.78e-06 7.5e-07
23.6 7.4 0.161 5.75e-08 9.25e-08
23.7 7.4 0.159 1.93e-07 7.75e-08
23.8 7.4 0.158 3.15e-07 1.55e-07
23.9 7.4 0.156 2.9e-07 1.5e-07
24 7.4 0.154 2.32e-07 1.68e-07
24.1 7.4 0.152 2.05e-07 1.55e-07
24.2 7.4 0.151 1.8e-07 1.4e-07
24.3 7.4 0.149 1.55e-07 1.25e-07
24.4 7.4 0.147 6.75e-08 3.25e-08
24.5 7.4 0.146 7e-08 3e-08
24.6 7.4 0.144 6.75e-08 3.25e-08
24.7 7.4 0.142 7e-08 3e-08
24.8 7.4 0.141 6.5e-08 3.5e-08
24.9 7.4 0.139 7e-08 3e-08
25 7.4 0.138 6.25e-08 2.75e-08
25.1 7.4 0.136 6.5e-08 2.5e-08
25.2 7.4 0.135 6.75e-08 2.25e-08
25.3 7.4 0.133 7e-08 3e-08
25.4 7.4 0.131 7e-08 3e-08
25.5 7.4 0.13 7e-08 3e-08
25.6 7.4 0.128 6.75e-08 2.25e-08
25.7 7.4 0.127 7e-08 3e-08
25.8 7.4 0.126 6.75e-08 2.25e-08
25.9 7.4 0.124 6.25e-08 2.75e-08
26 7.4 0.123 6e-08 2e-08
26.1 7.4 0.121 6.75e-08 2.25e-08
26.2 7.4 0.12 6.25e-08 2.75e-08
26.3 7.4 0.118 6.25e-08 2.75e-08
26.4 7.4 0.117 6.25e-08 2.75e-08
26.5 7.4 0.116 6e-08 2e-08
26.6 7.4 0.114 6e-08 2e-08
26.7 7.4 0.113 6e-08 2e-08
26.8 7.4 0.112 5.5e-08 2.5e-08
26.9 7.4 0.11 5.5e-08 2.5e-08
27 7.4 0.109 6e-08 2e-08
27.1 7.4 0.108 5.25e-08 1.75e-08
27.2 7.4 0.106 5.25e-08 1.75e-08
27.3 7.4 0.105 5.25e-08 1.75e-08
27.4 7.4 0.104 5.25e-08 1.75e-08
27.5 7.4 0.103 5.25e-08 1.75e-08
27.6 7.4 0.101 4.75e-08 2.25e-08
27.7 7.4 0.1 5.25e-08 1.75e-08
27.8 7.4 0.099 4.82e-08 1.68e-08
27.9 7.4 0.0978 4.75e-08 1.65e-08
28 7.4 0.0967 4.63e-08 1.57e-08
28.1 7.4 0.0955 4.58e-08 1.53e-08
28.2 7.4 0.0944 4.43e-08 1.47e-08
28.3 7.4 0.0932 4.35e-08 1.45e-08
28.4 7.4 0.0921 4.22e-08 1.47e-08
28.5 7.4 0.091 4.13e-08 1.38e-08
28.6 7.4 0.0899 4.05e-08 1.35e-08
28.7 7.4 0.0888 3.98e-08 1.32e-08
28.8 7.4 0.0877 3.9e-08 1.3e-08
28.9 7.4 0.0867 3.77e-08 1.32e-08
29 7.4 0.0856 3.65e-08 1.25e-08
29.1 7.4 0.0846 3.57e-08 1.23e-08
29.2 7.4 0.0835 3.45e-08 1.15e-08
29.3 7.4 0.0825 3.42e-08 1.17e-08
29.4 7.4 0.0815 3.27e-08 1.12e-08
29.5 7.4 0.0805 3.23e-08 1.08e-08
29.6 7.4 0.0795 3.12e-08 1.08e-08
29.7 7.4 0.0785 3.05e-08 1.05e-08
29.8 7.4 0.0776 2.97e-08 1.03e-08
29.9 7.4 0.0766 2.9e-08 1e-08
30 7.4 0.0757 2.83e-08 9.75e-09
30.1 7.4 0.0747 2.68e-08 9.25e-09
30.2 7.4 0.0738 2.6e-08 9e-09
30.3 7.4 0.0729 2.55e-08 9.5e-09
30.4 7.4 0.072 2.45e-08 8.5e-09
30.5 7.4 0.0711 2.42e-08 8.75e-09
30.6 7.4 0.0702 2.3e-08 8e-09
30.7 7.4 0.0694 2.23e-08 7.75e-09
30.8 7.4 0.0685 2.1e-08 8e-09
30.9 7.4 0.0676 2.08e-08 7.25e-09
31 7.4 0.0668 1.95e-08 7.5e-09
31.1 7.4 0.066 1.93e-08 6.75e-09
31.2 7.4 0.0651 1.83e-08 6.75e-09
31.3 7.4 0.0643 1.78e-08 6.25e-09
31.4 7.4 0.0635 1.68e-08 6.25e-09
31.5 7.4 0.0627 1.62e-08 5.75e-09
31.6 7.4 0.062 1.55e-08 5.5e-09
31.7 7.4 0.0612 1.5e-08 6e-09
31.8 7.4 0.0604 1.45e-08 5.5e-09
31.9 7.4 0.0597 1.4e-08 5e-09
32 7.4 0.0589 1.32e-08 4.75e-09
32.1 7.4 0.0582 1.28e-08 5.25e-09
32.2 7.4 0.0574 1.15e-08 4.5e-09
32.3 7.4 0.0567 1.1e-08 4e-09
32.4 7.4 0.056 1.08e-08 4.25e-09
32.5 7.4 0.0553 1e-08 4e-09
32.6 7.4 0.0546 9.25e-09 3.75e-09
32.7 7.4 0.0539 8.75e-09 3.25e-09
32.8 7.4 0.0532 8.75e-09 3.25e-09
32.9 7.4 0.0525 8e-09 3e-09
33 7.4 0.0519 8e-09 3e-09
33.1 7.4 0.0512 6.5e-09 2.5e-09
33.2 7.4 0.0506 6.5e-09 2.5e-09
33.3 7.4 0.0499 6.5e-09 2.5e-09
33.4 7.4 0.0493 5.75e-09 2.25e-09
33.5 7.4 0.0487 5e-09 2e-09
33.6 7.4 0.048 4.5e-09 2.5e-09
33.7 7.4 0.0474 4.5e-09 2.5e-09
33.8 7.4 0.0468 4.25e-09 1.75e-09
33.9 7.4 0.0462 3.75e-09 2.25e-09
34 7.4 0.0456 3.25e-09 2.75e-09
34.1 7.4 0.0451 3.25e-09 2.75e-09
34.2 7.4 0.0445 3.25e-09 4.75e-09
34.3 7.4 0.0439 4.05e-08 1.45e-08
34.4 7.4 0.0434 1.75e-09 2.25e-09
34.5 7.4 0.0428 5e-10 1.5e-09
34.6 7.4 0.0423 1e-09 1e-09
34.7 7.4 0.0417 2.5e-10 7.5e-10
34.8 7.4 0.0412 0 0
34.9 7.4 0.0406 2.5e-10 7.5e-10
35 7.4 0.0401 5e-10 5e-10
35.1 7.4 0.0396 7.5e-10 1.25e-09
35.2 7.4 0.0391 7.5e-10 1.25e-09
35.3 7.4 0.0386 7.5e-10 1.25e-09
35.4 7.4 0.0381 5e-10 5e-10
35.5 7.4 0.0376 7.5e-10 2.5e-10
35.6 7.4 0.0371 7.5e-10 1.25e-09
35.7 7.4 0.0366 1.75e-09 1.25e-09
35.8 7.4 0.0362 1.75e-09 2.25e-09
35.9 7.4 0.0357 1.75e-09 2.25e-09
36 7.4 0.0352 2.5e-09 3.5e-09
36.1 7.4 0.0348 2.5e-09 3.5e-09
36.2 7.4 0.0343 3e-09 4e-09
36.3 7.4 0.0339 2.25e-09 4.75e-09
36.4 7.4 0.0335 2.75e-09 6.25e-09
36.5 7.4 0.033 3.25e-09 6.75e-09
36.6 7.4 0.0326 3.25e-09 6.75e-09
36.7 7.4 0.0322 3.5e-09 7.5e-09
36.8 7.4 0.0318 3.5e-09 7.5e-09
36.9 7.4 0.0314 3.75e-09 8.25e-09
37 7.4 0.0309 4e-09 9e-09
37.1 7.4 0.0305 4.5e-09 9.5e-09
37.2 7.4 0.0301 4.5e-09 9.5e-09
37.3 7.4 0.0298 4.75e-09 1.03e-08
37.4 7.4 0.0294 4.5e-09 1.05e-08
37.5 7.4 0.029 5e-09 1.1e-08
37.6 7.4 0.0286 4.5e-09 1.05e-08
37.7 7.4 0.0282 2.5e-09 5.5e-09
37.8 7.4 0.0279 2.75e-09 6.25e-09
37.9 7.4 0.0275 2.25e-09 5.75e-09
38 7.4 0.0271 2e-09 6e-09
38.1 7.4 0.0268 2.25e-09 6.75e-09
38.2 7.4 0.0264 2e-09 6e-09
38.3 7.4 0.0261 2.75e-09 6.25e-09
38.4 7.4 0.0258 2.75e-09 6.25e-09
38.5 7.4 0.0254 2.25e-09 6.75e-09
38.6 7.4 0.0251 3e-09 7e-09
38.7 7.4 0.0248 2.25e-09 6.75e-09
38.8 7.4 0.0244 3e-09 7e-09
38.9 7.4 0.0241 2.25e-09 6.75e-09
39 7.4 0.0238 2.5e-09 7.5e-09
39.1 7.4 0.0235 2.25e-09 6.75e-09
39.2 7.4 0.0232 3e-09 7e-09
39.3 7.4 0.0229 2.75e-09 7.25e-09
39.4 7.4 0.0226 2.25e-09 6.75e-09
39.5 7.4 0.0223 2.5e-09 7.5e-09
39.6 7.4 0.022 2.5e-09 7.5e-09
39.7 7.4 0.0217 2.25e-09 6.75e-09
39.8 7.4 0.0214 2.5e-09 7.5e-09
39.9 7.4 0.0211 2.75e-09 7.25e-09
40 7.4 0.0209 2.5e-09 7.5e-09
40.1 7.4 0.0206 2.5e-09 7.5e-09
40.2 7.4 0.0203 2.5e-09 7.5e-09
40.3 7.4 0.0201 2.5e-09 7.5e-09
40.4 7.4 0.0198 2.25e-09 6.75e-09
40.5 7.4 0.0195 2.5e-09 7.5e-09
40.6 7.4 0.0193 2.5e-09 7.5e-09
40.7 7.4 0.019 2.25e-09 6.75e-09
40.8 7.4 0.0188 2.5e-09 7.5e-09
40.9 7.4 0.0185 2.5e-09 7.5e-09
41 7.4 0.0183 2.5e-09 7.5e-09
41.1 7.4 0.018 2.25e-09 6.75e-09
41.2 7.4 0.0178 2.5e-09 7.5e-09
41.3 7.4 0.0176 2.5e-09 7.5e-09
41.4 7.4 0.0173 2.5e-09 7.5e-09
41.5 7.4 0.0171 2.5e-09 7.5e-09
41.6 7.4 0.0169 2.5e-09 7.5e-09
41.7 7.4 0.0167 2.5e-09 7.5e-09
41.8 7.4 0.0164 2.5e-09 7.5e-09
41.9 7.4 0.0162 2.5e-09 7.5e-09
42 7.4 0.016 2.5e-09 7.5e-09
42.1 7.4 0.0158 2.5e-09 7.5e-09
42.2 7.4 0.0156 2.5e-09 7.5e-09
42.3 7.4 0.0154 2.25e-09 6.75e-09
42.4 7.4 0.0152 2.5e-09 7.5e-09
42.5 7.4 0.015 2.25e-09 6.75e-09
42.6 7.4 0.0148 2.25e-09 6.75e-09
42.7 7.4 0.0146 2.25e-09 6.75e-09
42.8 7.4 0.0144 2.5e-09 7.5e-09
42.9 7.4 0.0142 2.25e-09 6.75e-09
43 7.4 0.014 2.25e-09 6.75e-09
43.1 7.4 0.0138 2.5e-09 7.5e-09
43.2 7.4 0.0136 2.5e-09 6.5e-09
43.3 7.4 0.0135 2.25e-09 6.75e-09
43.4 7.4 0.0133 2.25e-09 6.75e-09
43.5 7.4 0.0131 2.25e-09 6.75e-09
43.6 7.4 0.0129 2.25e-09 6.75e-09
43.7 7.4 0.0128 2e-09 6e-09
43.8 7.4 0.0126 2e-09 6e-09
43.9 7.4 0.0124 2.25e-09 6.75e-09
44 7.4 0.0123 2.25e-09 6.75e-09
44.1 7.4 0.0121 2.25e-09 6.75e-09
44.2 7.4 0.0119 2.25e-09 6.75e-09
44.3 7.4 0.0118 2e-09 6e-09
44.4 7.4 0.0116 2e-09 6e-09
44.5 7.4 0.0115 2.25e-09 6.75e-09
44.6 7.4 0.0113 2e-09 6e-09
44.7 7.4 0.0112 2e-09 6e-09
44.8 7.4 0.011 2e-09 6e-09
44.9 7.4 0.0109 2e-09 6e-09
45 7.4 0.0107 2e-09 6e-09
45.1 7.4 0.0106 2e-09 6e-09
45.2 7.4 0.0105 2e-09 6e-09
45.3 7.4 0.0103 2e-09 6e-09
45.4 7.4 0.0102 2e-09 6e-09
45.5 7.4 0.01 2e-09 6e-09
45.6 7.4 0.00991 1.97e-09 5.83e-09
45.7 7.4 0.00978 1.97e-09 5.72e-09
45.8 7.4 0.00965 1.92e-09 5.68e-09
45.9 7.4 0.00952 1.92e-09 5.68e-09
46 7.4 0.00939 1.9e-09 5.6e-09
46.1 7.4 0.00927 1.87e-09 5.52e-09
46.2 7.4 0.00914 1.87e-09 5.52e-09
46.3 7.4 0.00902 1.83e-09 5.48e-09
46.4 7.4 0.0089 1.85e-09 5.45e-09
46.5 7.4 0.00878 1.85e-09 5.35e-09
46.6 7.4 0.00867 1.83e-09 5.28e-09
46.7 7.4 0.00855 1.8e-09 5.3e-09
46.8 7.4 0.00844 1.77e-09 5.22e-09
46.9 7.4 0.00833 1.75e-09 5.15e-09
47 7.4 0.00822 1.75e-09 5.15e-09
47.1 7.4 0.00811 1.72e-09 5.07e-09
47.2 7.4 0.008 1.7e-09 5e-09
47.3 7.4 0.00789 1.7e-09 5e-09
47.4 7.4 0.00779 1.67e-09 4.93e-09
47.5 7.4 0.00768 1.7e-09 4.9e-09
47.6 7.4 0.00758 1.67e-09 4.83e-09
47.7 7.4 0.00748 1.63e-09 4.77e-09
47.8 7.4 0.00738 1.63e-09 4.77e-09
47.9 7.4 0.00728 1.6e-09 4.7e-09
48 7.4 0.00718 1.6e-09 4.7e-09
48.1 7.4 0.00709 1.55e-09 4.55e-09
48.2 7.4 0.00699 1.53e-09 4.57e-09
48.3 7.4 0.0069 1.53e-09 4.48e-09
48.4 7.4 0.00681 1.53e-09 4.48e-09
48.5 7.4 0.00672 1.53e-09 4.38e-09
48.6 7.4 0.00663 1.47e-09 4.32e-09
48.7 7.4 0.00654 1.47e-09 4.32e-09
48.8 7.4 0.00645 1.45e-09 4.25e-09
48.9 7.4 0.00637 1.45e-09 4.25e-09
49 7.4 0.00628 1.4e-09 4.2e-09
49.1 7.4 0.0062 1.42e-09 4.18e-09
49.2 7.4 0.00612 1.37e-09 4.12e-09
49.3 7.4 0.00603 1.35e-09 4.05e-09
49.4 7.4 0.00595 1.37e-09 4.02e-09
49.5 7.4 0.00587 1.35e-09 3.95e-09
49.6 7.4 0.0058 1.35e-09 3.95e-09
49.7 7.4 0.00572 1.37e-09 3.93e-09
49.8 7.4 0.00564 1.33e-09 3.87e-09
49.9 7.4 0.00557 1.35e-09 3.85e-09
50 7.4 0.00549 1.3e-09 3.8e-09
50.1 7.4 0.00542 1.28e-09 3.72e-09
50.2 7.4 0.00535 1.3e-09 3.7e-09
50.3 7.4 0.00528 1.28e-09 3.63e-09
50.4 7.4 0.00521 1.3e-09 3.6e-09
50.5 7.4 0.00514 1.28e-09 3.53e-09
50.6 7.4 0.00507 1.8e-09 2.9e-09
50.7 7.4 0.005 1.42e-09 3.27e-09
50.8 7.4 0.00493 1.5e-09 3.6e-09
50.9 7.4 0.00487 1.28e-09 3.43e-09
51 7.4 0.0048 1.23e-09 3.38e-09
51.1 7.4 0.00474 1.2e-09 3.4e-09
51.2 7.4 0.00468 1.12e-09 3.27e-09
51.3 7.4 0.00461 1.2e-09 3.3e-09
51.4 7.4 0.00455 1.17e-09 3.22e-09
51.5 7.4 0.00449 1.1e-09 3.2e-09
51.6 7.4 0.00443 1.1e-09 3.2e-09
51.7 7.4 0.00437 1.07e-09 3.12e-09
51.8 7.4 0.00431 1.03e-09 3.07e-09
51.9 7.4 0.00426 1.03e-09 3.07e-09
52 7.4 0.0042 1.05e-09 3.05e-09
52.1 7.4 0.00414 1.03e-09 2.98e-09
52.2 7.4 0.00409 9.75e-10 2.93e-09
52.3 7.4 0.00403 1e-09 2.9e-09
52.4 7.4 0.00398 9.5e-10 2.85e-09
52.5 7.4 0.00393 9.75e-10 2.83e-09
52.6 7.4 0.00387 9.75e-10 2.83e-09
52.7 7.4 0.00382 9.5e-10 2.75e-09
52.8 7.4 0.00377 9.5e-10 2.75e-09
52.9 7.4 0.00372 9.5e-10 2.75e-09
53 7.4 0.00367 9.25e-10 2.67e-09
53.1 7.4 0.00362 9.25e-10 2.67e-09
53.2 7.4 0.00357 9.5e-10 2.65e-09
53.3 7.4 0.00352 9e-10 2.6e-09
53.4 7.4 0.00348 8.5e-10 2.55e-09
53.5 7.4 0.00343 8.75e-10 2.52e-09
53.6 7.4 0.00338 8.25e-10 2.47e-09
53.7 7.4 0.00334 8.75e-10 2.52e-09
53.8 7.4 0.0033 8.5e-10 2.45e-09
53.9 7.4 0.00325 8.5e-10 2.45e-09
54 7.4 0.00321 8e-10 2.4e-09
54.1 7.4 0.00316 7.75e-10 2.33e-09
54.2 7.4 0.00312 7.75e-10 2.33e-09
54.3 7.4 0.00308 7.75e-10 2.33e-09
54.4 7.4 0.00304 7.5e-10 2.25e-09
54.5 7.4 0.003 7.5e-10 2.25e-09
54.6 7.4 0.00296 7.75e-10 2.23e-09
54.7 7.4 0.00292 7.25e-10 2.18e-09
54.8 7.4 0.00288 7.5e-10 2.15e-09
54.9 7.4 0.00284 7e-10 2.1e-09
55 7.4 0.0028 7.5e-10 2.15e-09
55.1 7.4 0.00277 7.25e-10 2.07e-09
55.2 7.4 0.00273 7.25e-10 2.07e-09
55.3 7.4 0.00269 7.25e-10 2.07e-09
55.4 7.4 0.00266 6.75e-10 2.02e-09
55.5 7.4 0.00262 6.5e-10 1.95e-09
55.6 7.4 0.00259 7e-10 2e-09
55.7 7.4 0.00255 6.5e-10 1.95e-09
55.8 7.4 0.00252 6.75e-10 1.92e-09
55.9 7.4 0.00248 6.25e-10 1.87e-09
56 7.4 0.00245 6.25e-10 1.87e-09
56.1 7.4 0.00242 6.25e-10 1.87e-09
56.2 7.4 0.00238 6e-10 1.8e-09
56.3 7.4 0.00235 6.5e-10 1.85e-09
56.4 7.4 0.00232 6.25e-10 1.77e-09
56.5 7.4 0.00229 6e-10 1.8e-09
56.6 7.4 0.00226 6.25e-10 1.77e-09
56.7 7.4 0.00223 5.75e-10 1.72e-09
56.8 7.4 0.0022 6e-10 1.7e-09
56.9 7.4 0.00217 5.5e-10 1.65e-09
57 7.4 0.00214 5.5e-10 1.65e-09
57.1 7.4 0.00211 5.75e-10 1.63e-09
57.2 7.4 0.00208 5.75e-10 1.63e-09
57.3 7.4 0.00206 5.25e-10 1.58e-09
57.4 7.4 0.00203 5.25e-10 1.58e-09
57.5 7.4 0.002 5.5e-10 1.55e-09
57.6 7.4 0.00197 5e-10 1.5e-09
57.7 7.4 0.00195 5e-10 1.5e-09
57.8 7.4 0.00192 5.25e-10 1.47e-09
57.9 7.4 0.0019 5e-10 1.5e-09
58 7.4 0.00187 5e-10 1.5e-09
58.1 7.4 0.00185 5.25e-10 1.47e-09
58.2 7.4 0.00182 4.75e-10 1.42e-09
58.3 7.4 0.0018 4.75e-10 1.42e-09
58.4 7.4 0.00177 4.5e-10 1.35e-09
58.5 7.4 0.00175 5e-10 1.4e-09
58.6 7.4 0.00173 4.5e-10 1.35e-09
58.7 7.4 0.0017 4.25e-10 1.28e-09
58.8 7.4 0.00168 4.25e-10 1.28e-09
58.9 7.4 0.00166 4.75e-10 1.33e-09
59 7.4 0.00163 4.5e-10 1.25e-09
59.1 7.4 0.00161 4.25e-10 1.28e-09
59.2 7.4 0.00159 4.25e-10 1.28e-09
59.3 7.4 0.00157 4.5e-10 1.25e-09
59.4 7.4 0.00155 4.5e-10 1.25e-09
59.5 7.4 0.00153 4e-10 1.2e-09
59.6 7.4 0.00151 4e-10 1.2e-09
59.7 7.4 0.00149 4e-10 1.2e-09
59.8 7.4 0.00147 3.75e-10 1.12e-09
59.9 7.4 0.00145 4e-10 1.2e-09
60 7.4 0.00143 3.75e-10 1.12e-09
60.1 7.4 0.00141 4e-10 1.1e-09
60.2 7.4 0.00139 3.5e-10 1.05e-09
60.3 7.4 0.00137 4e-10 1.1e-09
60.4 7.4 0.00135 3.5e-10 1.05e-09
60.5 7.4 0.00134 3.5e-10 1.05e-09
60.6 7.4 0.00132 3.5e-10 1.05e-09
60.7 7.4 0.0013 3.5e-10 1.05e-09
60.8 7.4 0.00128 3.5e-10 1.05e-09
60.9 7.4 0.00127 3.5e-10 1.05e-09
61 7.4 0.00125 3.75e-10 1.03e-09
61.1 7.4 0.00123 3.25e-10 9.75e-10
61.2 7.4 0.00121 3.25e-10 9.75e-10
61.3 7.4 0.0012 3e-10 9e-10
61.4 7.4 0.00118 3e-10 9e-10
61.5 7.4 0.00117 3e-10 9e-10
61.6 7.4 0.00115 3e-10 9e-10
61.7 7.4 0.00114 3e-10 9e-10
61.8 7.4 0.00112 3e-10 9e-10
61.9 7.4 0.00111 3.25e-10 8.75e-10
62 7.4 0.00109 3.25e-10 8.75e-10
62.1 7.4 0.00108 2.75e-10 8.25e-10
62.2 7.4 0.00106 2.75e-10 8.25e-10
62.3 7.4 0.00105 2.75e-10 8.25e-10
62.4 7.4 0.00103 2.75e-10 8.25e-10
62.5 7.4 0.00102 2.75e-10 8.25e-10
62.6 7.4 0.00101 2.5e-10 7.5e-10
62.7 7.4 0.000992 2.7e-10 7.9e-10
62.8 7.4 0.000979 2.68e-10 7.83e-10
62.9 7.4 0.000966 2.65e-10 7.75e-10
63 7.4 0.000953 2.63e-10 7.67e-10
63.1 7.4 0.00094 2.57e-10 7.53e-10
63.2 7.4 0.000927 2.55e-10 7.45e-10
63.3 7.4 0.000915 2.55e-10 7.35e-10
63.4 7.4 0.000903 2.5e-10 7.3e-10
63.5 7.4 0.000891 2.5e-10 7.2e-10
63.6 7.4 0.000879 2.48e-10 7.12e-10
63.7 7.4 0.000867 2.4e-10 7e-10
63.8 7.4 0.000855 2.38e-10 6.93e-10
63.9 7.4 0.000844 2.32e-10 6.77e-10
64 7.4 0.000833 2.3e-10 6.7e-10
64.1 7.4 0.000821 2.27e-10 6.63e-10
64.2 7.4 0.00081 2.25e-10 6.55e-10
64.3 7.4 0.000799 2.23e-10 6.47e-10
64.4 7.4 0.000789 2.2e-10 6.4e-10
64.5 7.4 0.000778 2.15e-10 6.25e-10
64.6 7.4 0.000768 2.15e-10 6.25e-10
64.7 7.4 0.000757 2.1e-10 6.1e-10
64.8 7.4 0.000747 2.08e-10 6.03e-10
64.9 7.4 0.000737 2.05e-10 5.95e-10
65 7.4 0.000727 2.02e-10 5.87e-10
65.1 7.4 0.000718 1.97e-10 5.83e-10
65.2 7.4 0.000708 1.95e-10 5.75e-10
65.3 7.4 0.000698 1.95e-10 5.65e-10
65.4 7.4 0.000689 1.93e-10 5.57e-10
65.5 7.4 0.00068 1.9e-10 5.5e-10
65.6 7.4 0.000671 1.85e-10 5.45e-10
65.7 7.4 0.000662 1.85e-10 5.35e-10
65.8 7.4 0.000653 1.82e-10 5.27e-10
65.9 7.4 0.000644 1.8e-10 5.2e-10
66 7.4 0.000635 1.78e-10 5.13e-10
66.1 7.4 0.000627 1.72e-10 5.07e-10
66.2 7.4 0.000619 1.75e-10 5.05e-10
66.3 7.4 0.00061 1.72e-10 4.97e-10
66.4 7.4 0.000602 1.65e-10 4.85e-10
66.5 7.4 0.000594 1.65e-10 4.85e-10
66.6 7.4 0.000586 1.6e-10 4.7e-10
66.7 7.4 0.000578 1.6e-10 4.7e-10
66.8 7.4 0.00057 1.57e-10 4.63e-10
66.9 7.4 0.000563 1.55e-10 4.55e-10
67 7.4 0.000555 1.57e-10 4.52e-10
67.1 7.4 0.000548 1.52e-10 4.48e-10
67.2 7.4 0.00054 1.52e-10 4.37e-10
67.3 7.4 0.000533 1.48e-10 4.33e-10
67.4 7.4 0.000526 1.45e-10 4.25e-10
67.5 7.4 0.000519 1.45e-10 4.25e-10
67.6 7.4 0.000512 1.45e-10 4.15e-10
67.7 7.4 0.000505 1.4e-10 4.1e-10
67.8 7.4 0.000498 1.42e-10 4.07e-10
67.9 7.4 0.000492 1.37e-10 4.03e-10
68 7.4 0.000485 1.35e-10 3.95e-10
68.1 7.4 0.000479 1.37e-10 3.92e-10
68.2 7.4 0.000472 1.33e-10 3.88e-10
68.3 7.4 0.000466 1.3e-10 3.8e-10
68.4 7.4 0.00046 1.3e-10 3.8e-10
68.5 7.4 0.000453 1.25e-10 3.65e-10
68.6 7.4 0.000447 1.3e-10 3.7e-10
68.7 7.4 0.000441 1.27e-10 3.62e-10
68.8 7.4 0.000435 1.22e-10 3.58e-10
68.9 7.4 0.00043 1.2e-10 3.5e-10
69 7.4 0.000424 1.2e-10 3.5e-10
69.1 7.4 0.000418 1.18e-10 3.43e-10
69.2 7.4 0.000412 1.15e-10 3.35e-10
69.3 7.4 0.000407 1.12e-10 3.28e-10
69.4 7.4 0.000401 1.12e-10 3.28e-10
69.5 7.4 0.000396 1.12e-10 3.28e-10
69.6 7.4 0.000391 1.1e-10 3.2e-10
69.7 7.4 0.000386 1.1e-10 3.2e-10
69.8 7.4 0.00038 1.08e-10 3.13e-10
69.9 7.4 0.000375 1.05e-10 3.05e-10
70 7.4 0.00037 1.05e-10 3.05e-10
70.1 7.4 0.000365 1.02e-10 2.98e-10
70.2 7.4 0.00036 1.02e-10 2.98e-10
70.4 7.4 0.000351 1e-10 2.9e-10
95.2 7.4 1.23e-05 3.25e-12 9.75e-12
95.3 7.4 1.21e-05 3.25e-12 9.75e-12
95.4 7.4 1.2e-05 3.25e-12 9.75e-12
95.5 7.4 1.18e-05 3.25e-12 9.75e-12
95.6 7.4 1.16e-05 3.25e-12 9.75e-12
95.7 7.4 1.15e-05 3.25e-12 9.75e-12
95.8 7.4 1.13e-05 3e-12 9e-12
95.9 7.4 1.12e-05 3.5e-12 9.5e-12
96 7.4 1.1e-05 3e-12 9e-12
96.1 7.4 1.09e-05 3e-12 9e-12
96.2 7.4 1.07e-05 3e-12 9e-12
96.3 7.4 1.06e-05 2.75e-12 8.25e-12
96.4 7.4 1.05e-05 2.75e-12 8.25e-12
96.5 7.4 1.03e-05 2.75e-12 8.25e-12
96.6 7.4 1.02e-05 2.75e-12 8.25e-12
96.7 7.4 1e-05 2.75e-12 8.25e-12
96.8 7.4 9.9e-06 2.83e-12 8.18e-12
96.9 7.4 9.77e-06 2.8e-12 8.1e-12
97 7.4 9.64e-06 2.75e-12 7.95e-12
97.1 7.4 9.51e-06 2.72e-12 7.88e-12
97.2 7.4 9.38e-06 2.7e-12 7.8e-12
97.3 7.4 9.26e-06 2.67e-12 7.72e-12
97.4 7.4 9.13e-06 2.6e-12 7.6e-12
97.5 7.4 9.01e-06 2.6e-12 7.5e-12
97.6 7.4 8.89e-06 2.52e-12 7.38e-12
97.7 7.4 8.77e-06 2.47e-12 7.22e-12
97.8 7.4 8.65e-06 2.47e-12 7.22e-12
97.9 7.4 8.54e-06 2.45e-12 7.05e-12
98 7.4 8.42e-06 2.4e-12 7e-12
98.1 7.4 8.31e-06 2.4e-12 6.9e-12
98.2 7.4 8.2e-06 2.32e-12 6.77e-12
98.3 7.4 8.09e-06 2.3e-12 6.7e-12
98.4 7.4 7.98e-06 2.27e-12 6.62e-12
98.5 7.4 7.87e-06 2.25e-12 6.55e-12
98.6 7.4 7.77e-06 2.22e-12 6.47e-12
98.7 7.4 7.66e-06 2.2e-12 6.4e-12
98.8 7.4 7.56e-06 2.15e-12 6.25e-12
98.9 7.4 7.46e-06 2.12e-12 6.17e-12
99 7.4 7.36e-06 2.1e-12 6.1e-12
99.1 7.4 7.26e-06 2.07e-12 6.02e-12
99.2 7.4 7.16e-06 2.05e-12 5.95e-12
99.3 7.4 7.06e-06 1.97e-12 5.82e-12
99.4 7.4 6.97e-06 1.95e-12 5.75e-12
99.5 7.4 6.88e-06 1.95e-12 5.65e-12
99.6 7.4 6.78e-06 1.9e-12 5.6e-12
99.7 7.4 6.69e-06 1.92e-12 5.57e-12
99.8 7.4 6.6e-06 1.87e-12 5.43e-12
99.9 7.4 6.51e-06 1.82e-12 5.38e-12
