-15 0.0527 0.234 0.0529 1
-14.6 0.0578 0.254 0.0581 1
-14.2 0.0635 0.273 0.0637 1
-13.8 0.0696 0.293 0.0698 1
-13.4 0.0762 0.314 0.0764 1
-13 0.0835 0.335 0.0837 1
-12.6 0.0913 0.357 0.0915 1
-12.2 0.0998 0.38 0.1 1
-11.8 0.109 0.404 0.109 1
-11.4 0.119 0.43 0.119 1
-11 0.129 0.456 0.13 1
-10.6 0.141 0.483 0.141 1
-10.2 0.153 0.511 0.153 1
-9.8 0.166 0.54 0.166 1
-9.4 0.179 0.569 0.18 1
-9 0.194 0.599 0.195 1
-8.6 0.209 0.629 0.21 1
-8.2 0.226 0.66 0.227 1
-7.8 0.243 0.69 0.244 1
-7.4 0.261 0.721 0.262 1
-7 0.279 0.751 0.281 1
-6.6 0.299 0.78 0.301 1
-6.2 0.319 0.809 0.322 1
-5.8 0.34 0.838 0.343 1
-5.4 0.361 0.865 0.365 1
-5 0.383 0.891 0.387 1
-4.6 0.405 0.916 0.41 1
-4.2 0.428 0.939 0.434 1
-3.8 0.451 0.961 0.458 1
-3.4 0.475 0.981 0.482 1
-3 0.498 1 0.506 1
-2.6 0.522 1.02 0.53 1
-2.2 0.545 1.03 0.555 1
-1.8 0.569 1.04 0.579 1
-1.4 0.592 1.05 0.602 1
-1 0.615 1.06 0.626 1
-0.6 0.637 1.07 0.649 1
-0.2 0.659 1.08 0.671 1
0.2 0.681 1.08 0.693 1
0.6 0.702 1.08 0.714 1
1 0.722 1.08 0.735 1
1.4 0.742 1.08 0.754 1
1.8 0.761 1.08 0.773 1.02
2.2 0.779 1.08 0.79 1.01
2.6 0.797 1.07 0.807 1.01
3 0.813 1.07 0.823 1.01
3.4 0.83 1.06 0.838 1.01
3.8 0.845 1.06 0.851 1.01
4.2 0.86 1.05 0.864 1
4.6 0.874 1.05 0.876 1
5 0.888 1.04 0.886 0.999
5.4 0.901 1.03 0.896 0.995
5.8 0.913 1.03 0.904 0.99
6.2 0.925 1.02 0.912 0.985
6.6 0.937 1.02 0.918 0.98
7 0.948 1.01 0.923 0.974
7.4 0.959 1.01 0.928 0.968
7.8 0.969 1.01 0.931 0.961
8.2 0.98 1.01 0.934 0.953
8.6 0.99 1 0.935 0.945
9 1 1 0.935 0.935
9.4 1.01 1 0.935 0.926
9.8 1.02 1.01 0.934 0.915
10.2 1.03 1.01 0.931 0.903
10.6 1.04 1.01 0.928 0.891
11 1.05 1.01 0.923 0.877
11.4 1.06 1.02 0.918 0.863
11.8 1.08 1.02 0.912 0.848
12.2 1.09 1.03 0.904 0.832
12.6 1.1 1.03 0.896 0.815
13 1.11 1.04 0.886 0.797
13.4 1.13 1.05 0.876 0.778
13.8 1.14 1.05 0.864 0.758
14.2 1.15 1.06 0.851 0.737
14.6 1.17 1.06 0.838 0.716
15 1.19 1.07 0.823 0.694
15.4 1.2 1.07 0.807 0.671
15.8 1.22 1.08 0.79 0.647
16.2 1.24 1.08 0.773 0.624
16.6 1.26 1.08 0.754 0.6
17 1.28 1.08 0.735 0.575
17.4 1.3 1.08 0.714 0.55
17.8 1.32 1.08 0.693 0.526
18.2 1.34 1.08 0.671 0.501
18.6 1.36 1.07 0.649 0.476
19 1.39 1.06 0.626 0.452
19.4 1.41 1.05 0.602 0.428
19.8 1.43 1.04 0.579 0.404
20.2 1.45 1.03 0.555 0.381
20.6 1.48 1.02 0.53 0.359
21 1.5 1 0.506 0.337
21.4 1.53 0.981 0.482 0.316
21.8 1.55 0.961 0.458 0.296
22.2 1.57 0.939 0.434 0.276
22.6 1.59 0.916 0.41 0.257
23 1.62 0.891 0.387 0.239
23.4 1.64 0.865 0.365 0.223
23.8 1.66 0.838 0.343 0.207
24.2 1.68 0.809 0.322 0.191
24.6 1.7 0.78 0.301 0.177
25 1.72 0.751 0.281 0.163
25.4 1.74 0.721 0.262 0.151
25.8 1.76 0.69 0.244 0.139
26.2 1.77 0.66 0.227 0.128
26.6 1.79 0.629 0.21 0.117
27 1.81 0.599 0.195 0.108
27.4 1.82 0.569 0.18 0.0989
27.8 1.83 0.54 0.166 0.0906
28.2 1.85 0.511 0.153 0.0829
28.6 1.86 0.483 0.141 0.0758
29 1.87 0.455 0.13 0.0693
29.4 1.88 0.429 0.119 0.0633
29.8 1.89 0.403 0.109 0.0577
30.2 1.9 0.379 0.1 0.0526
30.6 1.91 0.355 0.0915 0.0479
31 1.92 0.332 0.0837 0.0437
31.4 1.92 0.311 0.0764 0.0397
31.8 1.93 0.29 0.0698 0.0361
32.2 1.94 0.271 0.0637 0.0329
32.6 1.94 0.252 0.058 0.0299
33 1.95 0.235 0.0529 0.0271
33.4 1.95 0.218 0.0481 0.0246
33.8 1.96 0.203 0.0438 0.0224
34.2 1.96 0.188 0.0398 0.0203
34.6 1.96 0.175 0.0362 0.0184
35 1.97 0.162 0.0329 0.0167
35.4 1.97 0.15 0.0299 0.0152
35.8 1.97 0.139 0.0271 0.0138
36.2 1.98 0.128 0.0246 0.0125
36.6 1.98 0.119 0.0224 0.0113
37 1.98 0.11 0.0203 0.0102
37.4 1.98 0.101 0.0184 0.00929
37.8 1.98 0.0933 0.0167 0.00842
38.2 1.98 0.0861 0.0151 0.00763
38.6 1.99 0.0794 0.0137 0.00691
39 1.99 0.0731 0.0124 0.00625
39.4 1.99 0.0674 0.0113 0.00566
39.8 1.99 0.062 0.0102 0.00513
40.2 1.99 0.0571 0.00925 0.00465
40.6 1.99 0.0526 0.00837 0.0042
41 1.99 0.0484 0.00758 0.00381
41.4 1.99 0.0445 0.00687 0.00345
41.8 1.99 0.0409 0.00622 0.00312
42.2 1.99 0.0376 0.00563 0.00282
42.6 2 0.0345 0.0051 0.00255
43 2 0.0317 0.00462 0.00231
43.4 2 0.0291 0.00418 0.00209
43.8 2 0.0267 0.00378 0.00189
44.2 2 0.0245 0.00343 0.00171
44.6 2 0.0225 0.0031 0.00155
45 2 0.0207 0.00281 0.0014
45.4 2 0.0189 0.00254 0.00127
45.8 2 0.0174 0.0023 0.00115
46.2 2 0.0159 0.00208 0.00104
46.6 2 0.0146 0.00188 0.000941
47 2 0.0134 0.0017 0.000851
47.4 2 0.0123 0.00154 0.000771
47.8 2 0.0112 0.0014 0.000698
48.2 2 0.0103 0.00126 0.000632
48.6 2 0.00943 0.00114 0.000571
49 2 0.00864 0.00103 0.000517
49.4 2 0.00791 0.000936 0.000468
49.8 2 0.00724 0.000847 0.000424
50.2 2 0.00663 0.000767 0.000384
50.6 2 0.00607 0.000694 0.000347
51 2 0.00555 0.000628 0.000314
51.4 2 0.00508 0.000568 0.000284
51.8 2 0.00465 0.000514 0.000257
52.2 2 0.00425 0.000465 0.000233
52.6 2 0.00389 0.000421 0.000211
53 2 0.00356 0.000381 0.000191
53.4 2 0.00325 0.000345 0.000172
53.8 2 0.00297 0.000312 0.000156
54.2 2 0.00272 0.000282 0.000141
54.6 2 0.00249 0.000255 0.000128
55 2 0.00227 0.000231 0.000115
55.4 2 0.00208 0.000209 0.000105
55.8 2 0.0019 0.000189 9.46e-05
56.2 2 0.00173 0.000171 8.56e-05
56.6 2 0.00158 0.000155 7.75e-05
57 2 0.00145 0.00014 7.01e-05
57.4 2 0.00132 0.000127 6.35e-05
57.8 2 0.00121 0.000115 5.75e-05
58.2 2 0.0011 0.000104 5.2e-05
58.6 2 0.00101 9.4e-05 4.7e-05
59 2 0.00092 8.5e-05 4.25e-05
59.4 2 0.00084 7.7e-05 3.85e-05
59.8 2 0.000767 6.96e-05 3.48e-05
60.2 2 0.000701 6.3e-05 3.15e-05
60.6 2 0.00064 5.7e-05 2.85e-05
61 2 0.000584 5.16e-05 2.58e-05
61.4 2 0.000533 4.67e-05 2.33e-05
61.8 2 0.000486 4.22e-05 2.11e-05
62.2 2 0.000444 3.82e-05 1.91e-05
62.6 2 0.000405 3.46e-05 1.73e-05
63 2 0.000369 3.13e-05 1.56e-05
63.4 2 0.000337 2.83e-05 1.42e-05
63.8 2 0.000308 2.56e-05 1.28e-05
64.2 2 0.000281 2.32e-05 1.16e-05
64.6 2 0.000256 2.1e-05 1.05e-05
65 2 0.000234 1.9e-05 9.49e-06
65.4 2 0.000213 1.72e-05 8.59e-06
65.8 2 0.000194 1.55e-05 7.77e-06
66.2 2 0.000177 1.41e-05 7.03e-06
66.6 2 0.000162 1.27e-05 6.36e-06
67 2 0.000147 1.15e-05 5.75e-06
67.4 2 0.000134 1.04e-05 5.21e-06
67.8 2 0.000122 9.42e-06 4.71e-06
68.2 2 0.000112 8.53e-06 4.27e-06
68.6 2 0.000102 7.72e-06 3.86e-06
69 2 9.28e-05 6.98e-06 3.49e-06
69.4 2 8.46e-05 6.32e-06 3.16e-06
69.8 2 7.71e-05 5.72e-06 2.86e-06
70.2 2 7.03e-05 5.17e-06 2.59e-06
70.6 2 6.41e-05 4.68e-06 2.34e-06
71 2 5.84e-05 4.23e-06 2.12e-06
71.4 2 5.32e-05 3.83e-06 1.92e-06
71.8 2 4.85e-05 3.47e-06 1.73e-06
72.2 2 4.42e-05 3.14e-06 1.57e-06
72.6 2 4.03e-05 2.84e-06 1.42e-06
73 2 3.67e-05 2.57e-06 1.28e-06
73.4 2 3.34e-05 2.32e-06 1.16e-06
73.8 2 3.05e-05 2.1e-06 1.05e-06
74.2 2 2.78e-05 1.9e-06 9.52e-07
74.6 2 2.53e-05 1.72e-06 8.61e-07
75 2 2.3e-05 1.56e-06 7.8e-07
75.4 2 2.1e-05 1.41e-06 7.05e-07
75.8 2 1.91e-05 1.27e-06 6.37e-07
76.2 2 1.74e-05 1.15e-06 5.77e-07
76.6 2 1.58e-05 1.04e-06 5.22e-07
77 2 1.44e-05 9.45e-07 4.73e-07
77.4 2 1.31e-05 8.55e-07 4.28e-07
77.8 2 1.2e-05 7.74e-07 3.87e-07
78.2 2 1.09e-05 7e-07 3.5e-07
78.6 2 9.92e-06 6.33e-07 3.17e-07
79 2 9.03e-06 5.73e-07 2.87e-07
79.4 2 8.22e-06 5.19e-07 2.59e-07
79.8 2 7.49e-06 4.69e-07 2.35e-07
80.2 2 6.82e-06 4.25e-07 2.12e-07
80.6 2 6.21e-06 3.84e-07 1.92e-07
81 2 5.65e-06 3.48e-07 1.74e-07
81.4 2 5.15e-06 3.15e-07 1.57e-07
81.8 2 4.69e-06 2.85e-07 1.42e-07
82.2 2 4.27e-06 2.58e-07 1.29e-07
82.6 2 3.88e-06 2.33e-07 1.17e-07
83 2 3.53e-06 2.11e-07 1.05e-07
83.4 2 3.22e-06 1.91e-07 9.54e-08
83.8 2 2.93e-06 1.73e-07 8.63e-08
84.2 2 2.66e-06 1.56e-07 7.8e-08
84.6 2 2.42e-06 1.41e-07 7.07e-08
85 2 2.21e-06 1.28e-07 6.4e-08
85.4 2 2.01e-06 1.16e-07 5.79e-08
85.8 2 1.83e-06 1.05e-07 5.24e-08
86.2 2 1.66e-06 9.47e-08 4.73e-08
86.6 2 1.51e-06 8.57e-08 4.29e-08
87 2 1.38e-06 7.76e-08 3.88e-08
87.4 2 1.25e-06 7.02e-08 3.51e-08
87.8 2 1.14e-06 6.35e-08 3.18e-08
88.2 2 1.03e-06 5.75e-08 2.87e-08
88.6 2 9.4e-07 5.2e-08 2.6e-08
89 2 8.55e-07 4.7e-08 2.35e-08
89.4 2 7.77e-07 4.26e-08 2.13e-08
89.8 2 7.07e-07 3.85e-08 1.93e-08
90.2 2 6.43e-07 3.49e-08 1.74e-08
90.6 2 5.85e-07 3.15e-08 1.58e-08
91 2 5.32e-07 2.85e-08 1.43e-08
91.4 2 4.84e-07 2.58e-08 1.29e-08
91.8 2 4.4e-07 2.34e-08 1.17e-08
92.2 2 4.01e-07 2.11e-08 1.06e-08
92.6 2 3.65e-07 1.91e-08 9.56e-09
93 2 3.32e-07 1.73e-08 8.66e-09
93.4 2 3.02e-07 1.57e-08 7.84e-09
93.8 2 2.75e-07 1.42e-08 7.09e-09
94.2 2 2.51e-07 1.28e-08 6.41e-09
94.6 2 2.29e-07 1.16e-08 5.8e-09
95 2 2.08e-07 1.05e-08 5.25e-09
95.4 2 1.89e-07 9.49e-09 4.75e-09
95.8 2 1.71e-07 8.59e-09 4.3e-09
96.2 2 1.54e-07 7.77e-09 3.89e-09
96.6 2 1.38e-07 7.04e-09 3.52e-09
97 2 1.24e-07 6.37e-09 3.18e-09
97.4 2 1.12e-07 5.76e-09 2.88e-09
97.8 2 1.01e-07 5.21e-09 2.61e-09
98.2 2 9.28e-08 4.72e-09 2.36e-09
98.6 2 8.61e-08 4.27e-09 2.13e-09
99 2 8.13e-08 3.85e-09 1.93e-09
99.4 2 7.82e-08 3.45e-09 1.73e-09
99.8 2 7.68e-08 3.24e-09 1.62e-09
