-15 0.0799 0.324 0.08 1
-14.6 0.0864 0.345 0.0866 1
-14.2 0.0934 0.366 0.0936 1
-13.8 0.101 0.388 0.101 1
-13.4 0.109 0.41 0.109 1
-13 0.118 0.432 0.118 1
-12.6 0.127 0.455 0.127 1
-12.2 0.136 0.479 0.137 1
-11.8 0.147 0.503 0.147 1
-11.4 0.158 0.528 0.158 1
-11 0.169 0.554 0.17 1
-10.6 0.182 0.58 0.182 1
-10.2 0.194 0.607 0.195 1
-9.8 0.208 0.634 0.209 1
-9.4 0.222 0.662 0.223 1
-9 0.237 0.689 0.238 1
-8.6 0.253 0.716 0.254 1
-8.2 0.269 0.743 0.27 1
-7.8 0.286 0.77 0.287 1
-7.4 0.303 0.797 0.305 1
-7 0.321 0.823 0.323 1
-6.6 0.34 0.849 0.341 1
-6.2 0.358 0.873 0.36 1
-5.8 0.378 0.897 0.38 1
-5.4 0.398 0.92 0.4 1
-5 0.418 0.942 0.421 1
-4.6 0.438 0.963 0.441 1
-4.2 0.459 0.982 0.462 1
-3.8 0.48 1 0.484 1
-3.4 0.501 1.02 0.505 1
-3 0.522 1.03 0.526 1
-2.6 0.543 1.05 0.547 1
-2.2 0.564 1.06 0.568 1
-1.8 0.585 1.07 0.589 1
-1.4 0.605 1.08 0.609 1
-1 0.626 1.09 0.63 1
-0.6 0.646 1.09 0.649 1
-0.2 0.666 1.1 0.669 1
0.2 0.685 1.1 0.687 1
0.6 0.704 1.1 0.705 1
1 0.723 1.1 0.723 1
1.4 0.741 1.11 0.74 1
1.8 0.758 1.1 0.756 0.997
2.2 0.775 1.1 0.771 0.995
2.6 0.792 1.1 0.786 0.992
3 0.808 1.1 0.799 0.99
3.4 0.823 1.1 0.812 0.986
3.8 0.838 1.09 0.824 0.983
4.2 0.853 1.09 0.835 0.979
4.6 0.867 1.09 0.845 0.975
5 0.88 1.08 0.855 0.971
5.4 0.894 1.08 0.863 0.966
5.8 0.906 1.07 0.871 0.961
6.2 0.919 1.07 0.877 0.955
6.6 0.931 1.07 0.883 0.948
7 0.943 1.07 0.888 0.942
7.4 0.955 1.06 0.892 0.934
7.8 0.966 1.06 0.895 0.926
8.2 0.978 1.06 0.897 0.918
8.6 0.989 1.06 0.899 0.909
9 1 1.06 0.899 0.899
9.4 1.01 1.06 0.899 0.889
9.8 1.02 1.06 0.897 0.877
10.2 1.03 1.06 0.895 0.866
10.6 1.05 1.06 0.892 0.853
11 1.06 1.07 0.888 0.84
11.4 1.07 1.07 0.883 0.826
11.8 1.08 1.07 0.877 0.812
12.2 1.09 1.07 0.871 0.796
12.6 1.11 1.08 0.863 0.78
13 1.12 1.08 0.855 0.763
13.4 1.13 1.09 0.845 0.746
13.8 1.15 1.09 0.835 0.728
14.2 1.16 1.09 0.824 0.709
14.6 1.18 1.1 0.812 0.69
15 1.19 1.1 0.799 0.671
15.4 1.21 1.1 0.786 0.651
15.8 1.22 1.1 0.771 0.63
16.2 1.24 1.1 0.756 0.609
16.6 1.26 1.11 0.74 0.588
17 1.28 1.1 0.723 0.566
17.4 1.3 1.1 0.705 0.545
17.8 1.31 1.1 0.687 0.523
18.2 1.33 1.1 0.669 0.501
18.6 1.35 1.09 0.649 0.48
19 1.37 1.09 0.63 0.458
19.4 1.39 1.08 0.609 0.437
19.8 1.41 1.07 0.589 0.416
20.2 1.44 1.06 0.568 0.396
20.6 1.46 1.05 0.547 0.376
21 1.48 1.03 0.526 0.356
21.4 1.5 1.02 0.505 0.337
21.8 1.52 1 0.484 0.318
22.2 1.54 0.982 0.462 0.3
22.6 1.56 0.963 0.441 0.283
23 1.58 0.942 0.421 0.266
23.4 1.6 0.92 0.4 0.25
23.8 1.62 0.897 0.38 0.234
24.2 1.64 0.873 0.36 0.22
24.6 1.66 0.849 0.341 0.206
25 1.68 0.823 0.323 0.192
25.4 1.7 0.797 0.305 0.179
25.8 1.71 0.77 0.287 0.167
26.2 1.73 0.743 0.27 0.156
26.6 1.75 0.716 0.254 0.145
27 1.76 0.689 0.238 0.135
27.4 1.78 0.662 0.223 0.125
27.8 1.79 0.634 0.209 0.116
28.2 1.81 0.607 0.195 0.108
28.6 1.82 0.58 0.182 0.1
29 1.83 0.554 0.17 0.0927
29.4 1.84 0.528 0.158 0.0858
29.8 1.85 0.503 0.147 0.0793
30.2 1.86 0.478 0.137 0.0733
30.6 1.87 0.454 0.127 0.0678
31 1.88 0.43 0.118 0.0625
31.4 1.89 0.407 0.109 0.0577
31.8 1.9 0.385 0.101 0.0532
32.2 1.91 0.364 0.0936 0.0491
32.6 1.91 0.344 0.0866 0.0452
33 1.92 0.324 0.08 0.0417
33.4 1.93 0.306 0.0739 0.0384
33.8 1.93 0.288 0.0682 0.0353
34.2 1.94 0.271 0.063 0.0325
34.6 1.94 0.255 0.0581 0.0299
35 1.95 0.239 0.0536 0.0275
35.4 1.95 0.224 0.0493 0.0253
35.8 1.95 0.21 0.0455 0.0232
36.2 1.96 0.197 0.0419 0.0214
36.6 1.96 0.185 0.0385 0.0196
37 1.96 0.173 0.0354 0.018
37.4 1.97 0.162 0.0326 0.0166
37.8 1.97 0.151 0.03 0.0152
38.2 1.97 0.142 0.0276 0.014
38.6 1.97 0.132 0.0253 0.0128
39 1.98 0.124 0.0233 0.0118
39.4 1.98 0.115 0.0214 0.0108
39.8 1.98 0.108 0.0197 0.00992
40.2 1.98 0.1 0.018 0.0091
40.6 1.98 0.0936 0.0166 0.00836
41 1.99 0.0872 0.0152 0.00767
41.4 1.99 0.0812 0.014 0.00704
41.8 1.99 0.0757 0.0128 0.00646
42.2 1.99 0.0705 0.0118 0.00592
42.6 1.99 0.0656 0.0108 0.00544
43 1.99 0.0611 0.00992 0.00499
43.4 1.99 0.0568 0.0091 0.00457
43.8 1.99 0.0529 0.00835 0.00419
44.2 1.99 0.0492 0.00766 0.00385
44.6 1.99 0.0457 0.00703 0.00353
45 1.99 0.0425 0.00645 0.00323
45.4 1.99 0.0395 0.00592 0.00297
45.8 1.99 0.0367 0.00543 0.00272
46.2 2 0.0341 0.00498 0.00249
46.6 2 0.0316 0.00457 0.00229
47 2 0.0294 0.00419 0.0021
47.4 2 0.0273 0.00384 0.00192
47.8 2 0.0253 0.00352 0.00176
48.2 2 0.0235 0.00323 0.00162
48.6 2 0.0218 0.00296 0.00148
49 2 0.0202 0.00271 0.00136
49.4 2 0.0188 0.00249 0.00124
49.8 2 0.0174 0.00228 0.00114
50.2 2 0.0161 0.00209 0.00105
50.6 2 0.015 0.00192 0.00096
51 2 0.0139 0.00176 0.000879
51.4 2 0.0129 0.00161 0.000806
51.8 2 0.0119 0.00148 0.00074
52.2 2 0.011 0.00136 0.000679
52.6 2 0.0102 0.00124 0.000622
53 2 0.00948 0.00114 0.00057
53.4 2 0.00878 0.00105 0.000523
53.8 2 0.00813 0.000959 0.000479
54.2 2 0.00753 0.000878 0.000439
54.6 2 0.00697 0.000805 0.000403
55 2 0.00646 0.000738 0.000369
55.4 2 0.00598 0.000677 0.000338
55.8 2 0.00553 0.000621 0.00031
56.2 2 0.00512 0.000569 0.000284
56.6 2 0.00474 0.000522 0.000261
57 2 0.00439 0.000478 0.000239
57.4 2 0.00406 0.000438 0.000219
57.8 2 0.00376 0.000402 0.000201
58.2 2 0.00348 0.000369 0.000184
58.6 2 0.00322 0.000338 0.000169
59 2 0.00297 0.00031 0.000155
59.4 2 0.00275 0.000284 0.000142
59.8 2 0.00254 0.00026 0.00013
60.2 2 0.00235 0.000239 0.000119
60.6 2 0.00218 0.000219 0.000109
61 2 0.00201 0.0002 0.0001
61.4 2 0.00186 0.000184 9.19e-05
61.8 2 0.00172 0.000168 8.42e-05
62.2 2 0.00159 0.000154 7.72e-05
62.6 2 0.00147 0.000142 7.09e-05
63 2 0.00136 0.00013 6.5e-05
63.4 2 0.00126 0.000119 5.95e-05
63.8 2 0.00116 0.000109 5.45e-05
64.2 2 0.00107 9.99e-05 5e-05
64.6 2 0.000992 9.17e-05 4.58e-05
65 2 0.000916 8.41e-05 4.2e-05
65.4 2 0.000847 7.7e-05 3.85e-05
65.8 2 0.000782 7.06e-05 3.53e-05
66.2 2 0.000723 6.48e-05 3.24e-05
66.6 2 0.000668 5.94e-05 2.97e-05
67 2 0.000617 5.44e-05 2.72e-05
67.4 2 0.00057 4.99e-05 2.49e-05
67.8 2 0.000526 4.57e-05 2.29e-05
68.2 2 0.000486 4.19e-05 2.1e-05
68.6 2 0.000449 3.84e-05 1.92e-05
69 2 0.000415 3.52e-05 1.76e-05
69.4 2 0.000383 3.23e-05 1.61e-05
69.8 2 0.000354 2.96e-05 1.48e-05
70.2 2 0.000326 2.71e-05 1.36e-05
70.6 2 0.000301 2.49e-05 1.24e-05
71 2 0.000278 2.28e-05 1.14e-05
71.4 2 0.000257 2.09e-05 1.05e-05
71.8 2 0.000237 1.92e-05 9.6e-06
72.2 2 0.000219 1.76e-05 8.8e-06
72.6 2 0.000202 1.61e-05 8.06e-06
73 2 0.000187 1.48e-05 7.38e-06
73.4 2 0.000172 1.35e-05 6.76e-06
73.8 2 0.000159 1.24e-05 6.2e-06
74.2 2 0.000147 1.14e-05 5.69e-06
74.6 2 0.000135 1.04e-05 5.21e-06
75 2 0.000125 9.56e-06 4.78e-06
75.4 2 0.000115 8.76e-06 4.38e-06
75.8 2 0.000106 8.03e-06 4.02e-06
76.2 2 9.81e-05 7.36e-06 3.68e-06
76.6 2 9.05e-05 6.75e-06 3.38e-06
77 2 8.35e-05 6.19e-06 3.09e-06
77.4 2 7.7e-05 5.67e-06 2.84e-06
77.8 2 7.11e-05 5.2e-06 2.6e-06
78.2 2 6.56e-05 4.77e-06 2.38e-06
78.6 2 6.05e-05 4.37e-06 2.19e-06
79 2 5.58e-05 4.01e-06 2e-06
79.4 2 5.15e-05 3.67e-06 1.84e-06
79.8 2 4.75e-05 3.37e-06 1.68e-06
80.2 2 4.38e-05 3.09e-06 1.54e-06
80.6 2 4.04e-05 2.83e-06 1.41e-06
81 2 3.73e-05 2.59e-06 1.3e-06
81.4 2 3.44e-05 2.38e-06 1.19e-06
81.8 2 3.17e-05 2.18e-06 1.09e-06
82.2 2 2.92e-05 2e-06 9.99e-07
82.6 2 2.69e-05 1.83e-06 9.16e-07
83 2 2.48e-05 1.68e-06 8.39e-07
83.4 2 2.29e-05 1.54e-06 7.69e-07
83.8 2 2.11e-05 1.41e-06 7.05e-07
84.2 2 1.95e-05 1.29e-06 6.47e-07
84.6 2 1.8e-05 1.19e-06 5.93e-07
85 2 1.66e-05 1.09e-06 5.44e-07
85.4 2 1.53e-05 9.97e-07 4.98e-07
85.8 2 1.41e-05 9.14e-07 4.57e-07
86.2 2 1.3e-05 8.38e-07 4.19e-07
86.6 2 1.2e-05 7.68e-07 3.84e-07
87 2 1.1e-05 7.04e-07 3.52e-07
87.4 2 1.02e-05 6.45e-07 3.23e-07
87.8 2 9.36e-06 5.91e-07 2.96e-07
88.2 2 8.63e-06 5.42e-07 2.71e-07
88.6 2 7.95e-06 4.97e-07 2.49e-07
89 2 7.33e-06 4.56e-07 2.28e-07
89.4 2 6.76e-06 4.18e-07 2.09e-07
89.8 2 6.23e-06 3.83e-07 1.91e-07
90.2 2 5.74e-06 3.51e-07 1.76e-07
90.6 2 5.29e-06 3.22e-07 1.61e-07
91 2 4.87e-06 2.95e-07 1.47e-07
91.4 2 4.49e-06 2.7e-07 1.35e-07
91.8 2 4.14e-06 2.48e-07 1.24e-07
92.2 2 3.82e-06 2.27e-07 1.14e-07
92.6 2 3.52e-06 2.08e-07 1.04e-07
93 2 3.24e-06 1.91e-07 9.55e-08
93.4 2 2.99e-06 1.75e-07 8.75e-08
93.8 2 2.75e-06 1.6e-07 8.02e-08
94.2 2 2.53e-06 1.47e-07 7.36e-08
94.6 2 2.34e-06 1.35e-07 6.74e-08
95 2 2.15e-06 1.24e-07 6.18e-08
95.4 2 1.98e-06 1.13e-07 5.67e-08
95.8 2 1.81e-06 1.04e-07 5.2e-08
96.2 2 1.66e-06 9.53e-08 4.77e-08
96.6 2 1.51e-06 8.73e-08 4.36e-08
97 2 1.39e-06 8e-08 4e-08
97.4 2 1.27e-06 7.34e-08 3.67e-08
97.8 2 1.17e-06 6.73e-08 3.36e-08
98.2 2 1.09e-06 6.17e-08 3.08e-08
98.6 2 1.02e-06 5.65e-08 2.83e-08
99 2 9.76e-07 5.17e-08 2.59e-08
99.4 2 9.44e-07 4.7e-08 2.35e-08
99.8 2 9.31e-07 4.45e-08 2.23e-08
