-25 0.64 1.19e-14 2.87e-14 9.85e-15
-24.9 0.64 1.39e-14 3.35e-14 1.15e-14
-24.8 0.64 1.63e-14 3.92e-14 1.35e-14
-24.7 0.64 1.91e-14 4.58e-14 1.57e-14
-24.6 0.64 2.23e-14 5.35e-14 1.84e-14
-24.5 0.64 2.6e-14 6.26e-14 2.15e-14
-24.4 0.64 3.04e-14 7.32e-14 2.51e-14
-24.3 0.64 3.56e-14 8.55e-14 2.94e-14
-24.2 0.64 4.16e-14 1e-13 3.44e-14
-24.1 0.64 4.86e-14 1.17e-13 4.02e-14
-24 0.64 5.69e-14 1.37e-13 4.7e-14
-23.9 0.64 6.65e-14 1.6e-13 5.49e-14
-23.8 0.64 7.77e-14 1.87e-13 6.42e-14
-23.7 0.64 9.09e-14 2.18e-13 7.51e-14
-23.6 0.64 1.06e-13 2.55e-13 8.78e-14
-23.5 0.64 1.24e-13 2.99e-13 1.03e-13
-23.4 0.64 1.45e-13 3.49e-13 1.2e-13
-23.3 0.64 1.7e-13 4.08e-13 1.4e-13
-23.2 0.64 1.99e-13 4.77e-13 1.64e-13
-23.1 0.64 2.32e-13 5.58e-13 1.92e-13
-23 0.64 2.71e-13 6.52e-13 2.24e-13
-22.9 0.64 3.17e-13 7.62e-13 2.62e-13
-22.8 0.64 3.71e-13 8.91e-13 3.06e-13
-22.7 0.64 4.34e-13 1.04e-12 3.58e-13
-22.6 0.64 5.07e-13 1.22e-12 4.19e-13
-22.5 0.64 5.93e-13 1.42e-12 4.89e-13
-22.4 0.64 6.93e-13 1.67e-12 5.72e-13
-22.3 0.64 8.1e-13 1.95e-12 6.69e-13
-22.2 0.64 9.47e-13 2.28e-12 7.82e-13
-22.1 0.64 1.11e-12 2.66e-12 9.14e-13
-22 0.64 1.29e-12 3.11e-12 1.07e-12
-21.9 0.64 1.51e-12 3.64e-12 1.25e-12
-21.8 0.64 1.77e-12 4.25e-12 1.46e-12
-21.7 0.64 2.07e-12 4.97e-12 1.71e-12
-21.6 0.64 2.42e-12 5.81e-12 2e-12
-21.5 0.64 2.83e-12 6.8e-12 2.34e-12
-21.4 0.64 3.31e-12 7.95e-12 2.73e-12
-21.3 0.64 3.86e-12 9.29e-12 3.19e-12
-19 0.64 1.41e-10 3.38e-10 1.16e-10
-18.9 0.64 1.64e-10 3.95e-10 1.36e-10
-18.8 0.64 1.92e-10 4.62e-10 1.59e-10
-18.7 0.64 2.25e-10 5.4e-10 1.86e-10
-18.6 0.64 2.63e-10 6.31e-10 2.17e-10
-18.5 0.64 3.07e-10 7.38e-10 2.54e-10
-18.4 0.64 3.59e-10 8.63e-10 2.96e-10
-18.3 0.64 4.2e-10 1.01e-09 3.47e-10
-18.2 0.64 4.91e-10 1.18e-09 4.05e-10
-18.1 0.64 5.74e-10 1.38e-09 4.74e-10
-18 0.64 6.71e-10 1.61e-09 5.54e-10
-17.9 0.64 7.84e-10 1.88e-09 6.47e-10
-17.8 0.64 9.17e-10 2.2e-09 7.57e-10
-17.7 0.64 1.07e-09 2.58e-09 8.85e-10
-17.6 0.64 1.25e-09 3.01e-09 1.03e-09
-17.5 0.64 1.46e-09 3.52e-09 1.21e-09
-17.4 0.64 1.71e-09 4.12e-09 1.41e-09
-17.3 0.64 2e-09 4.81e-09 1.65e-09
-17.2 0.64 2.34e-09 5.63e-09 1.93e-09
-17.1 0.64 2.74e-09 6.58e-09 2.26e-09
-17 0.64 3.2e-09 7.69e-09 2.64e-09
-16.9 0.64 3.74e-09 8.99e-09 3.09e-09
-16.8 0.64 4.37e-09 1.05e-08 3.61e-09
-16.7 0.64 5.11e-09 1.23e-08 4.22e-09
-16.6 0.64 5.98e-09 1.44e-08 4.94e-09
-16.5 0.64 6.99e-09 1.68e-08 5.77e-09
-16.4 0.64 8.17e-09 1.96e-08 6.75e-09
-16.3 0.64 9.55e-09 2.3e-08 7.89e-09
-16.2 0.64 1.12e-08 2.68e-08 9.22e-09
-16.1 0.64 1.31e-08 3.14e-08 1.08e-08
-16 0.64 1.53e-08 3.67e-08 1.26e-08
-15.9 0.64 1.78e-08 4.29e-08 1.47e-08
-15.8 0.64 2.09e-08 5.01e-08 1.72e-08
-15.7 0.64 2.44e-08 5.86e-08 2.01e-08
-15.6 0.64 2.85e-08 6.85e-08 2.35e-08
-15.5 0.64 3.33e-08 8.01e-08 2.75e-08
-15.4 0.64 3.9e-08 9.37e-08 3.22e-08
-15.3 0.64 4.56e-08 1.1e-07 3.76e-08
-15.2 0.64 5.33e-08 1.28e-07 4.4e-08
-15.1 0.64 6.23e-08 1.5e-07 5.14e-08
-15 0.64 7.28e-08 1.75e-07 6.01e-08
-14.9 0.64 8.51e-08 2.05e-07 7.03e-08
-14.8 0.64 9.95e-08 2.39e-07 8.22e-08
-14.7 0.64 1.16e-07 2.8e-07 9.61e-08
-14.6 0.64 1.36e-07 3.27e-07 1.12e-07
-14.5 0.64 1.59e-07 3.82e-07 1.31e-07
-14.4 0.64 1.86e-07 4.47e-07 1.54e-07
-14.3 0.64 2.17e-07 5.22e-07 1.8e-07
-14.2 0.64 2.54e-07 6.11e-07 2.1e-07
-14.1 0.64 2.97e-07 7.14e-07 2.45e-07
-14 0.64 3.47e-07 8.35e-07 2.87e-07
-13.9 0.64 4.06e-07 9.76e-07 3.35e-07
-13.8 0.64 4.75e-07 1.14e-06 3.92e-07
-13.7 0.64 5.55e-07 1.33e-06 4.58e-07
-13.6 0.64 6.49e-07 1.56e-06 5.36e-07
-13.5 0.64 7.59e-07 1.82e-06 6.27e-07
-13.4 0.64 8.87e-07 2.13e-06 7.33e-07
-13.3 0.64 1.04e-06 2.49e-06 8.56e-07
-13.2 0.64 1.21e-06 2.91e-06 1e-06
-13.1 0.64 1.42e-06 3.41e-06 1.17e-06
-13 0.64 1.66e-06 3.98e-06 1.37e-06
-12.9 0.64 1.94e-06 4.66e-06 1.6e-06
-12.8 0.64 2.26e-06 5.44e-06 1.87e-06
-12.7 0.64 2.65e-06 6.36e-06 2.19e-06
-12.6 0.64 3.1e-06 7.44e-06 2.56e-06
-12.5 0.64 3.62e-06 8.7e-06 2.99e-06
-12.4 0.64 4.23e-06 1.02e-05 3.49e-06
-12.3 0.64 4.95e-06 1.19e-05 4.09e-06
-12.2 0.64 5.78e-06 1.39e-05 4.78e-06
-12.1 0.64 6.76e-06 1.63e-05 5.58e-06
-12 0.64 7.9e-06 1.9e-05 6.53e-06
-11.9 0.64 9.24e-06 2.22e-05 7.63e-06
-11.8 0.64 1.08e-05 2.6e-05 8.92e-06
-11.7 0.64 1.26e-05 3.04e-05 1.04e-05
-11.6 0.64 1.48e-05 3.55e-05 1.22e-05
-11.5 0.64 1.73e-05 4.15e-05 1.43e-05
-11.4 0.64 2.02e-05 4.85e-05 1.67e-05
-11.3 0.64 2.36e-05 5.67e-05 1.95e-05
-11.2 0.64 2.76e-05 6.63e-05 2.28e-05
-11.1 0.64 3.22e-05 7.75e-05 2.66e-05
-11 0.64 3.77e-05 9.06e-05 3.11e-05
-10.9 0.64 4.41e-05 0.000106 3.64e-05
-10.8 0.64 5.15e-05 0.000124 4.25e-05
-10.7 0.64 6.02e-05 0.000145 4.97e-05
-10.6 0.64 7.04e-05 0.000169 5.81e-05
-10.5 0.64 8.23e-05 0.000198 6.8e-05
-10.4 0.64 9.62e-05 0.000231 7.94e-05
-10.3 0.64 0.000112 0.00027 9.28e-05
-10.2 0.64 0.000131 0.000316 0.000109
-10.1 0.64 0.000154 0.000369 0.000127
-10 0.64 0.00018 0.000431 0.000148
-9.9 0.64 0.00021 0.000504 0.000173
-9.8 0.64 0.000245 0.000589 0.000202
-9.7 0.64 0.000286 0.000688 0.000236
-9.6 0.64 0.000335 0.000804 0.000276
-9.5 0.64 0.000391 0.000939 0.000323
-9.4 0.64 0.000457 0.0011 0.000377
-9.3 0.64 0.000534 0.00128 0.00044
-9.2 0.64 0.000623 0.00149 0.000514
-9.1 0.64 0.000727 0.00174 0.0006
-9 0.64 0.000849 0.00204 0.0007
-8.9 0.64 0.000991 0.00238 0.000816
-8.8 0.64 0.00116 0.00277 0.000952
-8.7 0.64 0.00135 0.00323 0.00111
-8.6 0.64 0.00157 0.00376 0.00129
-8.5 0.64 0.00183 0.00438 0.00151
-8.4 0.64 0.00213 0.00509 0.00175
-8.3 0.64 0.00248 0.00592 0.00204
-8.2 0.64 0.00289 0.00688 0.00237
-8.1 0.64 0.00335 0.00798 0.00275
-8 0.64 0.00389 0.00925 0.00318
-7.9 0.64 0.00452 0.0107 0.00368
-7.8 0.64 0.00523 0.0124 0.00426
-7.7 0.64 0.00605 0.0143 0.00491
-7.6 0.64 0.00699 0.0164 0.00566
-7.5 0.64 0.00805 0.0189 0.0065
-7.4 0.64 0.00926 0.0216 0.00745
-7.3 0.64 0.0106 0.0247 0.00851
-7.2 0.64 0.0122 0.0281 0.0097
-7.1 0.64 0.0139 0.0319 0.011
-7 0.64 0.0158 0.0361 0.0124
-6.9 0.64 0.018 0.0407 0.014
-6.8 0.64 0.0203 0.0456 0.0157
-6.7 0.64 0.0229 0.0508 0.0176
-6.6 0.64 0.0258 0.0565 0.0195
-6.5 0.64 0.0289 0.0624 0.0215
-6.4 0.64 0.0322 0.0686 0.0237
-6.3 0.64 0.0359 0.0751 0.0259
-6.2 0.64 0.0398 0.0818 0.0282
-6.1 0.64 0.0441 0.0888 0.0306
-6 0.64 0.0488 0.0961 0.0332
-5.9 0.64 0.0538 0.104 0.0362
-5.8 0.64 0.0594 0.112 0.0395
-5.7 0.64 0.0657 0.121 0.0433
-5.6 0.64 0.0727 0.131 0.0476
-5.5 0.64 0.0808 0.143 0.0529
-5.4 0.64 0.0904 0.158 0.0595
-5.3 0.64 0.102 0.178 0.0681
-5.2 0.64 0.118 0.208 0.0803
-5.1 0.64 0.141 0.258 0.0996
-5 0.64 0.181 0.358 0.136
-4.9 0.64 0.288 0.658 0.239
-4.8 0.64 10.2 30.4 10.2
-4.7 0.64 -0.113 0.211 0.592
-4.6 0.64 0.00121 0.107 0.275
-4.5 0.64 0.0443 0.0759 0.172
-4.4 0.64 0.0697 0.0628 0.123
-4.3 0.64 0.0879 0.0565 0.0941
-4.2 0.64 0.103 0.0491 0.0754
-4.1 0.64 0.116 0.0486 0.0632
-4 0.64 0.128 0.0489 0.0537
-3.9 0.64 0.138 0.0489 0.0455
-3.8 0.64 0.146 0.0481 0.0372
-3.7 0.64 0.152 0.0455 0.0282
-3.6 0.64 0.168 0.0452 0.0305
-3.5 0.64 0.174 0.0432 0.0235
-3.4 0.64 0.178 0.0389 0.0151
-3.3 0.64 0.167 0.0454 0.0625
-3.2 0.64 0.167 0.0354 0.0742
-3.1 0.64 0.168 0.0297 0.0792
-3 0.64 0.17 0.0372 0.075
-2.9 0.64 0.154 0.0629 0.0847
-2.8 0.64 0.166 0.0603 0.102
-2.7 0.64 0.186 0.0502 0.11
-2.6 0.64 0.213 0.0472 0.106
-2.5 0.64 0.245 0.0738 0.086
-2.4 0.64 0.315 0.193 0.0856
-2.3 0.64 0.29 0.11 0.0716
-2.2 0.64 0.307 0.0979 0.0449
-2.1 0.64 0.31 0.0375 0.0235
-2 0.64 0.326 0.023 0.0285
-1.9 0.64 0.358 0.142 0.0555
-1.8 0.64 0.351 0.121 0.0843
-1.7 0.64 0.34 0.0521 0.0242
-1.6 0.64 0.347 0.0347 0.0235
-1.5 0.64 0.344 0.0218 0.0409
-1.4 0.64 0.333 0.0324 0.0866
-1.3 0.64 0.37 0.00692 0.0205
-1.2 0.64 0.383 0.0143 0.0247
-1.1 0.64 0.397 0.0145 0.0186
-1 0.64 0.415 0.0187 0.00895
-0.9 0.64 0.425 0.00896 0.00437
-0.8 0.64 0.435 0.0205 0.00813
-0.7 0.64 0.454 0.013 0.0142
-0.6 0.64 0.461 0.007 0.00631
-0.5 0.64 0.467 0.00611 0.00381
-0.4 0.64 0.478 0.0135 0.0184
-0.3 0.64 0.487 0.0172 0.0248
-0.2 0.64 0.498 0.0136 0.0211
-0.1 0.64 0.51 0.00363 0.00796
1.24e-14 0.64 0.519 0.015 0.0222
0.1 0.64 0.539 0.0274 0.0165
0.2 0.64 0.554 0.0367 0.0169
0.3 0.64 0.569 0.0341 0.0132
0.4 0.64 0.581 0.0194 0.0137
0.5 0.64 0.632 0.0979 0.0542
0.6 0.64 0.61 0.0883 0.0476
0.7 0.64 0.594 0.0412 0.0536
0.8 0.64 0.594 0.0346 0.0675
0.9 0.64 0.596 0.0267 0.0698
1 0.64 0.584 0.0739 0.168
1.1 0.64 0.577 0.0659 0.159
1.2 0.64 0.622 0.0299 0.0377
1.3 0.64 0.626 0.0352 0.0854
1.4 0.64 0.639 0.0456 0.102
1.5 0.64 0.656 0.0639 0.103
1.6 0.64 0.634 0.056 0.156
1.7 0.64 0.657 0.0812 0.149
1.8 0.64 0.708 0.0653 0.0449
1.9 0.64 0.726 0.0696 0.026
2 0.64 0.74 0.0675 0.0299
2.1 0.64 0.749 0.0613 0.0333
2.2 0.64 0.755 0.0529 0.0336
2.3 0.64 0.758 0.0438 0.0318
2.4 0.64 0.76 0.0351 0.0288
2.5 0.64 0.761 0.0274 0.0254
2.6 0.64 0.761 0.0225 0.0222
2.7 0.64 0.76 0.0214 0.0199
2.8 0.64 0.761 0.0255 0.0214
2.9 0.64 0.758 0.0274 0.0267
3 0.64 0.744 0.0404 0.0641
3.1 0.64 0.791 0.0882 0.061
3.2 0.64 0.753 0.0527 0.101
3.3 0.64 0.807 0.0615 0.027
3.4 0.64 0.792 0.0168 0.011
3.5 0.64 0.787 0.0103 0.0107
3.6 0.64 0.786 0.00675 0.00842
3.7 0.64 0.787 0.00493 0.00687
3.8 0.64 0.787 0.00384 0.00569
3.9 0.64 0.788 0.00313 0.00472
4 0.64 0.788 0.00298 0.0036
4.1 0.64 0.789 0.00262 0.003
4.2 0.64 0.79 0.0024 0.00251
4.3 0.64 0.791 0.00236 0.00212
4.4 0.64 0.792 0.00262 0.00188
4.5 0.64 0.793 0.00395 0.00206
4.6 0.64 0.775 0.0178 0.0507
4.7 0.64 0.792 0.00133 0.00198
4.8 0.64 0.793 0.0008 0.000702
4.9 0.64 0.793 0.000552 0.000473
5 0.64 0.793 0.000401 0.000443
5.1 0.64 0.794 0.0003 0.000402
5.2 0.64 0.794 0.00023 0.000361
5.3 0.64 0.794 0.00018 0.000323
5.4 0.64 0.794 0.000145 0.00029
5.5 0.64 0.794 0.000121 0.000262
5.6 0.64 0.795 0.000103 0.000239
5.7 0.64 0.795 9.13e-05 0.000218
5.8 0.64 0.795 8.32e-05 0.000201
5.9 0.64 0.795 7.78e-05 0.000187
6 0.64 0.795 9.95e-05 0.00015
6.1 0.64 0.795 9.55e-05 0.000142
6.2 0.64 0.795 9.27e-05 0.000135
6.3 0.64 0.795 9.07e-05 0.000129
6.4 0.64 0.795 8.94e-05 0.000124
6.5 0.64 0.795 8.85e-05 0.00012
6.6 0.64 0.795 8.79e-05 0.000117
6.7 0.64 0.795 8.75e-05 0.000114
6.8 0.64 0.795 8.73e-05 0.000111
6.9 0.64 0.795 8.71e-05 0.000109
7 0.64 0.795 8.71e-05 0.000107
7.1 0.64 0.795 8.71e-05 0.000106
7.2 0.64 0.795 8.71e-05 0.000105
7.3 0.64 0.795 8.71e-05 0.000104
7.4 0.64 0.795 8.72e-05 0.000103
7.5 0.64 0.795 8.72e-05 0.000102
7.6 0.64 0.795 8.72e-05 0.000102
7.7 0.64 0.795 8.73e-05 0.000101
7.8 0.64 0.795 8.73e-05 0.000101
7.9 0.64 0.795 8.73e-05 0.000101
8 0.64 0.795 8.73e-05 0.000101
8.1 0.64 0.795 8.73e-05 0.000101
8.2 0.64 0.795 8.73e-05 0.000101
8.3 0.64 0.795 8.73e-05 0.000101
8.4 0.64 0.795 8.72e-05 0.000102
8.5 0.64 0.795 8.72e-05 0.000102
8.6 0.64 0.795 8.72e-05 0.000103
8.7 0.64 0.795 8.71e-05 0.000104
8.8 0.64 0.795 8.71e-05 0.000105
8.9 0.64 0.795 8.71e-05 0.000106
9 0.64 0.795 8.71e-05 0.000107
9.1 0.64 0.795 8.71e-05 0.000109
9.2 0.64 0.795 8.73e-05 0.000111
9.3 0.64 0.795 8.75e-05 0.000114
9.4 0.64 0.795 8.79e-05 0.000117
9.5 0.64 0.795 8.85e-05 0.00012
9.6 0.64 0.795 8.94e-05 0.000124
9.7 0.64 0.795 9.07e-05 0.000129
9.8 0.64 0.795 9.27e-05 0.000135
9.9 0.64 0.795 9.55e-05 0.000142
10 0.64 0.795 9.95e-05 0.00015
10.1 0.64 0.795 7.78e-05 0.000187
10.2 0.64 0.795 8.32e-05 0.000201
10.3 0.64 0.795 9.13e-05 0.000218
10.4 0.64 0.795 0.000103 0.000239
10.5 0.64 0.794 0.000121 0.000262
10.6 0.64 0.794 0.000145 0.00029
10.7 0.64 0.794 0.00018 0.000323
10.8 0.64 0.794 0.00023 0.000361
10.9 0.64 0.794 0.0003 0.000402
11 0.64 0.793 0.000401 0.000443
11.1 0.64 0.793 0.000552 0.000473
11.2 0.64 0.793 0.0008 0.000702
11.3 0.64 0.792 0.00133 0.00198
11.4 0.64 0.775 0.0178 0.0507
11.5 0.64 0.793 0.00395 0.00206
11.6 0.64 0.792 0.00262 0.00188
11.7 0.64 0.791 0.00236 0.00212
11.8 0.64 0.79 0.0024 0.00251
11.9 0.64 0.789 0.00262 0.003
12 0.64 0.788 0.00298 0.0036
12.1 0.64 0.788 0.00313 0.00472
12.2 0.64 0.787 0.00384 0.00569
12.3 0.64 0.787 0.00493 0.00687
12.4 0.64 0.786 0.00675 0.00842
12.5 0.64 0.787 0.0103 0.0107
12.6 0.64 0.792 0.0168 0.011
12.7 0.64 0.807 0.0615 0.027
12.8 0.64 0.753 0.0527 0.101
12.9 0.64 0.791 0.0882 0.061
13 0.64 0.744 0.0404 0.0641
13.1 0.64 0.758 0.0274 0.0267
13.2 0.64 0.761 0.0255 0.0214
13.3 0.64 0.76 0.0214 0.0199
13.4 0.64 0.761 0.0225 0.0222
13.5 0.64 0.761 0.0274 0.0254
13.6 0.64 0.76 0.0351 0.0288
13.7 0.64 0.758 0.0438 0.0318
13.8 0.64 0.755 0.0529 0.0336
13.9 0.64 0.749 0.0613 0.0333
14 0.64 0.74 0.0675 0.0299
14.1 0.64 0.726 0.0696 0.026
14.2 0.64 0.708 0.0653 0.0449
14.3 0.64 0.657 0.0812 0.149
14.4 0.64 0.634 0.056 0.156
14.5 0.64 0.656 0.0639 0.103
14.6 0.64 0.639 0.0456 0.102
14.7 0.64 0.626 0.0352 0.0854
14.8 0.64 0.622 0.0299 0.0377
14.9 0.64 0.577 0.0659 0.159
15 0.64 0.584 0.0739 0.168
15.1 0.64 0.596 0.0267 0.0698
15.2 0.64 0.594 0.0346 0.0675
15.3 0.64 0.594 0.0412 0.0536
15.4 0.64 0.61 0.0883 0.0476
15.5 0.64 0.632 0.0979 0.0542
15.6 0.64 0.581 0.0194 0.0137
15.7 0.64 0.569 0.0341 0.0132
15.8 0.64 0.554 0.0367 0.0169
15.9 0.64 0.539 0.0274 0.0165
16 0.64 0.519 0.015 0.0222
16.1 0.64 0.51 0.00363 0.00796
16.2 0.64 0.498 0.0136 0.0211
16.3 0.64 0.487 0.0172 0.0248
16.4 0.64 0.478 0.0135 0.0184
16.5 0.64 0.467 0.00611 0.00381
16.6 0.64 0.461 0.007 0.00631
16.7 0.64 0.454 0.013 0.0142
16.8 0.64 0.435 0.0205 0.00813
16.9 0.64 0.425 0.00896 0.00437
17 0.64 0.415 0.0187 0.00895
17.1 0.64 0.397 0.0145 0.0186
17.2 0.64 0.383 0.0143 0.0247
17.3 0.64 0.37 0.00692 0.0205
17.4 0.64 0.333 0.0324 0.0866
17.5 0.64 0.344 0.0218 0.0409
17.6 0.64 0.347 0.0347 0.0235
17.7 0.64 0.34 0.0521 0.0242
17.8 0.64 0.351 0.121 0.0843
17.9 0.64 0.358 0.142 0.0555
18 0.64 0.326 0.023 0.0285
18.1 0.64 0.31 0.0375 0.0235
18.2 0.64 0.307 0.0979 0.0449
18.3 0.64 0.29 0.11 0.0716
18.4 0.64 0.315 0.193 0.0856
18.5 0.64 0.245 0.0738 0.086
18.6 0.64 0.213 0.0472 0.106
18.7 0.64 0.186 0.0502 0.11
18.8 0.64 0.166 0.0603 0.102
18.9 0.64 0.154 0.0629 0.0847
19 0.64 0.17 0.0372 0.075
19.1 0.64 0.168 0.0297 0.0792
19.2 0.64 0.167 0.0354 0.0742
19.3 0.64 0.167 0.0454 0.0625
19.4 0.64 0.178 0.0389 0.0151
19.5 0.64 0.174 0.0432 0.0235
19.6 0.64 0.168 0.0452 0.0305
19.7 0.64 0.152 0.0455 0.0282
19.8 0.64 0.146 0.0481 0.0372
19.9 0.64 0.138 0.0489 0.0455
20 0.64 0.128 0.0489 0.0537
20.1 0.64 0.116 0.0486 0.0632
20.2 0.64 0.103 0.0491 0.0754
20.3 0.64 0.0879 0.0565 0.0941
20.4 0.64 0.0697 0.0628 0.123
20.5 0.64 0.0443 0.0759 0.172
20.6 0.64 0.00121 0.107 0.275
20.7 0.64 -0.113 0.211 0.592
20.8 0.64 10.2 30.4 10.2
20.9 0.64 0.288 0.658 0.239
21 0.64 0.181 0.358 0.136
21.1 0.64 0.141 0.258 0.0996
21.2 0.64 0.118 0.208 0.0803
21.3 0.64 0.102 0.178 0.0681
21.4 0.64 0.0904 0.158 0.0595
21.5 0.64 0.0808 0.143 0.0529
21.6 0.64 0.0727 0.131 0.0476
21.7 0.64 0.0657 0.121 0.0433
21.8 0.64 0.0594 0.112 0.0395
21.9 0.64 0.0538 0.104 0.0362
22 0.64 0.0488 0.0961 0.0332
22.1 0.64 0.0441 0.0888 0.0306
22.2 0.64 0.0398 0.0818 0.0282
22.3 0.64 0.0359 0.0751 0.0259
22.4 0.64 0.0322 0.0686 0.0237
22.5 0.64 0.0289 0.0624 0.0215
22.6 0.64 0.0258 0.0565 0.0195
22.7 0.64 0.0229 0.0508 0.0176
22.8 0.64 0.0203 0.0456 0.0157
22.9 0.64 0.018 0.0407 0.014
23 0.64 0.0158 0.0361 0.0124
23.1 0.64 0.0139 0.0319 0.011
23.2 0.64 0.0122 0.0281 0.0097
23.3 0.64 0.0106 0.0247 0.00851
23.4 0.64 0.00926 0.0216 0.00745
23.5 0.64 0.00805 0.0189 0.0065
23.6 0.64 0.00699 0.0164 0.00566
23.7 0.64 0.00605 0.0143 0.00491
23.8 0.64 0.00523 0.0124 0.00426
23.9 0.64 0.00452 0.0107 0.00368
24 0.64 0.00389 0.00925 0.00318
24.1 0.64 0.00335 0.00798 0.00275
24.2 0.64 0.00289 0.00688 0.00237
24.3 0.64 0.00248 0.00592 0.00204
24.4 0.64 0.00213 0.00509 0.00175
24.5 0.64 0.00183 0.00438 0.00151
24.6 0.64 0.00157 0.00376 0.00129
24.7 0.64 0.00135 0.00323 0.00111
24.8 0.64 0.00116 0.00277 0.000952
24.9 0.64 0.000991 0.00238 0.000816
25 0.64 0.000849 0.00204 0.0007
25.1 0.64 0.000727 0.00174 0.0006
25.2 0.64 0.000623 0.00149 0.000514
25.3 0.64 0.000534 0.00128 0.00044
25.4 0.64 0.000457 0.0011 0.000377
25.5 0.64 0.000391 0.000939 0.000323
25.6 0.64 0.000335 0.000804 0.000276
25.7 0.64 0.000286 0.000688 0.000236
25.8 0.64 0.000245 0.000589 0.000202
25.9 0.64 0.00021 0.000504 0.000173
26 0.64 0.00018 0.000431 0.000148
26.1 0.64 0.000154 0.000369 0.000127
26.2 0.64 0.000131 0.000316 0.000109
26.3 0.64 0.000112 0.00027 9.28e-05
26.4 0.64 9.62e-05 0.000231 7.94e-05
26.5 0.64 8.23e-05 0.000198 6.8e-05
26.6 0.64 7.04e-05 0.000169 5.81e-05
26.7 0.64 6.02e-05 0.000145 4.97e-05
26.8 0.64 5.15e-05 0.000124 4.25e-05
26.9 0.64 4.41e-05 0.000106 3.64e-05
27 0.64 3.77e-05 9.06e-05 3.11e-05
27.1 0.64 3.22e-05 7.75e-05 2.66e-05
27.2 0.64 2.76e-05 6.63e-05 2.28e-05
27.3 0.64 2.36e-05 5.67e-05 1.95e-05
27.4 0.64 2.02e-05 4.85e-05 1.67e-05
27.5 0.64 1.73e-05 4.15e-05 1.43e-05
27.6 0.64 1.48e-05 3.55e-05 1.22e-05
27.7 0.64 1.26e-05 3.04e-05 1.04e-05
27.8 0.64 1.08e-05 2.6e-05 8.92e-06
27.9 0.64 9.24e-06 2.22e-05 7.63e-06
28 0.64 7.9e-06 1.9e-05 6.53e-06
28.1 0.64 6.76e-06 1.63e-05 5.58e-06
28.2 0.64 5.78e-06 1.39e-05 4.78e-06
28.3 0.64 4.95e-06 1.19e-05 4.09e-06
28.4 0.64 4.23e-06 1.02e-05 3.49e-06
28.5 0.64 3.62e-06 8.7e-06 2.99e-06
28.6 0.64 3.1e-06 7.44e-06 2.56e-06
28.7 0.64 2.65e-06 6.36e-06 2.19e-06
28.8 0.64 2.26e-06 5.44e-06 1.87e-06
28.9 0.64 1.94e-06 4.66e-06 1.6e-06
29 0.64 1.66e-06 3.98e-06 1.37e-06
29.1 0.64 1.42e-06 3.41e-06 1.17e-06
29.2 0.64 1.21e-06 2.91e-06 1e-06
29.3 0.64 1.04e-06 2.49e-06 8.56e-07
29.4 0.64 8.87e-07 2.13e-06 7.33e-07
29.5 0.64 7.59e-07 1.82e-06 6.27e-07
29.6 0.64 6.49e-07 1.56e-06 5.36e-07
29.7 0.64 5.55e-07 1.33e-06 4.58e-07
29.8 0.64 4.75e-07 1.14e-06 3.92e-07
29.9 0.64 4.06e-07 9.76e-07 3.35e-07
30 0.64 3.47e-07 8.35e-07 2.87e-07
30.1 0.64 2.97e-07 7.14e-07 2.45e-07
30.2 0.64 2.54e-07 6.11e-07 2.1e-07
30.3 0.64 2.17e-07 5.22e-07 1.8e-07
30.4 0.64 1.86e-07 4.47e-07 1.54e-07
30.5 0.64 1.59e-07 3.82e-07 1.31e-07
30.6 0.64 1.36e-07 3.27e-07 1.12e-07
30.7 0.64 1.16e-07 2.8e-07 9.61e-08
30.8 0.64 9.95e-08 2.39e-07 8.22e-08
30.9 0.64 8.51e-08 2.05e-07 7.03e-08
31 0.64 7.28e-08 1.75e-07 6.01e-08
31.1 0.64 6.23e-08 1.5e-07 5.14e-08
31.2 0.64 5.33e-08 1.28e-07 4.4e-08
31.3 0.64 4.56e-08 1.1e-07 3.76e-08
31.4 0.64 3.9e-08 9.37e-08 3.22e-08
31.5 0.64 3.33e-08 8.01e-08 2.75e-08
31.6 0.64 2.85e-08 6.85e-08 2.35e-08
31.7 0.64 2.44e-08 5.86e-08 2.01e-08
31.8 0.64 2.09e-08 5.01e-08 1.72e-08
31.9 0.64 1.78e-08 4.29e-08 1.47e-08
32 0.64 1.53e-08 3.67e-08 1.26e-08
32.1 0.64 1.31e-08 3.14e-08 1.08e-08
32.2 0.64 1.12e-08 2.68e-08 9.22e-09
32.3 0.64 9.55e-09 2.3e-08 7.89e-09
32.4 0.64 8.17e-09 1.96e-08 6.75e-09
32.5 0.64 6.99e-09 1.68e-08 5.77e-09
32.6 0.64 5.98e-09 1.44e-08 4.94e-09
32.7 0.64 5.11e-09 1.23e-08 4.22e-09
32.8 0.64 4.37e-09 1.05e-08 3.61e-09
32.9 0.64 3.74e-09 8.99e-09 3.09e-09
33 0.64 3.2e-09 7.69e-09 2.64e-09
33.1 0.64 2.74e-09 6.58e-09 2.26e-09
33.2 0.64 2.34e-09 5.63e-09 1.93e-09
33.3 0.64 2e-09 4.81e-09 1.65e-09
33.4 0.64 1.71e-09 4.12e-09 1.41e-09
33.5 0.64 1.46e-09 3.52e-09 1.21e-09
33.6 0.64 1.25e-09 3.01e-09 1.03e-09
33.7 0.64 1.07e-09 2.58e-09 8.85e-10
33.8 0.64 9.17e-10 2.2e-09 7.57e-10
33.9 0.64 7.84e-10 1.88e-09 6.47e-10
34 0.64 6.71e-10 1.61e-09 5.54e-10
34.1 0.64 5.74e-10 1.38e-09 4.74e-10
34.2 0.64 4.91e-10 1.18e-09 4.05e-10
34.3 0.64 4.2e-10 1.01e-09 3.47e-10
34.4 0.64 3.59e-10 8.63e-10 2.96e-10
34.5 0.64 3.07e-10 7.38e-10 2.54e-10
34.6 0.64 2.63e-10 6.31e-10 2.17e-10
34.7 0.64 2.25e-10 5.4e-10 1.86e-10
34.8 0.64 1.92e-10 4.62e-10 1.59e-10
34.9 0.64 1.64e-10 3.95e-10 1.36e-10
35 0.64 1.41e-10 3.38e-10 1.16e-10
37.3 0.64 3.86e-12 9.29e-12 3.19e-12
37.4 0.64 3.31e-12 7.95e-12 2.73e-12
37.5 0.64 2.83e-12 6.8e-12 2.34e-12
37.6 0.64 2.42e-12 5.81e-12 2e-12
37.7 0.64 2.07e-12 4.97e-12 1.71e-12
37.8 0.64 1.77e-12 4.25e-12 1.46e-12
37.9 0.64 1.51e-12 3.64e-12 1.25e-12
38 0.64 1.29e-12 3.11e-12 1.07e-12
38.1 0.64 1.11e-12 2.66e-12 9.14e-13
38.2 0.64 9.47e-13 2.28e-12 7.82e-13
38.3 0.64 8.1e-13 1.95e-12 6.69e-13
38.4 0.64 6.93e-13 1.67e-12 5.72e-13
38.5 0.64 5.93e-13 1.42e-12 4.89e-13
38.6 0.64 5.07e-13 1.22e-12 4.19e-13
38.7 0.64 4.34e-13 1.04e-12 3.58e-13
38.8 0.64 3.71e-13 8.91e-13 3.06e-13
38.9 0.64 3.17e-13 7.62e-13 2.62e-13
39 0.64 2.71e-13 6.52e-13 2.24e-13
39.1 0.64 2.32e-13 5.58e-13 1.92e-13
39.2 0.64 1.99e-13 4.77e-13 1.64e-13
39.3 0.64 1.7e-13 4.08e-13 1.4e-13
39.4 0.64 1.45e-13 3.49e-13 1.2e-13
39.5 0.64 1.24e-13 2.99e-13 1.03e-13
39.6 0.64 1.06e-13 2.55e-13 8.78e-14
39.7 0.64 9.09e-14 2.18e-13 7.51e-14
39.8 0.64 7.77e-14 1.87e-13 6.42e-14
39.9 0.64 6.65e-14 1.6e-13 5.49e-14
40 0.64 5.69e-14 1.37e-13 4.7e-14
40.1 0.64 4.86e-14 1.17e-13 4.02e-14
40.2 0.64 4.16e-14 1e-13 3.44e-14
40.3 0.64 3.56e-14 8.55e-14 2.94e-14
40.4 0.64 3.04e-14 7.32e-14 2.51e-14
40.5 0.64 2.6e-14 6.26e-14 2.15e-14
40.6 0.64 2.23e-14 5.35e-14 1.84e-14
40.7 0.64 1.91e-14 4.58e-14 1.57e-14
40.8 0.64 1.63e-14 3.92e-14 1.35e-14
40.9 0.64 1.39e-14 3.35e-14 1.15e-14
41 0.64 1.19e-14 2.87e-14 9.85e-15
41.1 0.64 1.02e-14 2.45e-14 8.42e-15
41.2 0.64 8.72e-15 2.1e-14 7.2e-15
41.3 0.64 7.46e-15 1.79e-14 6.16e-15
41.4 0.64 6.38e-15 1.53e-14 5.27e-15
41.5 0.64 5.46e-15 1.31e-14 4.51e-15
41.6 0.64 4.67e-15 1.12e-14 3.86e-15
41.7 0.64 3.99e-15 9.6e-15 3.3e-15
41.8 0.64 3.42e-15 8.21e-15 2.82e-15
41.9 0.64 2.92e-15 7.02e-15 2.41e-15
42 0.64 2.5e-15 6.01e-15 2.06e-15
42.1 0.64 2.14e-15 5.14e-15 1.77e-15
42.2 0.64 1.83e-15 4.39e-15 1.51e-15
42.3 0.64 1.56e-15 3.76e-15 1.29e-15
42.4 0.64 1.34e-15 3.21e-15 1.1e-15
42.5 0.64 1.14e-15 2.75e-15 9.45e-16
42.6 0.64 9.79e-16 2.35e-15 8.08e-16
42.7 0.64 8.37e-16 2.01e-15 6.91e-16
42.8 0.64 7.16e-16 1.72e-15 5.91e-16
42.9 0.64 6.12e-16 1.47e-15 5.06e-16
43 0.64 5.24e-16 1.26e-15 4.33e-16
43.1 0.64 4.48e-16 1.08e-15 3.7e-16
43.2 0.64 3.83e-16 9.21e-16 3.17e-16
43.3 0.64 3.28e-16 7.88e-16 2.71e-16
43.4 0.64 2.8e-16 6.74e-16 2.32e-16
43.5 0.64 2.4e-16 5.76e-16 1.98e-16
43.6 0.64 2.05e-16 4.93e-16 1.69e-16
43.7 0.64 1.75e-16 4.22e-16 1.45e-16
43.8 0.64 1.5e-16 3.61e-16 1.24e-16
43.9 0.64 1.28e-16 3.09e-16 1.06e-16
44 0.64 1.1e-16 2.64e-16 9.07e-17
44.1 0.64 9.39e-17 2.26e-16 7.76e-17
44.2 0.64 8.03e-17 1.93e-16 6.63e-17
44.3 0.64 6.87e-17 1.65e-16 5.67e-17
44.4 0.64 5.88e-17 1.41e-16 4.85e-17
44.5 0.64 5.03e-17 1.21e-16 4.15e-17
44.6 0.64 4.3e-17 1.03e-16 3.55e-17
44.7 0.64 3.68e-17 8.84e-17 3.04e-17
44.8 0.64 3.15e-17 7.56e-17 2.6e-17
44.9 0.64 2.69e-17 6.47e-17 2.22e-17
45 0.64 2.3e-17 5.53e-17 1.9e-17
45.1 0.64 1.97e-17 4.73e-17 1.63e-17
45.2 0.64 1.68e-17 4.05e-17 1.39e-17
45.3 0.64 1.44e-17 3.46e-17 1.19e-17
45.4 0.64 1.23e-17 2.96e-17 1.02e-17
45.5 0.64 1.05e-17 2.53e-17 8.7e-18
45.6 0.64 9.01e-18 2.17e-17 7.44e-18
45.7 0.64 7.71e-18 1.85e-17 6.37e-18
45.8 0.64 6.59e-18 1.58e-17 5.45e-18
45.9 0.64 5.64e-18 1.36e-17 4.66e-18
46 0.64 4.82e-18 1.16e-17 3.98e-18
46.1 0.64 4.13e-18 9.92e-18 3.41e-18
46.2 0.64 3.53e-18 8.48e-18 2.91e-18
46.3 0.64 3.02e-18 7.26e-18 2.49e-18
46.4 0.64 2.58e-18 6.21e-18 2.13e-18
46.5 0.64 2.21e-18 5.31e-18 1.82e-18
46.6 0.64 1.89e-18 4.54e-18 1.56e-18
46.7 0.64 1.62e-18 3.88e-18 1.33e-18
46.8 0.64 1.38e-18 3.32e-18 1.14e-18
46.9 0.64 1.18e-18 2.84e-18 9.76e-19
47 0.64 1.01e-18 2.43e-18 8.35e-19
47.1 0.64 8.65e-19 2.08e-18 7.14e-19
47.2 0.64 7.4e-19 1.78e-18 6.11e-19
47.3 0.64 6.33e-19 1.52e-18 5.23e-19
47.4 0.64 5.41e-19 1.3e-18 4.47e-19
47.5 0.64 4.63e-19 1.11e-18 3.82e-19
47.6 0.64 3.96e-19 9.52e-19 3.27e-19
47.7 0.64 3.39e-19 8.14e-19 2.8e-19
47.8 0.64 2.9e-19 6.96e-19 2.39e-19
47.9 0.64 2.48e-19 5.96e-19 2.05e-19
48 0.64 2.12e-19 5.09e-19 1.75e-19
48.1 0.64 1.81e-19 4.36e-19 1.5e-19
48.2 0.64 1.55e-19 3.73e-19 1.28e-19
48.3 0.64 1.33e-19 3.19e-19 1.1e-19
48.4 0.64 1.13e-19 2.73e-19 9.37e-20
48.5 0.64 9.7e-20 2.33e-19 8.01e-20
48.6 0.64 8.3e-20 2e-19 6.86e-20
48.7 0.64 7.1e-20 1.71e-19 5.86e-20
48.8 0.64 6.07e-20 1.46e-19 5.02e-20
48.9 0.64 5.19e-20 1.25e-19 4.29e-20
49 0.64 4.44e-20 1.07e-19 3.67e-20
49.1 0.64 3.8e-20 9.13e-20 3.14e-20
49.2 0.64 3.25e-20 7.81e-20 2.68e-20
49.3 0.64 2.78e-20 6.68e-20 2.3e-20
49.4 0.64 2.38e-20 5.72e-20 1.96e-20
49.5 0.64 2.03e-20 4.89e-20 1.68e-20
49.6 0.64 1.74e-20 4.18e-20 1.44e-20
49.7 0.64 1.49e-20 3.58e-20 1.23e-20
49.8 0.64 1.27e-20 3.06e-20 1.05e-20
49.9 0.64 1.09e-20 2.62e-20 8.99e-21
50 0.64 9.31e-21 2.24e-20 7.69e-21
50.1 0.64 7.97e-21 1.91e-20 6.58e-21
50.2 0.64 6.81e-21 1.64e-20 5.63e-21
50.3 0.64 5.83e-21 1.4e-20 4.81e-21
50.4 0.64 4.98e-21 1.2e-20 4.12e-21
50.5 0.64 4.26e-21 1.02e-20 3.52e-21
50.6 0.64 3.65e-21 8.77e-21 3.01e-21
50.7 0.64 3.12e-21 7.5e-21 2.58e-21
50.8 0.64 2.67e-21 6.41e-21 2.2e-21
50.9 0.64 2.28e-21 5.49e-21 1.88e-21
51 0.64 1.95e-21 4.69e-21 1.61e-21
51.1 0.64 1.67e-21 4.01e-21 1.38e-21
51.2 0.64 1.43e-21 3.43e-21 1.18e-21
51.3 0.64 1.22e-21 2.94e-21 1.01e-21
51.4 0.64 1.04e-21 2.51e-21 8.63e-22
51.5 0.64 8.94e-22 2.15e-21 7.38e-22
51.6 0.64 7.64e-22 1.84e-21 6.31e-22
51.7 0.64 6.54e-22 1.57e-21 5.4e-22
51.8 0.64 5.59e-22 1.34e-21 4.62e-22
51.9 0.64 4.78e-22 1.15e-21 3.95e-22
52 0.64 4.09e-22 9.83e-22 3.38e-22
52.1 0.64 3.5e-22 8.41e-22 2.89e-22
52.2 0.64 2.99e-22 7.2e-22 2.47e-22
52.3 0.64 2.56e-22 6.15e-22 2.11e-22
52.4 0.64 2.19e-22 5.26e-22 1.81e-22
52.5 0.64 1.87e-22 4.5e-22 1.55e-22
52.6 0.64 1.6e-22 3.85e-22 1.32e-22
52.7 0.64 1.37e-22 3.29e-22 1.13e-22
52.8 0.64 1.17e-22 2.82e-22 9.68e-23
52.9 0.64 1e-22 2.41e-22 8.28e-23
53 0.64 8.58e-23 2.06e-22 7.08e-23
53.1 0.64 7.34e-23 1.76e-22 6.06e-23
53.2 0.64 6.27e-23 1.51e-22 5.18e-23
53.3 0.64 5.37e-23 1.29e-22 4.43e-23
53.4 0.64 4.59e-23 1.1e-22 3.79e-23
53.5 0.64 3.93e-23 9.44e-23 3.24e-23
53.6 0.64 3.36e-23 8.07e-23 2.77e-23
53.7 0.64 2.87e-23 6.9e-23 2.37e-23
53.8 0.64 2.46e-23 5.91e-23 2.03e-23
53.9 0.64 2.1e-23 5.05e-23 1.74e-23
54 0.64 1.8e-23 4.32e-23 1.48e-23
54.1 0.64 1.54e-23 3.7e-23 1.27e-23
54.2 0.64 1.32e-23 3.16e-23 1.09e-23
54.3 0.64 1.13e-23 2.7e-23 9.29e-24
54.4 0.64 9.62e-24 2.31e-23 7.95e-24
54.5 0.64 8.23e-24 1.98e-23 6.8e-24
54.6 0.64 7.04e-24 1.69e-23 5.81e-24
54.7 0.64 6.02e-24 1.45e-23 4.97e-24
54.8 0.64 5.15e-24 1.24e-23 4.25e-24
54.9 0.64 4.41e-24 1.06e-23 3.64e-24
55 0.64 3.77e-24 9.06e-24 3.11e-24
55.1 0.64 3.22e-24 7.75e-24 2.66e-24
55.2 0.64 2.76e-24 6.63e-24 2.28e-24
55.3 0.64 2.36e-24 5.67e-24 1.95e-24
55.4 0.64 2.02e-24 4.85e-24 1.67e-24
55.5 0.64 1.73e-24 4.15e-24 1.42e-24
55.6 0.64 1.48e-24 3.55e-24 1.22e-24
55.7 0.64 1.26e-24 3.03e-24 1.04e-24
55.8 0.64 1.08e-24 2.59e-24 8.92e-25
55.9 0.64 9.23e-25 2.22e-24 7.63e-25
56 0.64 7.9e-25 1.9e-24 6.52e-25
56.1 0.64 6.76e-25 1.62e-24 5.58e-25
56.2 0.64 5.78e-25 1.39e-24 4.77e-25
56.3 0.64 4.94e-25 1.19e-24 4.08e-25
56.4 0.64 4.23e-25 1.02e-24 3.49e-25
56.5 0.64 3.62e-25 8.69e-25 2.99e-25
56.6 0.64 3.09e-25 7.43e-25 2.55e-25
56.7 0.64 2.65e-25 6.36e-25 2.19e-25
56.8 0.64 2.26e-25 5.44e-25 1.87e-25
56.9 0.64 1.94e-25 4.65e-25 1.6e-25
57 0.64 1.66e-25 3.98e-25 1.37e-25
57.1 0.64 1.42e-25 3.4e-25 1.17e-25
57.2 0.64 1.21e-25 2.91e-25 1e-25
57.3 0.64 1.04e-25 2.49e-25 8.56e-26
57.4 0.64 8.86e-26 2.13e-25 7.32e-26
57.5 0.64 7.58e-26 1.82e-25 6.26e-26
57.6 0.64 6.48e-26 1.56e-25 5.35e-26
57.7 0.64 5.55e-26 1.33e-25 4.58e-26
57.8 0.64 4.74e-26 1.14e-25 3.92e-26
57.9 0.64 4.06e-26 9.75e-26 3.35e-26
58 0.64 3.47e-26 8.34e-26 2.87e-26
58.1 0.64 2.97e-26 7.13e-26 2.45e-26
58.2 0.64 2.54e-26 6.1e-26 2.1e-26
58.3 0.64 2.17e-26 5.22e-26 1.79e-26
58.4 0.64 1.86e-26 4.46e-26 1.53e-26
58.5 0.64 1.59e-26 3.82e-26 1.31e-26
58.6 0.64 1.36e-26 3.27e-26 1.12e-26
58.7 0.64 1.16e-26 2.79e-26 9.6e-27
58.8 0.64 9.94e-27 2.39e-26 8.21e-27
58.9 0.64 8.5e-27 2.04e-26 7.02e-27
59 0.64 7.27e-27 1.75e-26 6.01e-27
59.1 0.64 6.22e-27 1.5e-26 5.14e-27
59.2 0.64 5.32e-27 1.28e-26 4.4e-27
59.3 0.64 4.55e-27 1.09e-26 3.76e-27
59.4 0.64 3.89e-27 9.36e-27 3.22e-27
59.5 0.64 3.33e-27 8.01e-27 2.75e-27
59.6 0.64 2.85e-27 6.85e-27 2.35e-27
59.7 0.64 2.44e-27 5.86e-27 2.01e-27
59.8 0.64 2.08e-27 5.01e-27 1.72e-27
59.9 0.64 1.78e-27 4.28e-27 1.47e-27
60 0.64 1.52e-27 3.67e-27 1.26e-27
60.1 0.64 1.3e-27 3.13e-27 1.08e-27
60.2 0.64 1.12e-27 2.68e-27 9.21e-28
60.3 0.64 9.54e-28 2.29e-27 7.88e-28
60.4 0.64 8.16e-28 1.96e-27 6.74e-28
60.5 0.64 6.98e-28 1.68e-27 5.77e-28
60.6 0.64 5.97e-28 1.44e-27 4.93e-28
60.7 0.64 5.11e-28 1.23e-27 4.22e-28
60.8 0.64 4.37e-28 1.05e-27 3.61e-28
60.9 0.64 3.74e-28 8.98e-28 3.09e-28
61 0.64 3.2e-28 7.68e-28 2.64e-28
61.1 0.64 2.73e-28 6.57e-28 2.26e-28
61.2 0.64 2.34e-28 5.62e-28 1.93e-28
61.3 0.64 2e-28 4.81e-28 1.65e-28
61.4 0.64 1.71e-28 4.11e-28 1.41e-28
61.5 0.64 1.46e-28 3.52e-28 1.21e-28
61.6 0.64 1.25e-28 3.01e-28 1.03e-28
61.7 0.64 1.07e-28 2.57e-28 8.84e-29
61.8 0.64 9.16e-29 2.2e-28 7.56e-29
61.9 0.64 7.83e-29 1.88e-28 6.47e-29
62 0.64 6.7e-29 1.61e-28 5.53e-29
62.1 0.64 5.73e-29 1.38e-28 4.73e-29
62.2 0.64 4.9e-29 1.18e-28 4.05e-29
62.3 0.64 4.19e-29 1.01e-28 3.46e-29
62.4 0.64 3.59e-29 8.62e-29 2.96e-29
62.5 0.64 3.07e-29 7.37e-29 2.53e-29
62.6 0.64 2.62e-29 6.31e-29 2.17e-29
62.7 0.64 2.24e-29 5.39e-29 1.85e-29
62.8 0.64 1.92e-29 4.61e-29 1.59e-29
62.9 0.64 1.64e-29 3.95e-29 1.36e-29
63 0.64 1.4e-29 3.38e-29 1.16e-29
63.1 0.64 1.2e-29 2.89e-29 9.92e-30
63.2 0.64 1.03e-29 2.47e-29 8.49e-30
63.3 0.64 8.79e-30 2.11e-29 7.26e-30
63.4 0.64 7.52e-30 1.81e-29 6.21e-30
63.5 0.64 6.43e-30 1.55e-29 5.31e-30
63.6 0.64 5.5e-30 1.32e-29 4.54e-30
63.7 0.64 4.7e-30 1.13e-29 3.88e-30
63.8 0.64 4.02e-30 9.67e-30 3.32e-30
63.9 0.64 3.44e-30 8.27e-30 2.84e-30
64 0.64 2.94e-30 7.08e-30 2.43e-30
64.1 0.64 2.52e-30 6.05e-30 2.08e-30
64.2 0.64 2.15e-30 5.18e-30 1.78e-30
64.3 0.64 1.84e-30 4.43e-30 1.52e-30
64.4 0.64 1.58e-30 3.79e-30 1.3e-30
64.5 0.64 1.35e-30 3.24e-30 1.11e-30
64.6 0.64 1.15e-30 2.77e-30 9.52e-31
64.7 0.64 9.86e-31 2.37e-30 8.14e-31
64.8 0.64 8.43e-31 2.03e-30 6.97e-31
64.9 0.64 7.21e-31 1.73e-30 5.96e-31
65 0.64 6.17e-31 1.48e-30 5.1e-31
65.1 0.64 5.28e-31 1.27e-30 4.36e-31
65.2 0.64 4.51e-31 1.09e-30 3.73e-31
65.3 0.64 3.86e-31 9.28e-31 3.19e-31
65.4 0.64 3.3e-31 7.94e-31 2.73e-31
65.5 0.64 2.82e-31 6.79e-31 2.33e-31
65.6 0.64 2.42e-31 5.81e-31 2e-31
65.7 0.64 2.07e-31 4.97e-31 1.71e-31
65.8 0.64 1.77e-31 4.25e-31 1.46e-31
65.9 0.64 1.51e-31 3.63e-31 1.25e-31
66 0.64 1.29e-31 3.11e-31 1.07e-31
66.1 0.64 1.11e-31 2.66e-31 9.14e-32
66.2 0.64 9.46e-32 2.27e-31 7.81e-32
66.3 0.64 8.09e-32 1.95e-31 6.68e-32
66.4 0.64 6.92e-32 1.66e-31 5.72e-32
66.5 0.64 5.92e-32 1.42e-31 4.89e-32
66.6 0.64 5.06e-32 1.22e-31 4.18e-32
66.7 0.64 4.33e-32 1.04e-31 3.58e-32
66.8 0.64 3.71e-32 8.91e-32 3.06e-32
66.9 0.64 3.17e-32 7.62e-32 2.62e-32
67 0.64 2.71e-32 6.52e-32 2.24e-32
67.1 0.64 2.32e-32 5.57e-32 1.92e-32
67.2 0.64 1.98e-32 4.77e-32 1.64e-32
67.3 0.64 1.7e-32 4.08e-32 1.4e-32
67.4 0.64 1.45e-32 3.49e-32 1.2e-32
67.5 0.64 1.24e-32 2.98e-32 1.03e-32
67.6 0.64 1.06e-32 2.55e-32 8.77e-33
67.7 0.64 9.08e-33 2.18e-32 7.5e-33
67.8 0.64 7.77e-33 1.87e-32 6.41e-33
67.9 0.64 6.64e-33 1.6e-32 5.49e-33
68 0.64 5.68e-33 1.37e-32 4.69e-33
68.1 0.64 4.86e-33 1.17e-32 4.01e-33
68.2 0.64 4.16e-33 9.99e-33 3.43e-33
68.3 0.64 3.56e-33 8.55e-33 2.94e-33
68.4 0.64 3.04e-33 7.31e-33 2.51e-33
68.5 0.64 2.6e-33 6.25e-33 2.15e-33
68.6 0.64 2.23e-33 5.35e-33 1.84e-33
68.7 0.64 1.9e-33 4.57e-33 1.57e-33
68.8 0.64 1.63e-33 3.91e-33 1.34e-33
68.9 0.64 1.39e-33 3.35e-33 1.15e-33
69 0.64 1.19e-33 2.86e-33 9.84e-34
69.1 0.64 1.02e-33 2.45e-33 8.41e-34
69.2 0.64 8.71e-34 2.09e-33 7.2e-34
69.3 0.64 7.45e-34 1.79e-33 6.16e-34
69.4 0.64 6.38e-34 1.53e-33 5.27e-34
69.5 0.64 5.45e-34 1.31e-33 4.5e-34
69.6 0.64 4.66e-34 1.12e-33 3.85e-34
69.7 0.64 3.99e-34 9.59e-34 3.3e-34
69.8 0.64 3.41e-34 8.2e-34 2.82e-34
69.9 0.64 2.92e-34 7.02e-34 2.41e-34
70 0.64 2.5e-34 6e-34 2.06e-34
70.1 0.64 2.14e-34 5.13e-34 1.76e-34
70.2 0.64 1.83e-34 4.39e-34 1.51e-34
70.3 0.64 1.56e-34 3.76e-34 1.29e-34
70.4 0.64 1.34e-34 3.21e-34 1.1e-34
70.5 0.64 1.14e-34 2.75e-34 9.44e-35
70.6 0.64 9.78e-35 2.35e-34 8.08e-35
70.7 0.64 8.36e-35 2.01e-34 6.91e-35
70.8 0.64 7.15e-35 1.72e-34 5.91e-35
70.9 0.64 6.12e-35 1.47e-34 5.05e-35
71 0.64 5.23e-35 1.26e-34 4.32e-35
71.1 0.64 4.48e-35 1.08e-34 3.7e-35
71.2 0.64 3.83e-35 9.2e-35 3.16e-35
71.3 0.64 3.27e-35 7.87e-35 2.7e-35
71.4 0.64 2.8e-35 6.73e-35 2.31e-35
71.5 0.64 2.4e-35 5.76e-35 1.98e-35
71.6 0.64 2.05e-35 4.93e-35 1.69e-35
71.7 0.64 1.75e-35 4.21e-35 1.45e-35
71.8 0.64 1.5e-35 3.6e-35 1.24e-35
71.9 0.64 1.28e-35 3.08e-35 1.06e-35
72 0.64 1.1e-35 2.64e-35 9.06e-36
72.1 0.64 9.38e-36 2.26e-35 7.75e-36
72.2 0.64 8.03e-36 1.93e-35 6.63e-36
72.3 0.64 6.86e-36 1.65e-35 5.67e-36
72.4 0.64 5.87e-36 1.41e-35 4.85e-36
72.5 0.64 5.02e-36 1.21e-35 4.15e-36
72.6 0.64 4.3e-36 1.03e-35 3.55e-36
72.7 0.64 3.67e-36 8.83e-36 3.03e-36
72.8 0.64 3.14e-36 7.55e-36 2.6e-36
72.9 0.64 2.69e-36 6.46e-36 2.22e-36
73 0.64 2.3e-36 5.53e-36 1.9e-36
73.1 0.64 1.97e-36 4.73e-36 1.62e-36
73.2 0.64 1.68e-36 4.04e-36 1.39e-36
73.3 0.64 1.44e-36 3.46e-36 1.19e-36
73.4 0.64 1.23e-36 2.96e-36 1.02e-36
73.5 0.64 1.05e-36 2.53e-36 8.69e-37
73.6 0.64 9e-37 2.16e-36 7.44e-37
73.7 0.64 7.7e-37 1.85e-36 6.36e-37
73.8 0.64 6.59e-37 1.58e-36 5.44e-37
73.9 0.64 5.63e-37 1.35e-36 4.65e-37
74 0.64 4.82e-37 1.16e-36 3.98e-37
74.1 0.64 4.12e-37 9.91e-37 3.4e-37
74.2 0.64 3.53e-37 8.48e-37 2.91e-37
74.3 0.64 3.02e-37 7.25e-37 2.49e-37
74.4 0.64 2.58e-37 6.2e-37 2.13e-37
74.5 0.64 2.21e-37 5.3e-37 1.82e-37
74.6 0.64 1.89e-37 4.54e-37 1.56e-37
74.7 0.64 1.61e-37 3.88e-37 1.33e-37
74.8 0.64 1.38e-37 3.32e-37 1.14e-37
74.9 0.64 1.18e-37 2.84e-37 9.76e-38
75 0.64 1.01e-37 2.43e-37 8.34e-38
75.1 0.64 8.64e-38 2.08e-37 7.14e-38
75.2 0.64 7.39e-38 1.78e-37 6.1e-38
75.3 0.64 6.32e-38 1.52e-37 5.22e-38
75.4 0.64 5.41e-38 1.3e-37 4.47e-38
75.5 0.64 4.63e-38 1.11e-37 3.82e-38
75.6 0.64 3.96e-38 9.51e-38 3.27e-38
75.7 0.64 3.38e-38 8.13e-38 2.79e-38
75.8 0.64 2.89e-38 6.96e-38 2.39e-38
75.9 0.64 2.48e-38 5.95e-38 2.04e-38
76 0.64 2.12e-38 5.09e-38 1.75e-38
76.1 0.64 1.81e-38 4.35e-38 1.5e-38
76.2 0.64 1.55e-38 3.72e-38 1.28e-38
76.3 0.64 1.33e-38 3.19e-38 1.09e-38
76.4 0.64 1.13e-38 2.72e-38 9.36e-39
76.5 0.64 9.7e-39 2.33e-38 8.01e-39
76.6 0.64 8.29e-39 1.99e-38 6.85e-39
76.7 0.64 7.09e-39 1.7e-38 5.86e-39
76.8 0.64 6.07e-39 1.46e-38 5.01e-39
76.9 0.64 5.19e-39 1.25e-38 4.29e-39
77 0.64 4.44e-39 1.07e-38 3.67e-39
77.1 0.64 3.8e-39 9.13e-39 3.14e-39
77.2 0.64 3.25e-39 7.81e-39 2.68e-39
77.3 0.64 2.78e-39 6.68e-39 2.29e-39
77.4 0.64 2.38e-39 5.71e-39 1.96e-39
77.5 0.64 2.03e-39 4.88e-39 1.68e-39
77.6 0.64 1.74e-39 4.18e-39 1.44e-39
77.7 0.64 1.49e-39 3.57e-39 1.23e-39
77.8 0.64 1.27e-39 3.06e-39 1.05e-39
77.9 0.64 1.09e-39 2.61e-39 8.98e-40
78 0.64 9.3e-40 2.24e-39 7.68e-40
78.1 0.64 7.96e-40 1.91e-39 6.57e-40
78.2 0.64 6.81e-40 1.64e-39 5.62e-40
78.3 0.64 5.82e-40 1.4e-39 4.81e-40
78.4 0.64 4.98e-40 1.2e-39 4.11e-40
78.5 0.64 4.26e-40 1.02e-39 3.52e-40
78.6 0.64 3.64e-40 8.76e-40 3.01e-40
78.7 0.64 3.12e-40 7.49e-40 2.57e-40
78.8 0.64 2.67e-40 6.41e-40 2.2e-40
78.9 0.64 2.28e-40 5.48e-40 1.88e-40
79 0.64 1.95e-40 4.69e-40 1.61e-40
79.1 0.64 1.67e-40 4.01e-40 1.38e-40
79.2 0.64 1.43e-40 3.43e-40 1.18e-40
79.3 0.64 1.22e-40 2.93e-40 1.01e-40
79.4 0.64 1.04e-40 2.51e-40 8.62e-41
79.5 0.64 8.93e-41 2.15e-40 7.37e-41
79.6 0.64 7.64e-41 1.84e-40 6.31e-41
79.7 0.64 6.53e-41 1.57e-40 5.4e-41
79.8 0.64 5.59e-41 1.34e-40 4.61e-41
79.9 0.64 4.78e-41 1.15e-40 3.95e-41
80 0.64 4.09e-41 9.83e-41 3.38e-41
80.1 0.64 3.5e-41 8.4e-41 2.89e-41
80.2 0.64 2.99e-41 7.19e-41 2.47e-41
80.3 0.64 2.56e-41 6.15e-41 2.11e-41
80.4 0.64 2.19e-41 5.26e-41 1.81e-41
80.5 0.64 1.87e-41 4.5e-41 1.55e-41
80.6 0.64 1.6e-41 3.85e-41 1.32e-41
80.7 0.64 1.37e-41 3.29e-41 1.13e-41
80.8 0.64 1.17e-41 2.82e-41 9.67e-42
80.9 0.64 1e-41 2.41e-41 8.27e-42
81 0.64 8.57e-42 2.06e-41 7.08e-42
81.1 0.64 7.33e-42 1.76e-41 6.05e-42
81.2 0.64 6.27e-42 1.51e-41 5.18e-42
81.3 0.64 5.36e-42 1.29e-41 4.43e-42
81.4 0.64 4.59e-42 1.1e-41 3.79e-42
81.5 0.64 3.92e-42 9.43e-42 3.24e-42
81.6 0.64 3.36e-42 8.07e-42 2.77e-42
81.7 0.64 2.87e-42 6.9e-42 2.37e-42
81.8 0.64 2.46e-42 5.9e-42 2.03e-42
81.9 0.64 2.1e-42 5.05e-42 1.73e-42
82 0.64 1.8e-42 4.32e-42 1.48e-42
82.1 0.64 1.54e-42 3.69e-42 1.27e-42
82.2 0.64 1.31e-42 3.16e-42 1.09e-42
82.3 0.64 1.12e-42 2.7e-42 9.28e-43
82.4 0.64 9.61e-43 2.31e-42 7.94e-43
82.5 0.64 8.22e-43 1.98e-42 6.79e-43
82.6 0.64 7.03e-43 1.69e-42 5.81e-43
82.7 0.64 6.02e-43 1.45e-42 4.97e-43
82.8 0.64 5.15e-43 1.24e-42 4.25e-43
82.9 0.64 4.4e-43 1.06e-42 3.64e-43
83 0.64 3.76e-43 9.05e-43 3.11e-43
83.1 0.64 3.22e-43 7.74e-43 2.66e-43
83.2 0.64 2.75e-43 6.62e-43 2.27e-43
83.3 0.64 2.36e-43 5.66e-43 1.95e-43
83.4 0.64 2.02e-43 4.84e-43 1.66e-43
83.5 0.64 1.72e-43 4.14e-43 1.42e-43
83.6 0.64 1.47e-43 3.54e-43 1.22e-43
83.7 0.64 1.26e-43 3.03e-43 1.04e-43
83.8 0.64 1.08e-43 2.59e-43 8.91e-44
83.9 0.64 9.23e-44 2.22e-43 7.62e-44
84 0.64 7.89e-44 1.9e-43 6.52e-44
84.1 0.64 6.75e-44 1.62e-43 5.58e-44
84.2 0.64 5.77e-44 1.39e-43 4.77e-44
84.3 0.64 4.94e-44 1.19e-43 4.08e-44
84.4 0.64 4.22e-44 1.02e-43 3.49e-44
84.5 0.64 3.61e-44 8.68e-44 2.98e-44
84.6 0.64 3.09e-44 7.43e-44 2.55e-44
84.7 0.64 2.64e-44 6.35e-44 2.18e-44
84.8 0.64 2.26e-44 5.43e-44 1.87e-44
84.9 0.64 1.93e-44 4.65e-44 1.6e-44
85 0.64 1.65e-44 3.98e-44 1.37e-44
85.1 0.64 1.41e-44 3.4e-44 1.17e-44
85.2 0.64 1.21e-44 2.91e-44 1e-44
85.3 0.64 1.04e-44 2.49e-44 8.55e-45
85.4 0.64 8.85e-45 2.13e-44 7.31e-45
85.5 0.64 7.57e-45 1.82e-44 6.26e-45
85.6 0.64 6.48e-45 1.56e-44 5.35e-45
85.7 0.64 5.54e-45 1.33e-44 4.58e-45
85.8 0.64 4.74e-45 1.14e-44 3.91e-45
85.9 0.64 4.05e-45 9.74e-45 3.35e-45
86 0.64 3.47e-45 8.33e-45 2.86e-45
86.1 0.64 2.97e-45 7.13e-45 2.45e-45
86.2 0.64 2.54e-45 6.1e-45 2.1e-45
86.3 0.64 2.17e-45 5.22e-45 1.79e-45
86.4 0.64 1.86e-45 4.46e-45 1.53e-45
86.5 0.64 1.59e-45 3.82e-45 1.31e-45
86.6 0.64 1.36e-45 3.26e-45 1.12e-45
86.7 0.64 1.16e-45 2.79e-45 9.59e-46
86.8 0.64 9.93e-46 2.39e-45 8.2e-46
86.9 0.64 8.5e-46 2.04e-45 7.02e-46
87 0.64 7.27e-46 1.75e-45 6e-46
87.1 0.64 6.22e-46 1.49e-45 5.13e-46
87.2 0.64 5.32e-46 1.28e-45 4.39e-46
87.3 0.64 4.55e-46 1.09e-45 3.76e-46
87.4 0.64 3.89e-46 9.35e-46 3.21e-46
87.5 0.64 3.33e-46 8e-46 2.75e-46
87.6 0.64 2.85e-46 6.84e-46 2.35e-46
87.7 0.64 2.43e-46 5.85e-46 2.01e-46
87.8 0.64 2.08e-46 5.01e-46 1.72e-46
87.9 0.64 1.78e-46 4.28e-46 1.47e-46
88 0.64 1.52e-46 3.66e-46 1.26e-46
88.1 0.64 1.3e-46 3.13e-46 1.08e-46
88.2 0.64 1.11e-46 2.68e-46 9.21e-47
88.3 0.64 9.53e-47 2.29e-46 7.87e-47
88.4 0.64 8.15e-47 1.96e-46 6.73e-47
88.5 0.64 6.97e-47 1.68e-46 5.76e-47
88.6 0.64 5.97e-47 1.43e-46 4.93e-47
88.7 0.64 5.1e-47 1.23e-46 4.21e-47
88.8 0.64 4.36e-47 1.05e-46 3.6e-47
88.9 0.64 3.73e-47 8.97e-47 3.08e-47
89 0.64 3.19e-47 7.68e-47 2.64e-47
89.1 0.64 2.73e-47 6.57e-47 2.26e-47
89.2 0.64 2.34e-47 5.62e-47 1.93e-47
89.3 0.64 2e-47 4.8e-47 1.65e-47
89.4 0.64 1.71e-47 4.11e-47 1.41e-47
89.5 0.64 1.46e-47 3.51e-47 1.21e-47
89.6 0.64 1.25e-47 3.01e-47 1.03e-47
89.7 0.64 1.07e-47 2.57e-47 8.83e-48
89.8 0.64 9.15e-48 2.2e-47 7.56e-48
89.9 0.64 7.83e-48 1.88e-47 6.46e-48
90 0.64 6.69e-48 1.61e-47 5.53e-48
90.1 0.64 5.73e-48 1.38e-47 4.73e-48
90.2 0.64 4.9e-48 1.18e-47 4.04e-48
90.3 0.64 4.19e-48 1.01e-47 3.46e-48
90.4 0.64 3.58e-48 8.61e-48 2.96e-48
90.5 0.64 3.06e-48 7.37e-48 2.53e-48
90.6 0.64 2.62e-48 6.3e-48 2.16e-48
90.7 0.64 2.24e-48 5.39e-48 1.85e-48
90.8 0.64 1.92e-48 4.61e-48 1.58e-48
90.9 0.64 1.64e-48 3.94e-48 1.35e-48
91 0.64 1.4e-48 3.37e-48 1.16e-48
91.1 0.64 1.2e-48 2.88e-48 9.91e-49
91.2 0.64 1.03e-48 2.47e-48 8.48e-49
91.3 0.64 8.78e-49 2.11e-48 7.25e-49
91.4 0.64 7.51e-49 1.81e-48 6.2e-49
91.5 0.64 6.42e-49 1.54e-48 5.31e-49
91.6 0.64 5.49e-49 1.32e-48 4.54e-49
91.7 0.64 4.7e-49 1.13e-48 3.88e-49
91.8 0.64 4.02e-49 9.66e-49 3.32e-49
91.9 0.64 3.44e-49 8.26e-49 2.84e-49
92 0.64 2.94e-49 7.07e-49 2.43e-49
92.1 0.64 2.52e-49 6.05e-49 2.08e-49
92.2 0.64 2.15e-49 5.17e-49 1.78e-49
92.3 0.64 1.84e-49 4.42e-49 1.52e-49
92.4 0.64 1.57e-49 3.78e-49 1.3e-49
92.5 0.64 1.35e-49 3.24e-49 1.11e-49
92.6 0.64 1.15e-49 2.77e-49 9.51e-50
92.7 0.64 9.85e-50 2.37e-49 8.14e-50
92.8 0.64 8.43e-50 2.03e-49 6.96e-50
92.9 0.64 7.21e-50 1.73e-49 5.95e-50
93 0.64 6.16e-50 1.48e-49 5.09e-50
93.1 0.64 5.27e-50 1.27e-49 4.35e-50
93.2 0.64 4.51e-50 1.08e-49 3.73e-50
93.3 0.64 3.86e-50 9.27e-50 3.19e-50
93.4 0.64 3.3e-50 7.93e-50 2.73e-50
93.5 0.64 2.82e-50 6.78e-50 2.33e-50
93.6 0.64 2.41e-50 5.8e-50 1.99e-50
93.7 0.64 2.06e-50 4.96e-50 1.71e-50
93.8 0.64 1.77e-50 4.25e-50 1.46e-50
93.9 0.64 1.51e-50 3.63e-50 1.25e-50
94 0.64 1.29e-50 3.11e-50 1.07e-50
94.1 0.64 1.11e-50 2.66e-50 9.13e-51
94.2 0.64 9.45e-51 2.27e-50 7.81e-51
94.3 0.64 8.09e-51 1.94e-50 6.68e-51
94.4 0.64 6.92e-51 1.66e-50 5.71e-51
94.5 0.64 5.92e-51 1.42e-50 4.89e-51
94.6 0.64 5.06e-51 1.22e-50 4.18e-51
94.7 0.64 4.33e-51 1.04e-50 3.57e-51
94.8 0.64 3.7e-51 8.9e-51 3.06e-51
94.9 0.64 3.17e-51 7.61e-51 2.62e-51
95 0.64 2.71e-51 6.51e-51 2.24e-51
95.1 0.64 2.32e-51 5.57e-51 1.91e-51
95.2 0.64 1.98e-51 4.76e-51 1.64e-51
95.3 0.64 1.69e-51 4.07e-51 1.4e-51
95.4 0.64 1.45e-51 3.48e-51 1.2e-51
95.5 0.64 1.24e-51 2.98e-51 1.02e-51
95.6 0.64 1.06e-51 2.55e-51 8.76e-52
95.7 0.64 9.07e-52 2.18e-51 7.49e-52
95.8 0.64 7.76e-52 1.87e-51 6.41e-52
95.9 0.64 6.64e-52 1.6e-51 5.48e-52
96 0.64 5.68e-52 1.36e-51 4.69e-52
96.1 0.64 4.86e-52 1.17e-51 4.01e-52
96.2 0.64 4.15e-52 9.98e-52 3.43e-52
96.3 0.64 3.55e-52 8.54e-52 2.93e-52
96.4 0.64 3.04e-52 7.3e-52 2.51e-52
96.5 0.64 2.6e-52 6.25e-52 2.15e-52
96.6 0.64 2.22e-52 5.34e-52 1.84e-52
96.7 0.64 1.9e-52 4.57e-52 1.57e-52
96.8 0.64 1.63e-52 3.91e-52 1.34e-52
96.9 0.64 1.39e-52 3.34e-52 1.15e-52
97 0.64 1.19e-52 2.86e-52 9.83e-53
97.1 0.64 1.02e-52 2.45e-52 8.41e-53
97.2 0.64 8.71e-53 2.09e-52 7.19e-53
97.3 0.64 7.45e-53 1.79e-52 6.15e-53
97.4 0.64 6.37e-53 1.53e-52 5.26e-53
97.5 0.64 5.45e-53 1.31e-52 4.5e-53
97.6 0.64 4.66e-53 1.12e-52 3.85e-53
97.7 0.64 3.99e-53 9.58e-53 3.29e-53
97.8 0.64 3.41e-53 8.2e-53 2.82e-53
97.9 0.64 2.92e-53 7.01e-53 2.41e-53
98 0.64 2.49e-53 6e-53 2.06e-53
98.1 0.64 2.13e-53 5.13e-53 1.76e-53
98.2 0.64 1.83e-53 4.39e-53 1.51e-53
98.3 0.64 1.56e-53 3.75e-53 1.29e-53
98.4 0.64 1.34e-53 3.21e-53 1.1e-53
98.5 0.64 1.14e-53 2.75e-53 9.43e-54
98.6 0.64 9.77e-54 2.35e-53 8.07e-54
98.7 0.64 8.36e-54 2.01e-53 6.9e-54
98.8 0.64 7.15e-54 1.72e-53 5.9e-54
98.9 0.64 6.11e-54 1.47e-53 5.05e-54
99 0.64 5.23e-54 1.26e-53 4.32e-54
99.1 0.64 4.47e-54 1.07e-53 3.69e-54
99.2 0.64 3.83e-54 9.19e-54 3.16e-54
99.3 0.64 3.27e-54 7.86e-54 2.7e-54
99.4 0.64 2.8e-54 6.73e-54 2.31e-54
99.5 0.64 2.39e-54 5.75e-54 1.98e-54
99.6 0.64 2.05e-54 4.92e-54 1.69e-54
99.7 0.64 1.75e-54 4.21e-54 1.45e-54
99.8 0.64 1.5e-54 3.6e-54 1.24e-54
99.9 0.64 1.28e-54 3.08e-54 1.06e-54
