-21.2 0.86 9.11e-10 1.11e-10 1.1e-10
-21.1 0.86 1.02e-09 1.25e-10 1.24e-10
-21 0.86 1.15e-09 1.4e-10 1.39e-10
-20.9 0.86 1.29e-09 1.57e-10 1.56e-10
-20.8 0.86 1.45e-09 1.77e-10 1.76e-10
-20.7 0.86 1.63e-09 1.99e-10 1.97e-10
-20.6 0.86 1.83e-09 2.23e-10 2.22e-10
-20.5 0.86 2.06e-09 2.51e-10 2.49e-10
-20.4 0.86 2.31e-09 2.82e-10 2.8e-10
-20.3 0.86 2.59e-09 3.16e-10 3.14e-10
-20.2 0.86 2.91e-09 3.55e-10 3.53e-10
-20.1 0.86 3.27e-09 3.99e-10 3.97e-10
-20 0.86 3.68e-09 4.48e-10 4.46e-10
-19.9 0.86 4.13e-09 5.04e-10 5e-10
-19.8 0.86 4.64e-09 5.66e-10 5.62e-10
-19.7 0.86 5.21e-09 6.35e-10 6.32e-10
-19.6 0.86 5.85e-09 7.14e-10 7.09e-10
-19.5 0.86 6.58e-09 8.02e-10 7.97e-10
-19.4 0.86 7.39e-09 9.01e-10 8.95e-10
-19.3 0.86 8.3e-09 1.01e-09 1.01e-09
-19.2 0.86 9.32e-09 1.14e-09 1.13e-09
-19.1 0.86 1.05e-08 1.28e-09 1.27e-09
-19 0.86 1.18e-08 1.43e-09 1.43e-09
-18.9 0.86 1.32e-08 1.61e-09 1.6e-09
-18.8 0.86 1.48e-08 1.81e-09 1.8e-09
-18.7 0.86 1.67e-08 2.03e-09 2.02e-09
-18.6 0.86 1.87e-08 2.28e-09 2.27e-09
-18.5 0.86 2.1e-08 2.56e-09 2.55e-09
-18.4 0.86 2.36e-08 2.88e-09 2.86e-09
-18.3 0.86 2.65e-08 3.24e-09 3.22e-09
-18.2 0.86 2.98e-08 3.64e-09 3.61e-09
-18.1 0.86 3.35e-08 4.08e-09 4.06e-09
-18 0.86 3.76e-08 4.59e-09 4.56e-09
-17.9 0.86 4.23e-08 5.15e-09 5.12e-09
-17.8 0.86 4.75e-08 5.79e-09 5.75e-09
-17.7 0.86 5.33e-08 6.5e-09 6.46e-09
-17.6 0.86 5.99e-08 7.3e-09 7.26e-09
-17.5 0.86 6.73e-08 8.2e-09 8.15e-09
-17.4 0.86 7.56e-08 9.22e-09 9.16e-09
-17.3 0.86 8.49e-08 1.04e-08 1.03e-08
-17.2 0.86 9.54e-08 1.16e-08 1.16e-08
-17.1 0.86 1.07e-07 1.31e-08 1.3e-08
-17 0.86 1.2e-07 1.47e-08 1.46e-08
-16.9 0.86 1.35e-07 1.65e-08 1.64e-08
-16.8 0.86 1.52e-07 1.85e-08 1.84e-08
-16.7 0.86 1.71e-07 2.08e-08 2.07e-08
-16.6 0.86 1.92e-07 2.34e-08 2.32e-08
-16.5 0.86 2.15e-07 2.62e-08 2.61e-08
-16.4 0.86 2.42e-07 2.95e-08 2.93e-08
-16.3 0.86 2.72e-07 3.31e-08 3.29e-08
-16.2 0.86 3.05e-07 3.72e-08 3.7e-08
-16.1 0.86 3.43e-07 4.18e-08 4.15e-08
-16 0.86 3.85e-07 4.69e-08 4.66e-08
-15.9 0.86 4.33e-07 5.27e-08 5.24e-08
-15.8 0.86 4.86e-07 5.92e-08 5.89e-08
-15.7 0.86 5.46e-07 6.65e-08 6.61e-08
-15.6 0.86 6.13e-07 7.47e-08 7.43e-08
-15.5 0.86 6.89e-07 8.4e-08 8.34e-08
-15.4 0.86 7.74e-07 9.43e-08 9.37e-08
-15.3 0.86 8.69e-07 1.06e-07 1.05e-07
-15.2 0.86 9.76e-07 1.19e-07 1.18e-07
-15.1 0.86 1.1e-06 1.34e-07 1.33e-07
-15 0.86 1.23e-06 1.5e-07 1.49e-07
-14.9 0.86 1.38e-06 1.69e-07 1.68e-07
-14.8 0.86 1.55e-06 1.89e-07 1.88e-07
-14.7 0.86 1.75e-06 2.13e-07 2.12e-07
-14.6 0.86 1.96e-06 2.39e-07 2.38e-07
-14.5 0.86 2.2e-06 2.69e-07 2.67e-07
-14.4 0.86 2.47e-06 3.02e-07 3e-07
-14.3 0.86 2.78e-06 3.39e-07 3.37e-07
-14.2 0.86 3.12e-06 3.81e-07 3.78e-07
-14.1 0.86 3.51e-06 4.28e-07 4.25e-07
-14 0.86 3.94e-06 4.8e-07 4.77e-07
-13.9 0.86 4.43e-06 5.4e-07 5.36e-07
-13.8 0.86 4.97e-06 6.06e-07 6.02e-07
-13.7 0.86 5.58e-06 6.81e-07 6.76e-07
-13.6 0.86 6.27e-06 7.65e-07 7.6e-07
-13.5 0.86 7.05e-06 8.59e-07 8.54e-07
-13.4 0.86 7.92e-06 9.65e-07 9.59e-07
-13.3 0.86 8.89e-06 1.08e-06 1.08e-06
-13.2 0.86 9.99e-06 1.22e-06 1.21e-06
-13.1 0.86 1.12e-05 1.37e-06 1.36e-06
-13 0.86 1.26e-05 1.54e-06 1.53e-06
-12.9 0.86 1.42e-05 1.73e-06 1.71e-06
-12.8 0.86 1.59e-05 1.94e-06 1.93e-06
-12.7 0.86 1.79e-05 2.18e-06 2.16e-06
-12.6 0.86 2.01e-05 2.45e-06 2.43e-06
-12.5 0.86 2.25e-05 2.75e-06 2.73e-06
-12.4 0.86 2.53e-05 3.09e-06 3.07e-06
-12.3 0.86 2.84e-05 3.47e-06 3.44e-06
-12.2 0.86 3.19e-05 3.89e-06 3.87e-06
-12.1 0.86 3.59e-05 4.37e-06 4.34e-06
-12 0.86 4.03e-05 4.91e-06 4.88e-06
-11.9 0.86 4.53e-05 5.52e-06 5.48e-06
-11.8 0.86 5.09e-05 6.2e-06 6.15e-06
-11.7 0.86 5.71e-05 6.96e-06 6.91e-06
-11.6 0.86 6.42e-05 7.81e-06 7.76e-06
-11.5 0.86 7.21e-05 8.78e-06 8.72e-06
-11.4 0.86 8.1e-05 9.86e-06 9.79e-06
-11.3 0.86 9.09e-05 1.11e-05 1.1e-05
-11.2 0.86 0.000102 1.24e-05 1.23e-05
-11.1 0.86 0.000115 1.4e-05 1.39e-05
-11 0.86 0.000129 1.57e-05 1.56e-05
-10.9 0.86 0.000145 1.76e-05 1.75e-05
-10.8 0.86 0.000163 1.98e-05 1.96e-05
-10.7 0.86 0.000183 2.22e-05 2.2e-05
-10.6 0.86 0.000205 2.49e-05 2.47e-05
-10.5 0.86 0.00023 2.8e-05 2.78e-05
-10.4 0.86 0.000259 3.14e-05 3.11e-05
-10.3 0.86 0.000291 3.53e-05 3.5e-05
-10.2 0.86 0.000326 3.96e-05 3.92e-05
-10.1 0.86 0.000366 4.44e-05 4.4e-05
-10 0.86 0.000411 4.98e-05 4.94e-05
-9.9 0.86 0.000462 5.59e-05 5.54e-05
-9.8 0.86 0.000519 6.27e-05 6.21e-05
-9.7 0.86 0.000583 7.04e-05 6.96e-05
-9.6 0.86 0.000654 7.89e-05 7.8e-05
-9.5 0.86 0.000735 8.85e-05 8.74e-05
-9.4 0.86 0.000825 9.92e-05 9.79e-05
-9.3 0.86 0.000926 0.000111 0.00011
-9.2 0.86 0.00104 0.000125 0.000123
-9.1 0.86 0.00117 0.00014 0.000137
-9 0.86 0.00131 0.000156 0.000154
-8.9 0.86 0.00147 0.000175 0.000172
-8.8 0.86 0.00165 0.000196 0.000192
-8.7 0.86 0.00185 0.000219 0.000214
-8.6 0.86 0.00207 0.000245 0.000239
-8.5 0.86 0.00233 0.000273 0.000266
-8.4 0.86 0.00261 0.000305 0.000297
-8.3 0.86 0.00293 0.00034 0.00033
-8.2 0.86 0.00328 0.000379 0.000366
-8.1 0.86 0.00367 0.000423 0.000406
-8 0.86 0.00412 0.00047 0.00045
-7.9 0.86 0.00461 0.000522 0.000498
-7.8 0.86 0.00516 0.00058 0.000549
-7.7 0.86 0.00578 0.000642 0.000605
-7.6 0.86 0.00646 0.000711 0.000664
-7.5 0.86 0.00722 0.000785 0.000727
-7.4 0.86 0.00807 0.000865 0.000793
-7.3 0.86 0.00902 0.000952 0.000862
-7.2 0.86 0.0101 0.00104 0.000933
-7.1 0.86 0.0112 0.00114 0.00101
-7 0.86 0.0125 0.00125 0.00108
-6.9 0.86 0.0139 0.00136 0.00115
-6.8 0.86 0.0155 0.00148 0.00121
-6.7 0.86 0.0172 0.0016 0.00127
-6.6 0.86 0.0191 0.00173 0.00131
-6.5 0.86 0.0212 0.00186 0.00134
-6.4 0.86 0.0235 0.00199 0.00135
-6.3 0.86 0.026 0.00213 0.00134
-6.2 0.86 0.0287 0.00227 0.0013
-6.1 0.86 0.0316 0.00242 0.0013
-6 0.86 0.0348 0.00259 0.00167
-5.9 0.86 0.0383 0.00277 0.0021
-5.8 0.86 0.042 0.00298 0.00261
-5.7 0.86 0.046 0.00325 0.0032
-5.6 0.86 0.0502 0.00366 0.00381
-5.5 0.86 0.0548 0.00408 0.00463
-5.4 0.86 0.0597 0.00469 0.00556
-5.3 0.86 0.065 0.00561 0.00663
-5.2 0.86 0.0707 0.00705 0.00789
-5.1 0.86 0.077 0.00948 0.00946
-5 0.86 0.084 0.014 0.0116
-4.9 0.86 0.0935 0.024 0.0159
-4.8 0.86 0.113 0.0648 0.0304
-4.7 0.86 0.0486 0.056 0.149
-4.6 0.86 0.0914 0.0205 0.0402
-4.5 0.86 0.103 0.0161 0.025
-4.4 0.86 0.112 0.0146 0.0188
-4.3 0.86 0.121 0.0141 0.0169
-4.2 0.86 0.129 0.0142 0.0149
-4.1 0.86 0.137 0.0143 0.0133
-4 0.86 0.144 0.0141 0.0117
-3.9 0.86 0.149 0.0162 0.00753
-3.8 0.86 0.156 0.0155 0.00741
-3.7 0.86 0.163 0.0143 0.00983
-3.6 0.86 0.169 0.0124 0.0118
-3.5 0.86 0.172 0.0074 0.0083
-3.4 0.86 0.179 0.00932 0.00848
-3.3 0.86 0.186 0.0108 0.0118
-3.2 0.86 0.195 0.0116 0.0148
-3.1 0.86 0.204 0.0117 0.0171
-3 0.86 0.215 0.0109 0.0182
-2.9 0.86 0.226 0.00936 0.0179
-2.8 0.86 0.243 0.0191 0.0213
-2.7 0.86 0.255 0.0206 0.0179
-2.6 0.86 0.258 0.00685 0.0122
-2.5 0.86 0.273 0.0114 0.0143
-2.4 0.86 0.284 0.0118 0.0124
-2.3 0.86 0.296 0.0108 0.00994
-2.2 0.86 0.312 0.0103 0.00757
-2.1 0.86 0.323 0.0123 0.00686
-2 0.86 0.334 0.0128 0.00621
-1.9 0.86 0.339 0.00135 0.00105
-1.8 0.86 0.35 0.0125 0.0112
-1.7 0.86 0.363 0.0067 0.00268
-1.6 0.86 0.363 0.00894 0.0205
-1.5 0.86 0.383 0.000419 0.000812
-1.4 0.86 0.394 0.000394 0.000762
-1.3 0.86 0.405 0.000756 0.000952
-1.2 0.86 0.413 0.00361 0.00419
-1.1 0.86 0.429 0.00145 0.00233
-1 0.86 0.44 0.00116 0.00198
-0.9 0.86 0.452 0.0012 0.00199
-0.8 0.86 0.463 0.00132 0.00214
-0.7 0.86 0.475 0.000506 0.0011
-0.6 0.86 0.485 0.00174 0.00244
-0.5 0.86 0.497 0.00184 0.00253
-0.4 0.86 0.508 0.00189 0.00244
-0.3 0.86 0.519 0.00194 0.00224
-0.2 0.86 0.532 0.00363 0.00263
-0.1 0.86 0.54 0.000974 0.00158
1.24e-14 0.86 0.551 0.00105 0.00191
0.1 0.86 0.562 0.00142 0.00261
0.2 0.86 0.573 0.00586 0.00501
0.3 0.86 0.584 0.00721 0.00664
0.4 0.86 0.595 0.00666 0.00388
0.5 0.86 0.604 0.00812 0.00923
0.6 0.86 0.618 0.0261 0.0203
0.7 0.86 0.621 0.00399 0.00721
0.8 0.86 0.631 0.00414 0.00609
0.9 0.86 0.635 0.00983 0.0229
1 0.86 0.643 0.011 0.0219
1.1 0.86 0.652 0.0114 0.0192
1.2 0.86 0.669 0.00681 0.0133
1.3 0.86 0.679 0.0103 0.0152
1.4 0.86 0.689 0.0131 0.0157
1.5 0.86 0.698 0.0151 0.015
1.6 0.86 0.712 0.0125 0.00536
1.7 0.86 0.72 0.0129 0.00633
1.8 0.86 0.729 0.0127 0.00697
1.9 0.86 0.729 0.0179 0.0182
2 0.86 0.738 0.0185 0.0153
2.1 0.86 0.746 0.018 0.012
2.2 0.86 0.756 0.0137 0.00736
2.3 0.86 0.763 0.0126 0.00745
2.4 0.86 0.768 0.0113 0.00723
2.5 0.86 0.774 0.00988 0.00678
2.6 0.86 0.778 0.00841 0.00618
2.7 0.86 0.783 0.00701 0.0055
2.8 0.86 0.787 0.00572 0.00481
2.9 0.86 0.791 0.00459 0.00415
3 0.86 0.795 0.00617 0.00434
3.1 0.86 0.799 0.0053 0.004
3.2 0.86 0.802 0.00457 0.00376
3.3 0.86 0.805 0.00402 0.00374
3.4 0.86 0.807 0.00381 0.00442
3.5 0.86 0.808 0.00565 0.0109
3.6 0.86 0.816 0.00519 0.00493
3.7 0.86 0.816 0.00187 0.00402
3.8 0.86 0.818 0.00179 0.00524
3.9 0.86 0.804 0.0171 0.0513
4 0.86 0.824 0.00314 0.00113
4.1 0.86 0.825 0.00112 0.000432
4.2 0.86 0.827 0.000557 0.000216
4.3 0.86 0.828 0.000324 0.000158
4.4 0.86 0.829 0.000208 0.000133
4.5 0.86 0.831 0.000144 0.000118
4.6 0.86 0.832 8.22e-05 0.000131
4.7 0.86 0.833 5.96e-05 0.00012
4.8 0.86 0.834 4.74e-05 0.000108
4.9 0.86 0.835 4.02e-05 9.63e-05
5 0.86 0.836 3.3e-05 8.43e-05
5.1 0.86 0.836 6.17e-05 0.000136
5.2 0.86 0.837 4.33e-05 8.81e-05
5.3 0.86 0.838 3.23e-05 4.11e-05
5.4 0.86 0.838 1.42e-05 1.52e-05
5.5 0.86 0.839 2.84e-05 3.52e-05
5.6 0.86 0.839 1.9e-05 1.22e-05
5.7 0.86 0.839 1.12e-05 8.98e-06
5.8 0.86 0.84 6.62e-06 4.21e-06
5.9 0.86 0.84 2.8e-06 3.81e-06
6 0.86 0.84 6.41e-06 3.33e-06
6.1 0.86 0.841 1.08e-05 4.55e-06
6.2 0.86 0.841 1.89e-05 1.52e-05
6.3 0.86 0.841 2.32e-05 1.72e-05
6.4 0.86 0.841 2.7e-05 1.89e-05
6.5 0.86 0.841 3.03e-05 2.04e-05
6.6 0.86 0.841 3.33e-05 2.18e-05
6.7 0.86 0.842 3.59e-05 2.3e-05
6.8 0.86 0.842 3.82e-05 2.41e-05
6.9 0.86 0.842 4.02e-05 2.51e-05
7 0.86 0.842 4.19e-05 2.6e-05
7.1 0.86 0.842 4.34e-05 2.67e-05
7.2 0.86 0.842 4.47e-05 2.74e-05
7.3 0.86 0.842 4.58e-05 2.8e-05
7.4 0.86 0.842 4.68e-05 2.84e-05
7.5 0.86 0.842 4.75e-05 2.88e-05
7.6 0.86 0.842 4.81e-05 2.92e-05
7.7 0.86 0.842 4.86e-05 2.94e-05
7.8 0.86 0.842 4.89e-05 2.96e-05
7.9 0.86 0.842 4.91e-05 2.97e-05
8 0.86 0.842 4.92e-05 2.97e-05
8.1 0.86 0.842 4.91e-05 2.97e-05
8.2 0.86 0.842 4.89e-05 2.96e-05
8.3 0.86 0.842 4.86e-05 2.94e-05
8.4 0.86 0.842 4.81e-05 2.92e-05
8.5 0.86 0.842 4.75e-05 2.88e-05
8.6 0.86 0.842 4.68e-05 2.84e-05
8.7 0.86 0.842 4.58e-05 2.8e-05
8.8 0.86 0.842 4.47e-05 2.74e-05
8.9 0.86 0.842 4.34e-05 2.67e-05
9 0.86 0.842 4.19e-05 2.6e-05
9.1 0.86 0.842 4.02e-05 2.51e-05
9.2 0.86 0.842 3.82e-05 2.41e-05
9.3 0.86 0.842 3.59e-05 2.3e-05
9.4 0.86 0.841 3.33e-05 2.18e-05
9.5 0.86 0.841 3.03e-05 2.04e-05
9.6 0.86 0.841 2.7e-05 1.89e-05
9.7 0.86 0.841 2.32e-05 1.72e-05
9.8 0.86 0.841 1.89e-05 1.52e-05
9.9 0.86 0.841 1.08e-05 4.55e-06
10 0.86 0.84 6.41e-06 3.33e-06
10.1 0.86 0.84 2.8e-06 3.81e-06
10.2 0.86 0.84 6.62e-06 4.21e-06
10.3 0.86 0.839 1.12e-05 8.98e-06
10.4 0.86 0.839 1.9e-05 1.22e-05
10.5 0.86 0.839 2.84e-05 3.52e-05
10.6 0.86 0.838 1.42e-05 1.52e-05
10.7 0.86 0.838 3.23e-05 4.11e-05
10.8 0.86 0.837 4.33e-05 8.81e-05
10.9 0.86 0.836 6.17e-05 0.000136
11 0.86 0.836 3.3e-05 8.43e-05
11.1 0.86 0.835 4.02e-05 9.63e-05
11.2 0.86 0.834 4.74e-05 0.000108
11.3 0.86 0.833 5.96e-05 0.00012
11.4 0.86 0.832 8.22e-05 0.000131
11.5 0.86 0.831 0.000144 0.000118
11.6 0.86 0.829 0.000208 0.000133
11.7 0.86 0.828 0.000324 0.000158
11.8 0.86 0.827 0.000557 0.000216
11.9 0.86 0.825 0.00112 0.000432
12 0.86 0.824 0.00314 0.00113
12.1 0.86 0.804 0.0171 0.0513
12.2 0.86 0.818 0.00179 0.00524
12.3 0.86 0.816 0.00187 0.00402
12.4 0.86 0.816 0.00519 0.00493
12.5 0.86 0.808 0.00565 0.0109
12.6 0.86 0.807 0.00381 0.00442
12.7 0.86 0.805 0.00402 0.00374
12.8 0.86 0.802 0.00457 0.00376
12.9 0.86 0.799 0.0053 0.004
13 0.86 0.795 0.00617 0.00434
13.1 0.86 0.791 0.00459 0.00415
13.2 0.86 0.787 0.00572 0.00481
13.3 0.86 0.783 0.00701 0.0055
13.4 0.86 0.778 0.00841 0.00618
13.5 0.86 0.774 0.00988 0.00678
13.6 0.86 0.768 0.0113 0.00723
13.7 0.86 0.763 0.0126 0.00745
13.8 0.86 0.756 0.0137 0.00736
13.9 0.86 0.746 0.018 0.012
14 0.86 0.738 0.0185 0.0153
14.1 0.86 0.729 0.0179 0.0182
14.2 0.86 0.729 0.0127 0.00697
14.3 0.86 0.72 0.0129 0.00633
14.4 0.86 0.712 0.0125 0.00536
14.5 0.86 0.698 0.0151 0.015
14.6 0.86 0.689 0.0131 0.0157
14.7 0.86 0.679 0.0103 0.0152
14.8 0.86 0.669 0.00681 0.0133
14.9 0.86 0.652 0.0114 0.0192
15 0.86 0.643 0.011 0.0219
15.1 0.86 0.635 0.00983 0.0229
15.2 0.86 0.631 0.00414 0.00609
15.3 0.86 0.621 0.00399 0.00721
15.4 0.86 0.618 0.0261 0.0203
15.5 0.86 0.604 0.00812 0.00923
15.6 0.86 0.595 0.00666 0.00388
15.7 0.86 0.584 0.00721 0.00664
15.8 0.86 0.573 0.00586 0.00501
15.9 0.86 0.562 0.00142 0.00261
16 0.86 0.551 0.00105 0.00191
16.1 0.86 0.54 0.000974 0.00158
16.2 0.86 0.532 0.00363 0.00263
16.3 0.86 0.519 0.00194 0.00224
16.4 0.86 0.508 0.00189 0.00244
16.5 0.86 0.497 0.00184 0.00253
16.6 0.86 0.485 0.00174 0.00244
16.7 0.86 0.475 0.000506 0.0011
16.8 0.86 0.463 0.00132 0.00214
16.9 0.86 0.452 0.0012 0.00199
17 0.86 0.44 0.00116 0.00198
17.1 0.86 0.429 0.00145 0.00233
17.2 0.86 0.413 0.00361 0.00419
17.3 0.86 0.405 0.000756 0.000952
17.4 0.86 0.394 0.000394 0.000762
17.5 0.86 0.383 0.000419 0.000812
17.6 0.86 0.363 0.00894 0.0205
17.7 0.86 0.363 0.0067 0.00268
17.8 0.86 0.35 0.0125 0.0112
17.9 0.86 0.339 0.00135 0.00105
18 0.86 0.334 0.0128 0.00621
18.1 0.86 0.323 0.0123 0.00686
18.2 0.86 0.312 0.0103 0.00757
18.3 0.86 0.296 0.0108 0.00994
18.4 0.86 0.284 0.0118 0.0124
18.5 0.86 0.273 0.0114 0.0143
18.6 0.86 0.258 0.00685 0.0122
18.7 0.86 0.255 0.0206 0.0179
18.8 0.86 0.243 0.0191 0.0213
18.9 0.86 0.226 0.00936 0.0179
19 0.86 0.215 0.0109 0.0182
19.1 0.86 0.204 0.0117 0.0171
19.2 0.86 0.195 0.0116 0.0148
19.3 0.86 0.186 0.0108 0.0118
19.4 0.86 0.179 0.00932 0.00848
19.5 0.86 0.172 0.0074 0.0083
19.6 0.86 0.169 0.0124 0.0118
19.7 0.86 0.163 0.0143 0.00983
19.8 0.86 0.156 0.0155 0.00741
19.9 0.86 0.149 0.0162 0.00753
20 0.86 0.144 0.0141 0.0117
20.1 0.86 0.137 0.0143 0.0133
20.2 0.86 0.129 0.0142 0.0149
20.3 0.86 0.121 0.0141 0.0169
20.4 0.86 0.112 0.0146 0.0188
20.5 0.86 0.103 0.0161 0.025
20.6 0.86 0.0914 0.0205 0.0402
20.7 0.86 0.0486 0.056 0.149
20.8 0.86 0.113 0.0648 0.0304
20.9 0.86 0.0935 0.024 0.0159
21 0.86 0.084 0.014 0.0116
21.1 0.86 0.077 0.00948 0.00946
21.2 0.86 0.0707 0.00705 0.00789
21.3 0.86 0.065 0.00561 0.00663
21.4 0.86 0.0597 0.00469 0.00556
21.5 0.86 0.0548 0.00408 0.00463
21.6 0.86 0.0502 0.00366 0.00381
21.7 0.86 0.046 0.00325 0.0032
21.8 0.86 0.042 0.00298 0.00261
21.9 0.86 0.0383 0.00277 0.0021
22 0.86 0.0348 0.00259 0.00167
22.1 0.86 0.0316 0.00242 0.0013
22.2 0.86 0.0287 0.00227 0.0013
22.3 0.86 0.026 0.00213 0.00134
22.4 0.86 0.0235 0.00199 0.00135
22.5 0.86 0.0212 0.00186 0.00134
22.6 0.86 0.0191 0.00173 0.00131
22.7 0.86 0.0172 0.0016 0.00127
22.8 0.86 0.0155 0.00148 0.00121
22.9 0.86 0.0139 0.00136 0.00115
23 0.86 0.0125 0.00125 0.00108
23.1 0.86 0.0112 0.00114 0.00101
23.2 0.86 0.0101 0.00104 0.000933
23.3 0.86 0.00902 0.000952 0.000862
23.4 0.86 0.00807 0.000865 0.000793
23.5 0.86 0.00722 0.000785 0.000727
23.6 0.86 0.00646 0.000711 0.000664
23.7 0.86 0.00578 0.000642 0.000605
23.8 0.86 0.00516 0.00058 0.000549
23.9 0.86 0.00461 0.000522 0.000498
24 0.86 0.00412 0.00047 0.00045
24.1 0.86 0.00367 0.000423 0.000406
24.2 0.86 0.00328 0.000379 0.000366
24.3 0.86 0.00293 0.00034 0.00033
24.4 0.86 0.00261 0.000305 0.000297
24.5 0.86 0.00233 0.000273 0.000266
24.6 0.86 0.00207 0.000245 0.000239
24.7 0.86 0.00185 0.000219 0.000214
24.8 0.86 0.00165 0.000196 0.000192
24.9 0.86 0.00147 0.000175 0.000172
25 0.86 0.00131 0.000156 0.000154
25.1 0.86 0.00117 0.00014 0.000137
25.2 0.86 0.00104 0.000125 0.000123
25.3 0.86 0.000926 0.000111 0.00011
25.4 0.86 0.000825 9.92e-05 9.79e-05
25.5 0.86 0.000735 8.85e-05 8.74e-05
25.6 0.86 0.000654 7.89e-05 7.8e-05
25.7 0.86 0.000583 7.04e-05 6.96e-05
25.8 0.86 0.000519 6.27e-05 6.21e-05
25.9 0.86 0.000462 5.59e-05 5.54e-05
26 0.86 0.000411 4.98e-05 4.94e-05
26.1 0.86 0.000366 4.44e-05 4.4e-05
26.2 0.86 0.000326 3.96e-05 3.92e-05
26.3 0.86 0.000291 3.53e-05 3.5e-05
26.4 0.86 0.000259 3.14e-05 3.11e-05
26.5 0.86 0.00023 2.8e-05 2.78e-05
26.6 0.86 0.000205 2.49e-05 2.47e-05
26.7 0.86 0.000183 2.22e-05 2.2e-05
26.8 0.86 0.000163 1.98e-05 1.96e-05
26.9 0.86 0.000145 1.76e-05 1.75e-05
27 0.86 0.000129 1.57e-05 1.56e-05
27.1 0.86 0.000115 1.4e-05 1.39e-05
27.2 0.86 0.000102 1.24e-05 1.23e-05
27.3 0.86 9.09e-05 1.11e-05 1.1e-05
27.4 0.86 8.1e-05 9.86e-06 9.79e-06
27.5 0.86 7.21e-05 8.78e-06 8.72e-06
27.6 0.86 6.42e-05 7.81e-06 7.76e-06
27.7 0.86 5.71e-05 6.96e-06 6.91e-06
27.8 0.86 5.09e-05 6.2e-06 6.15e-06
27.9 0.86 4.53e-05 5.52e-06 5.48e-06
28 0.86 4.03e-05 4.91e-06 4.88e-06
28.1 0.86 3.59e-05 4.37e-06 4.34e-06
28.2 0.86 3.19e-05 3.89e-06 3.87e-06
28.3 0.86 2.84e-05 3.47e-06 3.44e-06
28.4 0.86 2.53e-05 3.09e-06 3.07e-06
28.5 0.86 2.25e-05 2.75e-06 2.73e-06
28.6 0.86 2.01e-05 2.45e-06 2.43e-06
28.7 0.86 1.79e-05 2.18e-06 2.16e-06
28.8 0.86 1.59e-05 1.94e-06 1.93e-06
28.9 0.86 1.42e-05 1.73e-06 1.71e-06
29 0.86 1.26e-05 1.54e-06 1.53e-06
29.1 0.86 1.12e-05 1.37e-06 1.36e-06
29.2 0.86 9.99e-06 1.22e-06 1.21e-06
29.3 0.86 8.89e-06 1.08e-06 1.08e-06
29.4 0.86 7.92e-06 9.65e-07 9.59e-07
29.5 0.86 7.05e-06 8.59e-07 8.54e-07
29.6 0.86 6.27e-06 7.65e-07 7.6e-07
29.7 0.86 5.58e-06 6.81e-07 6.76e-07
29.8 0.86 4.97e-06 6.06e-07 6.02e-07
29.9 0.86 4.43e-06 5.4e-07 5.36e-07
30 0.86 3.94e-06 4.8e-07 4.77e-07
30.1 0.86 3.51e-06 4.28e-07 4.25e-07
30.2 0.86 3.12e-06 3.81e-07 3.78e-07
30.3 0.86 2.78e-06 3.39e-07 3.37e-07
30.4 0.86 2.47e-06 3.02e-07 3e-07
30.5 0.86 2.2e-06 2.69e-07 2.67e-07
30.6 0.86 1.96e-06 2.39e-07 2.38e-07
30.7 0.86 1.75e-06 2.13e-07 2.12e-07
30.8 0.86 1.55e-06 1.89e-07 1.88e-07
30.9 0.86 1.38e-06 1.69e-07 1.68e-07
31 0.86 1.23e-06 1.5e-07 1.49e-07
31.1 0.86 1.1e-06 1.34e-07 1.33e-07
31.2 0.86 9.76e-07 1.19e-07 1.18e-07
31.3 0.86 8.69e-07 1.06e-07 1.05e-07
31.4 0.86 7.74e-07 9.43e-08 9.37e-08
31.5 0.86 6.89e-07 8.4e-08 8.34e-08
31.6 0.86 6.13e-07 7.47e-08 7.43e-08
31.7 0.86 5.46e-07 6.65e-08 6.61e-08
31.8 0.86 4.86e-07 5.92e-08 5.89e-08
31.9 0.86 4.33e-07 5.27e-08 5.24e-08
32 0.86 3.85e-07 4.69e-08 4.66e-08
32.1 0.86 3.43e-07 4.18e-08 4.15e-08
32.2 0.86 3.05e-07 3.72e-08 3.7e-08
32.3 0.86 2.72e-07 3.31e-08 3.29e-08
32.4 0.86 2.42e-07 2.95e-08 2.93e-08
32.5 0.86 2.15e-07 2.62e-08 2.61e-08
32.6 0.86 1.92e-07 2.34e-08 2.32e-08
32.7 0.86 1.71e-07 2.08e-08 2.07e-08
32.8 0.86 1.52e-07 1.85e-08 1.84e-08
32.9 0.86 1.35e-07 1.65e-08 1.64e-08
33 0.86 1.2e-07 1.47e-08 1.46e-08
33.1 0.86 1.07e-07 1.31e-08 1.3e-08
33.2 0.86 9.54e-08 1.16e-08 1.16e-08
33.3 0.86 8.49e-08 1.04e-08 1.03e-08
33.4 0.86 7.56e-08 9.22e-09 9.16e-09
33.5 0.86 6.73e-08 8.2e-09 8.15e-09
33.6 0.86 5.99e-08 7.3e-09 7.26e-09
33.7 0.86 5.33e-08 6.5e-09 6.46e-09
33.8 0.86 4.75e-08 5.79e-09 5.75e-09
33.9 0.86 4.23e-08 5.15e-09 5.12e-09
34 0.86 3.76e-08 4.59e-09 4.56e-09
34.1 0.86 3.35e-08 4.08e-09 4.06e-09
34.2 0.86 2.98e-08 3.64e-09 3.61e-09
34.3 0.86 2.65e-08 3.24e-09 3.22e-09
34.4 0.86 2.36e-08 2.88e-09 2.86e-09
34.5 0.86 2.1e-08 2.56e-09 2.55e-09
34.6 0.86 1.87e-08 2.28e-09 2.27e-09
34.7 0.86 1.67e-08 2.03e-09 2.02e-09
34.8 0.86 1.48e-08 1.81e-09 1.8e-09
34.9 0.86 1.32e-08 1.61e-09 1.6e-09
35 0.86 1.18e-08 1.43e-09 1.43e-09
35.1 0.86 1.05e-08 1.28e-09 1.27e-09
35.2 0.86 9.32e-09 1.14e-09 1.13e-09
35.3 0.86 8.3e-09 1.01e-09 1.01e-09
35.4 0.86 7.39e-09 9.01e-10 8.95e-10
35.5 0.86 6.58e-09 8.02e-10 7.97e-10
35.6 0.86 5.85e-09 7.14e-10 7.09e-10
35.7 0.86 5.21e-09 6.35e-10 6.32e-10
35.8 0.86 4.64e-09 5.66e-10 5.62e-10
35.9 0.86 4.13e-09 5.04e-10 5e-10
36 0.86 3.68e-09 4.48e-10 4.46e-10
36.1 0.86 3.27e-09 3.99e-10 3.97e-10
36.2 0.86 2.91e-09 3.55e-10 3.53e-10
36.3 0.86 2.59e-09 3.16e-10 3.14e-10
36.4 0.86 2.31e-09 2.82e-10 2.8e-10
36.5 0.86 2.06e-09 2.51e-10 2.49e-10
36.6 0.86 1.83e-09 2.23e-10 2.22e-10
36.7 0.86 1.63e-09 1.99e-10 1.97e-10
36.8 0.86 1.45e-09 1.77e-10 1.76e-10
36.9 0.86 1.29e-09 1.57e-10 1.56e-10
37 0.86 1.15e-09 1.4e-10 1.39e-10
37.1 0.86 1.02e-09 1.25e-10 1.24e-10
37.2 0.86 9.11e-10 1.11e-10 1.1e-10
41.1 0.86 9.77e-12 1.19e-12 1.18e-12
41.2 0.86 8.7e-12 1.06e-12 1.05e-12
41.3 0.86 7.75e-12 9.44e-13 9.38e-13
41.4 0.86 6.9e-12 8.41e-13 8.35e-13
41.5 0.86 6.14e-12 7.48e-13 7.44e-13
41.6 0.86 5.46e-12 6.66e-13 6.62e-13
41.7 0.86 4.86e-12 5.93e-13 5.89e-13
41.8 0.86 4.33e-12 5.28e-13 5.25e-13
41.9 0.86 3.86e-12 4.7e-13 4.67e-13
42 0.86 3.43e-12 4.18e-13 4.16e-13
42.1 0.86 3.06e-12 3.72e-13 3.7e-13
42.2 0.86 2.72e-12 3.32e-13 3.3e-13
42.3 0.86 2.42e-12 2.95e-13 2.93e-13
42.4 0.86 2.16e-12 2.63e-13 2.61e-13
42.5 0.86 1.92e-12 2.34e-13 2.32e-13
42.6 0.86 1.71e-12 2.08e-13 2.07e-13
42.7 0.86 1.52e-12 1.85e-13 1.84e-13
42.8 0.86 1.35e-12 1.65e-13 1.64e-13
42.9 0.86 1.21e-12 1.47e-13 1.46e-13
43 0.86 1.07e-12 1.31e-13 1.3e-13
43.1 0.86 9.55e-13 1.16e-13 1.16e-13
43.2 0.86 8.5e-13 1.04e-13 1.03e-13
43.3 0.86 7.57e-13 9.23e-14 9.17e-14
43.4 0.86 6.74e-13 8.22e-14 8.16e-14
43.5 0.86 6e-13 7.31e-14 7.27e-14
43.6 0.86 5.34e-13 6.51e-14 6.47e-14
43.7 0.86 4.75e-13 5.8e-14 5.76e-14
43.8 0.86 4.23e-13 5.16e-14 5.13e-14
43.9 0.86 3.77e-13 4.59e-14 4.56e-14
44 0.86 3.35e-13 4.09e-14 4.06e-14
44.1 0.86 2.99e-13 3.64e-14 3.62e-14
44.2 0.86 2.66e-13 3.24e-14 3.22e-14
44.3 0.86 2.37e-13 2.88e-14 2.87e-14
44.4 0.86 2.11e-13 2.57e-14 2.55e-14
44.5 0.86 1.88e-13 2.29e-14 2.27e-14
44.6 0.86 1.67e-13 2.04e-14 2.02e-14
44.7 0.86 1.49e-13 1.81e-14 1.8e-14
44.8 0.86 1.32e-13 1.61e-14 1.6e-14
44.9 0.86 1.18e-13 1.44e-14 1.43e-14
45 0.86 1.05e-13 1.28e-14 1.27e-14
45.1 0.86 9.33e-14 1.14e-14 1.13e-14
45.2 0.86 8.31e-14 1.01e-14 1.01e-14
45.3 0.86 7.4e-14 9.02e-15 8.96e-15
45.4 0.86 6.59e-14 8.03e-15 7.98e-15
45.5 0.86 5.86e-14 7.15e-15 7.1e-15
45.6 0.86 5.22e-14 6.36e-15 6.32e-15
45.7 0.86 4.65e-14 5.66e-15 5.63e-15
45.8 0.86 4.14e-14 5.04e-15 5.01e-15
45.9 0.86 3.68e-14 4.49e-15 4.46e-15
46 0.86 3.28e-14 4e-15 3.97e-15
46.1 0.86 2.92e-14 3.56e-15 3.54e-15
46.2 0.86 2.6e-14 3.17e-15 3.15e-15
46.3 0.86 2.31e-14 2.82e-15 2.8e-15
46.4 0.86 2.06e-14 2.51e-15 2.49e-15
46.5 0.86 1.83e-14 2.23e-15 2.22e-15
46.6 0.86 1.63e-14 1.99e-15 1.98e-15
46.7 0.86 1.45e-14 1.77e-15 1.76e-15
46.8 0.86 1.29e-14 1.58e-15 1.57e-15
46.9 0.86 1.15e-14 1.4e-15 1.39e-15
47 0.86 1.02e-14 1.25e-15 1.24e-15
47.1 0.86 9.12e-15 1.11e-15 1.11e-15
47.2 0.86 8.12e-15 9.9e-16 9.84e-16
47.3 0.86 7.23e-15 8.81e-16 8.76e-16
47.4 0.86 6.44e-15 7.85e-16 7.8e-16
47.5 0.86 5.73e-15 6.98e-16 6.94e-16
47.6 0.86 5.1e-15 6.22e-16 6.18e-16
47.7 0.86 4.54e-15 5.54e-16 5.5e-16
47.8 0.86 4.04e-15 4.93e-16 4.9e-16
47.9 0.86 3.6e-15 4.39e-16 4.36e-16
48 0.86 3.2e-15 3.91e-16 3.88e-16
48.1 0.86 2.85e-15 3.48e-16 3.46e-16
48.2 0.86 2.54e-15 3.09e-16 3.08e-16
48.3 0.86 2.26e-15 2.76e-16 2.74e-16
48.4 0.86 2.01e-15 2.45e-16 2.44e-16
48.5 0.86 1.79e-15 2.18e-16 2.17e-16
48.6 0.86 1.59e-15 1.94e-16 1.93e-16
48.7 0.86 1.42e-15 1.73e-16 1.72e-16
48.8 0.86 1.26e-15 1.54e-16 1.53e-16
48.9 0.86 1.12e-15 1.37e-16 1.36e-16
49 0.86 1e-15 1.22e-16 1.21e-16
49.1 0.86 8.91e-16 1.09e-16 1.08e-16
49.2 0.86 7.94e-16 9.68e-17 9.62e-17
49.3 0.86 7.06e-16 8.61e-17 8.56e-17
49.4 0.86 6.29e-16 7.67e-17 7.62e-17
49.5 0.86 5.6e-16 6.83e-17 6.78e-17
49.6 0.86 4.98e-16 6.08e-17 6.04e-17
49.7 0.86 4.44e-16 5.41e-17 5.38e-17
49.8 0.86 3.95e-16 4.82e-17 4.79e-17
49.9 0.86 3.52e-16 4.29e-17 4.26e-17
50 0.86 3.13e-16 3.82e-17 3.79e-17
50.1 0.86 2.79e-16 3.4e-17 3.38e-17
50.2 0.86 2.48e-16 3.02e-17 3.01e-17
50.3 0.86 2.21e-16 2.69e-17 2.68e-17
50.4 0.86 1.97e-16 2.4e-17 2.38e-17
50.5 0.86 1.75e-16 2.13e-17 2.12e-17
50.6 0.86 1.56e-16 1.9e-17 1.89e-17
50.7 0.86 1.39e-16 1.69e-17 1.68e-17
50.8 0.86 1.23e-16 1.51e-17 1.5e-17
50.9 0.86 1.1e-16 1.34e-17 1.33e-17
51 0.86 9.79e-17 1.19e-17 1.19e-17
51.1 0.86 8.71e-17 1.06e-17 1.06e-17
51.2 0.86 7.76e-17 9.46e-18 9.4e-18
51.3 0.86 6.9e-17 8.42e-18 8.37e-18
51.4 0.86 6.15e-17 7.49e-18 7.45e-18
51.5 0.86 5.47e-17 6.67e-18 6.63e-18
51.6 0.86 4.87e-17 5.94e-18 5.9e-18
51.7 0.86 4.34e-17 5.29e-18 5.25e-18
51.8 0.86 3.86e-17 4.71e-18 4.68e-18
51.9 0.86 3.44e-17 4.19e-18 4.16e-18
52 0.86 3.06e-17 3.73e-18 3.71e-18
52.1 0.86 2.72e-17 3.32e-18 3.3e-18
52.2 0.86 2.42e-17 2.96e-18 2.94e-18
52.3 0.86 2.16e-17 2.63e-18 2.62e-18
52.4 0.86 1.92e-17 2.34e-18 2.33e-18
52.5 0.86 1.71e-17 2.09e-18 2.07e-18
52.6 0.86 1.52e-17 1.86e-18 1.84e-18
52.7 0.86 1.36e-17 1.65e-18 1.64e-18
52.8 0.86 1.21e-17 1.47e-18 1.46e-18
52.9 0.86 1.07e-17 1.31e-18 1.3e-18
53 0.86 9.56e-18 1.17e-18 1.16e-18
53.1 0.86 8.51e-18 1.04e-18 1.03e-18
53.2 0.86 7.58e-18 9.24e-19 9.18e-19
53.3 0.86 6.75e-18 8.23e-19 8.18e-19
53.4 0.86 6.01e-18 7.32e-19 7.28e-19
53.5 0.86 5.35e-18 6.52e-19 6.48e-19
53.6 0.86 4.76e-18 5.8e-19 5.77e-19
53.7 0.86 4.24e-18 5.17e-19 5.13e-19
53.8 0.86 3.77e-18 4.6e-19 4.57e-19
53.9 0.86 3.36e-18 4.09e-19 4.07e-19
54 0.86 2.99e-18 3.64e-19 3.62e-19
54.1 0.86 2.66e-18 3.24e-19 3.22e-19
54.2 0.86 2.37e-18 2.89e-19 2.87e-19
54.3 0.86 2.11e-18 2.57e-19 2.56e-19
54.4 0.86 1.88e-18 2.29e-19 2.28e-19
54.5 0.86 1.67e-18 2.04e-19 2.03e-19
54.6 0.86 1.49e-18 1.81e-19 1.8e-19
54.7 0.86 1.32e-18 1.62e-19 1.61e-19
54.8 0.86 1.18e-18 1.44e-19 1.43e-19
54.9 0.86 1.05e-18 1.28e-19 1.27e-19
55 0.86 9.35e-19 1.14e-19 1.13e-19
55.1 0.86 8.32e-19 1.01e-19 1.01e-19
55.2 0.86 7.41e-19 9.03e-20 8.97e-20
55.3 0.86 6.59e-19 8.04e-20 7.99e-20
55.4 0.86 5.87e-19 7.16e-20 7.11e-20
55.5 0.86 5.23e-19 6.37e-20 6.33e-20
55.6 0.86 4.65e-19 5.67e-20 5.64e-20
55.7 0.86 4.14e-19 5.05e-20 5.02e-20
55.8 0.86 3.69e-19 4.49e-20 4.47e-20
55.9 0.86 3.28e-19 4e-20 3.98e-20
56 0.86 2.92e-19 3.56e-20 3.54e-20
56.1 0.86 2.6e-19 3.17e-20 3.15e-20
56.2 0.86 2.32e-19 2.82e-20 2.81e-20
56.3 0.86 2.06e-19 2.51e-20 2.5e-20
56.4 0.86 1.84e-19 2.24e-20 2.22e-20
56.5 0.86 1.63e-19 1.99e-20 1.98e-20
56.6 0.86 1.45e-19 1.77e-20 1.76e-20
56.7 0.86 1.29e-19 1.58e-20 1.57e-20
56.8 0.86 1.15e-19 1.41e-20 1.4e-20
56.9 0.86 1.03e-19 1.25e-20 1.24e-20
57 0.86 9.13e-20 1.11e-20 1.11e-20
57.1 0.86 8.13e-20 9.91e-21 9.85e-21
57.2 0.86 7.24e-20 8.83e-21 8.77e-21
57.3 0.86 6.44e-20 7.86e-21 7.81e-21
57.4 0.86 5.74e-20 6.99e-21 6.95e-21
57.5 0.86 5.11e-20 6.23e-21 6.19e-21
57.6 0.86 4.55e-20 5.54e-21 5.51e-21
57.7 0.86 4.05e-20 4.93e-21 4.9e-21
57.8 0.86 3.6e-20 4.39e-21 4.37e-21
57.9 0.86 3.21e-20 3.91e-21 3.89e-21
58 0.86 2.86e-20 3.48e-21 3.46e-21
58.1 0.86 2.54e-20 3.1e-21 3.08e-21
58.2 0.86 2.26e-20 2.76e-21 2.74e-21
58.3 0.86 2.01e-20 2.46e-21 2.44e-21
58.4 0.86 1.79e-20 2.19e-21 2.17e-21
58.5 0.86 1.6e-20 1.95e-21 1.93e-21
58.6 0.86 1.42e-20 1.73e-21 1.72e-21
58.7 0.86 1.27e-20 1.54e-21 1.53e-21
58.8 0.86 1.13e-20 1.37e-21 1.36e-21
58.9 0.86 1e-20 1.22e-21 1.21e-21
59 0.86 8.93e-21 1.09e-21 1.08e-21
59.1 0.86 7.95e-21 9.69e-22 9.63e-22
59.2 0.86 7.07e-21 8.62e-22 8.57e-22
59.3 0.86 6.3e-21 7.68e-22 7.63e-22
59.4 0.86 5.61e-21 6.83e-22 6.79e-22
59.5 0.86 4.99e-21 6.08e-22 6.05e-22
59.6 0.86 4.44e-21 5.42e-22 5.38e-22
59.7 0.86 3.96e-21 4.82e-22 4.79e-22
59.8 0.86 3.52e-21 4.29e-22 4.27e-22
59.9 0.86 3.13e-21 3.82e-22 3.8e-22
60 0.86 2.79e-21 3.4e-22 3.38e-22
60.1 0.86 2.48e-21 3.03e-22 3.01e-22
60.2 0.86 2.21e-21 2.7e-22 2.68e-22
60.3 0.86 1.97e-21 2.4e-22 2.39e-22
60.4 0.86 1.75e-21 2.14e-22 2.12e-22
60.5 0.86 1.56e-21 1.9e-22 1.89e-22
60.6 0.86 1.39e-21 1.69e-22 1.68e-22
60.7 0.86 1.24e-21 1.51e-22 1.5e-22
60.8 0.86 1.1e-21 1.34e-22 1.33e-22
60.9 0.86 9.8e-22 1.19e-22 1.19e-22
61 0.86 8.72e-22 1.06e-22 1.06e-22
61.1 0.86 7.77e-22 9.47e-23 9.41e-23
61.2 0.86 6.91e-22 8.43e-23 8.38e-23
61.3 0.86 6.15e-22 7.5e-23 7.46e-23
61.4 0.86 5.48e-22 6.68e-23 6.64e-23
61.5 0.86 4.88e-22 5.95e-23 5.91e-23
61.6 0.86 4.34e-22 5.29e-23 5.26e-23
61.7 0.86 3.87e-22 4.71e-23 4.68e-23
61.8 0.86 3.44e-22 4.2e-23 4.17e-23
61.9 0.86 3.06e-22 3.73e-23 3.71e-23
62 0.86 2.73e-22 3.32e-23 3.3e-23
62.1 0.86 2.43e-22 2.96e-23 2.94e-23
62.2 0.86 2.16e-22 2.63e-23 2.62e-23
62.3 0.86 1.92e-22 2.35e-23 2.33e-23
62.4 0.86 1.71e-22 2.09e-23 2.08e-23
62.5 0.86 1.52e-22 1.86e-23 1.85e-23
62.6 0.86 1.36e-22 1.65e-23 1.64e-23
62.7 0.86 1.21e-22 1.47e-23 1.46e-23
62.8 0.86 1.08e-22 1.31e-23 1.3e-23
62.9 0.86 9.58e-23 1.17e-23 1.16e-23
63 0.86 8.52e-23 1.04e-23 1.03e-23
63.1 0.86 7.59e-23 9.25e-24 9.2e-24
63.2 0.86 6.76e-23 8.24e-24 8.19e-24
63.3 0.86 6.01e-23 7.33e-24 7.29e-24
63.4 0.86 5.35e-23 6.53e-24 6.49e-24
63.5 0.86 4.77e-23 5.81e-24 5.78e-24
63.6 0.86 4.24e-23 5.17e-24 5.14e-24
63.7 0.86 3.78e-23 4.61e-24 4.58e-24
63.8 0.86 3.36e-23 4.1e-24 4.07e-24
63.9 0.86 2.99e-23 3.65e-24 3.63e-24
64 0.86 2.66e-23 3.25e-24 3.23e-24
64.1 0.86 2.37e-23 2.89e-24 2.87e-24
64.2 0.86 2.11e-23 2.57e-24 2.56e-24
64.3 0.86 1.88e-23 2.29e-24 2.28e-24
64.4 0.86 1.67e-23 2.04e-24 2.03e-24
64.5 0.86 1.49e-23 1.82e-24 1.81e-24
64.6 0.86 1.33e-23 1.62e-24 1.61e-24
64.7 0.86 1.18e-23 1.44e-24 1.43e-24
64.8 0.86 1.05e-23 1.28e-24 1.27e-24
64.9 0.86 9.36e-24 1.14e-24 1.13e-24
65 0.86 8.33e-24 1.02e-24 1.01e-24
65.1 0.86 7.42e-24 9.04e-25 8.99e-25
65.2 0.86 6.6e-24 8.05e-25 8e-25
65.3 0.86 5.88e-24 7.17e-25 7.12e-25
65.4 0.86 5.23e-24 6.38e-25 6.34e-25
65.5 0.86 4.66e-24 5.68e-25 5.64e-25
65.6 0.86 4.15e-24 5.06e-25 5.02e-25
65.7 0.86 3.69e-24 4.5e-25 4.47e-25
65.8 0.86 3.29e-24 4.01e-25 3.98e-25
65.9 0.86 2.93e-24 3.57e-25 3.54e-25
66 0.86 2.6e-24 3.18e-25 3.16e-25
66.1 0.86 2.32e-24 2.83e-25 2.81e-25
66.2 0.86 2.06e-24 2.52e-25 2.5e-25
66.3 0.86 1.84e-24 2.24e-25 2.23e-25
66.4 0.86 1.64e-24 1.99e-25 1.98e-25
66.5 0.86 1.46e-24 1.78e-25 1.76e-25
66.6 0.86 1.3e-24 1.58e-25 1.57e-25
66.7 0.86 1.15e-24 1.41e-25 1.4e-25
66.8 0.86 1.03e-24 1.25e-25 1.24e-25
66.9 0.86 9.15e-25 1.12e-25 1.11e-25
67 0.86 8.14e-25 9.93e-26 9.86e-26
67.1 0.86 7.25e-25 8.84e-26 8.78e-26
67.2 0.86 6.45e-25 7.87e-26 7.82e-26
67.3 0.86 5.74e-25 7e-26 6.96e-26
67.4 0.86 5.11e-25 6.23e-26 6.2e-26
67.5 0.86 4.55e-25 5.55e-26 5.52e-26
67.6 0.86 4.05e-25 4.94e-26 4.91e-26
67.7 0.86 3.61e-25 4.4e-26 4.37e-26
67.8 0.86 3.21e-25 3.92e-26 3.89e-26
67.9 0.86 2.86e-25 3.49e-26 3.46e-26
68 0.86 2.55e-25 3.1e-26 3.08e-26
68.1 0.86 2.27e-25 2.76e-26 2.75e-26
68.2 0.86 2.02e-25 2.46e-26 2.44e-26
68.3 0.86 1.8e-25 2.19e-26 2.18e-26
68.4 0.86 1.6e-25 1.95e-26 1.94e-26
68.5 0.86 1.42e-25 1.73e-26 1.72e-26
68.6 0.86 1.27e-25 1.54e-26 1.53e-26
68.7 0.86 1.13e-25 1.37e-26 1.37e-26
68.8 0.86 1e-25 1.22e-26 1.22e-26
68.9 0.86 8.94e-26 1.09e-26 1.08e-26
69 0.86 7.96e-26 9.7e-27 9.64e-27
69.1 0.86 7.08e-26 8.64e-27 8.58e-27
69.2 0.86 6.31e-26 7.69e-27 7.64e-27
69.3 0.86 5.61e-26 6.84e-27 6.8e-27
69.4 0.86 5e-26 6.09e-27 6.05e-27
69.5 0.86 4.45e-26 5.42e-27 5.39e-27
69.6 0.86 3.96e-26 4.83e-27 4.8e-27
69.7 0.86 3.53e-26 4.3e-27 4.27e-27
69.8 0.86 3.14e-26 3.83e-27 3.8e-27
69.9 0.86 2.79e-26 3.41e-27 3.39e-27
70 0.86 2.49e-26 3.03e-27 3.01e-27
70.1 0.86 2.21e-26 2.7e-27 2.68e-27
70.2 0.86 1.97e-26 2.4e-27 2.39e-27
70.3 0.86 1.75e-26 2.14e-27 2.13e-27
70.4 0.86 1.56e-26 1.9e-27 1.89e-27
70.5 0.86 1.39e-26 1.7e-27 1.69e-27
70.6 0.86 1.24e-26 1.51e-27 1.5e-27
70.7 0.86 1.1e-26 1.34e-27 1.34e-27
70.8 0.86 9.81e-27 1.2e-27 1.19e-27
70.9 0.86 8.73e-27 1.06e-27 1.06e-27
71 0.86 7.78e-27 9.48e-28 9.42e-28
71.1 0.86 6.92e-27 8.44e-28 8.39e-28
71.2 0.86 6.16e-27 7.51e-28 7.47e-28
71.3 0.86 5.49e-27 6.69e-28 6.65e-28
71.4 0.86 4.88e-27 5.95e-28 5.92e-28
71.5 0.86 4.35e-27 5.3e-28 5.27e-28
71.6 0.86 3.87e-27 4.72e-28 4.69e-28
71.7 0.86 3.45e-27 4.2e-28 4.17e-28
71.8 0.86 3.07e-27 3.74e-28 3.72e-28
71.9 0.86 2.73e-27 3.33e-28 3.31e-28
72 0.86 2.43e-27 2.96e-28 2.95e-28
72.1 0.86 2.16e-27 2.64e-28 2.62e-28
72.2 0.86 1.93e-27 2.35e-28 2.33e-28
72.3 0.86 1.71e-27 2.09e-28 2.08e-28
72.4 0.86 1.53e-27 1.86e-28 1.85e-28
72.5 0.86 1.36e-27 1.66e-28 1.65e-28
72.6 0.86 1.21e-27 1.48e-28 1.47e-28
72.7 0.86 1.08e-27 1.31e-28 1.31e-28
72.8 0.86 9.59e-28 1.17e-28 1.16e-28
72.9 0.86 8.54e-28 1.04e-28 1.03e-28
73 0.86 7.6e-28 9.26e-29 9.21e-29
73.1 0.86 6.76e-28 8.25e-29 8.2e-29
73.2 0.86 6.02e-28 7.34e-29 7.3e-29
73.3 0.86 5.36e-28 6.54e-29 6.5e-29
73.4 0.86 4.77e-28 5.82e-29 5.78e-29
73.5 0.86 4.25e-28 5.18e-29 5.15e-29
73.6 0.86 3.78e-28 4.61e-29 4.58e-29
73.7 0.86 3.37e-28 4.11e-29 4.08e-29
73.8 0.86 3e-28 3.65e-29 3.63e-29
73.9 0.86 2.67e-28 3.25e-29 3.23e-29
74 0.86 2.38e-28 2.9e-29 2.88e-29
74.1 0.86 2.11e-28 2.58e-29 2.56e-29
74.2 0.86 1.88e-28 2.3e-29 2.28e-29
74.3 0.86 1.68e-28 2.04e-29 2.03e-29
74.4 0.86 1.49e-28 1.82e-29 1.81e-29
74.5 0.86 1.33e-28 1.62e-29 1.61e-29
74.6 0.86 1.18e-28 1.44e-29 1.43e-29
74.7 0.86 1.05e-28 1.28e-29 1.28e-29
74.8 0.86 9.37e-29 1.14e-29 1.14e-29
74.9 0.86 8.34e-29 1.02e-29 1.01e-29
75 0.86 7.43e-29 9.05e-30 9e-30
75.1 0.86 6.61e-29 8.06e-30 8.01e-30
75.2 0.86 5.89e-29 7.18e-30 7.13e-30
75.3 0.86 5.24e-29 6.39e-30 6.35e-30
75.4 0.86 4.66e-29 5.69e-30 5.65e-30
75.5 0.86 4.15e-29 5.06e-30 5.03e-30
75.6 0.86 3.7e-29 4.51e-30 4.48e-30
75.7 0.86 3.29e-29 4.01e-30 3.99e-30
75.8 0.86 2.93e-29 3.57e-30 3.55e-30
75.9 0.86 2.61e-29 3.18e-30 3.16e-30
76 0.86 2.32e-29 2.83e-30 2.81e-30
76.1 0.86 2.07e-29 2.52e-30 2.5e-30
76.2 0.86 1.84e-29 2.24e-30 2.23e-30
76.3 0.86 1.64e-29 2e-30 1.98e-30
76.4 0.86 1.46e-29 1.78e-30 1.77e-30
76.5 0.86 1.3e-29 1.58e-30 1.57e-30
76.6 0.86 1.16e-29 1.41e-30 1.4e-30
76.7 0.86 1.03e-29 1.25e-30 1.25e-30
76.8 0.86 9.16e-30 1.12e-30 1.11e-30
76.9 0.86 8.15e-30 9.94e-31 9.88e-31
77 0.86 7.26e-30 8.85e-31 8.79e-31
77.1 0.86 6.46e-30 7.88e-31 7.83e-31
77.2 0.86 5.75e-30 7.01e-31 6.97e-31
77.3 0.86 5.12e-30 6.24e-31 6.2e-31
77.4 0.86 4.56e-30 5.56e-31 5.52e-31
77.5 0.86 4.06e-30 4.95e-31 4.92e-31
77.6 0.86 3.61e-30 4.4e-31 4.38e-31
77.7 0.86 3.22e-30 3.92e-31 3.9e-31
77.8 0.86 2.86e-30 3.49e-31 3.47e-31
77.9 0.86 2.55e-30 3.11e-31 3.09e-31
78 0.86 2.27e-30 2.77e-31 2.75e-31
78.1 0.86 2.02e-30 2.46e-31 2.45e-31
78.2 0.86 1.8e-30 2.19e-31 2.18e-31
78.3 0.86 1.6e-30 1.95e-31 1.94e-31
78.4 0.86 1.42e-30 1.74e-31 1.73e-31
78.5 0.86 1.27e-30 1.55e-31 1.54e-31
78.6 0.86 1.13e-30 1.38e-31 1.37e-31
78.7 0.86 1.01e-30 1.23e-31 1.22e-31
78.8 0.86 8.95e-31 1.09e-31 1.08e-31
78.9 0.86 7.97e-31 9.71e-32 9.65e-32
79 0.86 7.09e-31 8.65e-32 8.59e-32
79.1 0.86 6.31e-31 7.7e-32 7.65e-32
79.2 0.86 5.62e-31 6.85e-32 6.81e-32
79.3 0.86 5e-31 6.1e-32 6.06e-32
79.4 0.86 4.45e-31 5.43e-32 5.4e-32
79.5 0.86 3.97e-31 4.83e-32 4.8e-32
79.6 0.86 3.53e-31 4.3e-32 4.28e-32
79.7 0.86 3.14e-31 3.83e-32 3.81e-32
79.8 0.86 2.8e-31 3.41e-32 3.39e-32
79.9 0.86 2.49e-31 3.04e-32 3.02e-32
80 0.86 2.22e-31 2.7e-32 2.69e-32
80.1 0.86 1.97e-31 2.41e-32 2.39e-32
80.2 0.86 1.76e-31 2.14e-32 2.13e-32
80.3 0.86 1.56e-31 1.91e-32 1.9e-32
80.4 0.86 1.39e-31 1.7e-32 1.69e-32
80.5 0.86 1.24e-31 1.51e-32 1.5e-32
80.6 0.86 1.1e-31 1.35e-32 1.34e-32
80.7 0.86 9.82e-32 1.2e-32 1.19e-32
80.8 0.86 8.75e-32 1.07e-32 1.06e-32
80.9 0.86 7.79e-32 9.49e-33 9.43e-33
81 0.86 6.93e-32 8.45e-33 8.4e-33
81.1 0.86 6.17e-32 7.52e-33 7.48e-33
81.2 0.86 5.49e-32 6.7e-33 6.66e-33
81.3 0.86 4.89e-32 5.96e-33 5.92e-33
81.4 0.86 4.35e-32 5.31e-33 5.27e-33
81.5 0.86 3.88e-32 4.72e-33 4.7e-33
81.6 0.86 3.45e-32 4.21e-33 4.18e-33
81.7 0.86 3.07e-32 3.74e-33 3.72e-33
81.8 0.86 2.73e-32 3.33e-33 3.31e-33
81.9 0.86 2.43e-32 2.97e-33 2.95e-33
82 0.86 2.17e-32 2.64e-33 2.63e-33
82.1 0.86 1.93e-32 2.35e-33 2.34e-33
82.2 0.86 1.72e-32 2.09e-33 2.08e-33
82.3 0.86 1.53e-32 1.86e-33 1.85e-33
82.4 0.86 1.36e-32 1.66e-33 1.65e-33
82.5 0.86 1.21e-32 1.48e-33 1.47e-33
82.6 0.86 1.08e-32 1.31e-33 1.31e-33
82.7 0.86 9.6e-33 1.17e-33 1.16e-33
82.8 0.86 8.55e-33 1.04e-33 1.04e-33
82.9 0.86 7.61e-33 9.28e-34 9.22e-34
83 0.86 6.77e-33 8.26e-34 8.21e-34
83.1 0.86 6.03e-33 7.35e-34 7.31e-34
83.2 0.86 5.37e-33 6.54e-34 6.5e-34
83.3 0.86 4.78e-33 5.83e-34 5.79e-34
83.4 0.86 4.25e-33 5.19e-34 5.15e-34
83.5 0.86 3.79e-33 4.62e-34 4.59e-34
83.6 0.86 3.37e-33 4.11e-34 4.08e-34
83.7 0.86 3e-33 3.66e-34 3.64e-34
83.8 0.86 2.67e-33 3.26e-34 3.24e-34
83.9 0.86 2.38e-33 2.9e-34 2.88e-34
84 0.86 2.12e-33 2.58e-34 2.57e-34
84.1 0.86 1.89e-33 2.3e-34 2.28e-34
84.2 0.86 1.68e-33 2.05e-34 2.03e-34
84.3 0.86 1.49e-33 1.82e-34 1.81e-34
84.4 0.86 1.33e-33 1.62e-34 1.61e-34
84.5 0.86 1.18e-33 1.44e-34 1.43e-34
84.6 0.86 1.05e-33 1.28e-34 1.28e-34
84.7 0.86 9.38e-34 1.14e-34 1.14e-34
84.8 0.86 8.35e-34 1.02e-34 1.01e-34
84.9 0.86 7.44e-34 9.07e-35 9.01e-35
85 0.86 6.62e-34 8.07e-35 8.02e-35
85.1 0.86 5.89e-34 7.18e-35 7.14e-35
85.2 0.86 5.25e-34 6.4e-35 6.36e-35
85.3 0.86 4.67e-34 5.69e-35 5.66e-35
85.4 0.86 4.16e-34 5.07e-35 5.04e-35
85.5 0.86 3.7e-34 4.51e-35 4.48e-35
85.6 0.86 3.29e-34 4.02e-35 3.99e-35
85.7 0.86 2.93e-34 3.58e-35 3.55e-35
85.8 0.86 2.61e-34 3.18e-35 3.16e-35
85.9 0.86 2.32e-34 2.83e-35 2.82e-35
86 0.86 2.07e-34 2.52e-35 2.51e-35
86.1 0.86 1.84e-34 2.25e-35 2.23e-35
86.2 0.86 1.64e-34 2e-35 1.99e-35
86.3 0.86 1.46e-34 1.78e-35 1.77e-35
86.4 0.86 1.3e-34 1.58e-35 1.57e-35
86.5 0.86 1.16e-34 1.41e-35 1.4e-35
86.6 0.86 1.03e-34 1.26e-35 1.25e-35
86.7 0.86 9.17e-35 1.12e-35 1.11e-35
86.8 0.86 8.16e-35 9.95e-36 9.89e-36
86.9 0.86 7.27e-35 8.86e-36 8.8e-36
87 0.86 6.47e-35 7.89e-36 7.84e-36
87.1 0.86 5.76e-35 7.02e-36 6.98e-36
87.2 0.86 5.13e-35 6.25e-36 6.21e-36
87.3 0.86 4.56e-35 5.56e-36 5.53e-36
87.4 0.86 4.06e-35 4.95e-36 4.92e-36
87.5 0.86 3.62e-35 4.41e-36 4.38e-36
87.6 0.86 3.22e-35 3.93e-36 3.9e-36
87.7 0.86 2.87e-35 3.49e-36 3.47e-36
87.8 0.86 2.55e-35 3.11e-36 3.09e-36
87.9 0.86 2.27e-35 2.77e-36 2.75e-36
88 0.86 2.02e-35 2.47e-36 2.45e-36
88.1 0.86 1.8e-35 2.19e-36 2.18e-36
88.2 0.86 1.6e-35 1.95e-36 1.94e-36
88.3 0.86 1.43e-35 1.74e-36 1.73e-36
88.4 0.86 1.27e-35 1.55e-36 1.54e-36
88.5 0.86 1.13e-35 1.38e-36 1.37e-36
88.6 0.86 1.01e-35 1.23e-36 1.22e-36
88.7 0.86 8.96e-36 1.09e-36 1.09e-36
88.8 0.86 7.98e-36 9.73e-37 9.67e-37
88.9 0.86 7.1e-36 8.66e-37 8.6e-37
89 0.86 6.32e-36 7.71e-37 7.66e-37
89.1 0.86 5.63e-36 6.86e-37 6.82e-37
89.2 0.86 5.01e-36 6.11e-37 6.07e-37
89.3 0.86 4.46e-36 5.44e-37 5.4e-37
89.4 0.86 3.97e-36 4.84e-37 4.81e-37
89.5 0.86 3.53e-36 4.31e-37 4.28e-37
89.6 0.86 3.15e-36 3.84e-37 3.81e-37
89.7 0.86 2.8e-36 3.42e-37 3.39e-37
89.8 0.86 2.49e-36 3.04e-37 3.02e-37
89.9 0.86 2.22e-36 2.71e-37 2.69e-37
90 0.86 1.98e-36 2.41e-37 2.39e-37
90.1 0.86 1.76e-36 2.14e-37 2.13e-37
90.2 0.86 1.57e-36 1.91e-37 1.9e-37
90.3 0.86 1.39e-36 1.7e-37 1.69e-37
90.4 0.86 1.24e-36 1.51e-37 1.5e-37
90.5 0.86 1.11e-36 1.35e-37 1.34e-37
90.6 0.86 9.84e-37 1.2e-37 1.19e-37
90.7 0.86 8.76e-37 1.07e-37 1.06e-37
90.8 0.86 7.8e-37 9.5e-38 9.45e-38
90.9 0.86 6.94e-37 8.46e-38 8.41e-38
91 0.86 6.18e-37 7.53e-38 7.49e-38
91.1 0.86 5.5e-37 6.71e-38 6.66e-38
91.2 0.86 4.9e-37 5.97e-38 5.93e-38
91.3 0.86 4.36e-37 5.31e-38 5.28e-38
91.4 0.86 3.88e-37 4.73e-38 4.7e-38
91.5 0.86 3.45e-37 4.21e-38 4.19e-38
91.6 0.86 3.08e-37 3.75e-38 3.73e-38
91.7 0.86 2.74e-37 3.34e-38 3.32e-38
91.8 0.86 2.44e-37 2.97e-38 2.95e-38
91.9 0.86 2.17e-37 2.65e-38 2.63e-38
92 0.86 1.93e-37 2.35e-38 2.34e-38
92.1 0.86 1.72e-37 2.1e-38 2.08e-38
92.2 0.86 1.53e-37 1.87e-38 1.85e-38
92.3 0.86 1.36e-37 1.66e-38 1.65e-38
92.4 0.86 1.21e-37 1.48e-38 1.47e-38
92.5 0.86 1.08e-37 1.32e-38 1.31e-38
92.6 0.86 9.61e-38 1.17e-38 1.16e-38
92.7 0.86 8.56e-38 1.04e-38 1.04e-38
92.8 0.86 7.62e-38 9.29e-39 9.23e-39
92.9 0.86 6.78e-38 8.27e-39 8.22e-39
93 0.86 6.04e-38 7.36e-39 7.32e-39
93.1 0.86 5.38e-38 6.55e-39 6.51e-39
93.2 0.86 4.79e-38 5.83e-39 5.8e-39
93.3 0.86 4.26e-38 5.19e-39 5.16e-39
93.4 0.86 3.79e-38 4.62e-39 4.59e-39
93.5 0.86 3.38e-38 4.12e-39 4.09e-39
93.6 0.86 3.01e-38 3.66e-39 3.64e-39
93.7 0.86 2.68e-38 3.26e-39 3.24e-39
93.8 0.86 2.38e-38 2.9e-39 2.89e-39
93.9 0.86 2.12e-38 2.58e-39 2.57e-39
94 0.86 1.89e-38 2.3e-39 2.29e-39
94.1 0.86 1.68e-38 2.05e-39 2.04e-39
94.2 0.86 1.5e-38 1.82e-39 1.81e-39
94.3 0.86 1.33e-38 1.62e-39 1.61e-39
94.4 0.86 1.19e-38 1.45e-39 1.44e-39
94.5 0.86 1.06e-38 1.29e-39 1.28e-39
94.6 0.86 9.39e-39 1.15e-39 1.14e-39
94.7 0.86 8.36e-39 1.02e-39 1.01e-39
94.8 0.86 7.45e-39 9.08e-40 9.02e-40
94.9 0.86 6.63e-39 8.08e-40 8.03e-40
95 0.86 5.9e-39 7.19e-40 7.15e-40
95.1 0.86 5.25e-39 6.4e-40 6.36e-40
95.2 0.86 4.68e-39 5.7e-40 5.67e-40
95.3 0.86 4.16e-39 5.08e-40 5.04e-40
95.4 0.86 3.71e-39 4.52e-40 4.49e-40
95.5 0.86 3.3e-39 4.02e-40 4e-40
95.6 0.86 2.94e-39 3.58e-40 3.56e-40
95.7 0.86 2.61e-39 3.19e-40 3.17e-40
95.8 0.86 2.33e-39 2.84e-40 2.82e-40
95.9 0.86 2.07e-39 2.53e-40 2.51e-40
96 0.86 1.84e-39 2.25e-40 2.23e-40
96.1 0.86 1.64e-39 2e-40 1.99e-40
96.2 0.86 1.46e-39 1.78e-40 1.77e-40
96.3 0.86 1.3e-39 1.59e-40 1.58e-40
96.4 0.86 1.16e-39 1.41e-40 1.4e-40
96.5 0.86 1.03e-39 1.26e-40 1.25e-40
96.6 0.86 9.18e-40 1.12e-40 1.11e-40
96.7 0.86 8.17e-40 9.96e-41 9.9e-41
96.8 0.86 7.28e-40 8.87e-41 8.82e-41
96.9 0.86 6.48e-40 7.9e-41 7.85e-41
97 0.86 5.77e-40 7.03e-41 6.99e-41
97.1 0.86 5.13e-40 6.26e-41 6.22e-41
97.2 0.86 4.57e-40 5.57e-41 5.54e-41
97.3 0.86 4.07e-40 4.96e-41 4.93e-41
97.4 0.86 3.62e-40 4.42e-41 4.39e-41
97.5 0.86 3.22e-40 3.93e-41 3.91e-41
97.6 0.86 2.87e-40 3.5e-41 3.48e-41
97.7 0.86 2.56e-40 3.12e-41 3.1e-41
97.8 0.86 2.27e-40 2.77e-41 2.76e-41
97.9 0.86 2.02e-40 2.47e-41 2.45e-41
98 0.86 1.8e-40 2.2e-41 2.18e-41
98.1 0.86 1.6e-40 1.96e-41 1.94e-41
98.2 0.86 1.43e-40 1.74e-41 1.73e-41
98.3 0.86 1.27e-40 1.55e-41 1.54e-41
98.4 0.86 1.13e-40 1.38e-41 1.37e-41
98.5 0.86 1.01e-40 1.23e-41 1.22e-41
98.6 0.86 8.97e-41 1.09e-41 1.09e-41
98.7 0.86 7.99e-41 9.74e-42 9.68e-42
98.8 0.86 7.11e-41 8.67e-42 8.62e-42
98.9 0.86 6.33e-41 7.72e-42 7.67e-42
99 0.86 5.64e-41 6.87e-42 6.83e-42
99.1 0.86 5.02e-41 6.12e-42 6.08e-42
99.2 0.86 4.47e-41 5.44e-42 5.41e-42
99.3 0.86 3.98e-41 4.85e-42 4.82e-42
99.4 0.86 3.54e-41 4.32e-42 4.29e-42
99.5 0.86 3.15e-41 3.84e-42 3.82e-42
99.6 0.86 2.8e-41 3.42e-42 3.4e-42
99.7 0.86 2.5e-41 3.04e-42 3.03e-42
99.8 0.86 2.22e-41 2.71e-42 2.69e-42
99.9 0.86 1.98e-41 2.41e-42 2.4e-42
