-25 7.2 0.0614 1.75e-08 6.5e-09
-24.9 7.2 0.0622 1.8e-08 7e-09
-24.8 7.2 0.063 1.85e-08 6.5e-09
-24.7 7.2 0.0638 1.93e-08 6.75e-09
-24.6 7.2 0.0646 2.02e-08 7.75e-09
-24.5 7.2 0.0655 2.1e-08 8e-09
-24.4 7.2 0.0663 2.15e-08 7.5e-09
-24.3 7.2 0.0672 2.27e-08 8.25e-09
-24.2 7.2 0.068 2.35e-08 8.5e-09
-24.1 7.2 0.0689 2.5e-08 9e-09
-24 7.2 0.0698 2.53e-08 8.75e-09
-23.9 7.2 0.0707 2.63e-08 9.75e-09
-23.8 7.2 0.0716 2.7e-08 1e-08
-23.7 7.2 0.0726 2.83e-08 9.75e-09
-23.6 7.2 0.0735 2.9e-08 1e-08
-23.5 7.2 0.0744 2.97e-08 1.03e-08
-23.4 7.2 0.0754 3.1e-08 1.1e-08
-23.3 7.2 0.0764 3.2e-08 1.1e-08
-23.2 7.2 0.0773 3.27e-08 1.12e-08
-23.1 7.2 0.0783 3.35e-08 1.15e-08
-23 7.2 0.0793 3.5e-08 1.2e-08
-22.9 7.2 0.0803 3.53e-08 1.17e-08
-22.8 7.2 0.0814 3.6e-08 1.2e-08
-22.7 7.2 0.0824 3.75e-08 1.25e-08
-22.6 7.2 0.0834 3.8e-08 1.3e-08
-22.5 7.2 0.0845 3.98e-08 1.32e-08
-22.4 7.2 0.0856 4.07e-08 1.43e-08
-22.3 7.2 0.0867 4.13e-08 1.38e-08
-22.2 7.2 0.0878 4.2e-08 1.4e-08
-22.1 7.2 0.0889 4.35e-08 1.45e-08
-22 7.2 0.09 4.5e-08 1.5e-08
-21.9 7.2 0.0911 4.55e-08 1.55e-08
-21.8 7.2 0.0923 4.65e-08 1.55e-08
-21.7 7.2 0.0934 4.75e-08 1.65e-08
-21.6 7.2 0.0946 4.88e-08 1.62e-08
-21.5 7.2 0.0958 4.95e-08 1.65e-08
-21.4 7.2 0.097 5.1e-08 1.7e-08
-21.3 7.2 0.0982 5.23e-08 1.78e-08
-21.2 7.2 0.0994 5.27e-08 1.83e-08
-21.1 7.2 0.101 6e-08 2e-08
-21 7.2 0.102 6e-08 2e-08
-20.9 7.2 0.103 5.25e-08 1.75e-08
-20.8 7.2 0.104 5.5e-08 2.5e-08
-20.7 7.2 0.106 6e-08 2e-08
-20.6 7.2 0.107 6e-08 2e-08
-20.5 7.2 0.108 6e-08 2e-08
-20.4 7.2 0.11 6e-08 2e-08
-20.3 7.2 0.111 6e-08 2e-08
-20.2 7.2 0.112 6.25e-08 2.75e-08
-20.1 7.2 0.114 6e-08 2e-08
-20 7.2 0.115 6.25e-08 2.75e-08
-19.9 7.2 0.117 6.25e-08 2.75e-08
-19.8 7.2 0.118 6.25e-08 2.75e-08
-19.7 7.2 0.119 6.75e-08 2.25e-08
-19.6 7.2 0.121 7e-08 3e-08
-19.5 7.2 0.122 7e-08 3e-08
-19.4 7.2 0.124 7e-08 3e-08
-19.3 7.2 0.125 7e-08 3e-08
-19.2 7.2 0.127 7e-08 3e-08
-19.1 7.2 0.128 7e-08 3e-08
-19 7.2 0.13 7e-08 3e-08
-18.9 7.2 0.131 7.5e-08 2.5e-08
-18.8 7.2 0.133 7e-08 3e-08
-18.7 7.2 0.135 7e-08 3e-08
-18.6 7.2 0.136 7e-08 3e-08
-18.5 7.2 0.138 7e-08 3e-08
-18.4 7.2 0.14 7e-08 3e-08
-18.3 7.2 0.141 7.75e-08 3.25e-08
-18.2 7.2 0.143 7.25e-08 3.75e-08
-18.1 7.2 0.145 7.25e-08 3.75e-08
-18 7.2 0.146 1.55e-07 1.35e-07
-17.9 7.2 0.148 1.85e-07 1.45e-07
-17.8 7.2 0.15 2.1e-07 1.6e-07
-17.7 7.2 0.151 2.35e-07 1.75e-07
-17.6 7.2 0.153 2.98e-07 1.52e-07
-17.5 7.2 0.155 3.32e-07 1.68e-07
-17.4 7.2 0.157 2.1e-07 8e-08
-17.3 7.2 0.159 3.75e-08 8.25e-08
-17.2 7.2 0.16 2.5e-07 1.9e-07
-17.1 7.2 0.162 2.72e-07 3.67e-07
-17 7.2 0.164 1.35e-07 9.5e-08
-16.9 7.2 0.166 1.1e-07 6e-08
-16.8 7.2 0.168 1.08e-07 5.25e-08
-16.7 7.2 0.17 9.75e-08 4.25e-08
-16.6 7.2 0.172 9.5e-08 4.5e-08
-16.5 7.2 0.174 9.25e-08 3.75e-08
-16.4 7.2 0.176 9.25e-08 3.75e-08
-16.3 7.2 0.178 8.75e-08 3.25e-08
-16.2 7.2 0.18 8.75e-08 3.25e-08
-16.1 7.2 0.182 8.75e-08 3.25e-08
-16 7.2 0.184 8.75e-08 3.25e-08
-15.9 7.2 0.186 8e-08 3e-08
-15.8 7.2 0.188 8e-08 3e-08
-15.7 7.2 0.19 8.25e-08 2.75e-08
-15.6 7.2 0.192 7.5e-08 2.5e-08
-15.5 7.2 0.194 8e-08 3e-08
-15.4 7.2 0.196 7.5e-08 2.5e-08
-15.3 7.2 0.198 7.5e-08 2.5e-08
-15.2 7.2 0.201 7.5e-08 2.5e-08
-15.1 7.2 0.203 6.75e-08 2.25e-08
-15 7.2 0.205 6.75e-08 2.25e-08
-14.9 7.2 0.207 6.75e-08 2.25e-08
-14.8 7.2 0.21 6.25e-08 2.75e-08
-14.7 7.2 0.212 6e-08 2e-08
-14.6 7.2 0.214 6.25e-08 2.75e-08
-14.5 7.2 0.216 5.5e-08 2.5e-08
-14.4 7.2 0.219 6e-08 2e-08
-14.3 7.2 0.221 5.25e-08 1.75e-08
-14.2 7.2 0.223 4.75e-08 2.25e-08
-14.1 7.2 0.226 5.25e-08 1.75e-08
-14 7.2 0.228 4.5e-08 1.5e-08
-13.9 7.2 0.23 4.5e-08 1.5e-08
-13.8 7.2 0.233 4.5e-08 1.5e-08
-13.7 7.2 0.235 4e-08 2e-08
-13.6 7.2 0.238 3.25e-08 1.75e-08
-13.5 7.2 0.24 3e-08 1e-08
-13.4 7.2 0.243 3e-08 1e-08
-13.3 7.2 0.245 2.75e-08 1.25e-08
-13.2 7.2 0.248 2.5e-08 1.5e-08
-13.1 7.2 0.25 4.25e-08 1.75e-08
-13 7.2 0.253 3.5e-08 1.5e-08
-12.9 7.2 0.255 2.25e-08 7.5e-09
-12.8 7.2 0.258 1.25e-08 7.5e-09
-12.7 7.2 0.261 2.5e-09 7.5e-09
-12.6 7.2 0.263 1e-08 1e-08
-12.5 7.2 0.266 5e-09 5e-09
-12.4 7.2 0.268 7.5e-09 2.5e-09
-12.3 7.2 0.271 7.5e-09 2.5e-09
-12.2 7.2 0.274 1.75e-08 2.25e-08
-12.1 7.2 0.276 4.25e-08 2.75e-08
-12 7.2 0.279 1.75e-08 2.25e-08
-11.9 7.2 0.282 2e-08 3e-08
-11.8 7.2 0.285 2e-08 3e-08
-11.7 7.2 0.287 1.5e-08 3.5e-08
-11.6 7.2 0.29 2e-08 4e-08
-11.5 7.2 0.293 2e-08 4e-08
-11.4 7.2 0.296 2.25e-08 4.75e-08
-11.3 7.2 0.298 2.25e-08 4.75e-08
-11.2 7.2 0.301 1.75e-08 5.25e-08
-11.1 7.2 0.304 2.5e-08 5.5e-08
-11 7.2 0.307 2.25e-08 6.75e-08
-10.9 7.2 0.31 2.75e-08 6.25e-08
-10.8 7.2 0.313 3e-08 7e-08
-10.7 7.2 0.316 3.25e-08 7.75e-08
-10.6 7.2 0.318 3e-08 8e-08
-10.5 7.2 0.321 3.5e-08 8.5e-08
-10.4 7.2 0.324 5.25e-08 6.75e-08
-10.3 7.2 0.327 5.5e-08 1.05e-07
-10.2 7.2 0.33 4e-08 1e-07
-10.1 7.2 0.333 4.25e-08 1.08e-07
-10 7.2 0.336 4.25e-08 1.08e-07
-9.9 7.2 0.339 3.75e-08 1.12e-07
-9.8 7.2 0.342 4e-08 1.2e-07
-9.7 7.2 0.345 4e-08 1.2e-07
-9.6 7.2 0.348 4.25e-08 1.27e-07
-9.5 7.2 0.351 4.5e-08 1.35e-07
-9.4 7.2 0.354 4.75e-08 1.33e-07
-9.3 7.2 0.357 5.25e-08 1.38e-07
-9.2 7.2 0.36 5.5e-08 1.45e-07
-9.1 7.2 0.363 5e-08 1.5e-07
-9 7.2 0.366 5.75e-08 1.52e-07
-8.9 7.2 0.369 6e-08 1.6e-07
-8.8 7.2 0.372 6e-08 1.6e-07
-8.7 7.2 0.376 6e-08 1.6e-07
-8.6 7.2 0.379 6.25e-08 1.68e-07
-8.5 7.2 0.382 6.5e-08 1.75e-07
-8.4 7.2 0.385 7.25e-08 1.77e-07
-8.3 7.2 0.388 6.75e-08 1.82e-07
-8.2 7.2 0.391 6.75e-08 1.82e-07
-8.1 7.2 0.394 7e-08 1.9e-07
-8 7.2 0.397 7.75e-08 1.93e-07
-7.9 7.2 0.401 7.75e-08 1.93e-07
-7.8 7.2 0.404 7.75e-08 1.93e-07
-7.7 7.2 0.407 8e-08 2e-07
-7.6 7.2 0.41 8.25e-08 2.07e-07
-7.5 7.2 0.413 8.25e-08 2.07e-07
-7.4 7.2 0.416 8.25e-08 2.07e-07
-7.3 7.2 0.42 8.5e-08 2.15e-07
-7.2 7.2 0.423 8.5e-08 2.15e-07
-7.1 7.2 0.426 9e-08 2.1e-07
-7 7.2 0.429 9.25e-08 2.18e-07
-6.9 7.2 0.432 8.75e-08 2.22e-07
-6.8 7.2 0.435 9.5e-08 2.25e-07
-6.7 7.2 0.439 9.5e-08 2.25e-07
-6.6 7.2 0.442 9.5e-08 2.25e-07
-6.5 7.2 0.445 9.5e-08 2.25e-07
-6.4 7.2 0.448 9.75e-08 2.32e-07
-6.3 7.2 0.451 9.5e-08 2.25e-07
-6.2 7.2 0.455 9.75e-08 2.32e-07
-6.1 7.2 0.458 1.02e-07 2.27e-07
-6 7.2 0.461 9.75e-08 2.32e-07
-5.9 7.2 0.464 1.05e-07 2.35e-07
-5.8 7.2 0.467 9.75e-08 2.32e-07
-5.7 7.2 0.471 1.05e-07 2.35e-07
-5.6 7.2 0.474 1.02e-07 2.27e-07
-5.5 7.2 0.477 1.02e-07 2.27e-07
-5.4 7.2 0.48 1.05e-07 2.35e-07
-5.3 7.2 0.483 1.05e-07 2.35e-07
-5.2 7.2 0.486 1.05e-07 2.35e-07
-5.1 7.2 0.49 1.02e-07 2.27e-07
-5 7.2 0.493 1.02e-07 2.27e-07
-4.9 7.2 0.496 1.02e-07 2.27e-07
-4.8 7.2 0.499 1.02e-07 2.27e-07
-4.7 7.2 0.502 1.08e-07 2.22e-07
-4.6 7.2 0.505 1e-07 2.2e-07
-4.5 7.2 0.508 1e-07 2.2e-07
-4.4 7.2 0.512 1.05e-07 2.15e-07
-4.3 7.2 0.515 1e-07 2.2e-07
-4.2 7.2 0.518 1.05e-07 2.15e-07
-4.1 7.2 0.521 1.02e-07 2.07e-07
-4 7.2 0.524 1.02e-07 2.07e-07
-3.9 7.2 0.527 1.02e-07 2.07e-07
-3.8 7.2 0.53 1e-07 2e-07
-3.7 7.2 0.533 9.75e-08 1.93e-07
-3.6 7.2 0.536 9.75e-08 1.93e-07
-3.5 7.2 0.539 9.75e-08 1.93e-07
-3.4 7.2 0.542 1e-07 1.8e-07
-3.3 7.2 0.545 1e-07 1.8e-07
-3.2 7.2 0.548 1e-07 1.7e-07
-3.1 7.2 0.551 9.75e-08 1.63e-07
-3 7.2 0.554 1.02e-07 1.58e-07
-2.9 7.2 0.557 1.1e-07 1.5e-07
-2.8 7.2 0.56 1.17e-07 1.33e-07
-2.7 7.2 0.563 2.25e-07 2.85e-07
-2.6 7.2 0.566 2.4e-07 2.5e-07
-2.5 7.2 0.569 1.15e-06 6.57e-07
-2.4 7.2 0.572 1.4e-07 2.3e-07
-2.3 7.2 0.575 8.5e-08 1.85e-07
-2.2 7.2 0.578 7.25e-08 1.68e-07
-2.1 7.2 0.581 5.75e-08 1.52e-07
-2 7.2 0.583 1.22e-07 2.67e-07
-1.9 7.2 0.586 1.15e-07 2.45e-07
-1.8 7.2 0.589 1.08e-07 2.22e-07
-1.7 7.2 0.592 9.25e-08 1.97e-07
-1.6 7.2 0.595 8.25e-08 1.77e-07
-1.5 7.2 0.597 7.5e-08 1.55e-07
-1.4 7.2 0.6 6.25e-08 1.27e-07
-1.3 7.2 0.603 7e-08 1e-07
-1.2 7.2 0.605 5.5e-08 7.5e-08
-1.1 7.2 0.608 4.25e-08 5.75e-08
-1 7.2 0.611 3.5e-08 4.5e-08
-0.9 7.2 0.613 2.25e-08 2.75e-08
-0.8 7.2 0.616 7.5e-09 1.25e-08
-0.7 7.2 0.619 1.75e-08 5.25e-08
-0.6 7.2 0.621 1.5e-08 4.5e-08
-0.5 7.2 0.624 1.25e-08 3.75e-08
-0.4 7.2 0.626 1e-08 3e-08
-0.3 7.2 0.629 1.25e-08 1.75e-08
-0.2 7.2 0.631 1e-08 1e-08
-0.1 7.2 0.634 1e-08 1e-08
1.24e-14 7.2 0.636 5e-09 5e-09
0.1 7.2 0.639 1.5e-08 5e-09
0.2 7.2 0.641 1.5e-08 5e-09
0.3 7.2 0.643 2.25e-08 7.5e-09
0.4 7.2 0.646 3.75e-08 1.25e-08
0.5 7.2 0.648 3.75e-08 1.25e-08
0.6 7.2 0.65 4.5e-08 1.5e-08
0.7 7.2 0.653 6e-08 2e-08
0.8 7.2 0.655 6.25e-08 2.75e-08
0.9 7.2 0.657 6.75e-08 2.25e-08
1 7.2 0.659 7.25e-08 2.75e-08
1.1 7.2 0.662 8.5e-08 3.5e-08
1.2 7.2 0.664 9e-08 3e-08
1.3 7.2 0.666 1e-07 4e-08
1.4 7.2 0.668 1.08e-07 4.25e-08
1.5 7.2 0.67 1.15e-07 4.5e-08
1.6 7.2 0.672 1.22e-07 4.75e-08
1.7 7.2 0.674 1.3e-07 5e-08
1.8 7.2 0.676 1.38e-07 5.25e-08
1.9 7.2 0.678 1.45e-07 5.5e-08
2 7.2 0.68 1.52e-07 5.75e-08
2.1 7.2 0.682 1.55e-07 6.5e-08
2.2 7.2 0.684 1.68e-07 6.25e-08
2.3 7.2 0.686 1.7e-07 7e-08
2.4 7.2 0.687 1.77e-07 7.25e-08
2.5 7.2 0.689 1.85e-07 7.5e-08
2.6 7.2 0.691 1.93e-07 7.75e-08
2.7 7.2 0.693 2e-07 8e-08
2.8 7.2 0.694 2.07e-07 8.25e-08
2.9 7.2 0.696 2.15e-07 8.5e-08
3 7.2 0.698 2.22e-07 8.75e-08
3.1 7.2 0.699 2.3e-07 9e-08
3.2 7.2 0.701 2.38e-07 9.25e-08
3.3 7.2 0.703 2.4e-07 1e-07
3.4 7.2 0.704 2.48e-07 1.02e-07
3.5 7.2 0.706 2.55e-07 1.05e-07
3.6 7.2 0.707 2.55e-07 1.05e-07
3.7 7.2 0.709 2.62e-07 1.08e-07
3.8 7.2 0.71 2.7e-07 1.1e-07
3.9 7.2 0.711 2.77e-07 1.12e-07
4 7.2 0.713 2.77e-07 1.12e-07
4.1 7.2 0.714 2.9e-07 1.2e-07
4.2 7.2 0.715 2.93e-07 1.17e-07
4.3 7.2 0.716 2.95e-07 1.25e-07
4.4 7.2 0.718 3e-07 1.2e-07
4.5 7.2 0.719 3.08e-07 1.22e-07
4.6 7.2 0.72 3.15e-07 1.25e-07
4.7 7.2 0.721 3.22e-07 1.27e-07
4.8 7.2 0.722 3.25e-07 1.35e-07
4.9 7.2 0.723 3.3e-07 1.3e-07
5 7.2 0.724 3.32e-07 1.38e-07
5.1 7.2 0.725 3.37e-07 1.33e-07
5.2 7.2 0.726 3.4e-07 1.4e-07
5.3 7.2 0.727 3.48e-07 1.43e-07
5.4 7.2 0.728 3.48e-07 1.43e-07
5.5 7.2 0.729 3.48e-07 1.43e-07
5.6 7.2 0.73 3.55e-07 1.45e-07
5.7 7.2 0.731 3.63e-07 1.47e-07
5.8 7.2 0.731 3.63e-07 1.47e-07
5.9 7.2 0.732 3.65e-07 1.55e-07
6 7.2 0.733 3.7e-07 1.5e-07
6.1 7.2 0.733 3.7e-07 1.5e-07
6.2 7.2 0.734 3.7e-07 1.5e-07
6.3 7.2 0.735 3.77e-07 1.52e-07
6.4 7.2 0.735 3.8e-07 1.6e-07
6.5 7.2 0.736 3.85e-07 1.55e-07
6.6 7.2 0.736 3.85e-07 1.55e-07
6.7 7.2 0.737 3.87e-07 1.63e-07
6.8 7.2 0.737 3.87e-07 1.63e-07
6.9 7.2 0.737 3.93e-07 1.58e-07
7 7.2 0.738 3.93e-07 1.58e-07
7.1 7.2 0.738 3.93e-07 1.58e-07
7.2 7.2 0.738 3.95e-07 1.65e-07
7.3 7.2 0.739 3.93e-07 1.58e-07
7.4 7.2 0.739 4e-07 1.6e-07
7.5 7.2 0.739 3.93e-07 1.58e-07
7.6 7.2 0.739 4e-07 1.6e-07
7.7 7.2 0.739 4e-07 1.6e-07
7.8 7.2 0.739 4e-07 1.6e-07
7.9 7.2 0.74 4e-07 1.6e-07
8 7.2 0.74 4e-07 1.6e-07
8.1 7.2 0.74 4e-07 1.6e-07
8.2 7.2 0.739 4e-07 1.6e-07
8.3 7.2 0.739 4e-07 1.6e-07
8.4 7.2 0.739 4e-07 1.6e-07
8.5 7.2 0.739 3.93e-07 1.58e-07
8.6 7.2 0.739 4e-07 1.6e-07
8.7 7.2 0.739 3.93e-07 1.58e-07
8.8 7.2 0.738 3.95e-07 1.65e-07
8.9 7.2 0.738 3.93e-07 1.58e-07
9 7.2 0.738 3.93e-07 1.58e-07
9.1 7.2 0.737 3.93e-07 1.58e-07
9.2 7.2 0.737 3.87e-07 1.63e-07
9.3 7.2 0.737 3.87e-07 1.63e-07
9.4 7.2 0.736 3.85e-07 1.55e-07
9.5 7.2 0.736 3.85e-07 1.55e-07
9.6 7.2 0.735 3.8e-07 1.6e-07
9.7 7.2 0.735 3.77e-07 1.52e-07
9.8 7.2 0.734 3.7e-07 1.5e-07
9.9 7.2 0.733 3.7e-07 1.5e-07
10 7.2 0.733 3.7e-07 1.5e-07
10.1 7.2 0.732 3.65e-07 1.55e-07
10.2 7.2 0.731 3.63e-07 1.47e-07
10.3 7.2 0.731 3.63e-07 1.47e-07
10.4 7.2 0.73 3.55e-07 1.45e-07
10.5 7.2 0.729 3.48e-07 1.43e-07
10.6 7.2 0.728 3.48e-07 1.43e-07
10.7 7.2 0.727 3.48e-07 1.43e-07
10.8 7.2 0.726 3.4e-07 1.4e-07
10.9 7.2 0.725 3.37e-07 1.33e-07
11 7.2 0.724 3.32e-07 1.38e-07
11.1 7.2 0.723 3.3e-07 1.3e-07
11.2 7.2 0.722 3.25e-07 1.35e-07
11.3 7.2 0.721 3.22e-07 1.27e-07
11.4 7.2 0.72 3.15e-07 1.25e-07
11.5 7.2 0.719 3.08e-07 1.22e-07
11.6 7.2 0.718 3e-07 1.2e-07
11.7 7.2 0.716 2.95e-07 1.25e-07
11.8 7.2 0.715 2.93e-07 1.17e-07
11.9 7.2 0.714 2.9e-07 1.2e-07
12 7.2 0.713 2.77e-07 1.12e-07
12.1 7.2 0.711 2.77e-07 1.12e-07
12.2 7.2 0.71 2.7e-07 1.1e-07
12.3 7.2 0.709 2.62e-07 1.08e-07
12.4 7.2 0.707 2.55e-07 1.05e-07
12.5 7.2 0.706 2.55e-07 1.05e-07
12.6 7.2 0.704 2.48e-07 1.02e-07
12.7 7.2 0.703 2.4e-07 1e-07
12.8 7.2 0.701 2.38e-07 9.25e-08
12.9 7.2 0.699 2.3e-07 9e-08
13 7.2 0.698 2.22e-07 8.75e-08
13.1 7.2 0.696 2.15e-07 8.5e-08
13.2 7.2 0.694 2.07e-07 8.25e-08
13.3 7.2 0.693 2e-07 8e-08
13.4 7.2 0.691 1.93e-07 7.75e-08
13.5 7.2 0.689 1.85e-07 7.5e-08
13.6 7.2 0.687 1.77e-07 7.25e-08
13.7 7.2 0.686 1.7e-07 7e-08
13.8 7.2 0.684 1.68e-07 6.25e-08
13.9 7.2 0.682 1.55e-07 6.5e-08
14 7.2 0.68 1.52e-07 5.75e-08
14.1 7.2 0.678 1.45e-07 5.5e-08
14.2 7.2 0.676 1.38e-07 5.25e-08
14.3 7.2 0.674 1.3e-07 5e-08
14.4 7.2 0.672 1.22e-07 4.75e-08
14.5 7.2 0.67 1.15e-07 4.5e-08
14.6 7.2 0.668 1.08e-07 4.25e-08
14.7 7.2 0.666 1e-07 4e-08
14.8 7.2 0.664 9e-08 3e-08
14.9 7.2 0.662 8.5e-08 3.5e-08
15 7.2 0.659 7.25e-08 2.75e-08
15.1 7.2 0.657 6.75e-08 2.25e-08
15.2 7.2 0.655 6.25e-08 2.75e-08
15.3 7.2 0.653 6e-08 2e-08
15.4 7.2 0.65 4.5e-08 1.5e-08
15.5 7.2 0.648 3.75e-08 1.25e-08
15.6 7.2 0.646 3.75e-08 1.25e-08
15.7 7.2 0.643 2.25e-08 7.5e-09
15.8 7.2 0.641 1.5e-08 5e-09
15.9 7.2 0.639 1.5e-08 5e-09
16 7.2 0.636 5e-09 5e-09
16.1 7.2 0.634 1e-08 1e-08
16.2 7.2 0.631 1e-08 1e-08
16.3 7.2 0.629 1.25e-08 1.75e-08
16.4 7.2 0.626 1e-08 3e-08
16.5 7.2 0.624 1.25e-08 3.75e-08
16.6 7.2 0.621 1.5e-08 4.5e-08
16.7 7.2 0.619 1.75e-08 5.25e-08
16.8 7.2 0.616 7.5e-09 1.25e-08
16.9 7.2 0.613 2.25e-08 2.75e-08
17 7.2 0.611 3.5e-08 4.5e-08
17.1 7.2 0.608 4.25e-08 5.75e-08
17.2 7.2 0.605 5.5e-08 7.5e-08
17.3 7.2 0.603 7e-08 1e-07
17.4 7.2 0.6 6.25e-08 1.27e-07
17.5 7.2 0.597 7.5e-08 1.55e-07
17.6 7.2 0.595 8.25e-08 1.77e-07
17.7 7.2 0.592 9.25e-08 1.97e-07
17.8 7.2 0.589 1.08e-07 2.22e-07
17.9 7.2 0.586 1.15e-07 2.45e-07
18 7.2 0.583 1.22e-07 2.67e-07
18.1 7.2 0.581 5.75e-08 1.52e-07
18.2 7.2 0.578 7.25e-08 1.68e-07
18.3 7.2 0.575 8.5e-08 1.85e-07
18.4 7.2 0.572 1.4e-07 2.3e-07
18.5 7.2 0.569 1.15e-06 6.57e-07
18.6 7.2 0.566 2.4e-07 2.5e-07
18.7 7.2 0.563 2.25e-07 2.85e-07
18.8 7.2 0.56 1.17e-07 1.33e-07
18.9 7.2 0.557 1.1e-07 1.5e-07
19 7.2 0.554 1.02e-07 1.58e-07
19.1 7.2 0.551 9.75e-08 1.63e-07
19.2 7.2 0.548 1e-07 1.7e-07
19.3 7.2 0.545 1e-07 1.8e-07
19.4 7.2 0.542 1e-07 1.8e-07
19.5 7.2 0.539 9.75e-08 1.93e-07
19.6 7.2 0.536 9.75e-08 1.93e-07
19.7 7.2 0.533 9.75e-08 1.93e-07
19.8 7.2 0.53 1e-07 2e-07
19.9 7.2 0.527 1.02e-07 2.07e-07
20 7.2 0.524 1.02e-07 2.07e-07
20.1 7.2 0.521 1.02e-07 2.07e-07
20.2 7.2 0.518 1.05e-07 2.15e-07
20.3 7.2 0.515 1e-07 2.2e-07
20.4 7.2 0.512 1.05e-07 2.15e-07
20.5 7.2 0.508 1e-07 2.2e-07
20.6 7.2 0.505 1e-07 2.2e-07
20.7 7.2 0.502 1.08e-07 2.22e-07
20.8 7.2 0.499 1.02e-07 2.27e-07
20.9 7.2 0.496 1.02e-07 2.27e-07
21 7.2 0.493 1.02e-07 2.27e-07
21.1 7.2 0.49 1.02e-07 2.27e-07
21.2 7.2 0.486 1.05e-07 2.35e-07
21.3 7.2 0.483 1.05e-07 2.35e-07
21.4 7.2 0.48 1.05e-07 2.35e-07
21.5 7.2 0.477 1.02e-07 2.27e-07
21.6 7.2 0.474 1.02e-07 2.27e-07
21.7 7.2 0.471 1.05e-07 2.35e-07
21.8 7.2 0.467 9.75e-08 2.32e-07
21.9 7.2 0.464 1.05e-07 2.35e-07
22 7.2 0.461 9.75e-08 2.32e-07
22.1 7.2 0.458 1.02e-07 2.27e-07
22.2 7.2 0.455 9.75e-08 2.32e-07
22.3 7.2 0.451 9.5e-08 2.25e-07
22.4 7.2 0.448 9.75e-08 2.32e-07
22.5 7.2 0.445 9.5e-08 2.25e-07
22.6 7.2 0.442 9.5e-08 2.25e-07
22.7 7.2 0.439 9.5e-08 2.25e-07
22.8 7.2 0.435 9.5e-08 2.25e-07
22.9 7.2 0.432 8.75e-08 2.22e-07
23 7.2 0.429 9.25e-08 2.18e-07
23.1 7.2 0.426 9e-08 2.1e-07
23.2 7.2 0.423 8.5e-08 2.15e-07
23.3 7.2 0.42 8.5e-08 2.15e-07
23.4 7.2 0.416 8.25e-08 2.07e-07
23.5 7.2 0.413 8.25e-08 2.07e-07
23.6 7.2 0.41 8.25e-08 2.07e-07
23.7 7.2 0.407 8e-08 2e-07
23.8 7.2 0.404 7.75e-08 1.93e-07
23.9 7.2 0.401 7.75e-08 1.93e-07
24 7.2 0.397 7.75e-08 1.93e-07
24.1 7.2 0.394 7e-08 1.9e-07
24.2 7.2 0.391 6.75e-08 1.82e-07
24.3 7.2 0.388 6.75e-08 1.82e-07
24.4 7.2 0.385 7.25e-08 1.77e-07
24.5 7.2 0.382 6.5e-08 1.75e-07
24.6 7.2 0.379 6.25e-08 1.68e-07
24.7 7.2 0.376 6e-08 1.6e-07
24.8 7.2 0.372 6e-08 1.6e-07
24.9 7.2 0.369 6e-08 1.6e-07
25 7.2 0.366 5.75e-08 1.52e-07
25.1 7.2 0.363 5e-08 1.5e-07
25.2 7.2 0.36 5.5e-08 1.45e-07
25.3 7.2 0.357 5.25e-08 1.38e-07
25.4 7.2 0.354 4.75e-08 1.33e-07
25.5 7.2 0.351 4.5e-08 1.35e-07
25.6 7.2 0.348 4.25e-08 1.27e-07
25.7 7.2 0.345 4e-08 1.2e-07
25.8 7.2 0.342 4e-08 1.2e-07
25.9 7.2 0.339 3.75e-08 1.12e-07
26 7.2 0.336 4.25e-08 1.08e-07
26.1 7.2 0.333 4.25e-08 1.08e-07
26.2 7.2 0.33 4e-08 1e-07
26.3 7.2 0.327 5.5e-08 1.05e-07
26.4 7.2 0.324 5.25e-08 6.75e-08
26.5 7.2 0.321 3.5e-08 8.5e-08
26.6 7.2 0.318 3e-08 8e-08
26.7 7.2 0.316 3.25e-08 7.75e-08
26.8 7.2 0.313 3e-08 7e-08
26.9 7.2 0.31 2.75e-08 6.25e-08
27 7.2 0.307 2.25e-08 6.75e-08
27.1 7.2 0.304 2.5e-08 5.5e-08
27.2 7.2 0.301 1.75e-08 5.25e-08
27.3 7.2 0.298 2.25e-08 4.75e-08
27.4 7.2 0.296 2.25e-08 4.75e-08
27.5 7.2 0.293 2e-08 4e-08
27.6 7.2 0.29 2e-08 4e-08
27.7 7.2 0.287 1.5e-08 3.5e-08
27.8 7.2 0.285 2e-08 3e-08
27.9 7.2 0.282 2e-08 3e-08
28 7.2 0.279 1.75e-08 2.25e-08
28.1 7.2 0.276 4.25e-08 2.75e-08
28.2 7.2 0.274 1.75e-08 2.25e-08
28.3 7.2 0.271 7.5e-09 2.5e-09
28.4 7.2 0.268 7.5e-09 2.5e-09
28.5 7.2 0.266 5e-09 5e-09
28.6 7.2 0.263 1e-08 1e-08
28.7 7.2 0.261 2.5e-09 7.5e-09
28.8 7.2 0.258 1.25e-08 7.5e-09
28.9 7.2 0.255 2.25e-08 7.5e-09
29 7.2 0.253 3.5e-08 1.5e-08
29.1 7.2 0.25 4.25e-08 1.75e-08
29.2 7.2 0.248 2.5e-08 1.5e-08
29.3 7.2 0.245 2.75e-08 1.25e-08
29.4 7.2 0.243 3e-08 1e-08
29.5 7.2 0.24 3e-08 1e-08
29.6 7.2 0.238 3.25e-08 1.75e-08
29.7 7.2 0.235 4e-08 2e-08
29.8 7.2 0.233 4.5e-08 1.5e-08
29.9 7.2 0.23 4.5e-08 1.5e-08
30 7.2 0.228 4.5e-08 1.5e-08
30.1 7.2 0.226 5.25e-08 1.75e-08
30.2 7.2 0.223 4.75e-08 2.25e-08
30.3 7.2 0.221 5.25e-08 1.75e-08
30.4 7.2 0.219 6e-08 2e-08
30.5 7.2 0.216 5.5e-08 2.5e-08
30.6 7.2 0.214 6.25e-08 2.75e-08
30.7 7.2 0.212 6e-08 2e-08
30.8 7.2 0.21 6.25e-08 2.75e-08
30.9 7.2 0.207 6.75e-08 2.25e-08
31 7.2 0.205 6.75e-08 2.25e-08
31.1 7.2 0.203 6.75e-08 2.25e-08
31.2 7.2 0.201 7.5e-08 2.5e-08
31.3 7.2 0.198 7.5e-08 2.5e-08
31.4 7.2 0.196 7.5e-08 2.5e-08
31.5 7.2 0.194 8e-08 3e-08
31.6 7.2 0.192 7.5e-08 2.5e-08
31.7 7.2 0.19 8.25e-08 2.75e-08
31.8 7.2 0.188 8e-08 3e-08
31.9 7.2 0.186 8e-08 3e-08
32 7.2 0.184 8.75e-08 3.25e-08
32.1 7.2 0.182 8.75e-08 3.25e-08
32.2 7.2 0.18 8.75e-08 3.25e-08
32.3 7.2 0.178 8.75e-08 3.25e-08
32.4 7.2 0.176 9.25e-08 3.75e-08
32.5 7.2 0.174 9.25e-08 3.75e-08
32.6 7.2 0.172 9.5e-08 4.5e-08
32.7 7.2 0.17 9.75e-08 4.25e-08
32.8 7.2 0.168 1.08e-07 5.25e-08
32.9 7.2 0.166 1.1e-07 6e-08
33 7.2 0.164 1.35e-07 9.5e-08
33.1 7.2 0.162 2.72e-07 3.67e-07
33.2 7.2 0.16 2.5e-07 1.9e-07
33.3 7.2 0.159 3.75e-08 8.25e-08
33.4 7.2 0.157 2.1e-07 8e-08
33.5 7.2 0.155 3.32e-07 1.68e-07
33.6 7.2 0.153 2.98e-07 1.52e-07
33.7 7.2 0.151 2.35e-07 1.75e-07
33.8 7.2 0.15 2.1e-07 1.6e-07
33.9 7.2 0.148 1.85e-07 1.45e-07
34 7.2 0.146 1.55e-07 1.35e-07
34.1 7.2 0.145 7.25e-08 3.75e-08
34.2 7.2 0.143 7.25e-08 3.75e-08
34.3 7.2 0.141 7.75e-08 3.25e-08
34.4 7.2 0.14 7e-08 3e-08
34.5 7.2 0.138 7e-08 3e-08
34.6 7.2 0.136 7e-08 3e-08
34.7 7.2 0.135 7e-08 3e-08
34.8 7.2 0.133 7e-08 3e-08
34.9 7.2 0.131 7.5e-08 2.5e-08
35 7.2 0.13 7e-08 3e-08
35.1 7.2 0.128 7e-08 3e-08
35.2 7.2 0.127 7e-08 3e-08
35.3 7.2 0.125 7e-08 3e-08
35.4 7.2 0.124 7e-08 3e-08
35.5 7.2 0.122 7e-08 3e-08
35.6 7.2 0.121 7e-08 3e-08
35.7 7.2 0.119 6.75e-08 2.25e-08
35.8 7.2 0.118 6.25e-08 2.75e-08
35.9 7.2 0.117 6.25e-08 2.75e-08
36 7.2 0.115 6.25e-08 2.75e-08
36.1 7.2 0.114 6e-08 2e-08
36.2 7.2 0.112 6.25e-08 2.75e-08
36.3 7.2 0.111 6e-08 2e-08
36.4 7.2 0.11 6e-08 2e-08
36.5 7.2 0.108 6e-08 2e-08
36.6 7.2 0.107 6e-08 2e-08
36.7 7.2 0.106 6e-08 2e-08
36.8 7.2 0.104 5.5e-08 2.5e-08
36.9 7.2 0.103 5.25e-08 1.75e-08
37 7.2 0.102 6e-08 2e-08
37.1 7.2 0.101 6e-08 2e-08
37.2 7.2 0.0994 5.27e-08 1.83e-08
37.3 7.2 0.0982 5.23e-08 1.78e-08
37.4 7.2 0.097 5.1e-08 1.7e-08
37.5 7.2 0.0958 4.95e-08 1.65e-08
37.6 7.2 0.0946 4.88e-08 1.62e-08
37.7 7.2 0.0934 4.75e-08 1.65e-08
37.8 7.2 0.0923 4.65e-08 1.55e-08
37.9 7.2 0.0911 4.55e-08 1.55e-08
38 7.2 0.09 4.5e-08 1.5e-08
38.1 7.2 0.0889 4.35e-08 1.45e-08
38.2 7.2 0.0878 4.2e-08 1.4e-08
38.3 7.2 0.0867 4.13e-08 1.38e-08
38.4 7.2 0.0856 4.07e-08 1.43e-08
38.5 7.2 0.0845 3.98e-08 1.32e-08
38.6 7.2 0.0834 3.8e-08 1.3e-08
38.7 7.2 0.0824 3.75e-08 1.25e-08
38.8 7.2 0.0814 3.6e-08 1.2e-08
38.9 7.2 0.0803 3.53e-08 1.17e-08
39 7.2 0.0793 3.5e-08 1.2e-08
39.1 7.2 0.0783 3.35e-08 1.15e-08
39.2 7.2 0.0773 3.27e-08 1.12e-08
39.3 7.2 0.0764 3.2e-08 1.1e-08
39.4 7.2 0.0754 3.1e-08 1.1e-08
39.5 7.2 0.0744 2.97e-08 1.03e-08
39.6 7.2 0.0735 2.9e-08 1e-08
39.7 7.2 0.0726 2.83e-08 9.75e-09
39.8 7.2 0.0716 2.7e-08 1e-08
39.9 7.2 0.0707 2.63e-08 9.75e-09
40 7.2 0.0698 2.53e-08 8.75e-09
40.1 7.2 0.0689 2.5e-08 9e-09
40.2 7.2 0.068 2.35e-08 8.5e-09
40.3 7.2 0.0672 2.27e-08 8.25e-09
40.4 7.2 0.0663 2.15e-08 7.5e-09
40.5 7.2 0.0655 2.1e-08 8e-09
40.6 7.2 0.0646 2.02e-08 7.75e-09
40.7 7.2 0.0638 1.93e-08 6.75e-09
40.8 7.2 0.063 1.85e-08 6.5e-09
40.9 7.2 0.0622 1.8e-08 7e-09
41 7.2 0.0614 1.75e-08 6.5e-09
41.1 7.2 0.0606 1.62e-08 5.75e-09
41.2 7.2 0.0598 1.55e-08 5.5e-09
41.3 7.2 0.059 1.47e-08 5.25e-09
41.4 7.2 0.0583 1.4e-08 5e-09
41.5 7.2 0.0575 1.38e-08 5.25e-09
41.6 7.2 0.0568 1.3e-08 5e-09
41.7 7.2 0.056 1.23e-08 4.75e-09
41.8 7.2 0.0553 1.15e-08 4.5e-09
41.9 7.2 0.0546 1.1e-08 4e-09
42 7.2 0.0539 1.03e-08 3.75e-09
42.1 7.2 0.0532 9.75e-09 4.25e-09
42.2 7.2 0.0525 9.25e-09 3.75e-09
42.3 7.2 0.0518 8.25e-09 3.75e-09
42.4 7.2 0.0511 8.25e-09 3.75e-09
42.5 7.2 0.0505 7.75e-09 3.25e-09
42.6 7.2 0.0498 6.75e-09 3.25e-09
42.7 7.2 0.0492 6.75e-09 3.25e-09
42.8 7.2 0.0485 5.5e-09 2.5e-09
42.9 7.2 0.0479 5.25e-09 2.75e-09
43 7.2 0.0473 5.25e-09 2.75e-09
43.1 7.2 0.0466 4.5e-09 2.5e-09
43.2 7.2 0.046 4.25e-09 2.75e-09
43.3 7.2 0.0454 4e-09 3e-09
43.4 7.2 0.0448 3.5e-09 3.5e-09
43.5 7.2 0.0442 4.25e-09 7.75e-09
43.6 7.2 0.0437 6.25e-09 3.75e-09
43.7 7.2 0.0431 1.75e-09 2.25e-09
43.8 7.2 0.0425 5e-10 1.5e-09
43.9 7.2 0.042 2.5e-10 7.5e-10
44 7.2 0.0414 2.5e-10 7.5e-10
44.1 7.2 0.0409 7.5e-10 2.5e-10
44.2 7.2 0.0403 0 0
44.3 7.2 0.0398 2.5e-10 7.5e-10
44.4 7.2 0.0393 7.5e-10 1.25e-09
44.5 7.2 0.0387 1.25e-09 1.75e-09
44.6 7.2 0.0382 1.25e-09 1.75e-09
44.7 7.2 0.0377 1e-09 1e-09
44.8 7.2 0.0372 0 0
44.9 7.2 0.0367 5e-10 5e-10
45 7.2 0.0362 1e-09 1e-09
45.1 7.2 0.0358 1.5e-09 1.5e-09
45.2 7.2 0.0353 1.75e-09 2.25e-09
45.3 7.2 0.0348 2.75e-09 3.25e-09
45.4 7.2 0.0344 2.5e-09 3.5e-09
45.5 7.2 0.0339 3e-09 4e-09
45.6 7.2 0.0335 3.5e-09 4.5e-09
45.7 7.2 0.033 3.75e-09 5.25e-09
45.8 7.2 0.0326 3.25e-09 6.75e-09
45.9 7.2 0.0321 3.75e-09 7.25e-09
46 7.2 0.0317 3.5e-09 7.5e-09
46.1 7.2 0.0313 3.75e-09 8.25e-09
46.2 7.2 0.0309 4.5e-09 9.5e-09
46.3 7.2 0.0305 4.25e-09 9.75e-09
46.4 7.2 0.03 5e-09 1e-08
46.5 7.2 0.0296 5e-09 1.1e-08
46.6 7.2 0.0293 5e-09 1.1e-08
46.7 7.2 0.0289 5.25e-09 1.17e-08
46.8 7.2 0.0285 5.5e-09 1.25e-08
46.9 7.2 0.0281 6e-09 1.2e-08
47 7.2 0.0277 5.75e-09 1.32e-08
47.1 7.2 0.0273 6e-09 1.3e-08
47.2 7.2 0.027 6.25e-09 1.38e-08
47.3 7.2 0.0266 2.5e-09 7.5e-09
47.4 7.2 0.0263 2.5e-09 7.5e-09
47.5 7.2 0.0259 2.5e-09 7.5e-09
47.6 7.2 0.0256 2.5e-09 7.5e-09
47.7 7.2 0.0252 3.25e-09 7.75e-09
47.8 7.2 0.0249 2.5e-09 7.5e-09
47.9 7.2 0.0246 3.25e-09 7.75e-09
48 7.2 0.0242 2.5e-09 7.5e-09
48.1 7.2 0.0239 3e-09 8e-09
48.2 7.2 0.0236 2.75e-09 8.25e-09
48.3 7.2 0.0233 2.75e-09 8.25e-09
48.4 7.2 0.0229 2.5e-09 7.5e-09
48.5 7.2 0.0226 3e-09 8e-09
48.6 7.2 0.0223 2.75e-09 8.25e-09
48.7 7.2 0.022 2.75e-09 8.25e-09
48.8 7.2 0.0217 2.75e-09 8.25e-09
48.9 7.2 0.0214 2.75e-09 8.25e-09
49 7.2 0.0212 3.5e-09 8.5e-09
49.1 7.2 0.0209 2.75e-09 8.25e-09
49.2 7.2 0.0206 2.75e-09 8.25e-09
49.3 7.2 0.0203 3.5e-09 8.5e-09
49.4 7.2 0.02 3.5e-09 8.5e-09
49.5 7.2 0.0198 2.75e-09 8.25e-09
49.6 7.2 0.0195 2.75e-09 8.25e-09
49.7 7.2 0.0192 2.75e-09 8.25e-09
49.8 7.2 0.019 2.75e-09 8.25e-09
49.9 7.2 0.0187 3e-09 9e-09
50 7.2 0.0185 2.75e-09 8.25e-09
50.1 7.2 0.0182 2.75e-09 8.25e-09
50.2 7.2 0.018 3e-09 9e-09
50.3 7.2 0.0177 2.75e-09 8.25e-09
50.4 7.2 0.0175 3.5e-09 8.5e-09
50.5 7.2 0.0172 2.75e-09 8.25e-09
50.6 7.2 0.017 2.75e-09 8.25e-09
50.7 7.2 0.0168 2.75e-09 8.25e-09
50.8 7.2 0.0166 2.75e-09 8.25e-09
50.9 7.2 0.0163 2.75e-09 8.25e-09
51 7.2 0.0161 2.75e-09 8.25e-09
51.1 7.2 0.0159 2.75e-09 8.25e-09
51.2 7.2 0.0157 2.75e-09 8.25e-09
51.3 7.2 0.0155 2.75e-09 8.25e-09
51.4 7.2 0.0153 2.75e-09 8.25e-09
51.5 7.2 0.015 2.75e-09 8.25e-09
51.6 7.2 0.0148 2.75e-09 8.25e-09
51.7 7.2 0.0146 2.5e-09 7.5e-09
51.8 7.2 0.0144 2.5e-09 7.5e-09
51.9 7.2 0.0142 2.75e-09 8.25e-09
52 7.2 0.0141 2.5e-09 7.5e-09
52.1 7.2 0.0139 2.5e-09 7.5e-09
52.2 7.2 0.0137 2.5e-09 7.5e-09
52.3 7.2 0.0135 3e-09 8e-09
52.4 7.2 0.0133 2.5e-09 7.5e-09
52.5 7.2 0.0131 2.5e-09 7.5e-09
52.6 7.2 0.0129 2.75e-09 8.25e-09
52.7 7.2 0.0128 2.75e-09 8.25e-09
52.8 7.2 0.0126 2.5e-09 7.5e-09
52.9 7.2 0.0124 2.5e-09 7.5e-09
53 7.2 0.0123 2.5e-09 7.5e-09
53.1 7.2 0.0121 2.5e-09 7.5e-09
53.2 7.2 0.0119 2.5e-09 7.5e-09
53.3 7.2 0.0118 2.5e-09 7.5e-09
53.4 7.2 0.0116 2.5e-09 7.5e-09
53.5 7.2 0.0114 2.5e-09 7.5e-09
53.6 7.2 0.0113 2.25e-09 6.75e-09
53.7 7.2 0.0111 2.5e-09 7.5e-09
53.8 7.2 0.011 2.25e-09 6.75e-09
53.9 7.2 0.0108 2.25e-09 6.75e-09
54 7.2 0.0107 2.25e-09 6.75e-09
54.1 7.2 0.0105 2.25e-09 6.75e-09
54.2 7.2 0.0104 2.25e-09 6.75e-09
54.3 7.2 0.0103 2.25e-09 6.75e-09
54.4 7.2 0.0101 3e-09 7e-09
54.5 7.2 0.00998 2.28e-09 6.72e-09
54.6 7.2 0.00984 2.25e-09 6.65e-09
54.7 7.2 0.00971 2.2e-09 6.6e-09
54.8 7.2 0.00957 2.23e-09 6.58e-09
54.9 7.2 0.00944 2.25e-09 6.55e-09
55 7.2 0.00931 2.2e-09 6.5e-09
55.1 7.2 0.00919 2.18e-09 6.42e-09
55.2 7.2 0.00906 2.15e-09 6.35e-09
55.3 7.2 0.00894 2.13e-09 6.27e-09
55.4 7.2 0.00882 2.13e-09 6.27e-09
55.5 7.2 0.0087 2.1e-09 6.2e-09
55.6 7.2 0.00858 2.07e-09 6.13e-09
55.7 7.2 0.00846 2.07e-09 6.13e-09
55.8 7.2 0.00834 2.05e-09 6.05e-09
55.9 7.2 0.00823 2.02e-09 5.97e-09
56 7.2 0.00812 2e-09 5.9e-09
56.1 7.2 0.00801 1.97e-09 5.83e-09
56.2 7.2 0.0079 2e-09 5.8e-09
56.3 7.2 0.00779 1.95e-09 5.75e-09
56.4 7.2 0.00768 1.95e-09 5.75e-09
56.5 7.2 0.00758 1.92e-09 5.68e-09
56.6 7.2 0.00747 1.92e-09 5.68e-09
56.7 7.2 0.00737 1.92e-09 5.58e-09
56.8 7.2 0.00727 1.85e-09 5.45e-09
56.9 7.2 0.00717 1.85e-09 5.45e-09
57 7.2 0.00707 1.85e-09 5.35e-09
57.1 7.2 0.00698 1.83e-09 5.28e-09
57.2 7.2 0.00688 1.83e-09 5.28e-09
57.3 7.2 0.00679 1.8e-09 5.2e-09
57.4 7.2 0.00669 1.75e-09 5.15e-09
57.5 7.2 0.0066 1.72e-09 5.07e-09
57.6 7.2 0.00651 1.75e-09 5.05e-09
57.7 7.2 0.00642 1.7e-09 5e-09
57.8 7.2 0.00633 1.67e-09 4.93e-09
57.9 7.2 0.00625 1.65e-09 4.85e-09
58 7.2 0.00616 1.65e-09 4.85e-09
58.1 7.2 0.00608 1.65e-09 4.75e-09
58.2 7.2 0.00599 1.6e-09 4.7e-09
58.3 7.2 0.00591 1.6e-09 4.7e-09
58.4 7.2 0.00583 1.6e-09 4.7e-09
58.5 7.2 0.00575 1.55e-09 4.55e-09
58.6 7.2 0.00567 1.55e-09 4.55e-09
58.7 7.2 0.00559 1.6e-09 4.5e-09
58.8 7.2 0.00552 1.55e-09 4.45e-09
58.9 7.2 0.00544 1.53e-09 4.38e-09
59 7.2 0.00537 1.47e-09 4.32e-09
59.1 7.2 0.00529 1.5e-09 4.3e-09
59.2 7.2 0.00522 1.45e-09 4.25e-09
59.3 7.2 0.00515 1.47e-09 4.22e-09
59.4 7.2 0.00508 1.45e-09 4.05e-09
59.5 7.2 0.00501 1.42e-09 4.08e-09
59.6 7.2 0.00494 1.42e-09 4.08e-09
59.7 7.2 0.00487 1.4e-09 4e-09
59.8 7.2 0.00481 1.42e-09 3.98e-09
59.9 7.2 0.00474 1.47e-09 3.93e-09
60 7.2 0.00468 1.4e-09 3.9e-09
60.1 7.2 0.00461 1.33e-09 3.87e-09
60.2 7.2 0.00455 1.35e-09 3.75e-09
60.3 7.2 0.00449 1.35e-09 3.75e-09
60.4 7.2 0.00442 1.28e-09 3.72e-09
60.5 7.2 0.00436 1.25e-09 3.65e-09
60.6 7.2 0.0043 1.23e-09 3.58e-09
60.7 7.2 0.00424 1.28e-09 3.63e-09
60.8 7.2 0.00419 1.23e-09 3.58e-09
60.9 7.2 0.00413 1.2e-09 3.5e-09
61 7.2 0.00407 1.17e-09 3.43e-09
61.1 7.2 0.00402 1.17e-09 3.43e-09
61.2 7.2 0.00396 1.15e-09 3.35e-09
61.3 7.2 0.00391 1.15e-09 3.35e-09
61.4 7.2 0.00385 1.12e-09 3.27e-09
61.5 7.2 0.0038 1.12e-09 3.27e-09
61.6 7.2 0.00375 1.1e-09 3.2e-09
61.7 7.2 0.0037 1.1e-09 3.2e-09
61.8 7.2 0.00365 1.07e-09 3.12e-09
61.9 7.2 0.0036 1.07e-09 3.12e-09
62 7.2 0.00355 1.05e-09 3.05e-09
62.1 7.2 0.0035 1.05e-09 3.05e-09
62.2 7.2 0.00345 1.03e-09 2.98e-09
62.3 7.2 0.0034 1.03e-09 2.98e-09
62.4 7.2 0.00335 1e-09 2.9e-09
62.5 7.2 0.00331 1e-09 2.9e-09
62.6 7.2 0.00326 9.5e-10 2.85e-09
62.7 7.2 0.00322 9.75e-10 2.83e-09
62.8 7.2 0.00317 9.5e-10 2.75e-09
62.9 7.2 0.00313 9.25e-10 2.78e-09
63 7.2 0.00309 9.5e-10 2.75e-09
63.1 7.2 0.00304 9e-10 2.7e-09
63.2 7.2 0.003 8.75e-10 2.62e-09
63.3 7.2 0.00296 8.75e-10 2.62e-09
63.4 7.2 0.00292 9e-10 2.6e-09
63.5 7.2 0.00288 9e-10 2.6e-09
63.6 7.2 0.00284 8.75e-10 2.52e-09
63.7 7.2 0.0028 8.75e-10 2.52e-09
63.8 7.2 0.00276 8.5e-10 2.45e-09
63.9 7.2 0.00273 8.25e-10 2.38e-09
64 7.2 0.00269 8e-10 2.4e-09
64.1 7.2 0.00265 8.25e-10 2.38e-09
64.2 7.2 0.00261 8.25e-10 2.38e-09
64.3 7.2 0.00258 8e-10 2.3e-09
64.4 7.2 0.00254 7.5e-10 2.25e-09
64.5 7.2 0.00251 7.75e-10 2.23e-09
64.6 7.2 0.00247 7.75e-10 2.23e-09
64.7 7.2 0.00244 7.25e-10 2.18e-09
64.8 7.2 0.00241 7.5e-10 2.15e-09
64.9 7.2 0.00237 7.25e-10 2.18e-09
65 7.2 0.00234 7.25e-10 2.07e-09
65.1 7.2 0.00231 7e-10 2.1e-09
65.2 7.2 0.00228 6.75e-10 2.02e-09
65.3 7.2 0.00225 7.5e-10 2.05e-09
65.4 7.2 0.00221 7e-10 2e-09
65.5 7.2 0.00218 7e-10 2e-09
65.6 7.2 0.00215 6.5e-10 1.95e-09
65.7 7.2 0.00212 6.25e-10 1.87e-09
65.8 7.2 0.00209 6.75e-10 1.92e-09
65.9 7.2 0.00207 6.25e-10 1.87e-09
66 7.2 0.00204 6.5e-10 1.85e-09
66.1 7.2 0.00201 6e-10 1.8e-09
66.2 7.2 0.00198 6e-10 1.8e-09
66.3 7.2 0.00195 6.25e-10 1.77e-09
66.4 7.2 0.00193 6.25e-10 1.77e-09
66.5 7.2 0.0019 5.75e-10 1.72e-09
66.6 7.2 0.00188 5.75e-10 1.72e-09
66.7 7.2 0.00185 5.5e-10 1.65e-09
66.8 7.2 0.00182 5.75e-10 1.63e-09
66.9 7.2 0.0018 5.75e-10 1.63e-09
67 7.2 0.00177 5.5e-10 1.65e-09
67.1 7.2 0.00175 5.75e-10 1.63e-09
67.2 7.2 0.00173 5.75e-10 1.63e-09
67.3 7.2 0.0017 5.25e-10 1.58e-09
67.4 7.2 0.00168 5e-10 1.5e-09
67.5 7.2 0.00166 5.5e-10 1.55e-09
67.6 7.2 0.00163 5e-10 1.5e-09
67.7 7.2 0.00161 5e-10 1.5e-09
67.8 7.2 0.00159 5.25e-10 1.47e-09
67.9 7.2 0.00157 4.75e-10 1.42e-09
68 7.2 0.00154 5.25e-10 1.47e-09
68.1 7.2 0.00152 4.75e-10 1.42e-09
68.2 7.2 0.0015 5e-10 1.4e-09
68.3 7.2 0.00148 5e-10 1.4e-09
68.4 7.2 0.00146 5e-10 1.4e-09
68.5 7.2 0.00144 4.5e-10 1.35e-09
68.6 7.2 0.00142 4.25e-10 1.28e-09
68.7 7.2 0.0014 4.75e-10 1.33e-09
68.8 7.2 0.00138 4.25e-10 1.28e-09
68.9 7.2 0.00136 4.25e-10 1.28e-09
69 7.2 0.00134 4e-10 1.2e-09
69.1 7.2 0.00133 4.5e-10 1.25e-09
69.2 7.2 0.00131 4e-10 1.2e-09
69.3 7.2 0.00129 4.25e-10 1.17e-09
69.4 7.2 0.00127 4e-10 1.2e-09
69.5 7.2 0.00125 4.25e-10 1.17e-09
69.6 7.2 0.00124 4e-10 1.2e-09
69.7 7.2 0.00122 4.25e-10 1.17e-09
69.8 7.2 0.0012 3.75e-10 1.12e-09
69.9 7.2 0.00119 4e-10 1.1e-09
70 7.2 0.00117 3.5e-10 1.05e-09
70.1 7.2 0.00115 4e-10 1.1e-09
70.2 7.2 0.00114 4e-10 1.1e-09
70.3 7.2 0.00112 4e-10 1.1e-09
70.4 7.2 0.00111 3.75e-10 1.03e-09
70.5 7.2 0.00109 3.75e-10 1.03e-09
70.6 7.2 0.00108 3.25e-10 9.75e-10
70.7 7.2 0.00106 3.25e-10 9.75e-10
70.8 7.2 0.00105 3.25e-10 9.75e-10
70.9 7.2 0.00103 3.25e-10 9.75e-10
71 7.2 0.00102 3.25e-10 9.75e-10
71.1 7.2 0.001 3.5e-10 9.5e-10
71.2 7.2 0.000991 3.2e-10 9.3e-10
71.3 7.2 0.000977 3.17e-10 9.22e-10
71.4 7.2 0.000964 3.1e-10 9.1e-10
71.5 7.2 0.00095 3.1e-10 9e-10
71.6 7.2 0.000937 3.02e-10 8.87e-10
71.7 7.2 0.000924 2.98e-10 8.73e-10
71.8 7.2 0.000912 2.98e-10 8.62e-10
71.9 7.2 0.000899 2.93e-10 8.48e-10
72 7.2 0.000887 2.9e-10 8.4e-10
72.1 7.2 0.000874 2.83e-10 8.27e-10
72.2 7.2 0.000862 2.78e-10 8.13e-10
72.3 7.2 0.000851 2.78e-10 8.02e-10
72.4 7.2 0.000839 2.72e-10 7.97e-10
72.5 7.2 0.000827 2.68e-10 7.83e-10
72.6 7.2 0.000816 2.68e-10 7.72e-10
72.7 7.2 0.000805 2.63e-10 7.67e-10
72.8 7.2 0.000794 2.57e-10 7.53e-10
72.9 7.2 0.000783 2.57e-10 7.42e-10
73 7.2 0.000772 2.55e-10 7.35e-10
73.1 7.2 0.000761 2.48e-10 7.23e-10
73.2 7.2 0.000751 2.45e-10 7.15e-10
73.3 7.2 0.00074 2.45e-10 7.05e-10
73.4 7.2 0.00073 2.38e-10 6.93e-10
73.5 7.2 0.00072 2.4e-10 6.9e-10
73.6 7.2 0.00071 2.32e-10 6.77e-10
73.7 7.2 0.0007 2.3e-10 6.7e-10
73.8 7.2 0.000691 2.25e-10 6.55e-10
73.9 7.2 0.000681 2.25e-10 6.55e-10
74 7.2 0.000672 2.2e-10 6.4e-10
74.1 7.2 0.000663 2.17e-10 6.33e-10
74.2 7.2 0.000653 2.15e-10 6.25e-10
74.3 7.2 0.000644 2.12e-10 6.17e-10
74.4 7.2 0.000636 2.1e-10 6.1e-10
74.5 7.2 0.000627 2.08e-10 6.03e-10
74.6 7.2 0.000618 2.02e-10 5.87e-10
74.7 7.2 0.00061 2e-10 5.8e-10
74.8 7.2 0.000601 1.97e-10 5.73e-10
74.9 7.2 0.000593 1.95e-10 5.65e-10
75 7.2 0.000585 1.93e-10 5.57e-10
75.1 7.2 0.000577 1.9e-10 5.5e-10
75.2 7.2 0.000569 1.87e-10 5.43e-10
75.3 7.2 0.000561 1.85e-10 5.35e-10
75.4 7.2 0.000553 1.85e-10 5.35e-10
75.5 7.2 0.000546 1.82e-10 5.27e-10
75.6 7.2 0.000538 1.75e-10 5.15e-10
75.7 7.2 0.000531 1.72e-10 5.07e-10
75.8 7.2 0.000523 1.75e-10 5.05e-10
75.9 7.2 0.000516 1.67e-10 4.93e-10
76 7.2 0.000509 1.67e-10 4.93e-10
76.1 7.2 0.000502 1.67e-10 4.83e-10
76.2 7.2 0.000495 1.65e-10 4.75e-10
76.3 7.2 0.000488 1.6e-10 4.7e-10
76.4 7.2 0.000481 1.57e-10 4.63e-10
76.5 7.2 0.000475 1.6e-10 4.6e-10
76.6 7.2 0.000468 1.52e-10 4.48e-10
76.7 7.2 0.000462 1.52e-10 4.48e-10
76.8 7.2 0.000455 1.48e-10 4.33e-10
76.9 7.2 0.000449 1.45e-10 4.25e-10
77 7.2 0.000443 1.48e-10 4.22e-10
77.1 7.2 0.000437 1.42e-10 4.18e-10
77.2 7.2 0.000431 1.42e-10 4.18e-10
77.3 7.2 0.000425 1.42e-10 4.07e-10
77.4 7.2 0.000419 1.42e-10 4.07e-10
77.5 7.2 0.000413 1.35e-10 3.95e-10
77.6 7.2 0.000408 1.37e-10 3.92e-10
77.7 7.2 0.000402 1.33e-10 3.88e-10
77.8 7.2 0.000396 1.3e-10 3.8e-10
77.9 7.2 0.000391 1.27e-10 3.73e-10
78 7.2 0.000386 1.3e-10 3.7e-10
78.1 7.2 0.00038 1.25e-10 3.65e-10
78.2 7.2 0.000375 1.22e-10 3.58e-10
78.3 7.2 0.00037 1.22e-10 3.58e-10
78.4 7.2 0.000365 1.2e-10 3.5e-10
78.5 7.2 0.00036 1.18e-10 3.43e-10
78.6 7.2 0.000355 1.18e-10 3.43e-10
78.7 7.2 0.00035 1.18e-10 3.43e-10
78.8 7.2 0.000345 1.12e-10 3.28e-10
78.9 7.2 0.00034 1.12e-10 3.28e-10
79 7.2 0.000336 1.1e-10 3.2e-10
79.1 7.2 0.000331 1.1e-10 3.2e-10
79.2 7.2 0.000326 1.08e-10 3.13e-10
79.3 7.2 0.000322 1.05e-10 3.05e-10
79.4 7.2 0.000317 1.05e-10 3.05e-10
79.5 7.2 0.000313 1.05e-10 3.05e-10
79.6 7.2 0.000309 1.02e-10 2.98e-10
79.7 7.2 0.000305 1e-10 2.9e-10
