-25 7.8 0.078 2.1e-08 7e-09
-24.9 7.8 0.0789 2.1e-08 7e-09
-24.8 7.8 0.0799 2.17e-08 7.25e-09
-24.7 7.8 0.0808 2.25e-08 7.5e-09
-24.6 7.8 0.0818 2.25e-08 7.5e-09
-24.5 7.8 0.0827 2.32e-08 7.75e-09
-24.4 7.8 0.0837 2.45e-08 8.5e-09
-24.3 7.8 0.0847 2.5e-08 9e-09
-24.2 7.8 0.0857 2.55e-08 8.5e-09
-24.1 7.8 0.0867 2.63e-08 8.75e-09
-24 7.8 0.0877 2.65e-08 9.5e-09
-23.9 7.8 0.0887 2.7e-08 9e-09
-23.8 7.8 0.0897 2.85e-08 9.5e-09
-23.7 7.8 0.0908 2.85e-08 9.5e-09
-23.6 7.8 0.0918 2.93e-08 9.75e-09
-23.5 7.8 0.0929 3e-08 1e-08
-23.4 7.8 0.094 3.08e-08 1.03e-08
-23.3 7.8 0.0951 3.08e-08 1.03e-08
-23.2 7.8 0.0962 3.15e-08 1.05e-08
-23.1 7.8 0.0973 3.18e-08 1.12e-08
-23 7.8 0.0984 3.3e-08 1.1e-08
-22.9 7.8 0.0996 3.33e-08 1.17e-08
-22.8 7.8 0.101 3.75e-08 1.25e-08
-22.7 7.8 0.102 3.75e-08 1.25e-08
-22.6 7.8 0.103 3.75e-08 1.25e-08
-22.5 7.8 0.104 3.75e-08 1.25e-08
-22.4 7.8 0.105 3.25e-08 1.75e-08
-22.3 7.8 0.107 3.75e-08 1.25e-08
-22.2 7.8 0.108 3.75e-08 1.25e-08
-22.1 7.8 0.109 3.75e-08 1.25e-08
-22 7.8 0.11 3.75e-08 1.25e-08
-21.9 7.8 0.112 3.75e-08 1.25e-08
-21.8 7.8 0.113 3.75e-08 1.25e-08
-21.7 7.8 0.114 3.75e-08 1.25e-08
-21.6 7.8 0.115 4.5e-08 1.5e-08
-21.5 7.8 0.117 4.5e-08 1.5e-08
-21.4 7.8 0.118 4.5e-08 1.5e-08
-21.3 7.8 0.119 4.5e-08 1.5e-08
-21.2 7.8 0.121 4e-08 2e-08
-21.1 7.8 0.122 4.5e-08 1.5e-08
-21 7.8 0.123 4e-08 2e-08
-20.9 7.8 0.125 4e-08 2e-08
-20.8 7.8 0.126 4.5e-08 1.5e-08
-20.7 7.8 0.128 4.75e-08 2.25e-08
-20.6 7.8 0.129 4.25e-08 1.75e-08
-20.5 7.8 0.13 4.5e-08 1.5e-08
-20.4 7.8 0.132 4.5e-08 1.5e-08
-20.3 7.8 0.133 4.5e-08 1.5e-08
-20.2 7.8 0.135 5e-08 2e-08
-20.1 7.8 0.136 4.75e-08 2.25e-08
-20 7.8 0.138 4.75e-08 2.25e-08
-19.9 7.8 0.139 4.75e-08 2.25e-08
-19.8 7.8 0.141 4.75e-08 2.25e-08
-19.7 7.8 0.142 4.75e-08 2.25e-08
-19.6 7.8 0.144 4e-08 2e-08
-19.5 7.8 0.145 4.75e-08 2.25e-08
-19.4 7.8 0.147 9.25e-08 7.75e-08
-19.3 7.8 0.149 1.08e-07 9.25e-08
-19.2 7.8 0.15 1.27e-07 1.02e-07
-19.1 7.8 0.152 1.5e-07 1.1e-07
-19 7.8 0.153 1.93e-07 9.75e-08
-18.9 7.8 0.155 2.07e-07 1.02e-07
-18.8 7.8 0.157 1.33e-07 4.75e-08
-18.7 7.8 0.158 2.75e-08 5.25e-08
-18.6 7.8 0.16 5.28e-07 2.62e-07
-18.5 7.8 0.162 1.17e-07 1.12e-07
-18.4 7.8 0.164 8e-08 5e-08
-18.3 7.8 0.165 7e-08 4e-08
-18.2 7.8 0.167 6.25e-08 2.75e-08
-18.1 7.8 0.169 6.25e-08 2.75e-08
-18 7.8 0.171 5.75e-08 2.25e-08
-17.9 7.8 0.172 6.5e-08 2.5e-08
-17.8 7.8 0.174 5.75e-08 2.25e-08
-17.7 7.8 0.176 5.5e-08 2.5e-08
-17.6 7.8 0.178 5.75e-08 2.25e-08
-17.5 7.8 0.18 5.25e-08 1.75e-08
-17.4 7.8 0.182 5.25e-08 1.75e-08
-17.3 7.8 0.183 5.25e-08 1.75e-08
-17.2 7.8 0.185 5.25e-08 1.75e-08
-17.1 7.8 0.187 5.25e-08 1.75e-08
-17 7.8 0.189 5.25e-08 1.75e-08
-16.9 7.8 0.191 5.25e-08 1.75e-08
-16.8 7.8 0.193 5.25e-08 1.75e-08
-16.7 7.8 0.195 5.25e-08 1.75e-08
-16.6 7.8 0.197 4.5e-08 1.5e-08
-16.5 7.8 0.199 4.5e-08 1.5e-08
-16.4 7.8 0.201 4.5e-08 1.5e-08
-16.3 7.8 0.203 4.5e-08 1.5e-08
-16.2 7.8 0.205 4.5e-08 1.5e-08
-16.1 7.8 0.207 3.75e-08 1.25e-08
-16 7.8 0.209 4.5e-08 1.5e-08
-15.9 7.8 0.211 3.75e-08 1.25e-08
-15.8 7.8 0.213 3.75e-08 1.25e-08
-15.7 7.8 0.216 3.75e-08 1.25e-08
-15.6 7.8 0.218 3.75e-08 1.25e-08
-15.5 7.8 0.22 3.25e-08 1.75e-08
-15.4 7.8 0.222 3.75e-08 1.25e-08
-15.3 7.8 0.224 3e-08 1e-08
-15.2 7.8 0.226 3e-08 1e-08
-15.1 7.8 0.229 3.25e-08 1.75e-08
-15 7.8 0.231 3e-08 1e-08
-14.9 7.8 0.233 2.5e-08 1.5e-08
-14.8 7.8 0.235 3e-08 1e-08
-14.7 7.8 0.238 3e-08 1e-08
-14.6 7.8 0.24 2e-08 1e-08
-14.5 7.8 0.242 1.75e-08 1.25e-08
-14.4 7.8 0.244 2.25e-08 7.5e-09
-14.3 7.8 0.247 1.75e-08 1.25e-08
-14.2 7.8 0.249 3.5e-08 1.5e-08
-14.1 7.8 0.251 2.25e-08 7.5e-09
-14 7.8 0.254 2e-08 1e-08
-13.9 7.8 0.256 1.5e-08 5e-09
-13.8 7.8 0.259 5e-09 5e-09
-13.7 7.8 0.261 0 0
-13.6 7.8 0.263 2.5e-09 7.5e-09
-13.5 7.8 0.266 0 0
-13.4 7.8 0.268 0 0
-13.3 7.8 0.271 7.5e-09 2.5e-09
-13.2 7.8 0.273 1e-08 1e-08
-13.1 7.8 0.276 3.25e-08 1.75e-08
-13 7.8 0.278 1e-08 1e-08
-12.9 7.8 0.281 1.25e-08 1.75e-08
-12.8 7.8 0.283 1.25e-08 1.75e-08
-12.7 7.8 0.286 1.25e-08 1.75e-08
-12.6 7.8 0.288 7.5e-09 2.25e-08
-12.5 7.8 0.291 1.25e-08 2.75e-08
-12.4 7.8 0.293 7.5e-09 2.25e-08
-12.3 7.8 0.296 1e-08 3e-08
-12.2 7.8 0.299 1e-08 3e-08
-12.1 7.8 0.301 1e-08 3e-08
-12 7.8 0.304 2e-08 4e-08
-11.9 7.8 0.306 1.25e-08 3.75e-08
-11.8 7.8 0.309 1.25e-08 3.75e-08
-11.7 7.8 0.312 2.25e-08 4.75e-08
-11.6 7.8 0.314 2e-08 5e-08
-11.5 7.8 0.317 2e-08 5e-08
-11.4 7.8 0.32 2.5e-08 5.5e-08
-11.3 7.8 0.322 3e-08 5e-08
-11.2 7.8 0.325 4.25e-08 6.75e-08
-11.1 7.8 0.328 2e-08 6e-08
-11 7.8 0.331 2.75e-08 6.25e-08
-10.9 7.8 0.333 2.25e-08 6.75e-08
-10.8 7.8 0.336 3e-08 7e-08
-10.7 7.8 0.339 3e-08 7e-08
-10.6 7.8 0.342 3e-08 8e-08
-10.5 7.8 0.344 2.5e-08 7.5e-08
-10.4 7.8 0.347 2.75e-08 8.25e-08
-10.3 7.8 0.35 3.5e-08 8.5e-08
-10.2 7.8 0.353 2.75e-08 8.25e-08
-10.1 7.8 0.355 3e-08 9e-08
-10 7.8 0.358 3.75e-08 9.25e-08
-9.9 7.8 0.361 3.25e-08 9.75e-08
-9.8 7.8 0.364 3.75e-08 9.25e-08
-9.7 7.8 0.367 4e-08 1e-07
-9.6 7.8 0.37 3.5e-08 1.05e-07
-9.5 7.8 0.372 3.5e-08 1.05e-07
-9.4 7.8 0.375 3.5e-08 1.05e-07
-9.3 7.8 0.378 3.75e-08 1.12e-07
-9.2 7.8 0.381 4.5e-08 1.15e-07
-9.1 7.8 0.384 4.5e-08 1.15e-07
-9 7.8 0.387 4.5e-08 1.15e-07
-8.9 7.8 0.39 4.75e-08 1.22e-07
-8.8 7.8 0.393 4.75e-08 1.22e-07
-8.7 7.8 0.395 4.75e-08 1.22e-07
-8.6 7.8 0.398 4.75e-08 1.22e-07
-8.5 7.8 0.401 5e-08 1.3e-07
-8.4 7.8 0.404 5e-08 1.3e-07
-8.3 7.8 0.407 5.5e-08 1.25e-07
-8.2 7.8 0.41 5e-08 1.3e-07
-8.1 7.8 0.413 5.25e-08 1.38e-07
-8 7.8 0.416 5.25e-08 1.38e-07
-7.9 7.8 0.419 5.75e-08 1.33e-07
-7.8 7.8 0.422 6e-08 1.4e-07
-7.7 7.8 0.425 5.5e-08 1.45e-07
-7.6 7.8 0.428 5.5e-08 1.45e-07
-7.5 7.8 0.43 6e-08 1.4e-07
-7.4 7.8 0.433 6e-08 1.4e-07
-7.3 7.8 0.436 5.5e-08 1.45e-07
-7.2 7.8 0.439 6.25e-08 1.47e-07
-7.1 7.8 0.442 6.25e-08 1.47e-07
-7 7.8 0.445 6.25e-08 1.47e-07
-6.9 7.8 0.448 5.75e-08 1.52e-07
-6.8 7.8 0.451 5.5e-08 1.45e-07
-6.7 7.8 0.454 6e-08 1.5e-07
-6.6 7.8 0.457 6.5e-08 1.55e-07
-6.5 7.8 0.46 6.25e-08 1.47e-07
-6.4 7.8 0.463 6.5e-08 1.55e-07
-6.3 7.8 0.466 6.25e-08 1.47e-07
-6.2 7.8 0.469 6.25e-08 1.47e-07
-6.1 7.8 0.472 6.25e-08 1.47e-07
-6 7.8 0.475 6.25e-08 1.47e-07
-5.9 7.8 0.477 6.5e-08 1.55e-07
-5.8 7.8 0.48 6.25e-08 1.47e-07
-5.7 7.8 0.483 6.5e-08 1.55e-07
-5.6 7.8 0.486 6.5e-08 1.55e-07
-5.5 7.8 0.489 7e-08 1.5e-07
-5.4 7.8 0.492 6.25e-08 1.47e-07
-5.3 7.8 0.495 6.25e-08 1.47e-07
-5.2 7.8 0.498 6.25e-08 1.47e-07
-5.1 7.8 0.501 6.25e-08 1.47e-07
-5 7.8 0.504 6.25e-08 1.47e-07
-4.9 7.8 0.506 6.75e-08 1.43e-07
-4.8 7.8 0.509 6e-08 1.4e-07
-4.7 7.8 0.512 6e-08 1.4e-07
-4.6 7.8 0.515 6e-08 1.4e-07
-4.5 7.8 0.518 6.5e-08 1.35e-07
-4.4 7.8 0.521 5.75e-08 1.33e-07
-4.3 7.8 0.523 5.75e-08 1.33e-07
-4.2 7.8 0.526 6.5e-08 1.35e-07
-4.1 7.8 0.529 5.5e-08 1.25e-07
-4 7.8 0.532 6.5e-08 1.25e-07
-3.9 7.8 0.535 6e-08 1.2e-07
-3.8 7.8 0.537 6e-08 1.2e-07
-3.7 7.8 0.54 5.75e-08 1.12e-07
-3.6 7.8 0.543 6.25e-08 1.08e-07
-3.5 7.8 0.546 6.25e-08 1.08e-07
-3.4 7.8 0.549 6.75e-08 1.02e-07
-3.3 7.8 0.551 7e-08 1e-07
-3.2 7.8 0.554 7.25e-08 8.75e-08
-3.1 7.8 0.557 1.55e-07 1.95e-07
-3 7.8 0.559 1.2e-07 2.2e-07
-2.9 7.8 0.562 4.15e-07 3.15e-07
-2.8 7.8 0.565 8e-08 1.4e-07
-2.7 7.8 0.567 5.25e-08 1.17e-07
-2.6 7.8 0.57 5e-08 1.1e-07
-2.5 7.8 0.573 3.75e-08 1.02e-07
-2.4 7.8 0.575 3.25e-08 9.75e-08
-2.3 7.8 0.578 8e-08 1.7e-07
-2.2 7.8 0.58 7.25e-08 1.58e-07
-2.1 7.8 0.583 6.5e-08 1.45e-07
-2 7.8 0.586 5.75e-08 1.22e-07
-1.9 7.8 0.588 5.5e-08 1.15e-07
-1.8 7.8 0.591 5e-08 1e-07
-1.7 7.8 0.593 4.25e-08 8.75e-08
-1.6 7.8 0.596 4.5e-08 6.5e-08
-1.5 7.8 0.598 3.75e-08 5.25e-08
-1.4 7.8 0.601 3.25e-08 4.75e-08
-1.3 7.8 0.603 2.75e-08 3.25e-08
-1.2 7.8 0.605 1.5e-08 1.5e-08
-1.1 7.8 0.608 5e-09 5e-09
-1 7.8 0.61 1e-08 1e-08
-0.9 7.8 0.613 1e-08 3e-08
-0.8 7.8 0.615 7.5e-09 2.25e-08
-0.7 7.8 0.617 1.25e-08 1.75e-08
-0.6 7.8 0.62 5e-09 1.5e-08
-0.5 7.8 0.622 2.5e-09 7.5e-09
-0.4 7.8 0.624 2.5e-09 7.5e-09
-0.3 7.8 0.626 0 0
-0.2 7.8 0.629 7.5e-09 2.5e-09
-0.1 7.8 0.631 7.5e-09 2.5e-09
1.24e-14 7.8 0.633 1.5e-08 5e-09
0.1 7.8 0.635 2.25e-08 7.5e-09
0.2 7.8 0.637 2.25e-08 7.5e-09
0.3 7.8 0.639 3e-08 1e-08
0.4 7.8 0.642 3.25e-08 1.75e-08
0.5 7.8 0.644 3.75e-08 1.25e-08
0.6 7.8 0.646 4.5e-08 1.5e-08
0.7 7.8 0.648 4.75e-08 2.25e-08
0.8 7.8 0.65 4.75e-08 2.25e-08
0.9 7.8 0.652 5.75e-08 2.25e-08
1 7.8 0.654 6e-08 2e-08
1.1 7.8 0.656 6.25e-08 2.75e-08
1.2 7.8 0.658 7.5e-08 2.5e-08
1.3 7.8 0.66 7.5e-08 2.5e-08
1.4 7.8 0.661 8.5e-08 3.5e-08
1.5 7.8 0.663 9e-08 3e-08
1.6 7.8 0.665 9e-08 3e-08
1.7 7.8 0.667 9.25e-08 3.75e-08
1.8 7.8 0.669 1e-07 4e-08
1.9 7.8 0.67 1e-07 4e-08
2 7.8 0.672 1.08e-07 4.25e-08
2.1 7.8 0.674 1.08e-07 4.25e-08
2.2 7.8 0.676 1.15e-07 4.5e-08
2.3 7.8 0.677 1.22e-07 4.75e-08
2.4 7.8 0.679 1.3e-07 5e-08
2.5 7.8 0.68 1.3e-07 5e-08
2.6 7.8 0.682 1.38e-07 5.25e-08
2.7 7.8 0.684 1.45e-07 5.5e-08
2.8 7.8 0.685 1.45e-07 5.5e-08
2.9 7.8 0.687 1.52e-07 5.75e-08
3 7.8 0.688 1.55e-07 6.5e-08
3.1 7.8 0.69 1.6e-07 6e-08
3.2 7.8 0.691 1.63e-07 6.75e-08
3.3 7.8 0.692 1.63e-07 6.75e-08
3.4 7.8 0.694 1.68e-07 6.25e-08
3.5 7.8 0.695 1.7e-07 7e-08
3.6 7.8 0.696 1.7e-07 7e-08
3.7 7.8 0.698 1.77e-07 7.25e-08
3.8 7.8 0.699 1.85e-07 7.5e-08
3.9 7.8 0.7 1.85e-07 7.5e-08
4 7.8 0.701 1.85e-07 7.5e-08
4.1 7.8 0.702 1.93e-07 7.75e-08
4.2 7.8 0.704 2e-07 8e-08
4.3 7.8 0.705 2e-07 8e-08
4.4 7.8 0.706 2.07e-07 8.25e-08
4.5 7.8 0.707 2.07e-07 8.25e-08
4.6 7.8 0.708 2.07e-07 8.25e-08
4.7 7.8 0.709 2.15e-07 8.5e-08
4.8 7.8 0.71 2.18e-07 9.25e-08
4.9 7.8 0.711 2.22e-07 8.75e-08
5 7.8 0.712 2.18e-07 9.25e-08
5.1 7.8 0.713 2.25e-07 9.5e-08
5.2 7.8 0.713 2.22e-07 8.75e-08
5.3 7.8 0.714 2.25e-07 9.5e-08
5.4 7.8 0.715 2.3e-07 9e-08
5.5 7.8 0.716 2.38e-07 9.25e-08
5.6 7.8 0.717 2.38e-07 9.25e-08
5.7 7.8 0.717 2.4e-07 1e-07
5.8 7.8 0.718 2.4e-07 1e-07
5.9 7.8 0.719 2.4e-07 1e-07
6 7.8 0.719 2.45e-07 9.5e-08
6.1 7.8 0.72 2.48e-07 1.02e-07
6.2 7.8 0.72 2.53e-07 9.75e-08
6.3 7.8 0.721 2.48e-07 1.02e-07
6.4 7.8 0.721 2.55e-07 1.05e-07
6.5 7.8 0.722 2.55e-07 1.05e-07
6.6 7.8 0.722 2.55e-07 1.05e-07
6.7 7.8 0.723 2.6e-07 1e-07
6.8 7.8 0.723 2.55e-07 1.05e-07
6.9 7.8 0.724 2.55e-07 1.05e-07
7 7.8 0.724 2.55e-07 1.05e-07
7.1 7.8 0.724 2.6e-07 1e-07
7.2 7.8 0.724 2.6e-07 1e-07
7.3 7.8 0.725 2.62e-07 1.08e-07
7.4 7.8 0.725 2.62e-07 1.08e-07
7.5 7.8 0.725 2.62e-07 1.08e-07
7.6 7.8 0.725 2.67e-07 1.02e-07
7.7 7.8 0.725 2.62e-07 1.08e-07
7.8 7.8 0.725 2.62e-07 1.08e-07
7.9 7.8 0.725 2.67e-07 1.02e-07
8 7.8 0.725 2.62e-07 1.08e-07
8.1 7.8 0.725 2.67e-07 1.02e-07
8.2 7.8 0.725 2.62e-07 1.08e-07
8.3 7.8 0.725 2.62e-07 1.08e-07
8.4 7.8 0.725 2.67e-07 1.02e-07
8.5 7.8 0.725 2.62e-07 1.08e-07
8.6 7.8 0.725 2.62e-07 1.08e-07
8.7 7.8 0.725 2.62e-07 1.08e-07
8.8 7.8 0.724 2.6e-07 1e-07
8.9 7.8 0.724 2.6e-07 1e-07
9 7.8 0.724 2.55e-07 1.05e-07
9.1 7.8 0.724 2.55e-07 1.05e-07
9.2 7.8 0.723 2.55e-07 1.05e-07
9.3 7.8 0.723 2.6e-07 1e-07
9.4 7.8 0.722 2.55e-07 1.05e-07
9.5 7.8 0.722 2.55e-07 1.05e-07
9.6 7.8 0.721 2.55e-07 1.05e-07
9.7 7.8 0.721 2.48e-07 1.02e-07
9.8 7.8 0.72 2.53e-07 9.75e-08
9.9 7.8 0.72 2.48e-07 1.02e-07
10 7.8 0.719 2.45e-07 9.5e-08
10.1 7.8 0.719 2.4e-07 1e-07
10.2 7.8 0.718 2.4e-07 1e-07
10.3 7.8 0.717 2.4e-07 1e-07
10.4 7.8 0.717 2.38e-07 9.25e-08
10.5 7.8 0.716 2.38e-07 9.25e-08
10.6 7.8 0.715 2.3e-07 9e-08
10.7 7.8 0.714 2.25e-07 9.5e-08
10.8 7.8 0.713 2.22e-07 8.75e-08
10.9 7.8 0.713 2.25e-07 9.5e-08
11 7.8 0.712 2.18e-07 9.25e-08
11.1 7.8 0.711 2.22e-07 8.75e-08
11.2 7.8 0.71 2.18e-07 9.25e-08
11.3 7.8 0.709 2.15e-07 8.5e-08
11.4 7.8 0.708 2.07e-07 8.25e-08
11.5 7.8 0.707 2.07e-07 8.25e-08
11.6 7.8 0.706 2.07e-07 8.25e-08
11.7 7.8 0.705 2e-07 8e-08
11.8 7.8 0.704 2e-07 8e-08
11.9 7.8 0.702 1.93e-07 7.75e-08
12 7.8 0.701 1.85e-07 7.5e-08
12.1 7.8 0.7 1.85e-07 7.5e-08
12.2 7.8 0.699 1.85e-07 7.5e-08
12.3 7.8 0.698 1.77e-07 7.25e-08
12.4 7.8 0.696 1.7e-07 7e-08
12.5 7.8 0.695 1.7e-07 7e-08
12.6 7.8 0.694 1.68e-07 6.25e-08
12.7 7.8 0.692 1.63e-07 6.75e-08
12.8 7.8 0.691 1.63e-07 6.75e-08
12.9 7.8 0.69 1.6e-07 6e-08
13 7.8 0.688 1.55e-07 6.5e-08
13.1 7.8 0.687 1.52e-07 5.75e-08
13.2 7.8 0.685 1.45e-07 5.5e-08
13.3 7.8 0.684 1.45e-07 5.5e-08
13.4 7.8 0.682 1.38e-07 5.25e-08
13.5 7.8 0.68 1.3e-07 5e-08
13.6 7.8 0.679 1.3e-07 5e-08
13.7 7.8 0.677 1.22e-07 4.75e-08
13.8 7.8 0.676 1.15e-07 4.5e-08
13.9 7.8 0.674 1.08e-07 4.25e-08
14 7.8 0.672 1.08e-07 4.25e-08
14.1 7.8 0.67 1e-07 4e-08
14.2 7.8 0.669 1e-07 4e-08
14.3 7.8 0.667 9.25e-08 3.75e-08
14.4 7.8 0.665 9e-08 3e-08
14.5 7.8 0.663 9e-08 3e-08
14.6 7.8 0.661 8.5e-08 3.5e-08
14.7 7.8 0.66 7.5e-08 2.5e-08
14.8 7.8 0.658 7.5e-08 2.5e-08
14.9 7.8 0.656 6.25e-08 2.75e-08
15 7.8 0.654 6e-08 2e-08
15.1 7.8 0.652 5.75e-08 2.25e-08
15.2 7.8 0.65 4.75e-08 2.25e-08
15.3 7.8 0.648 4.75e-08 2.25e-08
15.4 7.8 0.646 4.5e-08 1.5e-08
15.5 7.8 0.644 3.75e-08 1.25e-08
15.6 7.8 0.642 3.25e-08 1.75e-08
15.7 7.8 0.639 3e-08 1e-08
15.8 7.8 0.637 2.25e-08 7.5e-09
15.9 7.8 0.635 2.25e-08 7.5e-09
16 7.8 0.633 1.5e-08 5e-09
16.1 7.8 0.631 7.5e-09 2.5e-09
16.2 7.8 0.629 7.5e-09 2.5e-09
16.3 7.8 0.626 0 0
16.4 7.8 0.624 2.5e-09 7.5e-09
16.5 7.8 0.622 2.5e-09 7.5e-09
16.6 7.8 0.62 5e-09 1.5e-08
16.7 7.8 0.617 1.25e-08 1.75e-08
16.8 7.8 0.615 7.5e-09 2.25e-08
16.9 7.8 0.613 1e-08 3e-08
17 7.8 0.61 1e-08 1e-08
17.1 7.8 0.608 5e-09 5e-09
17.2 7.8 0.605 1.5e-08 1.5e-08
17.3 7.8 0.603 2.75e-08 3.25e-08
17.4 7.8 0.601 3.25e-08 4.75e-08
17.5 7.8 0.598 3.75e-08 5.25e-08
17.6 7.8 0.596 4.5e-08 6.5e-08
17.7 7.8 0.593 4.25e-08 8.75e-08
17.8 7.8 0.591 5e-08 1e-07
17.9 7.8 0.588 5.5e-08 1.15e-07
18 7.8 0.586 5.75e-08 1.22e-07
18.1 7.8 0.583 6.5e-08 1.45e-07
18.2 7.8 0.58 7.25e-08 1.58e-07
18.3 7.8 0.578 8e-08 1.7e-07
18.4 7.8 0.575 3.25e-08 9.75e-08
18.5 7.8 0.573 3.75e-08 1.02e-07
18.6 7.8 0.57 5e-08 1.1e-07
18.7 7.8 0.567 5.25e-08 1.17e-07
18.8 7.8 0.565 8e-08 1.4e-07
18.9 7.8 0.562 4.15e-07 3.15e-07
19 7.8 0.559 1.2e-07 2.2e-07
19.1 7.8 0.557 1.55e-07 1.95e-07
19.2 7.8 0.554 7.25e-08 8.75e-08
19.3 7.8 0.551 7e-08 1e-07
19.4 7.8 0.549 6.75e-08 1.02e-07
19.5 7.8 0.546 6.25e-08 1.08e-07
19.6 7.8 0.543 6.25e-08 1.08e-07
19.7 7.8 0.54 5.75e-08 1.12e-07
19.8 7.8 0.537 6e-08 1.2e-07
19.9 7.8 0.535 6e-08 1.2e-07
20 7.8 0.532 6.5e-08 1.25e-07
20.1 7.8 0.529 5.5e-08 1.25e-07
20.2 7.8 0.526 6.5e-08 1.35e-07
20.3 7.8 0.523 5.75e-08 1.33e-07
20.4 7.8 0.521 5.75e-08 1.33e-07
20.5 7.8 0.518 6.5e-08 1.35e-07
20.6 7.8 0.515 6e-08 1.4e-07
20.7 7.8 0.512 6e-08 1.4e-07
20.8 7.8 0.509 6e-08 1.4e-07
20.9 7.8 0.506 6.75e-08 1.43e-07
21 7.8 0.504 6.25e-08 1.47e-07
21.1 7.8 0.501 6.25e-08 1.47e-07
21.2 7.8 0.498 6.25e-08 1.47e-07
21.3 7.8 0.495 6.25e-08 1.47e-07
21.4 7.8 0.492 6.25e-08 1.47e-07
21.5 7.8 0.489 7e-08 1.5e-07
21.6 7.8 0.486 6.5e-08 1.55e-07
21.7 7.8 0.483 6.5e-08 1.55e-07
21.8 7.8 0.48 6.25e-08 1.47e-07
21.9 7.8 0.477 6.5e-08 1.55e-07
22 7.8 0.475 6.25e-08 1.47e-07
22.1 7.8 0.472 6.25e-08 1.47e-07
22.2 7.8 0.469 6.25e-08 1.47e-07
22.3 7.8 0.466 6.25e-08 1.47e-07
22.4 7.8 0.463 6.5e-08 1.55e-07
22.5 7.8 0.46 6.25e-08 1.47e-07
22.6 7.8 0.457 6.5e-08 1.55e-07
22.7 7.8 0.454 6e-08 1.5e-07
22.8 7.8 0.451 5.5e-08 1.45e-07
22.9 7.8 0.448 5.75e-08 1.52e-07
23 7.8 0.445 6.25e-08 1.47e-07
23.1 7.8 0.442 6.25e-08 1.47e-07
23.2 7.8 0.439 6.25e-08 1.47e-07
23.3 7.8 0.436 5.5e-08 1.45e-07
23.4 7.8 0.433 6e-08 1.4e-07
23.5 7.8 0.43 6e-08 1.4e-07
23.6 7.8 0.428 5.5e-08 1.45e-07
23.7 7.8 0.425 5.5e-08 1.45e-07
23.8 7.8 0.422 6e-08 1.4e-07
23.9 7.8 0.419 5.75e-08 1.33e-07
24 7.8 0.416 5.25e-08 1.38e-07
24.1 7.8 0.413 5.25e-08 1.38e-07
24.2 7.8 0.41 5e-08 1.3e-07
24.3 7.8 0.407 5.5e-08 1.25e-07
24.4 7.8 0.404 5e-08 1.3e-07
24.5 7.8 0.401 5e-08 1.3e-07
24.6 7.8 0.398 4.75e-08 1.22e-07
24.7 7.8 0.395 4.75e-08 1.22e-07
24.8 7.8 0.393 4.75e-08 1.22e-07
24.9 7.8 0.39 4.75e-08 1.22e-07
25 7.8 0.387 4.5e-08 1.15e-07
25.1 7.8 0.384 4.5e-08 1.15e-07
25.2 7.8 0.381 4.5e-08 1.15e-07
25.3 7.8 0.378 3.75e-08 1.12e-07
25.4 7.8 0.375 3.5e-08 1.05e-07
25.5 7.8 0.372 3.5e-08 1.05e-07
25.6 7.8 0.37 3.5e-08 1.05e-07
25.7 7.8 0.367 4e-08 1e-07
25.8 7.8 0.364 3.75e-08 9.25e-08
25.9 7.8 0.361 3.25e-08 9.75e-08
26 7.8 0.358 3.75e-08 9.25e-08
26.1 7.8 0.355 3e-08 9e-08
26.2 7.8 0.353 2.75e-08 8.25e-08
26.3 7.8 0.35 3.5e-08 8.5e-08
26.4 7.8 0.347 2.75e-08 8.25e-08
26.5 7.8 0.344 2.5e-08 7.5e-08
26.6 7.8 0.342 3e-08 8e-08
26.7 7.8 0.339 3e-08 7e-08
26.8 7.8 0.336 3e-08 7e-08
26.9 7.8 0.333 2.25e-08 6.75e-08
27 7.8 0.331 2.75e-08 6.25e-08
27.1 7.8 0.328 2e-08 6e-08
27.2 7.8 0.325 4.25e-08 6.75e-08
27.3 7.8 0.322 3e-08 5e-08
27.4 7.8 0.32 2.5e-08 5.5e-08
27.5 7.8 0.317 2e-08 5e-08
27.6 7.8 0.314 2e-08 5e-08
27.7 7.8 0.312 2.25e-08 4.75e-08
27.8 7.8 0.309 1.25e-08 3.75e-08
27.9 7.8 0.306 1.25e-08 3.75e-08
28 7.8 0.304 2e-08 4e-08
28.1 7.8 0.301 1e-08 3e-08
28.2 7.8 0.299 1e-08 3e-08
28.3 7.8 0.296 1e-08 3e-08
28.4 7.8 0.293 7.5e-09 2.25e-08
28.5 7.8 0.291 1.25e-08 2.75e-08
28.6 7.8 0.288 7.5e-09 2.25e-08
28.7 7.8 0.286 1.25e-08 1.75e-08
28.8 7.8 0.283 1.25e-08 1.75e-08
28.9 7.8 0.281 1.25e-08 1.75e-08
29 7.8 0.278 1e-08 1e-08
29.1 7.8 0.276 3.25e-08 1.75e-08
29.2 7.8 0.273 1e-08 1e-08
29.3 7.8 0.271 7.5e-09 2.5e-09
29.4 7.8 0.268 0 0
29.5 7.8 0.266 0 0
29.6 7.8 0.263 2.5e-09 7.5e-09
29.7 7.8 0.261 0 0
29.8 7.8 0.259 5e-09 5e-09
29.9 7.8 0.256 1.5e-08 5e-09
30 7.8 0.254 2e-08 1e-08
30.1 7.8 0.251 2.25e-08 7.5e-09
30.2 7.8 0.249 3.5e-08 1.5e-08
30.3 7.8 0.247 1.75e-08 1.25e-08
30.4 7.8 0.244 2.25e-08 7.5e-09
30.5 7.8 0.242 1.75e-08 1.25e-08
30.6 7.8 0.24 2e-08 1e-08
30.7 7.8 0.238 3e-08 1e-08
30.8 7.8 0.235 3e-08 1e-08
30.9 7.8 0.233 2.5e-08 1.5e-08
31 7.8 0.231 3e-08 1e-08
31.1 7.8 0.229 3.25e-08 1.75e-08
31.2 7.8 0.226 3e-08 1e-08
31.3 7.8 0.224 3e-08 1e-08
31.4 7.8 0.222 3.75e-08 1.25e-08
31.5 7.8 0.22 3.25e-08 1.75e-08
31.6 7.8 0.218 3.75e-08 1.25e-08
31.7 7.8 0.216 3.75e-08 1.25e-08
31.8 7.8 0.213 3.75e-08 1.25e-08
31.9 7.8 0.211 3.75e-08 1.25e-08
32 7.8 0.209 4.5e-08 1.5e-08
32.1 7.8 0.207 3.75e-08 1.25e-08
32.2 7.8 0.205 4.5e-08 1.5e-08
32.3 7.8 0.203 4.5e-08 1.5e-08
32.4 7.8 0.201 4.5e-08 1.5e-08
32.5 7.8 0.199 4.5e-08 1.5e-08
32.6 7.8 0.197 4.5e-08 1.5e-08
32.7 7.8 0.195 5.25e-08 1.75e-08
32.8 7.8 0.193 5.25e-08 1.75e-08
32.9 7.8 0.191 5.25e-08 1.75e-08
33 7.8 0.189 5.25e-08 1.75e-08
33.1 7.8 0.187 5.25e-08 1.75e-08
33.2 7.8 0.185 5.25e-08 1.75e-08
33.3 7.8 0.183 5.25e-08 1.75e-08
33.4 7.8 0.182 5.25e-08 1.75e-08
33.5 7.8 0.18 5.25e-08 1.75e-08
33.6 7.8 0.178 5.75e-08 2.25e-08
33.7 7.8 0.176 5.5e-08 2.5e-08
33.8 7.8 0.174 5.75e-08 2.25e-08
33.9 7.8 0.172 6.5e-08 2.5e-08
34 7.8 0.171 5.75e-08 2.25e-08
34.1 7.8 0.169 6.25e-08 2.75e-08
34.2 7.8 0.167 6.25e-08 2.75e-08
34.3 7.8 0.165 7e-08 4e-08
34.4 7.8 0.164 8e-08 5e-08
34.5 7.8 0.162 1.17e-07 1.12e-07
34.6 7.8 0.16 5.28e-07 2.62e-07
34.7 7.8 0.158 2.75e-08 5.25e-08
34.8 7.8 0.157 1.33e-07 4.75e-08
34.9 7.8 0.155 2.07e-07 1.02e-07
35 7.8 0.153 1.93e-07 9.75e-08
35.1 7.8 0.152 1.5e-07 1.1e-07
35.2 7.8 0.15 1.27e-07 1.02e-07
35.3 7.8 0.149 1.08e-07 9.25e-08
35.4 7.8 0.147 9.25e-08 7.75e-08
35.5 7.8 0.145 4.75e-08 2.25e-08
35.6 7.8 0.144 4e-08 2e-08
35.7 7.8 0.142 4.75e-08 2.25e-08
35.8 7.8 0.141 4.75e-08 2.25e-08
35.9 7.8 0.139 4.75e-08 2.25e-08
36 7.8 0.138 4.75e-08 2.25e-08
36.1 7.8 0.136 4.75e-08 2.25e-08
36.2 7.8 0.135 5e-08 2e-08
36.3 7.8 0.133 4.5e-08 1.5e-08
36.4 7.8 0.132 4.5e-08 1.5e-08
36.5 7.8 0.13 4.5e-08 1.5e-08
36.6 7.8 0.129 4.25e-08 1.75e-08
36.7 7.8 0.128 4.75e-08 2.25e-08
36.8 7.8 0.126 4.5e-08 1.5e-08
36.9 7.8 0.125 4e-08 2e-08
37 7.8 0.123 4e-08 2e-08
37.1 7.8 0.122 4.5e-08 1.5e-08
37.2 7.8 0.121 4e-08 2e-08
37.3 7.8 0.119 4.5e-08 1.5e-08
37.4 7.8 0.118 4.5e-08 1.5e-08
37.5 7.8 0.117 4.5e-08 1.5e-08
37.6 7.8 0.115 4.5e-08 1.5e-08
37.7 7.8 0.114 3.75e-08 1.25e-08
37.8 7.8 0.113 3.75e-08 1.25e-08
37.9 7.8 0.112 3.75e-08 1.25e-08
38 7.8 0.11 3.75e-08 1.25e-08
38.1 7.8 0.109 3.75e-08 1.25e-08
38.2 7.8 0.108 3.75e-08 1.25e-08
38.3 7.8 0.107 3.75e-08 1.25e-08
38.4 7.8 0.105 3.25e-08 1.75e-08
38.5 7.8 0.104 3.75e-08 1.25e-08
38.6 7.8 0.103 3.75e-08 1.25e-08
38.7 7.8 0.102 3.75e-08 1.25e-08
38.8 7.8 0.101 3.75e-08 1.25e-08
38.9 7.8 0.0996 3.33e-08 1.17e-08
39 7.8 0.0984 3.3e-08 1.1e-08
39.1 7.8 0.0973 3.18e-08 1.12e-08
39.2 7.8 0.0962 3.15e-08 1.05e-08
39.3 7.8 0.0951 3.08e-08 1.03e-08
39.4 7.8 0.094 3.08e-08 1.03e-08
39.5 7.8 0.0929 3e-08 1e-08
39.6 7.8 0.0918 2.93e-08 9.75e-09
39.7 7.8 0.0908 2.85e-08 9.5e-09
39.8 7.8 0.0897 2.85e-08 9.5e-09
39.9 7.8 0.0887 2.7e-08 9e-09
40 7.8 0.0877 2.65e-08 9.5e-09
40.1 7.8 0.0867 2.63e-08 8.75e-09
40.2 7.8 0.0857 2.55e-08 8.5e-09
40.3 7.8 0.0847 2.5e-08 9e-09
40.4 7.8 0.0837 2.45e-08 8.5e-09
40.5 7.8 0.0827 2.32e-08 7.75e-09
40.6 7.8 0.0818 2.25e-08 7.5e-09
40.7 7.8 0.0808 2.25e-08 7.5e-09
40.8 7.8 0.0799 2.17e-08 7.25e-09
40.9 7.8 0.0789 2.1e-08 7e-09
41 7.8 0.078 2.1e-08 7e-09
41.1 7.8 0.0771 2e-08 7e-09
41.2 7.8 0.0762 1.98e-08 7.25e-09
41.3 7.8 0.0753 1.95e-08 6.5e-09
41.4 7.8 0.0744 1.83e-08 6.75e-09
41.5 7.8 0.0736 1.85e-08 6.5e-09
41.6 7.8 0.0727 1.78e-08 6.25e-09
41.7 7.8 0.0718 1.7e-08 6e-09
41.8 7.8 0.071 1.68e-08 6.25e-09
41.9 7.8 0.0702 1.62e-08 5.75e-09
42 7.8 0.0693 1.6e-08 6e-09
42.1 7.8 0.0685 1.55e-08 5.5e-09
42.2 7.8 0.0677 1.4e-08 5e-09
42.3 7.8 0.0669 1.43e-08 4.75e-09
42.4 7.8 0.0661 1.32e-08 4.75e-09
42.5 7.8 0.0653 1.32e-08 4.75e-09
42.6 7.8 0.0646 1.25e-08 4.5e-09
42.7 7.8 0.0638 1.17e-08 4.25e-09
42.8 7.8 0.063 1.17e-08 4.25e-09
42.9 7.8 0.0623 1.15e-08 4.5e-09
43 7.8 0.0615 1.05e-08 3.5e-09
43.1 7.8 0.0608 1e-08 4e-09
43.2 7.8 0.0601 9.5e-09 3.5e-09
43.3 7.8 0.0594 8.75e-09 3.25e-09
43.4 7.8 0.0587 8.75e-09 3.25e-09
43.5 7.8 0.058 8.75e-09 3.25e-09
43.6 7.8 0.0573 8e-09 3e-09
43.7 7.8 0.0566 8e-09 3e-09
43.8 7.8 0.0559 7.5e-09 2.5e-09
43.9 7.8 0.0552 7.25e-09 2.75e-09
44 7.8 0.0546 6.75e-09 2.25e-09
44.1 7.8 0.0539 6.25e-09 2.75e-09
44.2 7.8 0.0533 5.75e-09 2.25e-09
44.3 7.8 0.0526 5.25e-09 1.75e-09
44.4 7.8 0.052 5.5e-09 2.5e-09
44.5 7.8 0.0514 5e-09 2e-09
44.6 7.8 0.0508 4.25e-09 1.75e-09
44.7 7.8 0.0501 4.25e-09 1.75e-09
44.8 7.8 0.0495 4.25e-09 1.75e-09
44.9 7.8 0.0489 3.5e-09 1.5e-09
45 7.8 0.0484 3.25e-09 1.75e-09
45.1 7.8 0.0478 2.75e-09 1.25e-09
45.2 7.8 0.0472 2.5e-09 1.5e-09
45.3 7.8 0.0466 2.75e-09 1.25e-09
45.4 7.8 0.0461 2.25e-09 1.75e-09
45.5 7.8 0.0455 2.25e-09 1.75e-09
45.6 7.8 0.0449 1.75e-09 1.25e-09
45.7 7.8 0.0444 1.75e-09 2.25e-09
45.8 7.8 0.0439 2.5e-09 4.5e-09
45.9 7.8 0.0433 1.75e-09 1.25e-09
46 7.8 0.0428 5e-10 5e-10
46.1 7.8 0.0423 0 0
46.2 7.8 0.0418 0 0
46.3 7.8 0.0413 7.5e-10 2.5e-10
46.4 7.8 0.0408 0 0
46.5 7.8 0.0403 5e-10 5e-10
46.6 7.8 0.0398 1e-09 1e-09
46.7 7.8 0.0393 2.5e-10 7.5e-10
46.8 7.8 0.0388 1e-09 1e-09
46.9 7.8 0.0383 5e-10 1.5e-09
47 7.8 0.0379 1e-09 1e-09
47.1 7.8 0.0374 5e-10 5e-10
47.2 7.8 0.0369 5e-10 5e-10
47.3 7.8 0.0365 5e-10 5e-10
47.4 7.8 0.036 5e-10 5e-10
47.5 7.8 0.0356 1.5e-09 1.5e-09
47.6 7.8 0.0352 1.25e-09 1.75e-09
47.7 7.8 0.0347 1.25e-09 1.75e-09
47.8 7.8 0.0343 1.75e-09 2.25e-09
47.9 7.8 0.0339 1.75e-09 2.25e-09
48 7.8 0.0335 2e-09 3e-09
48.1 7.8 0.0331 2.5e-09 3.5e-09
48.2 7.8 0.0327 2e-09 4e-09
48.3 7.8 0.0323 2.25e-09 4.75e-09
48.4 7.8 0.0319 2.5e-09 5.5e-09
48.5 7.8 0.0315 2.5e-09 5.5e-09
48.6 7.8 0.0311 3e-09 6e-09
48.7 7.8 0.0307 2.5e-09 5.5e-09
48.8 7.8 0.0303 2.75e-09 6.25e-09
48.9 7.8 0.0299 3.25e-09 6.75e-09
49 7.8 0.0296 3.25e-09 6.75e-09
49.1 7.8 0.0292 3e-09 7e-09
49.2 7.8 0.0288 3e-09 7e-09
49.3 7.8 0.0285 3.5e-09 7.5e-09
49.4 7.8 0.0281 3.75e-09 8.25e-09
49.5 7.8 0.0278 3.75e-09 8.25e-09
49.6 7.8 0.0274 3.75e-09 8.25e-09
49.7 7.8 0.0271 3.5e-09 8.5e-09
49.8 7.8 0.0268 1.5e-09 4.5e-09
49.9 7.8 0.0264 1.75e-09 5.25e-09
50 7.8 0.0261 1.5e-09 4.5e-09
50.1 7.8 0.0258 1.75e-09 5.25e-09
50.2 7.8 0.0255 2.25e-09 4.75e-09
50.3 7.8 0.0252 1.5e-09 4.5e-09
50.4 7.8 0.0248 1.5e-09 4.5e-09
50.5 7.8 0.0245 2.25e-09 4.75e-09
50.6 7.8 0.0242 1.75e-09 5.25e-09
50.7 7.8 0.0239 1.5e-09 4.5e-09
50.8 7.8 0.0236 1.75e-09 5.25e-09
50.9 7.8 0.0233 1.75e-09 5.25e-09
51 7.8 0.023 1.75e-09 5.25e-09
51.1 7.8 0.0228 2.25e-09 4.75e-09
51.2 7.8 0.0225 1.75e-09 5.25e-09
51.3 7.8 0.0222 1.75e-09 5.25e-09
51.4 7.8 0.0219 1.75e-09 5.25e-09
51.5 7.8 0.0217 1.75e-09 5.25e-09
51.6 7.8 0.0214 1.75e-09 5.25e-09
51.7 7.8 0.0211 1.75e-09 5.25e-09
51.8 7.8 0.0209 1.75e-09 5.25e-09
51.9 7.8 0.0206 1.75e-09 5.25e-09
52 7.8 0.0203 1.75e-09 5.25e-09
52.1 7.8 0.0201 2.25e-09 4.75e-09
52.2 7.8 0.0198 1.75e-09 5.25e-09
52.3 7.8 0.0196 1.75e-09 5.25e-09
52.4 7.8 0.0193 1.75e-09 5.25e-09
52.5 7.8 0.0191 2e-09 5e-09
52.6 7.8 0.0189 2.25e-09 4.75e-09
52.7 7.8 0.0186 1.75e-09 5.25e-09
52.8 7.8 0.0184 1.75e-09 5.25e-09
52.9 7.8 0.0182 1.75e-09 5.25e-09
53 7.8 0.0179 1.75e-09 5.25e-09
53.1 7.8 0.0177 1.75e-09 5.25e-09
53.2 7.8 0.0175 2e-09 5e-09
53.3 7.8 0.0173 1.75e-09 5.25e-09
53.4 7.8 0.0171 1.75e-09 5.25e-09
53.5 7.8 0.0168 1.75e-09 5.25e-09
53.6 7.8 0.0166 1.75e-09 5.25e-09
53.7 7.8 0.0164 1.75e-09 5.25e-09
53.8 7.8 0.0162 1.75e-09 5.25e-09
53.9 7.8 0.016 1.75e-09 5.25e-09
54 7.8 0.0158 1.5e-09 4.5e-09
54.1 7.8 0.0156 1.75e-09 5.25e-09
54.2 7.8 0.0154 1.75e-09 5.25e-09
54.3 7.8 0.0152 1.75e-09 5.25e-09
54.4 7.8 0.015 1.75e-09 5.25e-09
54.5 7.8 0.0148 1.75e-09 5.25e-09
54.6 7.8 0.0147 1.75e-09 5.25e-09
54.7 7.8 0.0145 1.75e-09 5.25e-09
54.8 7.8 0.0143 1.5e-09 4.5e-09
54.9 7.8 0.0141 1.75e-09 5.25e-09
55 7.8 0.0139 1.75e-09 5.25e-09
55.1 7.8 0.0138 1.75e-09 5.25e-09
55.2 7.8 0.0136 1.5e-09 4.5e-09
55.3 7.8 0.0134 1.5e-09 4.5e-09
55.4 7.8 0.0133 1.5e-09 4.5e-09
55.5 7.8 0.0131 1.75e-09 5.25e-09
55.6 7.8 0.0129 1.75e-09 5.25e-09
55.7 7.8 0.0128 1.75e-09 5.25e-09
55.8 7.8 0.0126 1.75e-09 5.25e-09
55.9 7.8 0.0124 1.75e-09 5.25e-09
56 7.8 0.0123 1.5e-09 4.5e-09
56.1 7.8 0.0121 1.5e-09 4.5e-09
56.2 7.8 0.012 1.5e-09 4.5e-09
56.3 7.8 0.0118 1.5e-09 4.5e-09
56.4 7.8 0.0117 1.5e-09 4.5e-09
56.5 7.8 0.0115 1.75e-09 5.25e-09
56.6 7.8 0.0114 1.5e-09 4.5e-09
56.7 7.8 0.0112 1.5e-09 4.5e-09
56.8 7.8 0.0111 1.5e-09 4.5e-09
56.9 7.8 0.011 1.5e-09 4.5e-09
57 7.8 0.0108 1.5e-09 4.5e-09
57.1 7.8 0.0107 1.5e-09 4.5e-09
57.2 7.8 0.0106 1.25e-09 3.75e-09
57.3 7.8 0.0104 1.5e-09 4.5e-09
57.4 7.8 0.0103 1.5e-09 4.5e-09
57.5 7.8 0.0102 1.5e-09 4.5e-09
57.6 7.8 0.01 1.5e-09 4.5e-09
57.7 7.8 0.00991 1.37e-09 4.12e-09
57.8 7.8 0.00978 1.42e-09 4.18e-09
57.9 7.8 0.00966 1.42e-09 4.18e-09
58 7.8 0.00954 1.37e-09 4.12e-09
58.1 7.8 0.00942 1.4e-09 4.1e-09
58.2 7.8 0.0093 1.42e-09 4.08e-09
58.3 7.8 0.00918 1.37e-09 4.02e-09
58.4 7.8 0.00906 1.33e-09 3.98e-09
58.5 7.8 0.00895 1.35e-09 3.95e-09
58.6 7.8 0.00884 1.35e-09 3.95e-09
58.7 7.8 0.00872 1.33e-09 3.87e-09
58.8 7.8 0.00861 1.28e-09 3.83e-09
58.9 7.8 0.00851 1.28e-09 3.83e-09
59 7.8 0.0084 1.25e-09 3.75e-09
59.1 7.8 0.00829 1.25e-09 3.75e-09
59.2 7.8 0.00819 1.28e-09 3.72e-09
59.3 7.8 0.00808 1.23e-09 3.67e-09
59.4 7.8 0.00798 1.25e-09 3.65e-09
59.5 7.8 0.00788 1.23e-09 3.58e-09
59.6 7.8 0.00778 1.2e-09 3.6e-09
59.7 7.8 0.00768 1.17e-09 3.53e-09
59.8 7.8 0.00759 1.17e-09 3.53e-09
59.9 7.8 0.00749 1.23e-09 3.48e-09
60 7.8 0.0074 1.15e-09 3.45e-09
60.1 7.8 0.0073 1.17e-09 3.43e-09
60.2 7.8 0.00721 1.17e-09 3.43e-09
60.3 7.8 0.00712 1.12e-09 3.38e-09
60.4 7.8 0.00703 1.15e-09 3.35e-09
60.5 7.8 0.00694 1.12e-09 3.27e-09
60.6 7.8 0.00685 1.1e-09 3.3e-09
60.7 7.8 0.00677 1.12e-09 3.27e-09
60.8 7.8 0.00668 1.07e-09 3.22e-09
60.9 7.8 0.0066 1.1e-09 3.2e-09
61 7.8 0.00651 1.07e-09 3.12e-09
61.1 7.8 0.00643 1.03e-09 3.07e-09
61.2 7.8 0.00635 1.07e-09 3.03e-09
61.3 7.8 0.00627 1.07e-09 3.03e-09
61.4 7.8 0.00619 1.05e-09 2.95e-09
61.5 7.8 0.00611 1.05e-09 2.95e-09
61.6 7.8 0.00603 1e-09 2.9e-09
61.7 7.8 0.00596 1.03e-09 2.88e-09
61.8 7.8 0.00588 1.03e-09 2.88e-09
61.9 7.8 0.00581 9.5e-10 2.85e-09
62 7.8 0.00573 9.75e-10 2.83e-09
62.1 7.8 0.00566 9.25e-10 2.78e-09
62.2 7.8 0.00559 9.5e-10 2.75e-09
62.3 7.8 0.00552 9.25e-10 2.78e-09
62.4 7.8 0.00545 1e-09 2.7e-09
62.5 7.8 0.00538 9.5e-10 2.65e-09
62.6 7.8 0.00531 9e-10 2.7e-09
62.7 7.8 0.00524 8.75e-10 2.62e-09
62.8 7.8 0.00518 9.5e-10 2.65e-09
62.9 7.8 0.00511 9.25e-10 2.57e-09
63 7.8 0.00505 9.25e-10 2.57e-09
63.1 7.8 0.00498 1e-09 2.6e-09
63.2 7.8 0.00492 8.75e-10 2.52e-09
63.3 7.8 0.00486 9e-10 2.5e-09
63.4 7.8 0.0048 8.5e-10 2.45e-09
63.5 7.8 0.00474 8.25e-10 2.47e-09
63.6 7.8 0.00468 8.75e-10 2.42e-09
63.7 7.8 0.00462 8e-10 2.4e-09
63.8 7.8 0.00456 8.25e-10 2.38e-09
63.9 7.8 0.0045 8e-10 2.3e-09
64 7.8 0.00444 7.75e-10 2.33e-09
64.1 7.8 0.00439 7.75e-10 2.33e-09
64.2 7.8 0.00433 7.5e-10 2.25e-09
64.3 7.8 0.00428 7.75e-10 2.23e-09
64.4 7.8 0.00422 7.75e-10 2.23e-09
64.5 7.8 0.00417 7.5e-10 2.15e-09
64.6 7.8 0.00412 7.75e-10 2.23e-09
64.7 7.8 0.00406 7.5e-10 2.15e-09
64.8 7.8 0.00401 7e-10 2.1e-09
64.9 7.8 0.00396 7.25e-10 2.07e-09
65 7.8 0.00391 7.25e-10 2.07e-09
65.1 7.8 0.00386 7e-10 2.1e-09
65.2 7.8 0.00381 7.25e-10 2.07e-09
65.3 7.8 0.00376 6.75e-10 2.02e-09
65.4 7.8 0.00372 7e-10 2e-09
65.5 7.8 0.00367 6.5e-10 1.95e-09
65.6 7.8 0.00362 6.75e-10 1.92e-09
65.7 7.8 0.00358 6.5e-10 1.95e-09
65.8 7.8 0.00353 6.25e-10 1.87e-09
65.9 7.8 0.00349 6.5e-10 1.85e-09
66 7.8 0.00344 6.5e-10 1.85e-09
66.1 7.8 0.0034 6.5e-10 1.85e-09
66.2 7.8 0.00336 6e-10 1.8e-09
66.3 7.8 0.00331 6e-10 1.8e-09
66.4 7.8 0.00327 6.25e-10 1.77e-09
66.5 7.8 0.00323 6.25e-10 1.77e-09
66.6 7.8 0.00319 6.25e-10 1.77e-09
66.7 7.8 0.00315 5.5e-10 1.65e-09
66.8 7.8 0.00311 5.5e-10 1.65e-09
66.9 7.8 0.00307 6e-10 1.7e-09
67 7.8 0.00303 5.75e-10 1.63e-09
67.1 7.8 0.00299 5.5e-10 1.65e-09
67.2 7.8 0.00295 5.75e-10 1.63e-09
67.3 7.8 0.00292 5.5e-10 1.65e-09
67.4 7.8 0.00288 5.5e-10 1.55e-09
67.5 7.8 0.00284 5.75e-10 1.63e-09
67.6 7.8 0.00281 5.25e-10 1.58e-09
67.7 7.8 0.00277 5.5e-10 1.55e-09
67.8 7.8 0.00273 5.25e-10 1.47e-09
67.9 7.8 0.0027 5e-10 1.5e-09
68 7.8 0.00267 4.75e-10 1.42e-09
68.1 7.8 0.00263 5.25e-10 1.47e-09
68.2 7.8 0.0026 5.25e-10 1.47e-09
68.3 7.8 0.00257 4.75e-10 1.42e-09
68.4 7.8 0.00253 4.75e-10 1.42e-09
68.5 7.8 0.0025 4.75e-10 1.42e-09
68.6 7.8 0.00247 5e-10 1.4e-09
68.7 7.8 0.00244 4.5e-10 1.35e-09
68.8 7.8 0.00241 5e-10 1.4e-09
68.9 7.8 0.00238 4.75e-10 1.33e-09
69 7.8 0.00235 4.75e-10 1.33e-09
69.1 7.8 0.00232 4.75e-10 1.33e-09
69.2 7.8 0.00229 4.25e-10 1.28e-09
69.3 7.8 0.00226 4.5e-10 1.25e-09
69.4 7.8 0.00223 4e-10 1.2e-09
69.5 7.8 0.0022 4.25e-10 1.28e-09
69.6 7.8 0.00217 4.25e-10 1.28e-09
69.7 7.8 0.00214 4e-10 1.2e-09
69.8 7.8 0.00212 4e-10 1.2e-09
69.9 7.8 0.00209 4e-10 1.2e-09
70 7.8 0.00206 4.25e-10 1.17e-09
70.1 7.8 0.00204 3.75e-10 1.12e-09
70.2 7.8 0.00201 3.75e-10 1.12e-09
70.3 7.8 0.00199 3.75e-10 1.12e-09
70.4 7.8 0.00196 4e-10 1.1e-09
70.5 7.8 0.00194 3.5e-10 1.05e-09
70.6 7.8 0.00191 4e-10 1.1e-09
70.7 7.8 0.00189 4e-10 1.1e-09
70.8 7.8 0.00186 3.75e-10 1.03e-09
70.9 7.8 0.00184 3.5e-10 1.05e-09
71 7.8 0.00182 3.5e-10 1.05e-09
71.1 7.8 0.00179 3.5e-10 1.05e-09
71.2 7.8 0.00177 3.5e-10 1.05e-09
71.3 7.8 0.00175 3.25e-10 9.75e-10
71.4 7.8 0.00173 3.25e-10 9.75e-10
71.5 7.8 0.0017 3.75e-10 1.03e-09
71.6 7.8 0.00168 3.25e-10 9.75e-10
71.7 7.8 0.00166 3.5e-10 9.5e-10
71.8 7.8 0.00164 3e-10 9e-10
71.9 7.8 0.00162 3.5e-10 9.5e-10
72 7.8 0.0016 3e-10 9e-10
72.1 7.8 0.00158 3e-10 9e-10
72.2 7.8 0.00156 2.75e-10 8.25e-10
72.3 7.8 0.00154 3e-10 9e-10
72.4 7.8 0.00152 3.25e-10 8.75e-10
72.5 7.8 0.0015 3.25e-10 8.75e-10
72.6 7.8 0.00148 3.25e-10 8.75e-10
72.7 7.8 0.00146 2.75e-10 8.25e-10
72.8 7.8 0.00144 2.75e-10 8.25e-10
72.9 7.8 0.00142 2.75e-10 8.25e-10
73 7.8 0.00141 3e-10 8e-10
73.1 7.8 0.00139 2.5e-10 7.5e-10
73.2 7.8 0.00137 3e-10 8e-10
73.3 7.8 0.00135 3e-10 8e-10
73.4 7.8 0.00134 2.75e-10 8.25e-10
73.5 7.8 0.00132 2.5e-10 7.5e-10
73.6 7.8 0.0013 2.5e-10 7.5e-10
73.7 7.8 0.00129 2.5e-10 7.5e-10
73.8 7.8 0.00127 2.25e-10 6.75e-10
73.9 7.8 0.00125 2.75e-10 7.25e-10
74 7.8 0.00124 2.5e-10 7.5e-10
74.1 7.8 0.00122 2.75e-10 7.25e-10
74.2 7.8 0.00121 2.5e-10 7.5e-10
74.3 7.8 0.00119 2.25e-10 6.75e-10
74.4 7.8 0.00118 2.25e-10 6.75e-10
74.5 7.8 0.00116 2.25e-10 6.75e-10
74.6 7.8 0.00115 2.25e-10 6.75e-10
74.7 7.8 0.00113 2e-10 6e-10
74.8 7.8 0.00112 2.25e-10 6.75e-10
74.9 7.8 0.0011 2.25e-10 6.75e-10
75 7.8 0.00109 2.25e-10 6.75e-10
75.1 7.8 0.00107 2.25e-10 6.75e-10
75.2 7.8 0.00106 2e-10 6e-10
75.3 7.8 0.00105 2.5e-10 6.5e-10
75.4 7.8 0.00103 2e-10 6e-10
75.5 7.8 0.00102 2e-10 6e-10
75.6 7.8 0.00101 2e-10 6e-10
75.7 7.8 0.000995 1.97e-10 5.83e-10
75.8 7.8 0.000982 2e-10 5.8e-10
75.9 7.8 0.00097 1.97e-10 5.73e-10
76 7.8 0.000958 1.9e-10 5.6e-10
76.1 7.8 0.000945 1.93e-10 5.57e-10
76.2 7.8 0.000933 1.85e-10 5.45e-10
76.3 7.8 0.000921 1.85e-10 5.45e-10
76.4 7.8 0.00091 1.82e-10 5.37e-10
76.5 7.8 0.000898 1.82e-10 5.27e-10
76.6 7.8 0.000887 1.8e-10 5.2e-10
76.7 7.8 0.000875 1.72e-10 5.07e-10
76.8 7.8 0.000864 1.78e-10 5.13e-10
76.9 7.8 0.000853 1.75e-10 5.05e-10
77 7.8 0.000842 1.67e-10 4.93e-10
77.1 7.8 0.000832 1.65e-10 4.85e-10
77.2 7.8 0.000821 1.65e-10 4.85e-10
77.3 7.8 0.000811 1.63e-10 4.77e-10
77.4 7.8 0.0008 1.6e-10 4.7e-10
77.5 7.8 0.00079 1.63e-10 4.67e-10
77.6 7.8 0.00078 1.55e-10 4.55e-10
77.7 7.8 0.00077 1.55e-10 4.55e-10
77.8 7.8 0.00076 1.52e-10 4.48e-10
77.9 7.8 0.000751 1.52e-10 4.48e-10
78 7.8 0.000741 1.52e-10 4.37e-10
78.1 7.8 0.000732 1.48e-10 4.33e-10
78.2 7.8 0.000722 1.45e-10 4.25e-10
78.3 7.8 0.000713 1.45e-10 4.25e-10
78.4 7.8 0.000704 1.42e-10 4.18e-10
78.5 7.8 0.000695 1.4e-10 4.1e-10
78.6 7.8 0.000686 1.4e-10 4.1e-10
78.7 7.8 0.000678 1.37e-10 4.03e-10
78.8 7.8 0.000669 1.4e-10 4e-10
78.9 7.8 0.00066 1.33e-10 3.88e-10
79 7.8 0.000652 1.35e-10 3.85e-10
79.1 7.8 0.000644 1.3e-10 3.8e-10
79.2 7.8 0.000636 1.3e-10 3.8e-10
79.3 7.8 0.000627 1.27e-10 3.73e-10
79.4 7.8 0.000619 1.25e-10 3.65e-10
79.5 7.8 0.000612 1.25e-10 3.65e-10
79.6 7.8 0.000604 1.22e-10 3.58e-10
79.7 7.8 0.000596 1.2e-10 3.5e-10
79.8 7.8 0.000589 1.2e-10 3.5e-10
79.9 7.8 0.000581 1.18e-10 3.43e-10
80 7.8 0.000574 1.15e-10 3.35e-10
80.1 7.8 0.000566 1.15e-10 3.35e-10
80.2 7.8 0.000559 1.12e-10 3.28e-10
80.3 7.8 0.000552 1.1e-10 3.3e-10
80.4 7.8 0.000545 1.12e-10 3.28e-10
80.5 7.8 0.000538 1.1e-10 3.2e-10
80.6 7.8 0.000531 1.1e-10 3.2e-10
80.7 7.8 0.000524 1.08e-10 3.13e-10
80.8 7.8 0.000518 1.05e-10 3.05e-10
80.9 7.8 0.000511 1.05e-10 3.05e-10
81 7.8 0.000505 1.02e-10 2.98e-10
81.1 7.8 0.000498 1.02e-10 2.98e-10
81.3 7.8 0.000486 1e-10 2.9e-10
