-25 9.2 0.12 1.5e-08 5e-09
-24.9 9.2 0.121 1.5e-08 5e-09
-24.8 9.2 0.122 1.5e-08 5e-09
-24.7 9.2 0.123 1.5e-08 5e-09
-24.6 9.2 0.124 1.5e-08 5e-09
-24.5 9.2 0.125 1.5e-08 5e-09
-24.4 9.2 0.127 1.75e-08 1.25e-08
-24.3 9.2 0.128 1.5e-08 5e-09
-24.2 9.2 0.129 1.5e-08 5e-09
-24.1 9.2 0.13 2.25e-08 7.5e-09
-24 9.2 0.131 1.5e-08 5e-09
-23.9 9.2 0.133 1.5e-08 5e-09
-23.8 9.2 0.134 1.5e-08 5e-09
-23.7 9.2 0.135 2.25e-08 7.5e-09
-23.6 9.2 0.136 2.25e-08 7.5e-09
-23.5 9.2 0.138 1.75e-08 1.25e-08
-23.4 9.2 0.139 2.25e-08 7.5e-09
-23.3 9.2 0.14 2.25e-08 7.5e-09
-23.2 9.2 0.142 2.25e-08 7.5e-09
-23.1 9.2 0.143 1.5e-08 5e-09
-23 9.2 0.144 2.25e-08 7.5e-09
-22.9 9.2 0.145 1.75e-08 1.25e-08
-22.8 9.2 0.147 1.75e-08 1.25e-08
-22.7 9.2 0.148 1.75e-08 1.25e-08
-22.6 9.2 0.15 3.75e-08 3.25e-08
-22.5 9.2 0.151 3.75e-08 3.25e-08
-22.4 9.2 0.152 5.25e-08 3.75e-08
-22.3 9.2 0.154 6.5e-08 4.5e-08
-22.2 9.2 0.155 7.5e-08 3.5e-08
-22.1 9.2 0.156 4.5e-08 1.5e-08
-22 9.2 0.158 1e-08 2e-08
-21.9 9.2 0.159 2.4e-07 5e-07
-21.8 9.2 0.161 4e-08 3e-08
-21.7 9.2 0.162 3.25e-08 1.75e-08
-21.6 9.2 0.164 2.75e-08 1.25e-08
-21.5 9.2 0.165 2.25e-08 7.5e-09
-21.4 9.2 0.167 2e-08 1e-08
-21.3 9.2 0.168 2e-08 1e-08
-21.2 9.2 0.17 2.75e-08 1.25e-08
-21.1 9.2 0.171 2.25e-08 7.5e-09
-21 9.2 0.173 2.25e-08 7.5e-09
-20.9 9.2 0.174 2.25e-08 7.5e-09
-20.8 9.2 0.176 2.25e-08 7.5e-09
-20.7 9.2 0.177 2.25e-08 7.5e-09
-20.6 9.2 0.179 2.25e-08 7.5e-09
-20.5 9.2 0.181 1.5e-08 5e-09
-20.4 9.2 0.182 1.5e-08 5e-09
-20.3 9.2 0.184 2.25e-08 7.5e-09
-20.2 9.2 0.185 2.25e-08 7.5e-09
-20.1 9.2 0.187 2.25e-08 7.5e-09
-20 9.2 0.189 2.25e-08 7.5e-09
-19.9 9.2 0.19 2.25e-08 7.5e-09
-19.8 9.2 0.192 1.5e-08 5e-09
-19.7 9.2 0.194 1.5e-08 5e-09
-19.6 9.2 0.195 2.25e-08 7.5e-09
-19.5 9.2 0.197 1.5e-08 5e-09
-19.4 9.2 0.199 2.25e-08 7.5e-09
-19.3 9.2 0.2 1.5e-08 5e-09
-19.2 9.2 0.202 1.5e-08 5e-09
-19.1 9.2 0.204 1.5e-08 5e-09
-19 9.2 0.206 1.5e-08 5e-09
-18.9 9.2 0.207 2.25e-08 7.5e-09
-18.8 9.2 0.209 1.5e-08 5e-09
-18.7 9.2 0.211 1.5e-08 5e-09
-18.6 9.2 0.213 1.5e-08 5e-09
-18.5 9.2 0.214 1.5e-08 5e-09
-18.4 9.2 0.216 1.5e-08 5e-09
-18.3 9.2 0.218 1.5e-08 5e-09
-18.2 9.2 0.22 1.5e-08 5e-09
-18.1 9.2 0.222 1.5e-08 5e-09
-18 9.2 0.224 1.5e-08 5e-09
-17.9 9.2 0.225 1.5e-08 5e-09
-17.8 9.2 0.227 1.5e-08 5e-09
-17.7 9.2 0.229 7.5e-09 2.5e-09
-17.6 9.2 0.231 1.5e-08 5e-09
-17.5 9.2 0.233 1.5e-08 5e-09
-17.4 9.2 0.235 7.5e-09 2.5e-09
-17.3 9.2 0.237 7.5e-09 2.5e-09
-17.2 9.2 0.239 7.5e-09 2.5e-09
-17.1 9.2 0.241 7.5e-09 2.5e-09
-17 9.2 0.243 7.5e-09 2.5e-09
-16.9 9.2 0.244 7.5e-09 2.5e-09
-16.8 9.2 0.246 2.5e-09 7.5e-09
-16.7 9.2 0.248 1.5e-08 5e-09
-16.6 9.2 0.25 1.5e-08 5e-09
-16.5 9.2 0.252 7.5e-09 2.5e-09
-16.4 9.2 0.254 1.25e-08 7.5e-09
-16.3 9.2 0.256 7.5e-09 2.5e-09
-16.2 9.2 0.258 0 0
-16.1 9.2 0.261 0 0
-16 9.2 0.263 0 0
-15.9 9.2 0.265 0 0
-15.8 9.2 0.267 0 0
-15.7 9.2 0.269 0 0
-15.6 9.2 0.271 0 0
-15.5 9.2 0.273 7.5e-09 2.5e-09
-15.4 9.2 0.275 5e-09 5e-09
-15.3 9.2 0.277 2.5e-09 7.5e-09
-15.2 9.2 0.279 5e-09 5e-09
-15.1 9.2 0.281 2.5e-09 7.5e-09
-15 9.2 0.284 7.5e-09 2.5e-09
-14.9 9.2 0.286 2.5e-09 7.5e-09
-14.8 9.2 0.288 2.5e-09 7.5e-09
-14.7 9.2 0.29 2.5e-09 7.5e-09
-14.6 9.2 0.292 2.5e-09 7.5e-09
-14.5 9.2 0.294 7.5e-09 1.25e-08
-14.4 9.2 0.297 2.5e-09 7.5e-09
-14.3 9.2 0.299 2.5e-09 7.5e-09
-14.2 9.2 0.301 2.5e-09 7.5e-09
-14.1 9.2 0.303 5e-09 1.5e-08
-14 9.2 0.305 5e-09 1.5e-08
-13.9 9.2 0.308 7.5e-09 2.25e-08
-13.8 9.2 0.31 5e-09 1.5e-08
-13.7 9.2 0.312 5e-09 1.5e-08
-13.6 9.2 0.314 5e-09 1.5e-08
-13.5 9.2 0.317 1e-08 2e-08
-13.4 9.2 0.319 7.5e-09 2.25e-08
-13.3 9.2 0.321 4.5e-08 3.5e-08
-13.2 9.2 0.324 1e-08 2e-08
-13.1 9.2 0.326 7.5e-09 2.25e-08
-13 9.2 0.328 1e-08 3e-08
-12.9 9.2 0.33 1e-08 3e-08
-12.8 9.2 0.333 1e-08 3e-08
-12.7 9.2 0.335 1e-08 3e-08
-12.6 9.2 0.337 1e-08 3e-08
-12.5 9.2 0.34 1e-08 3e-08
-12.4 9.2 0.342 1e-08 3e-08
-12.3 9.2 0.344 1.25e-08 3.75e-08
-12.2 9.2 0.347 1e-08 3e-08
-12.1 9.2 0.349 1e-08 3e-08
-12 9.2 0.352 1.25e-08 3.75e-08
-11.9 9.2 0.354 1.25e-08 3.75e-08
-11.8 9.2 0.356 1.75e-08 3.25e-08
-11.7 9.2 0.359 1.25e-08 3.75e-08
-11.6 9.2 0.361 1.25e-08 3.75e-08
-11.5 9.2 0.363 2e-08 4e-08
-11.4 9.2 0.366 1.25e-08 3.75e-08
-11.3 9.2 0.368 1.5e-08 4.5e-08
-11.2 9.2 0.371 2e-08 4e-08
-11.1 9.2 0.373 1.5e-08 4.5e-08
-11 9.2 0.376 1.25e-08 3.75e-08
-10.9 9.2 0.378 2e-08 4e-08
-10.8 9.2 0.38 1.5e-08 4.5e-08
-10.7 9.2 0.383 1.5e-08 4.5e-08
-10.6 9.2 0.385 1.5e-08 4.5e-08
-10.5 9.2 0.388 1.5e-08 4.5e-08
-10.4 9.2 0.39 1.5e-08 4.5e-08
-10.3 9.2 0.393 2.25e-08 4.75e-08
-10.2 9.2 0.395 1.5e-08 4.5e-08
-10.1 9.2 0.397 1.75e-08 5.25e-08
-10 9.2 0.4 1.75e-08 5.25e-08
-9.9 9.2 0.402 1.75e-08 5.25e-08
-9.8 9.2 0.405 1.75e-08 5.25e-08
-9.7 9.2 0.407 1.75e-08 5.25e-08
-9.6 9.2 0.41 1.75e-08 5.25e-08
-9.5 9.2 0.412 1.75e-08 5.25e-08
-9.4 9.2 0.415 2.5e-08 5.5e-08
-9.3 9.2 0.417 1.75e-08 5.25e-08
-9.2 9.2 0.42 2e-08 6e-08
-9.1 9.2 0.422 2.5e-08 5.5e-08
-9 9.2 0.425 2.5e-08 5.5e-08
-8.9 9.2 0.427 2e-08 6e-08
-8.8 9.2 0.429 2e-08 6e-08
-8.7 9.2 0.432 2.5e-08 5.5e-08
-8.6 9.2 0.434 2.5e-08 5.5e-08
-8.5 9.2 0.437 2e-08 6e-08
-8.4 9.2 0.439 2e-08 6e-08
-8.3 9.2 0.442 2.5e-08 5.5e-08
-8.2 9.2 0.444 2e-08 6e-08
-8.1 9.2 0.447 2.75e-08 6.25e-08
-8 9.2 0.449 2.75e-08 6.25e-08
-7.9 9.2 0.452 2.5e-08 5.5e-08
-7.8 9.2 0.454 2e-08 6e-08
-7.7 9.2 0.457 2.5e-08 5.5e-08
-7.6 9.2 0.459 2.75e-08 6.25e-08
-7.5 9.2 0.462 2e-08 6e-08
-7.4 9.2 0.464 2.5e-08 5.5e-08
-7.3 9.2 0.466 2e-08 6e-08
-7.2 9.2 0.469 2e-08 6e-08
-7.1 9.2 0.471 2.75e-08 6.25e-08
-7 9.2 0.474 2e-08 6e-08
-6.9 9.2 0.476 2.75e-08 6.25e-08
-6.8 9.2 0.479 2.5e-08 5.5e-08
-6.7 9.2 0.481 2.5e-08 5.5e-08
-6.6 9.2 0.484 2e-08 6e-08
-6.5 9.2 0.486 2e-08 6e-08
-6.4 9.2 0.488 2.75e-08 6.25e-08
-6.3 9.2 0.491 2.5e-08 5.5e-08
-6.2 9.2 0.493 2.5e-08 5.5e-08
-6.1 9.2 0.496 2e-08 6e-08
-6 9.2 0.498 2.5e-08 5.5e-08
-5.9 9.2 0.5 2.5e-08 5.5e-08
-5.8 9.2 0.503 2.5e-08 5.5e-08
-5.7 9.2 0.505 2.5e-08 5.5e-08
-5.6 9.2 0.508 2.5e-08 5.5e-08
-5.5 9.2 0.51 1.75e-08 5.25e-08
-5.4 9.2 0.512 2.5e-08 5.5e-08
-5.3 9.2 0.515 2.5e-08 5.5e-08
-5.2 9.2 0.517 2.25e-08 4.75e-08
-5.1 9.2 0.519 1.75e-08 5.25e-08
-5 9.2 0.522 2.25e-08 4.75e-08
-4.9 9.2 0.524 2.25e-08 4.75e-08
-4.8 9.2 0.526 2.25e-08 4.75e-08
-4.7 9.2 0.529 2.25e-08 4.75e-08
-4.6 9.2 0.531 2.25e-08 4.75e-08
-4.5 9.2 0.533 2.25e-08 4.75e-08
-4.4 9.2 0.536 2.25e-08 4.75e-08
-4.3 9.2 0.538 2.75e-08 4.25e-08
-4.2 9.2 0.54 2.5e-08 3.5e-08
-4.1 9.2 0.542 6.25e-08 7.75e-08
-4 9.2 0.545 6.75e-08 9.25e-08
-3.9 9.2 0.547 5.53e-07 7.77e-07
-3.8 9.2 0.549 3.75e-08 6.25e-08
-3.7 9.2 0.551 2e-08 5e-08
-3.6 9.2 0.554 1.75e-08 4.25e-08
-3.5 9.2 0.556 1.75e-08 4.25e-08
-3.4 9.2 0.558 1.75e-08 4.25e-08
-3.3 9.2 0.56 1.25e-08 3.75e-08
-3.2 9.2 0.562 1.25e-08 3.75e-08
-3.1 9.2 0.565 1.25e-08 3.75e-08
-3 9.2 0.567 1e-08 3e-08
-2.9 9.2 0.569 2.75e-08 6.25e-08
-2.8 9.2 0.571 2.5e-08 5.5e-08
-2.7 9.2 0.573 2.25e-08 4.75e-08
-2.6 9.2 0.575 1.75e-08 4.25e-08
-2.5 9.2 0.577 1.75e-08 4.25e-08
-2.4 9.2 0.579 1.75e-08 3.25e-08
-2.3 9.2 0.582 1.75e-08 3.25e-08
-2.2 9.2 0.584 1.75e-08 2.25e-08
-2.1 9.2 0.586 1.25e-08 1.75e-08
-2 9.2 0.588 1.25e-08 1.75e-08
-1.9 9.2 0.59 5e-09 5e-09
-1.8 9.2 0.592 5e-09 5e-09
-1.7 9.2 0.594 0 0
-1.6 9.2 0.596 2.5e-09 7.5e-09
-1.5 9.2 0.598 2.5e-09 7.5e-09
-1.4 9.2 0.6 2.5e-09 7.5e-09
-1.3 9.2 0.601 0 0
-1.2 9.2 0.603 0 0
-1.1 9.2 0.605 2.5e-09 7.5e-09
-1 9.2 0.607 0 0
-0.9 9.2 0.609 0 0
-0.8 9.2 0.611 0 0
-0.7 9.2 0.613 7.5e-09 2.5e-09
-0.6 9.2 0.615 7.5e-09 2.5e-09
-0.5 9.2 0.616 7.5e-09 2.5e-09
-0.4 9.2 0.618 7.5e-09 2.5e-09
-0.3 9.2 0.62 1.5e-08 5e-09
-0.2 9.2 0.622 1.5e-08 5e-09
-0.1 9.2 0.623 1.5e-08 5e-09
1.24e-14 9.2 0.625 1.5e-08 5e-09
0.1 9.2 0.627 2.25e-08 7.5e-09
0.2 9.2 0.629 1.5e-08 5e-09
0.3 9.2 0.63 2.25e-08 7.5e-09
0.4 9.2 0.632 2.5e-08 1.5e-08
0.5 9.2 0.633 2.25e-08 7.5e-09
0.6 9.2 0.635 3e-08 1e-08
0.7 9.2 0.637 3e-08 1e-08
0.8 9.2 0.638 3e-08 1e-08
0.9 9.2 0.64 3.75e-08 1.25e-08
1 9.2 0.641 3.25e-08 1.75e-08
1.1 9.2 0.643 3.75e-08 1.25e-08
1.2 9.2 0.644 3.75e-08 1.25e-08
1.3 9.2 0.646 4.5e-08 1.5e-08
1.4 9.2 0.647 4.5e-08 1.5e-08
1.5 9.2 0.649 4.5e-08 1.5e-08
1.6 9.2 0.65 4.5e-08 1.5e-08
1.7 9.2 0.652 5.25e-08 1.75e-08
1.8 9.2 0.653 4.5e-08 1.5e-08
1.9 9.2 0.654 5.25e-08 1.75e-08
2 9.2 0.656 5.5e-08 2.5e-08
2.1 9.2 0.657 5.5e-08 2.5e-08
2.2 9.2 0.658 6e-08 2e-08
2.3 9.2 0.66 5.5e-08 2.5e-08
2.4 9.2 0.661 5.5e-08 2.5e-08
2.5 9.2 0.662 6.25e-08 2.75e-08
2.6 9.2 0.664 6e-08 2e-08
2.7 9.2 0.665 6.25e-08 2.75e-08
2.8 9.2 0.666 6.75e-08 2.25e-08
2.9 9.2 0.667 6.25e-08 2.75e-08
3 9.2 0.668 6.75e-08 2.25e-08
3.1 9.2 0.669 6.75e-08 2.25e-08
3.2 9.2 0.67 7e-08 3e-08
3.3 9.2 0.672 7.5e-08 2.5e-08
3.4 9.2 0.673 7e-08 3e-08
3.5 9.2 0.674 7.75e-08 3.25e-08
3.6 9.2 0.675 7.75e-08 3.25e-08
3.7 9.2 0.676 7.75e-08 3.25e-08
3.8 9.2 0.677 7.75e-08 3.25e-08
3.9 9.2 0.678 8.5e-08 3.5e-08
4 9.2 0.679 8.25e-08 2.75e-08
4.1 9.2 0.679 8.5e-08 3.5e-08
4.2 9.2 0.68 8.25e-08 2.75e-08
4.3 9.2 0.681 8.5e-08 3.5e-08
4.4 9.2 0.682 8.5e-08 3.5e-08
4.5 9.2 0.683 9e-08 3e-08
4.6 9.2 0.684 8.5e-08 3.5e-08
4.7 9.2 0.685 8.5e-08 3.5e-08
4.8 9.2 0.685 9.25e-08 3.75e-08
4.9 9.2 0.686 9.25e-08 3.75e-08
5 9.2 0.687 9.25e-08 3.75e-08
5.1 9.2 0.687 9.25e-08 3.75e-08
5.2 9.2 0.688 9.25e-08 3.75e-08
5.3 9.2 0.689 9.25e-08 3.75e-08
5.4 9.2 0.689 9.25e-08 3.75e-08
5.5 9.2 0.69 9.75e-08 3.25e-08
5.6 9.2 0.69 9.25e-08 3.75e-08
5.7 9.2 0.691 1e-07 4e-08
5.8 9.2 0.692 1e-07 4e-08
5.9 9.2 0.692 1e-07 4e-08
6 9.2 0.693 1e-07 4e-08
6.1 9.2 0.693 1.05e-07 3.5e-08
6.2 9.2 0.693 1e-07 4e-08
6.3 9.2 0.694 1e-07 4e-08
6.4 9.2 0.694 1e-07 4e-08
6.5 9.2 0.695 1.05e-07 3.5e-08
6.6 9.2 0.695 1.05e-07 3.5e-08
6.7 9.2 0.695 1.08e-07 4.25e-08
6.8 9.2 0.696 1.05e-07 3.5e-08
6.9 9.2 0.696 1.08e-07 4.25e-08
7 9.2 0.696 1.08e-07 4.25e-08
7.1 9.2 0.696 1.05e-07 3.5e-08
7.2 9.2 0.697 1.08e-07 4.25e-08
7.3 9.2 0.697 1.08e-07 4.25e-08
7.4 9.2 0.697 1.12e-07 3.75e-08
7.5 9.2 0.697 1.08e-07 4.25e-08
7.6 9.2 0.697 1.08e-07 4.25e-08
7.7 9.2 0.697 1.08e-07 4.25e-08
7.8 9.2 0.697 1.08e-07 4.25e-08
7.9 9.2 0.697 1.08e-07 4.25e-08
8 9.2 0.697 1.08e-07 4.25e-08
8.1 9.2 0.697 1.08e-07 4.25e-08
8.2 9.2 0.697 1.08e-07 4.25e-08
8.3 9.2 0.697 1.08e-07 4.25e-08
8.4 9.2 0.697 1.08e-07 4.25e-08
8.5 9.2 0.697 1.08e-07 4.25e-08
8.6 9.2 0.697 1.12e-07 3.75e-08
8.7 9.2 0.697 1.08e-07 4.25e-08
8.8 9.2 0.697 1.08e-07 4.25e-08
8.9 9.2 0.696 1.05e-07 3.5e-08
9 9.2 0.696 1.08e-07 4.25e-08
9.1 9.2 0.696 1.08e-07 4.25e-08
9.2 9.2 0.696 1.05e-07 3.5e-08
9.3 9.2 0.695 1.08e-07 4.25e-08
9.4 9.2 0.695 1.05e-07 3.5e-08
9.5 9.2 0.695 1.05e-07 3.5e-08
9.6 9.2 0.694 1e-07 4e-08
9.7 9.2 0.694 1e-07 4e-08
9.8 9.2 0.693 1e-07 4e-08
9.9 9.2 0.693 1.05e-07 3.5e-08
10 9.2 0.693 1e-07 4e-08
10.1 9.2 0.692 1e-07 4e-08
10.2 9.2 0.692 1e-07 4e-08
10.3 9.2 0.691 1e-07 4e-08
10.4 9.2 0.69 9.25e-08 3.75e-08
10.5 9.2 0.69 9.75e-08 3.25e-08
10.6 9.2 0.689 9.25e-08 3.75e-08
10.7 9.2 0.689 9.25e-08 3.75e-08
10.8 9.2 0.688 9.25e-08 3.75e-08
10.9 9.2 0.687 9.25e-08 3.75e-08
11 9.2 0.687 9.25e-08 3.75e-08
11.1 9.2 0.686 9.25e-08 3.75e-08
11.2 9.2 0.685 9.25e-08 3.75e-08
11.3 9.2 0.685 8.5e-08 3.5e-08
11.4 9.2 0.684 8.5e-08 3.5e-08
11.5 9.2 0.683 9e-08 3e-08
11.6 9.2 0.682 8.5e-08 3.5e-08
11.7 9.2 0.681 8.5e-08 3.5e-08
11.8 9.2 0.68 8.25e-08 2.75e-08
11.9 9.2 0.679 8.5e-08 3.5e-08
12 9.2 0.679 8.25e-08 2.75e-08
12.1 9.2 0.678 8.5e-08 3.5e-08
12.2 9.2 0.677 7.75e-08 3.25e-08
12.3 9.2 0.676 7.75e-08 3.25e-08
12.4 9.2 0.675 7.75e-08 3.25e-08
12.5 9.2 0.674 7.75e-08 3.25e-08
12.6 9.2 0.673 7e-08 3e-08
12.7 9.2 0.672 7.5e-08 2.5e-08
12.8 9.2 0.67 7e-08 3e-08
12.9 9.2 0.669 6.75e-08 2.25e-08
13 9.2 0.668 6.75e-08 2.25e-08
13.1 9.2 0.667 6.25e-08 2.75e-08
13.2 9.2 0.666 6.75e-08 2.25e-08
13.3 9.2 0.665 6.25e-08 2.75e-08
13.4 9.2 0.664 6e-08 2e-08
13.5 9.2 0.662 6.25e-08 2.75e-08
13.6 9.2 0.661 5.5e-08 2.5e-08
13.7 9.2 0.66 5.5e-08 2.5e-08
13.8 9.2 0.658 6e-08 2e-08
13.9 9.2 0.657 5.5e-08 2.5e-08
14 9.2 0.656 5.5e-08 2.5e-08
14.1 9.2 0.654 5.25e-08 1.75e-08
14.2 9.2 0.653 4.5e-08 1.5e-08
14.3 9.2 0.652 5.25e-08 1.75e-08
14.4 9.2 0.65 4.5e-08 1.5e-08
14.5 9.2 0.649 4.5e-08 1.5e-08
14.6 9.2 0.647 4.5e-08 1.5e-08
14.7 9.2 0.646 4.5e-08 1.5e-08
14.8 9.2 0.644 3.75e-08 1.25e-08
14.9 9.2 0.643 3.75e-08 1.25e-08
15 9.2 0.641 3.25e-08 1.75e-08
15.1 9.2 0.64 3.75e-08 1.25e-08
15.2 9.2 0.638 3e-08 1e-08
15.3 9.2 0.637 3e-08 1e-08
15.4 9.2 0.635 3e-08 1e-08
15.5 9.2 0.633 2.25e-08 7.5e-09
15.6 9.2 0.632 2.5e-08 1.5e-08
15.7 9.2 0.63 2.25e-08 7.5e-09
15.8 9.2 0.629 1.5e-08 5e-09
15.9 9.2 0.627 2.25e-08 7.5e-09
16 9.2 0.625 1.5e-08 5e-09
16.1 9.2 0.623 1.5e-08 5e-09
16.2 9.2 0.622 1.5e-08 5e-09
16.3 9.2 0.62 1.5e-08 5e-09
16.4 9.2 0.618 7.5e-09 2.5e-09
16.5 9.2 0.616 7.5e-09 2.5e-09
16.6 9.2 0.615 7.5e-09 2.5e-09
16.7 9.2 0.613 7.5e-09 2.5e-09
16.8 9.2 0.611 0 0
16.9 9.2 0.609 0 0
17 9.2 0.607 0 0
17.1 9.2 0.605 2.5e-09 7.5e-09
17.2 9.2 0.603 0 0
17.3 9.2 0.601 0 0
17.4 9.2 0.6 2.5e-09 7.5e-09
17.5 9.2 0.598 2.5e-09 7.5e-09
17.6 9.2 0.596 2.5e-09 7.5e-09
17.7 9.2 0.594 0 0
17.8 9.2 0.592 5e-09 5e-09
17.9 9.2 0.59 5e-09 5e-09
18 9.2 0.588 1.25e-08 1.75e-08
18.1 9.2 0.586 1.25e-08 1.75e-08
18.2 9.2 0.584 1.75e-08 2.25e-08
18.3 9.2 0.582 1.75e-08 3.25e-08
18.4 9.2 0.579 1.75e-08 3.25e-08
18.5 9.2 0.577 1.75e-08 4.25e-08
18.6 9.2 0.575 1.75e-08 4.25e-08
18.7 9.2 0.573 2.25e-08 4.75e-08
18.8 9.2 0.571 2.5e-08 5.5e-08
18.9 9.2 0.569 2.75e-08 6.25e-08
19 9.2 0.567 1e-08 3e-08
19.1 9.2 0.565 1.25e-08 3.75e-08
19.2 9.2 0.562 1.25e-08 3.75e-08
19.3 9.2 0.56 1.25e-08 3.75e-08
19.4 9.2 0.558 1.75e-08 4.25e-08
19.5 9.2 0.556 1.75e-08 4.25e-08
19.6 9.2 0.554 1.75e-08 4.25e-08
19.7 9.2 0.551 2e-08 5e-08
19.8 9.2 0.549 3.75e-08 6.25e-08
19.9 9.2 0.547 5.53e-07 7.77e-07
20 9.2 0.545 6.75e-08 9.25e-08
20.1 9.2 0.542 6.25e-08 7.75e-08
20.2 9.2 0.54 2.5e-08 3.5e-08
20.3 9.2 0.538 2.75e-08 4.25e-08
20.4 9.2 0.536 2.25e-08 4.75e-08
20.5 9.2 0.533 2.25e-08 4.75e-08
20.6 9.2 0.531 2.25e-08 4.75e-08
20.7 9.2 0.529 2.25e-08 4.75e-08
20.8 9.2 0.526 2.25e-08 4.75e-08
20.9 9.2 0.524 2.25e-08 4.75e-08
21 9.2 0.522 2.25e-08 4.75e-08
21.1 9.2 0.519 1.75e-08 5.25e-08
21.2 9.2 0.517 2.25e-08 4.75e-08
21.3 9.2 0.515 2.5e-08 5.5e-08
21.4 9.2 0.512 2.5e-08 5.5e-08
21.5 9.2 0.51 1.75e-08 5.25e-08
21.6 9.2 0.508 2.5e-08 5.5e-08
21.7 9.2 0.505 2.5e-08 5.5e-08
21.8 9.2 0.503 2.5e-08 5.5e-08
21.9 9.2 0.5 2.5e-08 5.5e-08
22 9.2 0.498 2.5e-08 5.5e-08
22.1 9.2 0.496 2e-08 6e-08
22.2 9.2 0.493 2.5e-08 5.5e-08
22.3 9.2 0.491 2.5e-08 5.5e-08
22.4 9.2 0.488 2.75e-08 6.25e-08
22.5 9.2 0.486 2e-08 6e-08
22.6 9.2 0.484 2e-08 6e-08
22.7 9.2 0.481 2.5e-08 5.5e-08
22.8 9.2 0.479 2.5e-08 5.5e-08
22.9 9.2 0.476 2.75e-08 6.25e-08
23 9.2 0.474 2e-08 6e-08
23.1 9.2 0.471 2.75e-08 6.25e-08
23.2 9.2 0.469 2e-08 6e-08
23.3 9.2 0.466 2e-08 6e-08
23.4 9.2 0.464 2.5e-08 5.5e-08
23.5 9.2 0.462 2e-08 6e-08
23.6 9.2 0.459 2.75e-08 6.25e-08
23.7 9.2 0.457 2.5e-08 5.5e-08
23.8 9.2 0.454 2e-08 6e-08
23.9 9.2 0.452 2.5e-08 5.5e-08
24 9.2 0.449 2.75e-08 6.25e-08
24.1 9.2 0.447 2.75e-08 6.25e-08
24.2 9.2 0.444 2e-08 6e-08
24.3 9.2 0.442 2.5e-08 5.5e-08
24.4 9.2 0.439 2e-08 6e-08
24.5 9.2 0.437 2e-08 6e-08
24.6 9.2 0.434 2.5e-08 5.5e-08
24.7 9.2 0.432 2.5e-08 5.5e-08
24.8 9.2 0.429 2e-08 6e-08
24.9 9.2 0.427 2e-08 6e-08
25 9.2 0.425 2.5e-08 5.5e-08
25.1 9.2 0.422 2.5e-08 5.5e-08
25.2 9.2 0.42 2e-08 6e-08
25.3 9.2 0.417 1.75e-08 5.25e-08
25.4 9.2 0.415 2.5e-08 5.5e-08
25.5 9.2 0.412 1.75e-08 5.25e-08
25.6 9.2 0.41 1.75e-08 5.25e-08
25.7 9.2 0.407 1.75e-08 5.25e-08
25.8 9.2 0.405 1.75e-08 5.25e-08
25.9 9.2 0.402 1.75e-08 5.25e-08
26 9.2 0.4 1.75e-08 5.25e-08
26.1 9.2 0.397 1.75e-08 5.25e-08
26.2 9.2 0.395 1.5e-08 4.5e-08
26.3 9.2 0.393 2.25e-08 4.75e-08
26.4 9.2 0.39 1.5e-08 4.5e-08
26.5 9.2 0.388 1.5e-08 4.5e-08
26.6 9.2 0.385 1.5e-08 4.5e-08
26.7 9.2 0.383 1.5e-08 4.5e-08
26.8 9.2 0.38 1.5e-08 4.5e-08
26.9 9.2 0.378 2e-08 4e-08
27 9.2 0.376 1.25e-08 3.75e-08
27.1 9.2 0.373 1.5e-08 4.5e-08
27.2 9.2 0.371 2e-08 4e-08
27.3 9.2 0.368 1.5e-08 4.5e-08
27.4 9.2 0.366 1.25e-08 3.75e-08
27.5 9.2 0.363 2e-08 4e-08
27.6 9.2 0.361 1.25e-08 3.75e-08
27.7 9.2 0.359 1.25e-08 3.75e-08
27.8 9.2 0.356 1.75e-08 3.25e-08
27.9 9.2 0.354 1.25e-08 3.75e-08
28 9.2 0.352 1.25e-08 3.75e-08
28.1 9.2 0.349 1e-08 3e-08
28.2 9.2 0.347 1e-08 3e-08
28.3 9.2 0.344 1.25e-08 3.75e-08
28.4 9.2 0.342 1e-08 3e-08
28.5 9.2 0.34 1e-08 3e-08
28.6 9.2 0.337 1e-08 3e-08
28.7 9.2 0.335 1e-08 3e-08
28.8 9.2 0.333 1e-08 3e-08
28.9 9.2 0.33 1e-08 3e-08
29 9.2 0.328 1e-08 3e-08
29.1 9.2 0.326 7.5e-09 2.25e-08
29.2 9.2 0.324 1e-08 2e-08
29.3 9.2 0.321 4.5e-08 3.5e-08
29.4 9.2 0.319 7.5e-09 2.25e-08
29.5 9.2 0.317 1e-08 2e-08
29.6 9.2 0.314 5e-09 1.5e-08
29.7 9.2 0.312 5e-09 1.5e-08
29.8 9.2 0.31 5e-09 1.5e-08
29.9 9.2 0.308 7.5e-09 2.25e-08
30 9.2 0.305 5e-09 1.5e-08
30.1 9.2 0.303 5e-09 1.5e-08
30.2 9.2 0.301 2.5e-09 7.5e-09
30.3 9.2 0.299 2.5e-09 7.5e-09
30.4 9.2 0.297 2.5e-09 7.5e-09
30.5 9.2 0.294 7.5e-09 1.25e-08
30.6 9.2 0.292 2.5e-09 7.5e-09
30.7 9.2 0.29 2.5e-09 7.5e-09
30.8 9.2 0.288 2.5e-09 7.5e-09
30.9 9.2 0.286 2.5e-09 7.5e-09
31 9.2 0.284 7.5e-09 2.5e-09
31.1 9.2 0.281 2.5e-09 7.5e-09
31.2 9.2 0.279 5e-09 5e-09
31.3 9.2 0.277 2.5e-09 7.5e-09
31.4 9.2 0.275 5e-09 5e-09
31.5 9.2 0.273 7.5e-09 2.5e-09
31.6 9.2 0.271 0 0
31.7 9.2 0.269 0 0
31.8 9.2 0.267 0 0
31.9 9.2 0.265 0 0
32 9.2 0.263 0 0
32.1 9.2 0.261 0 0
32.2 9.2 0.258 0 0
32.3 9.2 0.256 7.5e-09 2.5e-09
32.4 9.2 0.254 1.25e-08 7.5e-09
32.5 9.2 0.252 7.5e-09 2.5e-09
32.6 9.2 0.25 1.5e-08 5e-09
32.7 9.2 0.248 1.5e-08 5e-09
32.8 9.2 0.246 2.5e-09 7.5e-09
32.9 9.2 0.244 7.5e-09 2.5e-09
33 9.2 0.243 7.5e-09 2.5e-09
33.1 9.2 0.241 7.5e-09 2.5e-09
33.2 9.2 0.239 7.5e-09 2.5e-09
33.3 9.2 0.237 7.5e-09 2.5e-09
33.4 9.2 0.235 7.5e-09 2.5e-09
33.5 9.2 0.233 1.5e-08 5e-09
33.6 9.2 0.231 1.5e-08 5e-09
33.7 9.2 0.229 7.5e-09 2.5e-09
33.8 9.2 0.227 1.5e-08 5e-09
33.9 9.2 0.225 1.5e-08 5e-09
34 9.2 0.224 1.5e-08 5e-09
34.1 9.2 0.222 1.5e-08 5e-09
34.2 9.2 0.22 1.5e-08 5e-09
34.3 9.2 0.218 1.5e-08 5e-09
34.4 9.2 0.216 1.5e-08 5e-09
34.5 9.2 0.214 1.5e-08 5e-09
34.6 9.2 0.213 1.5e-08 5e-09
34.7 9.2 0.211 1.5e-08 5e-09
34.8 9.2 0.209 1.5e-08 5e-09
34.9 9.2 0.207 2.25e-08 7.5e-09
35 9.2 0.206 1.5e-08 5e-09
35.1 9.2 0.204 1.5e-08 5e-09
35.2 9.2 0.202 1.5e-08 5e-09
35.3 9.2 0.2 1.5e-08 5e-09
35.4 9.2 0.199 2.25e-08 7.5e-09
35.5 9.2 0.197 1.5e-08 5e-09
35.6 9.2 0.195 2.25e-08 7.5e-09
35.7 9.2 0.194 1.5e-08 5e-09
35.8 9.2 0.192 1.5e-08 5e-09
35.9 9.2 0.19 2.25e-08 7.5e-09
36 9.2 0.189 2.25e-08 7.5e-09
36.1 9.2 0.187 2.25e-08 7.5e-09
36.2 9.2 0.185 2.25e-08 7.5e-09
36.3 9.2 0.184 2.25e-08 7.5e-09
36.4 9.2 0.182 1.5e-08 5e-09
36.5 9.2 0.181 1.5e-08 5e-09
36.6 9.2 0.179 2.25e-08 7.5e-09
36.7 9.2 0.177 2.25e-08 7.5e-09
36.8 9.2 0.176 2.25e-08 7.5e-09
36.9 9.2 0.174 2.25e-08 7.5e-09
37 9.2 0.173 2.25e-08 7.5e-09
37.1 9.2 0.171 2.25e-08 7.5e-09
37.2 9.2 0.17 2.75e-08 1.25e-08
37.3 9.2 0.168 2e-08 1e-08
37.4 9.2 0.167 2e-08 1e-08
37.5 9.2 0.165 2.25e-08 7.5e-09
37.6 9.2 0.164 2.75e-08 1.25e-08
37.7 9.2 0.162 3.25e-08 1.75e-08
37.8 9.2 0.161 4e-08 3e-08
37.9 9.2 0.159 2.4e-07 5e-07
38 9.2 0.158 1e-08 2e-08
38.1 9.2 0.156 4.5e-08 1.5e-08
38.2 9.2 0.155 7.5e-08 3.5e-08
38.3 9.2 0.154 6.5e-08 4.5e-08
38.4 9.2 0.152 5.25e-08 3.75e-08
38.5 9.2 0.151 3.75e-08 3.25e-08
38.6 9.2 0.15 3.75e-08 3.25e-08
38.7 9.2 0.148 1.75e-08 1.25e-08
38.8 9.2 0.147 1.75e-08 1.25e-08
38.9 9.2 0.145 1.75e-08 1.25e-08
39 9.2 0.144 2.25e-08 7.5e-09
39.1 9.2 0.143 1.5e-08 5e-09
39.2 9.2 0.142 2.25e-08 7.5e-09
39.3 9.2 0.14 2.25e-08 7.5e-09
39.4 9.2 0.139 2.25e-08 7.5e-09
39.5 9.2 0.138 1.75e-08 1.25e-08
39.6 9.2 0.136 2.25e-08 7.5e-09
39.7 9.2 0.135 2.25e-08 7.5e-09
39.8 9.2 0.134 1.5e-08 5e-09
39.9 9.2 0.133 1.5e-08 5e-09
40 9.2 0.131 1.5e-08 5e-09
40.1 9.2 0.13 2.25e-08 7.5e-09
40.2 9.2 0.129 1.5e-08 5e-09
40.3 9.2 0.128 1.5e-08 5e-09
40.4 9.2 0.127 1.75e-08 1.25e-08
40.5 9.2 0.125 1.5e-08 5e-09
40.6 9.2 0.124 1.5e-08 5e-09
40.7 9.2 0.123 1.5e-08 5e-09
40.8 9.2 0.122 1.5e-08 5e-09
40.9 9.2 0.121 1.5e-08 5e-09
41 9.2 0.12 1.5e-08 5e-09
41.1 9.2 0.118 1.5e-08 5e-09
41.2 9.2 0.117 1.5e-08 5e-09
41.3 9.2 0.116 1.5e-08 5e-09
41.4 9.2 0.115 1.5e-08 5e-09
41.5 9.2 0.114 1.5e-08 5e-09
41.6 9.2 0.113 1.5e-08 5e-09
41.7 9.2 0.112 1.5e-08 5e-09
41.8 9.2 0.111 1.5e-08 5e-09
41.9 9.2 0.11 1.5e-08 5e-09
42 9.2 0.109 1.5e-08 5e-09
42.1 9.2 0.108 1.5e-08 5e-09
42.2 9.2 0.107 1.5e-08 5e-09
42.3 9.2 0.106 1.5e-08 5e-09
42.4 9.2 0.105 1.5e-08 5e-09
42.5 9.2 0.104 1.5e-08 5e-09
42.6 9.2 0.103 1.5e-08 5e-09
42.7 9.2 0.102 1.5e-08 5e-09
42.8 9.2 0.101 1.5e-08 5e-09
42.9 9.2 0.0996 1.32e-08 4.75e-09
43 9.2 0.0986 1.28e-08 4.25e-09
43.1 9.2 0.0977 1.28e-08 4.25e-09
43.2 9.2 0.0967 1.2e-08 4e-09
43.3 9.2 0.0958 1.2e-08 4e-09
43.4 9.2 0.0949 1.12e-08 3.75e-09
43.5 9.2 0.0939 1.15e-08 4.5e-09
43.6 9.2 0.093 1.12e-08 3.75e-09
43.7 9.2 0.0921 1.12e-08 3.75e-09
43.8 9.2 0.0912 1.12e-08 3.75e-09
43.9 9.2 0.0903 1.05e-08 3.5e-09
44 9.2 0.0894 1.05e-08 3.5e-09
44.1 9.2 0.0886 9.75e-09 3.25e-09
44.2 9.2 0.0877 9.75e-09 3.25e-09
44.3 9.2 0.0868 9.75e-09 3.25e-09
44.4 9.2 0.086 9.75e-09 3.25e-09
44.5 9.2 0.0851 9.75e-09 3.25e-09
44.6 9.2 0.0843 9.75e-09 3.25e-09
44.7 9.2 0.0835 9e-09 3e-09
44.8 9.2 0.0826 9e-09 3e-09
44.9 9.2 0.0818 8.75e-09 3.25e-09
45 9.2 0.081 8.25e-09 2.75e-09
45.1 9.2 0.0802 8.25e-09 2.75e-09
45.2 9.2 0.0794 8.25e-09 2.75e-09
45.3 9.2 0.0786 7.5e-09 2.5e-09
45.4 9.2 0.0778 8.25e-09 2.75e-09
45.5 9.2 0.0771 7.5e-09 2.5e-09
45.6 9.2 0.0763 7.25e-09 2.75e-09
45.7 9.2 0.0755 6.75e-09 2.25e-09
45.8 9.2 0.0748 7.5e-09 2.5e-09
45.9 9.2 0.0741 6.75e-09 2.25e-09
46 9.2 0.0733 6e-09 2e-09
46.1 9.2 0.0726 6e-09 2e-09
46.2 9.2 0.0719 6.75e-09 2.25e-09
46.3 9.2 0.0711 6e-09 2e-09
46.4 9.2 0.0704 6e-09 2e-09
46.5 9.2 0.0697 6e-09 2e-09
46.6 9.2 0.069 5.25e-09 1.75e-09
46.7 9.2 0.0683 5.25e-09 1.75e-09
46.8 9.2 0.0676 5.25e-09 1.75e-09
46.9 9.2 0.067 5.25e-09 1.75e-09
47 9.2 0.0663 4.5e-09 1.5e-09
47.1 9.2 0.0656 4.5e-09 1.5e-09
47.2 9.2 0.065 4.5e-09 1.5e-09
47.3 9.2 0.0643 4.5e-09 1.5e-09
47.4 9.2 0.0637 3.75e-09 1.25e-09
47.5 9.2 0.063 3.75e-09 1.25e-09
47.6 9.2 0.0624 3.75e-09 1.25e-09
47.7 9.2 0.0618 4.25e-09 1.75e-09
47.8 9.2 0.0611 3.75e-09 1.25e-09
47.9 9.2 0.0605 3.5e-09 1.5e-09
48 9.2 0.0599 3.75e-09 1.25e-09
48.1 9.2 0.0593 3.5e-09 1.5e-09
48.2 9.2 0.0587 3.75e-09 1.25e-09
48.3 9.2 0.0581 3e-09 1e-09
48.4 9.2 0.0575 3.75e-09 1.25e-09
48.5 9.2 0.0569 3e-09 1e-09
48.6 9.2 0.0563 3e-09 1e-09
48.7 9.2 0.0558 3e-09 1e-09
48.8 9.2 0.0552 3e-09 1e-09
48.9 9.2 0.0546 2.25e-09 7.5e-10
49 9.2 0.0541 1.5e-09 5e-10
49.1 9.2 0.0535 2.25e-09 7.5e-10
49.2 9.2 0.053 2.25e-09 7.5e-10
49.3 9.2 0.0524 2.25e-09 7.5e-10
49.4 9.2 0.0519 2.25e-09 7.5e-10
49.5 9.2 0.0514 2.25e-09 7.5e-10
49.6 9.2 0.0508 1.5e-09 5e-10
49.7 9.2 0.0503 1.5e-09 5e-10
49.8 9.2 0.0498 1.5e-09 5e-10
49.9 9.2 0.0493 7.5e-10 2.5e-10
50 9.2 0.0488 7.5e-10 2.5e-10
50.1 9.2 0.0483 1e-09 1e-09
50.2 9.2 0.0478 1.5e-09 5e-10
50.3 9.2 0.0473 7.5e-10 2.5e-10
50.4 9.2 0.0468 1.5e-09 5e-10
50.5 9.2 0.0463 7.5e-10 2.5e-10
50.6 9.2 0.0459 5e-10 5e-10
50.7 9.2 0.0454 0 0
50.8 9.2 0.0449 7.5e-10 2.5e-10
50.9 9.2 0.0445 7.5e-10 2.5e-10
51 9.2 0.044 0 0
51.1 9.2 0.0436 0 0
51.2 9.2 0.0431 7.5e-10 2.5e-10
51.3 9.2 0.0427 0 0
51.4 9.2 0.0422 0 0
51.5 9.2 0.0418 0 0
51.6 9.2 0.0413 0 0
51.7 9.2 0.0409 0 0
51.8 9.2 0.0405 0 0
51.9 9.2 0.0401 0 0
52 9.2 0.0397 2.5e-10 7.5e-10
52.1 9.2 0.0393 2.5e-10 7.5e-10
52.2 9.2 0.0388 0 0
52.3 9.2 0.0384 2.5e-10 7.5e-10
52.4 9.2 0.038 2.5e-10 7.5e-10
52.5 9.2 0.0376 2.5e-10 7.5e-10
52.6 9.2 0.0373 0 0
52.7 9.2 0.0369 2.5e-10 7.5e-10
52.8 9.2 0.0365 0 0
52.9 9.2 0.0361 0 0
53 9.2 0.0357 0 0
53.1 9.2 0.0354 5e-10 5e-10
53.2 9.2 0.035 5e-10 5e-10
53.3 9.2 0.0346 1.25e-09 7.5e-10
53.4 9.2 0.0343 1.25e-09 7.5e-10
53.5 9.2 0.0339 7.5e-10 1.25e-09
53.6 9.2 0.0336 1e-09 1e-09
53.7 9.2 0.0332 1.25e-09 1.75e-09
53.8 9.2 0.0329 1e-09 1e-09
53.9 9.2 0.0325 1e-09 2e-09
54 9.2 0.0322 1e-09 2e-09
54.1 9.2 0.0318 1e-09 2e-09
54.2 9.2 0.0315 1e-09 2e-09
54.3 9.2 0.0312 1e-09 2e-09
54.4 9.2 0.0309 1e-09 2e-09
54.5 9.2 0.0305 1.25e-09 2.75e-09
54.6 9.2 0.0302 1e-09 2e-09
54.7 9.2 0.0299 1.25e-09 2.75e-09
54.8 9.2 0.0296 1.25e-09 2.75e-09
54.9 9.2 0.0293 1.25e-09 2.75e-09
55 9.2 0.029 1.25e-09 2.75e-09
55.1 9.2 0.0287 1.25e-09 2.75e-09
55.2 9.2 0.0284 1e-09 3e-09
55.3 9.2 0.0281 1e-09 3e-09
55.4 9.2 0.0278 1.25e-09 2.75e-09
55.5 9.2 0.0275 1.5e-09 3.5e-09
55.6 9.2 0.0272 1.75e-09 3.25e-09
55.7 9.2 0.0269 1.5e-09 3.5e-09
55.8 9.2 0.0266 7.5e-10 2.25e-09
55.9 9.2 0.0263 5e-10 1.5e-09
56 9.2 0.0261 5e-10 1.5e-09
56.1 9.2 0.0258 5e-10 1.5e-09
56.2 9.2 0.0255 5e-10 1.5e-09
56.3 9.2 0.0252 5e-10 1.5e-09
56.4 9.2 0.025 5e-10 1.5e-09
56.5 9.2 0.0247 5e-10 1.5e-09
56.6 9.2 0.0245 7.5e-10 2.25e-09
56.7 9.2 0.0242 5e-10 1.5e-09
56.8 9.2 0.0239 7.5e-10 2.25e-09
56.9 9.2 0.0237 5e-10 1.5e-09
57 9.2 0.0234 7.5e-10 2.25e-09
57.1 9.2 0.0232 5e-10 1.5e-09
57.2 9.2 0.023 7.5e-10 2.25e-09
57.3 9.2 0.0227 5e-10 1.5e-09
57.4 9.2 0.0225 7.5e-10 2.25e-09
57.5 9.2 0.0222 7.5e-10 2.25e-09
57.6 9.2 0.022 7.5e-10 2.25e-09
57.7 9.2 0.0218 5e-10 1.5e-09
57.8 9.2 0.0215 7.5e-10 2.25e-09
57.9 9.2 0.0213 7.5e-10 2.25e-09
58 9.2 0.0211 7.5e-10 2.25e-09
58.1 9.2 0.0209 7.5e-10 2.25e-09
58.2 9.2 0.0206 7.5e-10 2.25e-09
58.3 9.2 0.0204 7.5e-10 2.25e-09
58.4 9.2 0.0202 5e-10 1.5e-09
58.5 9.2 0.02 7.5e-10 2.25e-09
58.6 9.2 0.0198 5e-10 1.5e-09
58.7 9.2 0.0196 7.5e-10 2.25e-09
58.8 9.2 0.0194 7.5e-10 2.25e-09
58.9 9.2 0.0192 5e-10 1.5e-09
59 9.2 0.019 5e-10 1.5e-09
59.1 9.2 0.0188 7.5e-10 2.25e-09
59.2 9.2 0.0186 7.5e-10 2.25e-09
59.3 9.2 0.0184 7.5e-10 2.25e-09
59.4 9.2 0.0182 7.5e-10 2.25e-09
59.5 9.2 0.018 7.5e-10 2.25e-09
59.6 9.2 0.0178 7.5e-10 2.25e-09
59.7 9.2 0.0176 7.5e-10 2.25e-09
59.8 9.2 0.0174 7.5e-10 2.25e-09
59.9 9.2 0.0172 7.5e-10 2.25e-09
60 9.2 0.017 5e-10 1.5e-09
60.1 9.2 0.0169 5e-10 1.5e-09
60.2 9.2 0.0167 7.5e-10 2.25e-09
60.3 9.2 0.0165 7.5e-10 2.25e-09
60.4 9.2 0.0163 7.5e-10 2.25e-09
60.5 9.2 0.0162 7.5e-10 2.25e-09
60.6 9.2 0.016 7.5e-10 2.25e-09
60.7 9.2 0.0158 7.5e-10 2.25e-09
60.8 9.2 0.0156 7.5e-10 2.25e-09
60.9 9.2 0.0155 5e-10 1.5e-09
61 9.2 0.0153 5e-10 1.5e-09
61.1 9.2 0.0151 7.5e-10 2.25e-09
61.2 9.2 0.015 7.5e-10 2.25e-09
61.3 9.2 0.0148 7.5e-10 2.25e-09
61.4 9.2 0.0147 7.5e-10 2.25e-09
61.5 9.2 0.0145 7.5e-10 2.25e-09
61.6 9.2 0.0144 5e-10 1.5e-09
61.7 9.2 0.0142 7.5e-10 2.25e-09
61.8 9.2 0.0141 5e-10 1.5e-09
61.9 9.2 0.0139 7.5e-10 2.25e-09
62 9.2 0.0138 7.5e-10 2.25e-09
62.1 9.2 0.0136 7.5e-10 2.25e-09
62.2 9.2 0.0135 7.5e-10 2.25e-09
62.3 9.2 0.0133 7.5e-10 2.25e-09
62.4 9.2 0.0132 5e-10 1.5e-09
62.5 9.2 0.013 7.5e-10 2.25e-09
62.6 9.2 0.0129 7.5e-10 2.25e-09
62.7 9.2 0.0128 5e-10 1.5e-09
62.8 9.2 0.0126 5e-10 1.5e-09
62.9 9.2 0.0125 7.5e-10 2.25e-09
63 9.2 0.0124 5e-10 1.5e-09
63.1 9.2 0.0122 5e-10 1.5e-09
63.2 9.2 0.0121 7.5e-10 2.25e-09
63.3 9.2 0.012 7.5e-10 2.25e-09
63.4 9.2 0.0118 7.5e-10 2.25e-09
63.5 9.2 0.0117 1e-09 2e-09
63.6 9.2 0.0116 5e-10 1.5e-09
63.7 9.2 0.0115 5e-10 1.5e-09
63.8 9.2 0.0113 5e-10 1.5e-09
63.9 9.2 0.0112 5e-10 1.5e-09
64 9.2 0.0111 5e-10 1.5e-09
64.1 9.2 0.011 5e-10 1.5e-09
64.2 9.2 0.0109 5e-10 1.5e-09
64.3 9.2 0.0107 7.5e-10 2.25e-09
64.4 9.2 0.0106 5e-10 1.5e-09
64.5 9.2 0.0105 5e-10 1.5e-09
64.6 9.2 0.0104 7.5e-10 2.25e-09
64.7 9.2 0.0103 7.5e-10 2.25e-09
64.8 9.2 0.0102 5e-10 1.5e-09
64.9 9.2 0.0101 5e-10 1.5e-09
65 9.2 0.00997 5.25e-10 1.58e-09
65.1 9.2 0.00986 5.25e-10 1.58e-09
65.2 9.2 0.00976 5.25e-10 1.58e-09
65.3 9.2 0.00965 5.5e-10 1.55e-09
65.4 9.2 0.00955 5e-10 1.5e-09
65.5 9.2 0.00945 5e-10 1.5e-09
65.6 9.2 0.00935 5.25e-10 1.47e-09
65.7 9.2 0.00925 5e-10 1.5e-09
65.8 9.2 0.00915 5e-10 1.5e-09
65.9 9.2 0.00905 5.25e-10 1.47e-09
66 9.2 0.00895 5.5e-10 1.55e-09
66.1 9.2 0.00886 5e-10 1.5e-09
66.2 9.2 0.00876 5e-10 1.5e-09
66.3 9.2 0.00867 5.25e-10 1.47e-09
66.4 9.2 0.00858 4.75e-10 1.42e-09
66.5 9.2 0.00848 4.75e-10 1.42e-09
66.6 9.2 0.00839 4.75e-10 1.42e-09
66.7 9.2 0.0083 4.5e-10 1.35e-09
66.8 9.2 0.00821 4.5e-10 1.35e-09
66.9 9.2 0.00813 4.5e-10 1.35e-09
67 9.2 0.00804 4.75e-10 1.33e-09
67.1 9.2 0.00795 4.75e-10 1.33e-09
67.2 9.2 0.00787 4.5e-10 1.35e-09
67.3 9.2 0.00778 4.25e-10 1.28e-09
67.4 9.2 0.0077 4.25e-10 1.28e-09
67.5 9.2 0.00762 4.75e-10 1.33e-09
67.6 9.2 0.00753 4.25e-10 1.28e-09
67.7 9.2 0.00745 4.5e-10 1.35e-09
67.8 9.2 0.00737 4.25e-10 1.28e-09
67.9 9.2 0.0073 5e-10 1.3e-09
68 9.2 0.00722 4.25e-10 1.28e-09
68.1 9.2 0.00714 4.25e-10 1.28e-09
68.2 9.2 0.00706 4.25e-10 1.28e-09
68.3 9.2 0.00699 4e-10 1.2e-09
68.4 9.2 0.00691 4e-10 1.2e-09
68.5 9.2 0.00684 4e-10 1.2e-09
68.6 9.2 0.00676 4.25e-10 1.28e-09
68.7 9.2 0.00669 4e-10 1.2e-09
68.8 9.2 0.00662 4e-10 1.2e-09
68.9 9.2 0.00655 4e-10 1.2e-09
69 9.2 0.00648 4e-10 1.2e-09
69.1 9.2 0.00641 4e-10 1.2e-09
69.2 9.2 0.00634 4e-10 1.2e-09
69.3 9.2 0.00627 3.75e-10 1.12e-09
69.4 9.2 0.0062 4e-10 1.1e-09
69.5 9.2 0.00614 4.5e-10 1.05e-09
69.6 9.2 0.00607 6.5e-10 1.15e-09
69.7 9.2 0.00601 5.25e-10 1.17e-09
69.8 9.2 0.00594 4.25e-10 1.07e-09
69.9 9.2 0.00588 5e-10 1.1e-09
70 9.2 0.00582 4.25e-10 1.07e-09
70.1 9.2 0.00575 3.5e-10 1.05e-09
70.2 9.2 0.00569 3.75e-10 1.03e-09
70.3 9.2 0.00563 3.75e-10 1.03e-09
70.4 9.2 0.00557 4e-10 1e-09
70.5 9.2 0.00551 5.5e-10 1.05e-09
70.6 9.2 0.00545 4.25e-10 1.07e-09
70.7 9.2 0.00539 5.5e-10 1.05e-09
70.8 9.2 0.00533 4e-10 1e-09
70.9 9.2 0.00528 3.25e-10 9.75e-10
71 9.2 0.00522 4e-10 1e-09
71.1 9.2 0.00516 3.25e-10 9.75e-10
71.2 9.2 0.00511 3.75e-10 9.25e-10
71.3 9.2 0.00505 3.25e-10 9.75e-10
71.4 9.2 0.005 3.25e-10 9.75e-10
71.5 9.2 0.00495 3e-10 9e-10
71.6 9.2 0.00489 3e-10 9e-10
71.7 9.2 0.00484 3e-10 9e-10
71.8 9.2 0.00479 3.5e-10 9.5e-10
71.9 9.2 0.00474 3e-10 9e-10
72 9.2 0.00468 3.5e-10 9.5e-10
72.1 9.2 0.00463 3e-10 9e-10
72.2 9.2 0.00458 3e-10 9e-10
72.3 9.2 0.00454 3.25e-10 8.75e-10
72.4 9.2 0.00449 3e-10 9e-10
72.5 9.2 0.00444 3e-10 9e-10
72.6 9.2 0.00439 3e-10 9e-10
72.7 9.2 0.00434 2.75e-10 8.25e-10
72.8 9.2 0.0043 2.75e-10 8.25e-10
72.9 9.2 0.00425 3.25e-10 8.75e-10
73 9.2 0.0042 2.75e-10 8.25e-10
73.1 9.2 0.00416 2.75e-10 8.25e-10
73.2 9.2 0.00411 2.75e-10 8.25e-10
73.3 9.2 0.00407 3e-10 8e-10
73.4 9.2 0.00403 2.75e-10 8.25e-10
73.5 9.2 0.00398 3.25e-10 7.75e-10
73.6 9.2 0.00394 3e-10 8e-10
73.7 9.2 0.0039 2.5e-10 7.5e-10
73.8 9.2 0.00386 3e-10 8e-10
73.9 9.2 0.00381 2.5e-10 7.5e-10
74 9.2 0.00377 2.5e-10 7.5e-10
74.1 9.2 0.00373 2.5e-10 7.5e-10
74.2 9.2 0.00369 2.25e-10 6.75e-10
74.3 9.2 0.00365 2.25e-10 6.75e-10
74.4 9.2 0.00361 3e-10 7e-10
74.5 9.2 0.00357 2.5e-10 7.5e-10
74.6 9.2 0.00354 2.5e-10 7.5e-10
74.7 9.2 0.0035 2.25e-10 6.75e-10
74.8 9.2 0.00346 2.75e-10 7.25e-10
74.9 9.2 0.00342 2.25e-10 6.75e-10
75 9.2 0.00339 2.25e-10 6.75e-10
75.1 9.2 0.00335 2.25e-10 6.75e-10
75.2 9.2 0.00331 2.5e-10 6.5e-10
75.3 9.2 0.00328 2.25e-10 6.75e-10
75.4 9.2 0.00324 2e-10 6e-10
75.5 9.2 0.00321 2e-10 6e-10
75.6 9.2 0.00317 2e-10 6e-10
75.7 9.2 0.00314 2.75e-10 6.25e-10
75.8 9.2 0.0031 2e-10 6e-10
75.9 9.2 0.00307 2e-10 6e-10
76 9.2 0.00304 2e-10 6e-10
76.1 9.2 0.00301 2e-10 6e-10
76.2 9.2 0.00297 2e-10 6e-10
76.3 9.2 0.00294 2e-10 6e-10
76.4 9.2 0.00291 2e-10 6e-10
76.5 9.2 0.00288 2e-10 6e-10
76.6 9.2 0.00285 1.75e-10 5.25e-10
76.7 9.2 0.00282 2e-10 6e-10
76.8 9.2 0.00279 1.75e-10 5.25e-10
76.9 9.2 0.00276 2.25e-10 5.75e-10
77 9.2 0.00273 1.75e-10 5.25e-10
77.1 9.2 0.0027 1.75e-10 5.25e-10
77.2 9.2 0.00267 1.75e-10 5.25e-10
77.3 9.2 0.00264 1.75e-10 5.25e-10
77.4 9.2 0.00261 1.75e-10 5.25e-10
77.5 9.2 0.00258 1.75e-10 5.25e-10
77.6 9.2 0.00255 1.75e-10 5.25e-10
77.7 9.2 0.00253 1.75e-10 5.25e-10
77.8 9.2 0.0025 1.75e-10 5.25e-10
77.9 9.2 0.00247 1.75e-10 5.25e-10
78 9.2 0.00245 1.75e-10 5.25e-10
78.1 9.2 0.00242 1.75e-10 5.25e-10
78.2 9.2 0.00239 1.75e-10 5.25e-10
78.3 9.2 0.00237 1.75e-10 5.25e-10
78.4 9.2 0.00234 1.75e-10 5.25e-10
78.5 9.2 0.00232 1.5e-10 4.5e-10
78.6 9.2 0.00229 1.75e-10 5.25e-10
78.7 9.2 0.00227 1.75e-10 5.25e-10
78.8 9.2 0.00224 1.5e-10 4.5e-10
78.9 9.2 0.00222 1.5e-10 4.5e-10
79 9.2 0.00219 1.5e-10 4.5e-10
79.1 9.2 0.00217 1.5e-10 4.5e-10
79.2 9.2 0.00215 1.5e-10 4.5e-10
79.3 9.2 0.00212 1.5e-10 4.5e-10
79.4 9.2 0.0021 1.5e-10 4.5e-10
79.5 9.2 0.00208 1.5e-10 4.5e-10
79.6 9.2 0.00206 1.25e-10 3.75e-10
79.7 9.2 0.00203 1.5e-10 4.5e-10
79.8 9.2 0.00201 1.5e-10 4.5e-10
79.9 9.2 0.00199 1.5e-10 4.5e-10
80 9.2 0.00197 1.25e-10 3.75e-10
80.1 9.2 0.00195 1.25e-10 3.75e-10
80.2 9.2 0.00193 1.25e-10 3.75e-10
80.3 9.2 0.00191 1.5e-10 4.5e-10
80.4 9.2 0.00189 1.25e-10 3.75e-10
80.5 9.2 0.00187 1.25e-10 3.75e-10
80.6 9.2 0.00185 1.25e-10 3.75e-10
80.7 9.2 0.00183 1.25e-10 3.75e-10
80.8 9.2 0.00181 1.25e-10 3.75e-10
80.9 9.2 0.00179 1.25e-10 3.75e-10
81 9.2 0.00177 1.25e-10 3.75e-10
81.1 9.2 0.00175 1.25e-10 3.75e-10
81.2 9.2 0.00173 1.5e-10 3.5e-10
81.3 9.2 0.00171 1.25e-10 3.75e-10
81.4 9.2 0.00169 1.25e-10 3.75e-10
81.5 9.2 0.00167 1.25e-10 3.75e-10
81.6 9.2 0.00166 1.25e-10 3.75e-10
81.7 9.2 0.00164 1.25e-10 3.75e-10
81.8 9.2 0.00162 1e-10 3e-10
81.9 9.2 0.0016 1.25e-10 3.75e-10
82 9.2 0.00159 1.25e-10 3.75e-10
82.1 9.2 0.00157 1e-10 3e-10
82.2 9.2 0.00155 1e-10 3e-10
82.3 9.2 0.00153 1e-10 3e-10
82.4 9.2 0.00152 1.25e-10 3.75e-10
82.5 9.2 0.0015 1.25e-10 3.75e-10
82.6 9.2 0.00149 1e-10 3e-10
82.7 9.2 0.00147 1e-10 3e-10
82.8 9.2 0.00145 1e-10 3e-10
82.9 9.2 0.00144 1e-10 3e-10
83 9.2 0.00142 1e-10 3e-10
83.1 9.2 0.00141 1e-10 3e-10
83.2 9.2 0.00139 1e-10 3e-10
83.3 9.2 0.00138 1e-10 3e-10
83.4 9.2 0.00136 1e-10 3e-10
83.5 9.2 0.00135 1e-10 3e-10
83.6 9.2 0.00133 1e-10 3e-10
83.7 9.2 0.00132 1e-10 3e-10
83.8 9.2 0.0013 1e-10 3e-10
83.9 9.2 0.00129 1e-10 3e-10
84.1 9.2 0.00126 1e-10 3e-10
84.2 9.2 0.00125 1e-10 3e-10
84.3 9.2 0.00123 1e-10 3e-10
84.5 9.2 0.00121 1.25e-10 2.75e-10
84.6 9.2 0.0012 1e-10 3e-10
85 9.2 0.00114 1e-10 3e-10
