-25 0.48 1.43e-20 1.12e-20 1.28e-20
-24.9 0.48 1.76e-20 1.38e-20 1.58e-20
-24.8 0.48 2.17e-20 1.7e-20 1.94e-20
-24.7 0.48 2.67e-20 2.09e-20 2.39e-20
-24.6 0.48 3.29e-20 2.57e-20 2.95e-20
-24.5 0.48 4.05e-20 3.17e-20 3.63e-20
-24.4 0.48 4.99e-20 3.9e-20 4.47e-20
-24.3 0.48 6.14e-20 4.81e-20 5.5e-20
-24.2 0.48 7.56e-20 5.92e-20 6.78e-20
-24.1 0.48 9.31e-20 7.29e-20 8.35e-20
-24 0.48 1.15e-19 8.98e-20 1.03e-19
-23.9 0.48 1.41e-19 1.11e-19 1.27e-19
-23.8 0.48 1.74e-19 1.36e-19 1.56e-19
-23.7 0.48 2.14e-19 1.68e-19 1.92e-19
-23.6 0.48 2.64e-19 2.07e-19 2.37e-19
-23.5 0.48 3.25e-19 2.54e-19 2.91e-19
-23.4 0.48 4e-19 3.13e-19 3.59e-19
-23.3 0.48 4.93e-19 3.86e-19 4.42e-19
-23.2 0.48 6.07e-19 4.75e-19 5.44e-19
-23.1 0.48 7.48e-19 5.85e-19 6.7e-19
-23 0.48 9.21e-19 7.21e-19 8.26e-19
-22.9 0.48 1.13e-18 8.88e-19 1.02e-18
-22.8 0.48 1.4e-18 1.09e-18 1.25e-18
-22.7 0.48 1.72e-18 1.35e-18 1.54e-18
-22.6 0.48 2.12e-18 1.66e-18 1.9e-18
-22.5 0.48 2.61e-18 2.04e-18 2.34e-18
-22.4 0.48 3.22e-18 2.52e-18 2.88e-18
-22.3 0.48 3.96e-18 3.1e-18 3.55e-18
-22.2 0.48 4.88e-18 3.82e-18 4.37e-18
-22.1 0.48 6.01e-18 4.7e-18 5.38e-18
-22 0.48 7.4e-18 5.79e-18 6.63e-18
-21.9 0.48 9.11e-18 7.13e-18 8.17e-18
-21.8 0.48 1.12e-17 8.78e-18 1.01e-17
-21.7 0.48 1.38e-17 1.08e-17 1.24e-17
-21.6 0.48 1.7e-17 1.33e-17 1.53e-17
-21.5 0.48 2.1e-17 1.64e-17 1.88e-17
-21.4 0.48 2.58e-17 2.02e-17 2.31e-17
-21.3 0.48 3.18e-17 2.49e-17 2.85e-17
-21.2 0.48 3.92e-17 3.07e-17 3.51e-17
-21.1 0.48 4.82e-17 3.78e-17 4.32e-17
-21 0.48 5.94e-17 4.65e-17 5.33e-17
-20.9 0.48 7.32e-17 5.73e-17 6.56e-17
-20.8 0.48 9.01e-17 7.05e-17 8.08e-17
-20.7 0.48 1.11e-16 8.69e-17 9.95e-17
-20.6 0.48 1.37e-16 1.07e-16 1.23e-16
-20.5 0.48 1.68e-16 1.32e-16 1.51e-16
-20.4 0.48 2.07e-16 1.62e-16 1.86e-16
-20.3 0.48 2.55e-16 2e-16 2.29e-16
-20.2 0.48 3.15e-16 2.46e-16 2.82e-16
-20.1 0.48 3.87e-16 3.03e-16 3.47e-16
-20 0.48 4.77e-16 3.74e-16 4.28e-16
-19.9 0.48 5.88e-16 4.6e-16 5.27e-16
-19.8 0.48 7.24e-16 5.67e-16 6.49e-16
-19.7 0.48 8.92e-16 6.98e-16 7.99e-16
-19.6 0.48 1.1e-15 8.59e-16 9.84e-16
-19.5 0.48 1.35e-15 1.06e-15 1.21e-15
-19.4 0.48 1.67e-15 1.3e-15 1.49e-15
-19.3 0.48 2.05e-15 1.61e-15 1.84e-15
-19.2 0.48 2.53e-15 1.98e-15 2.26e-15
-19.1 0.48 3.11e-15 2.44e-15 2.79e-15
-19 0.48 3.83e-15 3e-15 3.43e-15
-18.9 0.48 4.72e-15 3.69e-15 4.23e-15
-18.8 0.48 5.81e-15 4.55e-15 5.21e-15
-18.7 0.48 7.16e-15 5.6e-15 6.42e-15
-18.6 0.48 8.82e-15 6.9e-15 7.9e-15
-18.5 0.48 1.09e-14 8.5e-15 9.73e-15
-18.4 0.48 1.34e-14 1.05e-14 1.2e-14
-18.3 0.48 1.65e-14 1.29e-14 1.48e-14
-18.2 0.48 2.03e-14 1.59e-14 1.82e-14
-18.1 0.48 2.5e-14 1.96e-14 2.24e-14
-18 0.48 3.08e-14 2.41e-14 2.76e-14
-17.9 0.48 3.79e-14 2.97e-14 3.4e-14
-17.8 0.48 4.67e-14 3.65e-14 4.18e-14
-17.7 0.48 5.75e-14 4.5e-14 5.15e-14
-17.6 0.48 7.08e-14 5.54e-14 6.35e-14
-17.5 0.48 8.72e-14 6.83e-14 7.82e-14
-17.4 0.48 1.07e-13 8.41e-14 9.63e-14
-17.3 0.48 1.32e-13 1.04e-13 1.19e-13
-17.2 0.48 1.63e-13 1.28e-13 1.46e-13
-17.1 0.48 2.01e-13 1.57e-13 1.8e-13
-17 0.48 2.47e-13 1.93e-13 2.22e-13
-16.9 0.48 3.04e-13 2.38e-13 2.73e-13
-16.8 0.48 3.75e-13 2.94e-13 3.36e-13
-16.7 0.48 4.62e-13 3.61e-13 4.14e-13
-16.6 0.48 5.69e-13 4.45e-13 5.1e-13
-16.5 0.48 7.01e-13 5.48e-13 6.28e-13
-16.4 0.48 8.63e-13 6.75e-13 7.73e-13
-16.3 0.48 1.06e-12 8.32e-13 9.52e-13
-16.2 0.48 1.31e-12 1.02e-12 1.17e-12
-16.1 0.48 1.61e-12 1.26e-12 1.44e-12
-16 0.48 1.99e-12 1.55e-12 1.78e-12
-15.9 0.48 2.45e-12 1.91e-12 2.19e-12
-15.8 0.48 3.01e-12 2.36e-12 2.7e-12
-15.7 0.48 3.71e-12 2.9e-12 3.32e-12
-15.6 0.48 4.57e-12 3.58e-12 4.09e-12
-15.5 0.48 5.63e-12 4.4e-12 5.04e-12
-15.4 0.48 6.93e-12 5.42e-12 6.21e-12
-15.3 0.48 8.54e-12 6.68e-12 7.65e-12
-14 0.48 1.28e-10 1e-10 1.15e-10
-13.9 0.48 1.58e-10 1.23e-10 1.41e-10
-13.8 0.48 1.94e-10 1.52e-10 1.74e-10
-13.7 0.48 2.39e-10 1.87e-10 2.14e-10
-13.6 0.48 2.95e-10 2.31e-10 2.64e-10
-13.5 0.48 3.63e-10 2.84e-10 3.25e-10
-13.4 0.48 4.47e-10 3.5e-10 4.01e-10
-13.3 0.48 5.51e-10 4.31e-10 4.93e-10
-13.2 0.48 6.78e-10 5.31e-10 6.08e-10
-13.1 0.48 8.35e-10 6.54e-10 7.48e-10
-13 0.48 1.03e-09 8.05e-10 9.22e-10
-12.9 0.48 1.27e-09 9.91e-10 1.14e-09
-12.8 0.48 1.56e-09 1.22e-09 1.4e-09
-12.7 0.48 1.92e-09 1.5e-09 1.72e-09
-12.6 0.48 2.37e-09 1.85e-09 2.12e-09
-12.5 0.48 2.91e-09 2.28e-09 2.61e-09
-12.4 0.48 3.59e-09 2.81e-09 3.22e-09
-12.3 0.48 4.42e-09 3.46e-09 3.96e-09
-12.2 0.48 5.45e-09 4.26e-09 4.88e-09
-12.1 0.48 6.71e-09 5.25e-09 6.01e-09
-12 0.48 8.26e-09 6.46e-09 7.4e-09
-11.9 0.48 1.02e-08 7.96e-09 9.12e-09
-11.8 0.48 1.25e-08 9.81e-09 1.12e-08
-11.7 0.48 1.54e-08 1.21e-08 1.38e-08
-11.6 0.48 1.9e-08 1.49e-08 1.7e-08
-11.5 0.48 2.34e-08 1.83e-08 2.1e-08
-11.4 0.48 2.88e-08 2.26e-08 2.58e-08
-11.3 0.48 3.55e-08 2.78e-08 3.18e-08
-11.2 0.48 4.37e-08 3.42e-08 3.92e-08
-11.1 0.48 5.39e-08 4.22e-08 4.83e-08
-11 0.48 6.63e-08 5.19e-08 5.95e-08
-10.9 0.48 8.17e-08 6.39e-08 7.32e-08
-10.8 0.48 1.01e-07 7.88e-08 9.02e-08
-10.7 0.48 1.24e-07 9.7e-08 1.11e-07
-10.6 0.48 1.53e-07 1.19e-07 1.37e-07
-10.5 0.48 1.88e-07 1.47e-07 1.68e-07
-10.4 0.48 2.32e-07 1.81e-07 2.08e-07
-10.3 0.48 2.85e-07 2.23e-07 2.56e-07
-10.2 0.48 3.51e-07 2.75e-07 3.15e-07
-10.1 0.48 4.33e-07 3.39e-07 3.88e-07
-10 0.48 5.33e-07 4.17e-07 4.77e-07
-9.9 0.48 6.56e-07 5.14e-07 5.88e-07
-9.8 0.48 8.08e-07 6.33e-07 7.24e-07
-9.7 0.48 9.95e-07 7.79e-07 8.92e-07
-9.6 0.48 1.23e-06 9.59e-07 1.1e-06
-9.5 0.48 1.51e-06 1.18e-06 1.35e-06
-9.4 0.48 1.86e-06 1.46e-06 1.67e-06
-9.3 0.48 2.29e-06 1.79e-06 2.05e-06
-9.2 0.48 2.82e-06 2.21e-06 2.53e-06
-9.1 0.48 3.47e-06 2.72e-06 3.11e-06
-9 0.48 4.28e-06 3.35e-06 3.83e-06
-8.9 0.48 5.27e-06 4.12e-06 4.72e-06
-8.8 0.48 6.49e-06 5.08e-06 5.82e-06
-8.7 0.48 7.99e-06 6.26e-06 7.16e-06
-8.6 0.48 9.85e-06 7.71e-06 8.82e-06
-8.5 0.48 1.21e-05 9.49e-06 1.09e-05
-8.4 0.48 1.49e-05 1.17e-05 1.34e-05
-8.3 0.48 1.84e-05 1.44e-05 1.65e-05
-8.2 0.48 2.27e-05 1.77e-05 2.03e-05
-8.1 0.48 2.79e-05 2.18e-05 2.5e-05
-8 0.48 3.44e-05 2.69e-05 3.08e-05
-7.9 0.48 4.23e-05 3.31e-05 3.79e-05
-7.8 0.48 5.21e-05 4.08e-05 4.67e-05
-7.7 0.48 6.42e-05 5.02e-05 5.75e-05
-7.6 0.48 7.9e-05 6.19e-05 7.08e-05
-7.5 0.48 9.74e-05 7.62e-05 8.72e-05
-7.4 0.48 0.00012 9.39e-05 0.000107
-7.3 0.48 0.000148 0.000116 0.000132
-7.2 0.48 0.000182 0.000142 0.000163
-7.1 0.48 0.000224 0.000175 0.000201
-7 0.48 0.000276 0.000216 0.000247
-6.9 0.48 0.00034 0.000266 0.000304
-6.8 0.48 0.000418 0.000328 0.000375
-6.7 0.48 0.000515 0.000404 0.000461
-6.6 0.48 0.000634 0.000497 0.000568
-6.5 0.48 0.00078 0.000612 0.000699
-6.4 0.48 0.00096 0.000754 0.00086
-6.3 0.48 0.00118 0.000929 0.00106
-6.2 0.48 0.00145 0.00114 0.0013
-6.1 0.48 0.00179 0.00141 0.0016
-6 0.48 0.0022 0.00174 0.00197
-5.9 0.48 0.0027 0.00214 0.00242
-5.8 0.48 0.00332 0.00263 0.00298
-5.7 0.48 0.00408 0.00325 0.00365
-5.6 0.48 0.00501 0.004 0.00449
-5.5 0.48 0.00615 0.00492 0.0055
-5.4 0.48 0.00754 0.00606 0.00674
-5.3 0.48 0.00923 0.00747 0.00825
-5.2 0.48 0.0113 0.00919 0.0101
-5.1 0.48 0.0138 0.0113 0.0123
-5 0.48 0.0168 0.0139 0.015
-4.9 0.48 0.0205 0.0171 0.0182
-4.8 0.48 0.025 0.0209 0.0221
-4.7 0.48 0.0303 0.0256 0.0267
-4.6 0.48 0.0367 0.0312 0.0321
-4.5 0.48 0.0443 0.0379 0.0384
-4.4 0.48 0.0534 0.0458 0.0457
-4.3 0.48 0.0706 0.0741 0.0604
-4.2 0.48 0.0842 0.0872 0.0706
-4.1 0.48 0.0999 0.101 0.0815
-4 0.48 0.118 0.115 0.0927
-3.9 0.48 0.156 0.137 0.122
-3.8 0.48 0.178 0.141 0.131
-3.7 0.48 0.197 0.13 0.135
-3.6 0.48 0.226 0.173 0.145
-3.5 0.48 0.241 0.156 0.136
-3.4 0.48 0.256 0.169 0.126
-3.3 0.48 0.263 0.176 0.105
-3.2 0.48 0.256 0.172 0.0718
-3.1 0.48 0.233 0.154 0.115
-3 0.48 0.271 0.141 0.0719
-2.9 0.48 0.243 0.12 0.14
-2.8 0.48 0.201 0.0828 0.204
-2.7 0.48 0.082 0.182 0.459
-2.6 0.48 0.0484 0.218 0.432
-2.5 0.48 0.0662 0.203 0.244
-2.4 0.48 -0.0317 0.305 0.512
-2.3 0.48 0.048 0.232 0.546
-2.2 0.48 0.106 0.181 0.316
-2.1 0.48 0.171 0.148 0.298
-2 0.48 0.58 0.893 0.374
-1.9 0.48 0.413 0.485 0.217
-1.8 0.48 0.353 0.218 0.145
-1.7 0.48 0.417 0.132 0.117
-1.6 0.48 0.547 0.531 0.23
-1.5 0.48 0.503 0.42 0.174
-1.4 0.48 0.465 0.133 0.126
-1.3 0.48 0.463 0.104 0.115
-1.2 0.48 0.43 0.111 0.0812
-1.1 0.48 0.343 0.119 0.083
-1 0.48 0.379 0.143 0.159
-0.9 0.48 -2.48 2.99 8.69
-0.8 0.48 5.42 15.4 5.27
-0.7 0.48 0.267 0.154 0.0634
-0.6 0.48 0.324 0.107 0.177
-0.5 0.48 0.355 0.12 0.268
-0.4 0.48 0.386 0.18 0.291
-0.3 0.48 0.42 0.0401 0.0969
-0.2 0.48 0.434 0.0335 0.0687
-0.1 0.48 0.459 0.0473 0.0369
1.11e-16 0.48 0.462 0.0153 0.014
0.1 0.48 0.519 0.257 0.144
0.2 0.48 0.477 0.0588 0.0342
0.3 0.48 0.479 0.0504 0.0302
0.4 0.48 0.534 0.0931 0.103
0.5 0.48 0.491 0.0442 0.0363
0.6 0.48 0.453 0.076 0.0545
0.7 0.48 0.456 0.112 0.109
0.8 0.48 0.455 0.146 0.153
0.9 0.48 0.454 0.171 0.182
1 0.48 0.454 0.179 0.192
1.1 0.48 0.454 0.171 0.182
1.2 0.48 0.455 0.146 0.153
1.3 0.48 0.456 0.112 0.109
1.4 0.48 0.453 0.076 0.0545
1.5 0.48 0.491 0.0442 0.0363
1.6 0.48 0.534 0.0931 0.103
1.7 0.48 0.479 0.0504 0.0302
1.8 0.48 0.477 0.0588 0.0342
1.9 0.48 0.519 0.257 0.144
2 0.48 0.462 0.0153 0.014
2.1 0.48 0.459 0.0473 0.0369
2.2 0.48 0.434 0.0335 0.0687
2.3 0.48 0.42 0.0401 0.0969
2.4 0.48 0.386 0.18 0.291
2.5 0.48 0.355 0.12 0.268
2.6 0.48 0.324 0.107 0.177
2.7 0.48 0.267 0.154 0.0634
2.8 0.48 5.42 15.4 5.27
2.9 0.48 -2.48 2.99 8.69
3 0.48 0.379 0.143 0.159
3.1 0.48 0.343 0.119 0.083
3.2 0.48 0.43 0.111 0.0812
3.3 0.48 0.463 0.104 0.115
3.4 0.48 0.465 0.133 0.126
3.5 0.48 0.503 0.42 0.174
3.6 0.48 0.547 0.531 0.23
3.7 0.48 0.417 0.132 0.117
3.8 0.48 0.353 0.218 0.145
3.9 0.48 0.413 0.485 0.217
4 0.48 0.58 0.893 0.374
4.1 0.48 0.171 0.148 0.298
4.2 0.48 0.106 0.181 0.316
4.3 0.48 0.048 0.232 0.546
4.4 0.48 -0.0317 0.305 0.512
4.5 0.48 0.0662 0.203 0.244
4.6 0.48 0.0484 0.218 0.432
4.7 0.48 0.082 0.182 0.459
4.8 0.48 0.201 0.0828 0.204
4.9 0.48 0.243 0.12 0.14
5 0.48 0.271 0.141 0.0719
5.1 0.48 0.233 0.154 0.115
5.2 0.48 0.256 0.172 0.0718
5.3 0.48 0.263 0.176 0.105
5.4 0.48 0.256 0.169 0.126
5.5 0.48 0.241 0.156 0.136
5.6 0.48 0.226 0.173 0.145
5.7 0.48 0.197 0.13 0.135
5.8 0.48 0.178 0.141 0.131
5.9 0.48 0.156 0.137 0.122
6 0.48 0.118 0.115 0.0927
6.1 0.48 0.0999 0.101 0.0815
6.2 0.48 0.0842 0.0872 0.0706
6.3 0.48 0.0706 0.0741 0.0604
6.4 0.48 0.0534 0.0458 0.0457
6.5 0.48 0.0443 0.0379 0.0384
6.6 0.48 0.0367 0.0312 0.0321
6.7 0.48 0.0303 0.0256 0.0267
6.8 0.48 0.025 0.0209 0.0221
6.9 0.48 0.0205 0.0171 0.0182
7 0.48 0.0168 0.0139 0.015
7.1 0.48 0.0138 0.0113 0.0123
7.2 0.48 0.0113 0.00919 0.0101
7.3 0.48 0.00923 0.00747 0.00825
7.4 0.48 0.00754 0.00606 0.00674
7.5 0.48 0.00615 0.00492 0.0055
7.6 0.48 0.00501 0.004 0.00449
7.7 0.48 0.00408 0.00325 0.00365
7.8 0.48 0.00332 0.00263 0.00298
7.9 0.48 0.0027 0.00214 0.00242
8 0.48 0.0022 0.00174 0.00197
8.1 0.48 0.00179 0.00141 0.0016
8.2 0.48 0.00145 0.00114 0.0013
8.3 0.48 0.00118 0.000929 0.00106
8.4 0.48 0.00096 0.000754 0.00086
8.5 0.48 0.00078 0.000612 0.000699
8.6 0.48 0.000634 0.000497 0.000568
8.7 0.48 0.000515 0.000404 0.000461
8.8 0.48 0.000418 0.000328 0.000375
8.9 0.48 0.00034 0.000266 0.000304
9 0.48 0.000276 0.000216 0.000247
9.1 0.48 0.000224 0.000175 0.000201
9.2 0.48 0.000182 0.000142 0.000163
9.3 0.48 0.000148 0.000116 0.000132
9.4 0.48 0.00012 9.39e-05 0.000107
9.5 0.48 9.74e-05 7.62e-05 8.72e-05
9.6 0.48 7.9e-05 6.19e-05 7.08e-05
9.7 0.48 6.42e-05 5.02e-05 5.75e-05
9.8 0.48 5.21e-05 4.08e-05 4.67e-05
9.9 0.48 4.23e-05 3.31e-05 3.79e-05
10 0.48 3.44e-05 2.69e-05 3.08e-05
10.1 0.48 2.79e-05 2.18e-05 2.5e-05
10.2 0.48 2.27e-05 1.77e-05 2.03e-05
10.3 0.48 1.84e-05 1.44e-05 1.65e-05
10.4 0.48 1.49e-05 1.17e-05 1.34e-05
10.5 0.48 1.21e-05 9.49e-06 1.09e-05
10.6 0.48 9.85e-06 7.71e-06 8.82e-06
10.7 0.48 7.99e-06 6.26e-06 7.16e-06
10.8 0.48 6.49e-06 5.08e-06 5.82e-06
10.9 0.48 5.27e-06 4.12e-06 4.72e-06
11 0.48 4.28e-06 3.35e-06 3.83e-06
11.1 0.48 3.47e-06 2.72e-06 3.11e-06
11.2 0.48 2.82e-06 2.21e-06 2.53e-06
11.3 0.48 2.29e-06 1.79e-06 2.05e-06
11.4 0.48 1.86e-06 1.46e-06 1.67e-06
11.5 0.48 1.51e-06 1.18e-06 1.35e-06
11.6 0.48 1.23e-06 9.59e-07 1.1e-06
11.7 0.48 9.95e-07 7.79e-07 8.92e-07
11.8 0.48 8.08e-07 6.33e-07 7.24e-07
11.9 0.48 6.56e-07 5.14e-07 5.88e-07
12 0.48 5.33e-07 4.17e-07 4.77e-07
12.1 0.48 4.33e-07 3.39e-07 3.88e-07
12.2 0.48 3.51e-07 2.75e-07 3.15e-07
12.3 0.48 2.85e-07 2.23e-07 2.56e-07
12.4 0.48 2.32e-07 1.81e-07 2.08e-07
12.5 0.48 1.88e-07 1.47e-07 1.68e-07
12.6 0.48 1.53e-07 1.19e-07 1.37e-07
12.7 0.48 1.24e-07 9.7e-08 1.11e-07
12.8 0.48 1.01e-07 7.88e-08 9.02e-08
12.9 0.48 8.17e-08 6.39e-08 7.32e-08
13 0.48 6.63e-08 5.19e-08 5.95e-08
13.1 0.48 5.39e-08 4.22e-08 4.83e-08
13.2 0.48 4.37e-08 3.42e-08 3.92e-08
13.3 0.48 3.55e-08 2.78e-08 3.18e-08
13.4 0.48 2.88e-08 2.26e-08 2.58e-08
13.5 0.48 2.34e-08 1.83e-08 2.1e-08
13.6 0.48 1.9e-08 1.49e-08 1.7e-08
13.7 0.48 1.54e-08 1.21e-08 1.38e-08
13.8 0.48 1.25e-08 9.81e-09 1.12e-08
13.9 0.48 1.02e-08 7.96e-09 9.12e-09
14 0.48 8.26e-09 6.46e-09 7.4e-09
14.1 0.48 6.71e-09 5.25e-09 6.01e-09
14.2 0.48 5.45e-09 4.26e-09 4.88e-09
14.3 0.48 4.42e-09 3.46e-09 3.96e-09
14.4 0.48 3.59e-09 2.81e-09 3.22e-09
14.5 0.48 2.91e-09 2.28e-09 2.61e-09
14.6 0.48 2.37e-09 1.85e-09 2.12e-09
14.7 0.48 1.92e-09 1.5e-09 1.72e-09
14.8 0.48 1.56e-09 1.22e-09 1.4e-09
14.9 0.48 1.27e-09 9.91e-10 1.14e-09
15 0.48 1.03e-09 8.05e-10 9.22e-10
15.1 0.48 8.35e-10 6.54e-10 7.48e-10
15.2 0.48 6.78e-10 5.31e-10 6.08e-10
15.3 0.48 5.51e-10 4.31e-10 4.93e-10
15.4 0.48 4.47e-10 3.5e-10 4.01e-10
15.5 0.48 3.63e-10 2.84e-10 3.25e-10
15.6 0.48 2.95e-10 2.31e-10 2.64e-10
15.7 0.48 2.39e-10 1.87e-10 2.14e-10
15.8 0.48 1.94e-10 1.52e-10 1.74e-10
15.9 0.48 1.58e-10 1.23e-10 1.41e-10
16 0.48 1.28e-10 1e-10 1.15e-10
17.3 0.48 8.54e-12 6.68e-12 7.65e-12
17.4 0.48 6.93e-12 5.42e-12 6.21e-12
17.5 0.48 5.63e-12 4.4e-12 5.04e-12
17.6 0.48 4.57e-12 3.58e-12 4.09e-12
17.7 0.48 3.71e-12 2.9e-12 3.32e-12
17.8 0.48 3.01e-12 2.36e-12 2.7e-12
17.9 0.48 2.45e-12 1.91e-12 2.19e-12
18 0.48 1.99e-12 1.55e-12 1.78e-12
18.1 0.48 1.61e-12 1.26e-12 1.44e-12
18.2 0.48 1.31e-12 1.02e-12 1.17e-12
18.3 0.48 1.06e-12 8.32e-13 9.52e-13
18.4 0.48 8.63e-13 6.75e-13 7.73e-13
18.5 0.48 7.01e-13 5.48e-13 6.28e-13
18.6 0.48 5.69e-13 4.45e-13 5.1e-13
18.7 0.48 4.62e-13 3.61e-13 4.14e-13
18.8 0.48 3.75e-13 2.94e-13 3.36e-13
18.9 0.48 3.04e-13 2.38e-13 2.73e-13
19 0.48 2.47e-13 1.93e-13 2.22e-13
19.1 0.48 2.01e-13 1.57e-13 1.8e-13
19.2 0.48 1.63e-13 1.28e-13 1.46e-13
19.3 0.48 1.32e-13 1.04e-13 1.19e-13
19.4 0.48 1.07e-13 8.41e-14 9.63e-14
19.5 0.48 8.72e-14 6.83e-14 7.82e-14
19.6 0.48 7.08e-14 5.54e-14 6.35e-14
19.7 0.48 5.75e-14 4.5e-14 5.15e-14
19.8 0.48 4.67e-14 3.65e-14 4.18e-14
19.9 0.48 3.79e-14 2.97e-14 3.4e-14
20 0.48 3.08e-14 2.41e-14 2.76e-14
20.1 0.48 2.5e-14 1.96e-14 2.24e-14
20.2 0.48 2.03e-14 1.59e-14 1.82e-14
20.3 0.48 1.65e-14 1.29e-14 1.48e-14
20.4 0.48 1.34e-14 1.05e-14 1.2e-14
20.5 0.48 1.09e-14 8.5e-15 9.73e-15
20.6 0.48 8.82e-15 6.9e-15 7.9e-15
20.7 0.48 7.16e-15 5.6e-15 6.42e-15
20.8 0.48 5.81e-15 4.55e-15 5.21e-15
20.9 0.48 4.72e-15 3.69e-15 4.23e-15
21 0.48 3.83e-15 3e-15 3.43e-15
21.1 0.48 3.11e-15 2.44e-15 2.79e-15
21.2 0.48 2.53e-15 1.98e-15 2.26e-15
21.3 0.48 2.05e-15 1.61e-15 1.84e-15
21.4 0.48 1.67e-15 1.3e-15 1.49e-15
21.5 0.48 1.35e-15 1.06e-15 1.21e-15
21.6 0.48 1.1e-15 8.59e-16 9.84e-16
21.7 0.48 8.92e-16 6.98e-16 7.99e-16
21.8 0.48 7.24e-16 5.67e-16 6.49e-16
21.9 0.48 5.88e-16 4.6e-16 5.27e-16
22 0.48 4.77e-16 3.74e-16 4.28e-16
22.1 0.48 3.87e-16 3.03e-16 3.47e-16
22.2 0.48 3.15e-16 2.46e-16 2.82e-16
22.3 0.48 2.55e-16 2e-16 2.29e-16
22.4 0.48 2.07e-16 1.62e-16 1.86e-16
22.5 0.48 1.68e-16 1.32e-16 1.51e-16
22.6 0.48 1.37e-16 1.07e-16 1.23e-16
22.7 0.48 1.11e-16 8.69e-17 9.95e-17
22.8 0.48 9.01e-17 7.05e-17 8.08e-17
22.9 0.48 7.32e-17 5.73e-17 6.56e-17
23 0.48 5.94e-17 4.65e-17 5.33e-17
23.1 0.48 4.82e-17 3.78e-17 4.32e-17
23.2 0.48 3.92e-17 3.07e-17 3.51e-17
23.3 0.48 3.18e-17 2.49e-17 2.85e-17
23.4 0.48 2.58e-17 2.02e-17 2.31e-17
23.5 0.48 2.1e-17 1.64e-17 1.88e-17
23.6 0.48 1.7e-17 1.33e-17 1.53e-17
23.7 0.48 1.38e-17 1.08e-17 1.24e-17
23.8 0.48 1.12e-17 8.78e-18 1.01e-17
23.9 0.48 9.11e-18 7.13e-18 8.17e-18
24 0.48 7.4e-18 5.79e-18 6.63e-18
24.1 0.48 6.01e-18 4.7e-18 5.38e-18
24.2 0.48 4.88e-18 3.82e-18 4.37e-18
24.3 0.48 3.96e-18 3.1e-18 3.55e-18
24.4 0.48 3.22e-18 2.52e-18 2.88e-18
24.5 0.48 2.61e-18 2.04e-18 2.34e-18
24.6 0.48 2.12e-18 1.66e-18 1.9e-18
24.7 0.48 1.72e-18 1.35e-18 1.54e-18
24.8 0.48 1.4e-18 1.09e-18 1.25e-18
24.9 0.48 1.13e-18 8.88e-19 1.02e-18
25 0.48 9.21e-19 7.21e-19 8.26e-19
25.1 0.48 7.48e-19 5.85e-19 6.7e-19
25.2 0.48 6.07e-19 4.75e-19 5.44e-19
25.3 0.48 4.93e-19 3.86e-19 4.42e-19
25.4 0.48 4e-19 3.13e-19 3.59e-19
25.5 0.48 3.25e-19 2.54e-19 2.91e-19
25.6 0.48 2.64e-19 2.07e-19 2.37e-19
25.7 0.48 2.14e-19 1.68e-19 1.92e-19
25.8 0.48 1.74e-19 1.36e-19 1.56e-19
25.9 0.48 1.41e-19 1.11e-19 1.27e-19
26 0.48 1.15e-19 8.98e-20 1.03e-19
26.1 0.48 9.31e-20 7.29e-20 8.35e-20
26.2 0.48 7.56e-20 5.92e-20 6.78e-20
26.3 0.48 6.14e-20 4.81e-20 5.5e-20
26.4 0.48 4.99e-20 3.9e-20 4.47e-20
26.5 0.48 4.05e-20 3.17e-20 3.63e-20
26.6 0.48 3.29e-20 2.57e-20 2.95e-20
26.7 0.48 2.67e-20 2.09e-20 2.39e-20
26.8 0.48 2.17e-20 1.7e-20 1.94e-20
26.9 0.48 1.76e-20 1.38e-20 1.58e-20
27 0.48 1.43e-20 1.12e-20 1.28e-20
27.1 0.48 1.16e-20 9.08e-21 1.04e-20
27.2 0.48 9.42e-21 7.37e-21 8.44e-21
27.3 0.48 7.65e-21 5.98e-21 6.85e-21
27.4 0.48 6.21e-21 4.86e-21 5.56e-21
27.5 0.48 5.04e-21 3.94e-21 4.52e-21
27.6 0.48 4.09e-21 3.2e-21 3.67e-21
27.7 0.48 3.32e-21 2.6e-21 2.98e-21
27.8 0.48 2.7e-21 2.11e-21 2.42e-21
27.9 0.48 2.19e-21 1.71e-21 1.96e-21
28 0.48 1.78e-21 1.39e-21 1.59e-21
28.1 0.48 1.44e-21 1.13e-21 1.29e-21
28.2 0.48 1.17e-21 9.18e-22 1.05e-21
28.3 0.48 9.52e-22 7.45e-22 8.53e-22
28.4 0.48 7.73e-22 6.05e-22 6.93e-22
28.5 0.48 6.28e-22 4.91e-22 5.62e-22
28.6 0.48 5.1e-22 3.99e-22 4.57e-22
28.7 0.48 4.14e-22 3.24e-22 3.71e-22
28.8 0.48 3.36e-22 2.63e-22 3.01e-22
28.9 0.48 2.73e-22 2.13e-22 2.44e-22
29 0.48 2.21e-22 1.73e-22 1.98e-22
29.1 0.48 1.8e-22 1.41e-22 1.61e-22
29.2 0.48 1.46e-22 1.14e-22 1.31e-22
29.3 0.48 1.19e-22 9.28e-23 1.06e-22
29.4 0.48 9.62e-23 7.53e-23 8.63e-23
29.5 0.48 7.81e-23 6.12e-23 7e-23
29.6 0.48 6.34e-23 4.97e-23 5.69e-23
29.7 0.48 5.15e-23 4.03e-23 4.62e-23
29.8 0.48 4.18e-23 3.27e-23 3.75e-23
29.9 0.48 3.4e-23 2.66e-23 3.04e-23
30 0.48 2.76e-23 2.16e-23 2.47e-23
30.1 0.48 2.24e-23 1.75e-23 2.01e-23
30.2 0.48 1.82e-23 1.42e-23 1.63e-23
30.3 0.48 1.48e-23 1.16e-23 1.32e-23
30.4 0.48 1.2e-23 9.38e-24 1.07e-23
30.5 0.48 9.73e-24 7.62e-24 8.72e-24
30.6 0.48 7.9e-24 6.18e-24 7.08e-24
30.7 0.48 6.41e-24 5.02e-24 5.75e-24
30.8 0.48 5.21e-24 4.08e-24 4.67e-24
30.9 0.48 4.23e-24 3.31e-24 3.79e-24
31 0.48 3.43e-24 2.69e-24 3.08e-24
31.1 0.48 2.79e-24 2.18e-24 2.5e-24
31.2 0.48 2.26e-24 1.77e-24 2.03e-24
31.3 0.48 1.84e-24 1.44e-24 1.65e-24
31.4 0.48 1.49e-24 1.17e-24 1.34e-24
31.5 0.48 1.21e-24 9.48e-25 1.09e-24
31.6 0.48 9.84e-25 7.7e-25 8.82e-25
31.7 0.48 7.99e-25 6.25e-25 7.16e-25
31.8 0.48 6.48e-25 5.08e-25 5.81e-25
31.9 0.48 5.27e-25 4.12e-25 4.72e-25
32 0.48 4.28e-25 3.35e-25 3.83e-25
32.1 0.48 3.47e-25 2.72e-25 3.11e-25
32.2 0.48 2.82e-25 2.21e-25 2.53e-25
32.3 0.48 2.29e-25 1.79e-25 2.05e-25
32.4 0.48 1.86e-25 1.45e-25 1.67e-25
32.5 0.48 1.51e-25 1.18e-25 1.35e-25
32.6 0.48 1.22e-25 9.59e-26 1.1e-25
32.7 0.48 9.94e-26 7.78e-26 8.91e-26
32.8 0.48 8.07e-26 6.32e-26 7.24e-26
32.9 0.48 6.56e-26 5.13e-26 5.88e-26
33 0.48 5.32e-26 4.17e-26 4.77e-26
33.1 0.48 4.32e-26 3.38e-26 3.87e-26
33.2 0.48 3.51e-26 2.75e-26 3.14e-26
33.3 0.48 2.85e-26 2.23e-26 2.55e-26
33.4 0.48 2.31e-26 1.81e-26 2.07e-26
33.5 0.48 1.88e-26 1.47e-26 1.68e-26
33.6 0.48 1.53e-26 1.19e-26 1.37e-26
33.7 0.48 1.24e-26 9.69e-27 1.11e-26
33.8 0.48 1.01e-26 7.87e-27 9.01e-27
33.9 0.48 8.16e-27 6.39e-27 7.32e-27
34 0.48 6.63e-27 5.19e-27 5.94e-27
34.1 0.48 5.38e-27 4.21e-27 4.82e-27
34.2 0.48 4.37e-27 3.42e-27 3.92e-27
34.3 0.48 3.55e-27 2.78e-27 3.18e-27
34.4 0.48 2.88e-27 2.25e-27 2.58e-27
34.5 0.48 2.34e-27 1.83e-27 2.1e-27
34.6 0.48 1.9e-27 1.49e-27 1.7e-27
34.7 0.48 1.54e-27 1.21e-27 1.38e-27
34.8 0.48 1.25e-27 9.8e-28 1.12e-27
34.9 0.48 1.02e-27 7.96e-28 9.11e-28
35 0.48 8.25e-28 6.46e-28 7.4e-28
35.1 0.48 6.7e-28 5.24e-28 6.01e-28
35.2 0.48 5.44e-28 4.26e-28 4.88e-28
35.3 0.48 4.42e-28 3.46e-28 3.96e-28
35.4 0.48 3.59e-28 2.81e-28 3.21e-28
35.5 0.48 2.91e-28 2.28e-28 2.61e-28
35.6 0.48 2.36e-28 1.85e-28 2.12e-28
35.7 0.48 1.92e-28 1.5e-28 1.72e-28
35.8 0.48 1.56e-28 1.22e-28 1.4e-28
35.9 0.48 1.27e-28 9.91e-29 1.13e-28
36 0.48 1.03e-28 8.04e-29 9.21e-29
36.1 0.48 8.34e-29 6.53e-29 7.48e-29
36.2 0.48 6.77e-29 5.3e-29 6.07e-29
36.3 0.48 5.5e-29 4.3e-29 4.93e-29
36.4 0.48 4.47e-29 3.5e-29 4e-29
36.5 0.48 3.63e-29 2.84e-29 3.25e-29
36.6 0.48 2.94e-29 2.3e-29 2.64e-29
36.7 0.48 2.39e-29 1.87e-29 2.14e-29
36.8 0.48 1.94e-29 1.52e-29 1.74e-29
36.9 0.48 1.58e-29 1.23e-29 1.41e-29
37 0.48 1.28e-29 1e-29 1.15e-29
37.1 0.48 1.04e-29 8.13e-30 9.31e-30
37.2 0.48 8.44e-30 6.6e-30 7.56e-30
37.3 0.48 6.85e-30 5.36e-30 6.14e-30
37.4 0.48 5.56e-30 4.35e-30 4.98e-30
37.5 0.48 4.51e-30 3.53e-30 4.05e-30
37.6 0.48 3.67e-30 2.87e-30 3.29e-30
37.7 0.48 2.98e-30 2.33e-30 2.67e-30
37.8 0.48 2.42e-30 1.89e-30 2.17e-30
37.9 0.48 1.96e-30 1.54e-30 1.76e-30
38 0.48 1.59e-30 1.25e-30 1.43e-30
38.1 0.48 1.29e-30 1.01e-30 1.16e-30
38.2 0.48 1.05e-30 8.22e-31 9.41e-31
38.3 0.48 8.53e-31 6.67e-31 7.64e-31
38.4 0.48 6.92e-31 5.42e-31 6.2e-31
38.5 0.48 5.62e-31 4.4e-31 5.04e-31
38.6 0.48 4.56e-31 3.57e-31 4.09e-31
38.7 0.48 3.71e-31 2.9e-31 3.32e-31
38.8 0.48 3.01e-31 2.36e-31 2.7e-31
38.9 0.48 2.44e-31 1.91e-31 2.19e-31
39 0.48 1.98e-31 1.55e-31 1.78e-31
39.1 0.48 1.61e-31 1.26e-31 1.44e-31
39.2 0.48 1.31e-31 1.02e-31 1.17e-31
39.3 0.48 1.06e-31 8.31e-32 9.52e-32
39.4 0.48 8.62e-32 6.75e-32 7.73e-32
39.5 0.48 7e-32 5.48e-32 6.27e-32
39.6 0.48 5.68e-32 4.45e-32 5.09e-32
39.7 0.48 4.61e-32 3.61e-32 4.14e-32
39.8 0.48 3.75e-32 2.93e-32 3.36e-32
39.9 0.48 3.04e-32 2.38e-32 2.73e-32
40 0.48 2.47e-32 1.93e-32 2.21e-32
40.1 0.48 2.01e-32 1.57e-32 1.8e-32
40.2 0.48 1.63e-32 1.27e-32 1.46e-32
40.3 0.48 1.32e-32 1.03e-32 1.18e-32
40.4 0.48 1.07e-32 8.4e-33 9.62e-33
40.5 0.48 8.72e-33 6.82e-33 7.81e-33
40.6 0.48 7.08e-33 5.54e-33 6.34e-33
40.7 0.48 5.75e-33 4.5e-33 5.15e-33
40.8 0.48 4.67e-33 3.65e-33 4.18e-33
40.9 0.48 3.79e-33 2.96e-33 3.39e-33
41 0.48 3.08e-33 2.41e-33 2.76e-33
41.1 0.48 2.5e-33 1.95e-33 2.24e-33
41.2 0.48 2.03e-33 1.59e-33 1.82e-33
41.3 0.48 1.65e-33 1.29e-33 1.48e-33
41.4 0.48 1.34e-33 1.05e-33 1.2e-33
41.5 0.48 1.09e-33 8.49e-34 9.73e-34
41.6 0.48 8.81e-34 6.9e-34 7.9e-34
41.7 0.48 7.15e-34 5.6e-34 6.41e-34
41.8 0.48 5.81e-34 4.55e-34 5.21e-34
41.9 0.48 4.72e-34 3.69e-34 4.23e-34
42 0.48 3.83e-34 3e-34 3.43e-34
42.1 0.48 3.11e-34 2.43e-34 2.79e-34
42.2 0.48 2.52e-34 1.98e-34 2.26e-34
42.3 0.48 2.05e-34 1.6e-34 1.84e-34
42.4 0.48 1.66e-34 1.3e-34 1.49e-34
42.5 0.48 1.35e-34 1.06e-34 1.21e-34
42.6 0.48 1.1e-34 8.59e-35 9.83e-35
42.7 0.48 8.91e-35 6.97e-35 7.98e-35
42.8 0.48 7.23e-35 5.66e-35 6.48e-35
42.9 0.48 5.87e-35 4.6e-35 5.26e-35
43 0.48 4.77e-35 3.73e-35 4.27e-35
43.1 0.48 3.87e-35 3.03e-35 3.47e-35
43.2 0.48 3.14e-35 2.46e-35 2.82e-35
43.3 0.48 2.55e-35 2e-35 2.29e-35
43.4 0.48 2.07e-35 1.62e-35 1.86e-35
43.5 0.48 1.68e-35 1.32e-35 1.51e-35
43.6 0.48 1.37e-35 1.07e-35 1.22e-35
43.7 0.48 1.11e-35 8.68e-36 9.94e-36
43.8 0.48 9.01e-36 7.05e-36 8.07e-36
43.9 0.48 7.31e-36 5.72e-36 6.55e-36
44 0.48 5.94e-36 4.65e-36 5.32e-36
44.1 0.48 4.82e-36 3.77e-36 4.32e-36
44.2 0.48 3.91e-36 3.06e-36 3.51e-36
44.3 0.48 3.18e-36 2.49e-36 2.85e-36
44.4 0.48 2.58e-36 2.02e-36 2.31e-36
44.5 0.48 2.1e-36 1.64e-36 1.88e-36
44.6 0.48 1.7e-36 1.33e-36 1.52e-36
44.7 0.48 1.38e-36 1.08e-36 1.24e-36
44.8 0.48 1.12e-36 8.78e-37 1e-36
44.9 0.48 9.11e-37 7.13e-37 8.16e-37
45 0.48 7.39e-37 5.79e-37 6.63e-37
45.1 0.48 6e-37 4.7e-37 5.38e-37
45.2 0.48 4.87e-37 3.81e-37 4.37e-37
45.3 0.48 3.96e-37 3.1e-37 3.55e-37
45.4 0.48 3.21e-37 2.51e-37 2.88e-37
45.5 0.48 2.61e-37 2.04e-37 2.34e-37
45.6 0.48 2.12e-37 1.66e-37 1.9e-37
45.7 0.48 1.72e-37 1.35e-37 1.54e-37
45.8 0.48 1.4e-37 1.09e-37 1.25e-37
45.9 0.48 1.13e-37 8.87e-38 1.02e-37
46 0.48 9.2e-38 7.2e-38 8.25e-38
46.1 0.48 7.47e-38 5.85e-38 6.7e-38
46.2 0.48 6.07e-38 4.75e-38 5.44e-38
46.3 0.48 4.93e-38 3.86e-38 4.42e-38
46.4 0.48 4e-38 3.13e-38 3.59e-38
46.5 0.48 3.25e-38 2.54e-38 2.91e-38
46.6 0.48 2.64e-38 2.06e-38 2.36e-38
46.7 0.48 2.14e-38 1.68e-38 1.92e-38
46.8 0.48 1.74e-38 1.36e-38 1.56e-38
46.9 0.48 1.41e-38 1.1e-38 1.27e-38
47 0.48 1.15e-38 8.97e-39 1.03e-38
47.1 0.48 9.31e-39 7.28e-39 8.34e-39
47.2 0.48 7.56e-39 5.91e-39 6.77e-39
47.3 0.48 6.13e-39 4.8e-39 5.5e-39
47.4 0.48 4.98e-39 3.9e-39 4.46e-39
47.5 0.48 4.04e-39 3.17e-39 3.62e-39
47.6 0.48 3.28e-39 2.57e-39 2.94e-39
47.7 0.48 2.67e-39 2.09e-39 2.39e-39
47.8 0.48 2.16e-39 1.69e-39 1.94e-39
47.9 0.48 1.76e-39 1.38e-39 1.58e-39
48 0.48 1.43e-39 1.12e-39 1.28e-39
48.1 0.48 1.16e-39 9.07e-40 1.04e-39
48.2 0.48 9.41e-40 7.36e-40 8.43e-40
48.3 0.48 7.64e-40 5.98e-40 6.85e-40
48.4 0.48 6.2e-40 4.85e-40 5.56e-40
48.5 0.48 5.04e-40 3.94e-40 4.51e-40
48.6 0.48 4.09e-40 3.2e-40 3.66e-40
48.7 0.48 3.32e-40 2.6e-40 2.98e-40
48.8 0.48 2.7e-40 2.11e-40 2.42e-40
48.9 0.48 2.19e-40 1.71e-40 1.96e-40
49 0.48 1.78e-40 1.39e-40 1.59e-40
49.1 0.48 1.44e-40 1.13e-40 1.29e-40
49.2 0.48 1.17e-40 9.17e-41 1.05e-40
49.3 0.48 9.51e-41 7.44e-41 8.52e-41
49.4 0.48 7.72e-41 6.04e-41 6.92e-41
49.5 0.48 6.27e-41 4.91e-41 5.62e-41
49.6 0.48 5.09e-41 3.98e-41 4.56e-41
49.7 0.48 4.13e-41 3.24e-41 3.7e-41
49.8 0.48 3.36e-41 2.63e-41 3.01e-41
49.9 0.48 2.73e-41 2.13e-41 2.44e-41
50 0.48 2.21e-41 1.73e-41 1.98e-41
50.1 0.48 1.8e-41 1.41e-41 1.61e-41
50.2 0.48 1.46e-41 1.14e-41 1.31e-41
50.3 0.48 1.18e-41 9.27e-42 1.06e-41
50.4 0.48 9.62e-42 7.53e-42 8.62e-42
50.5 0.48 7.81e-42 6.11e-42 7e-42
50.6 0.48 6.34e-42 4.96e-42 5.68e-42
50.7 0.48 5.15e-42 4.03e-42 4.61e-42
50.8 0.48 4.18e-42 3.27e-42 3.75e-42
50.9 0.48 3.39e-42 2.66e-42 3.04e-42
51 0.48 2.76e-42 2.16e-42 2.47e-42
51.1 0.48 2.24e-42 1.75e-42 2e-42
51.2 0.48 1.82e-42 1.42e-42 1.63e-42
51.3 0.48 1.47e-42 1.15e-42 1.32e-42
51.4 0.48 1.2e-42 9.37e-43 1.07e-42
51.5 0.48 9.72e-43 7.61e-43 8.71e-43
51.6 0.48 7.89e-43 6.18e-43 7.07e-43
51.7 0.48 6.41e-43 5.02e-43 5.74e-43
51.8 0.48 5.2e-43 4.07e-43 4.66e-43
51.9 0.48 4.22e-43 3.31e-43 3.79e-43
52 0.48 3.43e-43 2.68e-43 3.07e-43
52.1 0.48 2.79e-43 2.18e-43 2.5e-43
52.2 0.48 2.26e-43 1.77e-43 2.03e-43
52.3 0.48 1.84e-43 1.44e-43 1.65e-43
52.4 0.48 1.49e-43 1.17e-43 1.34e-43
52.5 0.48 1.21e-43 9.47e-44 1.08e-43
52.6 0.48 9.83e-44 7.69e-44 8.81e-44
52.7 0.48 7.98e-44 6.25e-44 7.15e-44
52.8 0.48 6.48e-44 5.07e-44 5.81e-44
52.9 0.48 5.26e-44 4.12e-44 4.71e-44
53 0.48 4.27e-44 3.34e-44 3.83e-44
53.1 0.48 3.47e-44 2.71e-44 3.11e-44
53.2 0.48 2.82e-44 2.2e-44 2.52e-44
53.3 0.48 2.29e-44 1.79e-44 2.05e-44
53.4 0.48 1.86e-44 1.45e-44 1.66e-44
53.5 0.48 1.51e-44 1.18e-44 1.35e-44
53.6 0.48 1.22e-44 9.58e-45 1.1e-44
53.7 0.48 9.94e-45 7.78e-45 8.9e-45
53.8 0.48 8.07e-45 6.31e-45 7.23e-45
53.9 0.48 6.55e-45 5.13e-45 5.87e-45
54 0.48 5.32e-45 4.16e-45 4.77e-45
54.1 0.48 4.32e-45 3.38e-45 3.87e-45
54.2 0.48 3.51e-45 2.74e-45 3.14e-45
54.3 0.48 2.85e-45 2.23e-45 2.55e-45
54.4 0.48 2.31e-45 1.81e-45 2.07e-45
54.5 0.48 1.88e-45 1.47e-45 1.68e-45
54.6 0.48 1.52e-45 1.19e-45 1.37e-45
54.7 0.48 1.24e-45 9.68e-46 1.11e-45
54.8 0.48 1e-45 7.86e-46 9e-46
54.9 0.48 8.16e-46 6.38e-46 7.31e-46
55 0.48 6.62e-46 5.18e-46 5.93e-46
55.1 0.48 5.38e-46 4.21e-46 4.82e-46
55.2 0.48 4.37e-46 3.42e-46 3.91e-46
55.3 0.48 3.54e-46 2.77e-46 3.18e-46
55.4 0.48 2.88e-46 2.25e-46 2.58e-46
55.5 0.48 2.34e-46 1.83e-46 2.09e-46
55.6 0.48 1.9e-46 1.48e-46 1.7e-46
55.7 0.48 1.54e-46 1.21e-46 1.38e-46
55.8 0.48 1.25e-46 9.79e-47 1.12e-46
55.9 0.48 1.02e-46 7.95e-47 9.1e-47
56 0.48 8.25e-47 6.45e-47 7.39e-47
56.1 0.48 6.69e-47 5.24e-47 6e-47
56.2 0.48 5.44e-47 4.25e-47 4.87e-47
56.3 0.48 4.41e-47 3.45e-47 3.96e-47
56.4 0.48 3.58e-47 2.8e-47 3.21e-47
56.5 0.48 2.91e-47 2.28e-47 2.61e-47
56.6 0.48 2.36e-47 1.85e-47 2.12e-47
56.7 0.48 1.92e-47 1.5e-47 1.72e-47
56.8 0.48 1.56e-47 1.22e-47 1.4e-47
56.9 0.48 1.26e-47 9.9e-48 1.13e-47
57 0.48 1.03e-47 8.04e-48 9.2e-48
57.1 0.48 8.34e-48 6.52e-48 7.47e-48
57.2 0.48 6.77e-48 5.3e-48 6.07e-48
57.3 0.48 5.5e-48 4.3e-48 4.92e-48
57.4 0.48 4.46e-48 3.49e-48 4e-48
57.5 0.48 3.62e-48 2.84e-48 3.25e-48
57.6 0.48 2.94e-48 2.3e-48 2.64e-48
57.7 0.48 2.39e-48 1.87e-48 2.14e-48
57.8 0.48 1.94e-48 1.52e-48 1.74e-48
57.9 0.48 1.57e-48 1.23e-48 1.41e-48
58 0.48 1.28e-48 1e-48 1.15e-48
58.1 0.48 1.04e-48 8.12e-49 9.3e-49
58.2 0.48 8.43e-49 6.6e-49 7.55e-49
58.3 0.48 6.84e-49 5.36e-49 6.13e-49
58.4 0.48 5.56e-49 4.35e-49 4.98e-49
58.5 0.48 4.51e-49 3.53e-49 4.04e-49
58.6 0.48 3.66e-49 2.87e-49 3.28e-49
58.7 0.48 2.97e-49 2.33e-49 2.67e-49
58.8 0.48 2.41e-49 1.89e-49 2.16e-49
58.9 0.48 1.96e-49 1.53e-49 1.76e-49
59 0.48 1.59e-49 1.25e-49 1.43e-49
59.1 0.48 1.29e-49 1.01e-49 1.16e-49
59.2 0.48 1.05e-49 8.21e-50 9.4e-50
59.3 0.48 8.52e-50 6.67e-50 7.64e-50
59.4 0.48 6.92e-50 5.41e-50 6.2e-50
59.5 0.48 5.62e-50 4.4e-50 5.03e-50
59.6 0.48 4.56e-50 3.57e-50 4.09e-50
59.7 0.48 3.7e-50 2.9e-50 3.32e-50
59.8 0.48 3.01e-50 2.35e-50 2.69e-50
59.9 0.48 2.44e-50 1.91e-50 2.19e-50
60 0.48 1.98e-50 1.55e-50 1.78e-50
60.1 0.48 1.61e-50 1.26e-50 1.44e-50
60.2 0.48 1.31e-50 1.02e-50 1.17e-50
60.3 0.48 1.06e-50 8.3e-51 9.51e-51
60.4 0.48 8.61e-51 6.74e-51 7.72e-51
60.5 0.48 6.99e-51 5.47e-51 6.27e-51
60.6 0.48 5.68e-51 4.44e-51 5.09e-51
60.7 0.48 4.61e-51 3.61e-51 4.13e-51
60.8 0.48 3.74e-51 2.93e-51 3.35e-51
60.9 0.48 3.04e-51 2.38e-51 2.72e-51
61 0.48 2.47e-51 1.93e-51 2.21e-51
61.1 0.48 2e-51 1.57e-51 1.8e-51
61.2 0.48 1.63e-51 1.27e-51 1.46e-51
61.3 0.48 1.32e-51 1.03e-51 1.18e-51
61.4 0.48 1.07e-51 8.39e-52 9.61e-52
61.5 0.48 8.71e-52 6.82e-52 7.8e-52
61.6 0.48 7.07e-52 5.53e-52 6.34e-52
61.7 0.48 5.74e-52 4.49e-52 5.14e-52
61.8 0.48 4.66e-52 3.65e-52 4.18e-52
61.9 0.48 3.78e-52 2.96e-52 3.39e-52
62 0.48 3.07e-52 2.4e-52 2.75e-52
62.1 0.48 2.49e-52 1.95e-52 2.24e-52
62.2 0.48 2.03e-52 1.59e-52 1.82e-52
62.3 0.48 1.64e-52 1.29e-52 1.47e-52
62.4 0.48 1.34e-52 1.05e-52 1.2e-52
62.5 0.48 1.08e-52 8.49e-53 9.72e-53
62.6 0.48 8.8e-53 6.89e-53 7.89e-53
62.7 0.48 7.15e-53 5.59e-53 6.41e-53
62.8 0.48 5.8e-53 4.54e-53 5.2e-53
62.9 0.48 4.71e-53 3.69e-53 4.22e-53
63 0.48 3.83e-53 2.99e-53 3.43e-53
63.1 0.48 3.11e-53 2.43e-53 2.78e-53
63.2 0.48 2.52e-53 1.97e-53 2.26e-53
63.3 0.48 2.05e-53 1.6e-53 1.84e-53
63.4 0.48 1.66e-53 1.3e-53 1.49e-53
63.5 0.48 1.35e-53 1.06e-53 1.21e-53
63.6 0.48 1.1e-53 8.58e-54 9.82e-54
63.7 0.48 8.9e-54 6.97e-54 7.98e-54
63.8 0.48 7.23e-54 5.66e-54 6.48e-54
63.9 0.48 5.87e-54 4.59e-54 5.26e-54
64 0.48 4.76e-54 3.73e-54 4.27e-54
64.1 0.48 3.87e-54 3.03e-54 3.47e-54
64.2 0.48 3.14e-54 2.46e-54 2.81e-54
64.3 0.48 2.55e-54 2e-54 2.29e-54
64.4 0.48 2.07e-54 1.62e-54 1.86e-54
64.5 0.48 1.68e-54 1.32e-54 1.51e-54
64.6 0.48 1.36e-54 1.07e-54 1.22e-54
64.7 0.48 1.11e-54 8.67e-55 9.93e-55
64.8 0.48 9e-55 7.04e-55 8.06e-55
64.9 0.48 7.31e-55 5.72e-55 6.55e-55
65 0.48 5.93e-55 4.64e-55 5.32e-55
65.1 0.48 4.82e-55 3.77e-55 4.32e-55
65.2 0.48 3.91e-55 3.06e-55 3.5e-55
65.3 0.48 3.18e-55 2.49e-55 2.85e-55
65.4 0.48 2.58e-55 2.02e-55 2.31e-55
65.5 0.48 2.09e-55 1.64e-55 1.88e-55
65.6 0.48 1.7e-55 1.33e-55 1.52e-55
65.7 0.48 1.38e-55 1.08e-55 1.24e-55
65.8 0.48 1.12e-55 8.77e-56 1e-55
65.9 0.48 9.1e-56 7.12e-56 8.15e-56
66 0.48 7.39e-56 5.78e-56 6.62e-56
66.1 0.48 6e-56 4.69e-56 5.37e-56
66.2 0.48 4.87e-56 3.81e-56 4.36e-56
66.3 0.48 3.95e-56 3.09e-56 3.54e-56
66.4 0.48 3.21e-56 2.51e-56 2.88e-56
66.5 0.48 2.61e-56 2.04e-56 2.34e-56
66.6 0.48 2.12e-56 1.66e-56 1.9e-56
66.7 0.48 1.72e-56 1.34e-56 1.54e-56
66.8 0.48 1.4e-56 1.09e-56 1.25e-56
66.9 0.48 1.13e-56 8.87e-57 1.02e-56
67 0.48 9.2e-57 7.2e-57 8.24e-57
67.1 0.48 7.47e-57 5.84e-57 6.69e-57
67.2 0.48 6.06e-57 4.75e-57 5.43e-57
67.3 0.48 4.92e-57 3.85e-57 4.41e-57
67.4 0.48 4e-57 3.13e-57 3.58e-57
67.5 0.48 3.25e-57 2.54e-57 2.91e-57
67.6 0.48 2.63e-57 2.06e-57 2.36e-57
67.7 0.48 2.14e-57 1.67e-57 1.92e-57
67.8 0.48 1.74e-57 1.36e-57 1.56e-57
67.9 0.48 1.41e-57 1.1e-57 1.26e-57
68 0.48 1.15e-57 8.96e-58 1.03e-57
68.1 0.48 9.3e-58 7.28e-58 8.33e-58
68.2 0.48 7.55e-58 5.91e-58 6.77e-58
68.3 0.48 6.13e-58 4.8e-58 5.49e-58
68.4 0.48 4.98e-58 3.9e-58 4.46e-58
68.5 0.48 4.04e-58 3.16e-58 3.62e-58
68.6 0.48 3.28e-58 2.57e-58 2.94e-58
68.7 0.48 2.66e-58 2.08e-58 2.39e-58
68.8 0.48 2.16e-58 1.69e-58 1.94e-58
68.9 0.48 1.76e-58 1.37e-58 1.57e-58
69 0.48 1.43e-58 1.12e-58 1.28e-58
69.1 0.48 1.16e-58 9.06e-59 1.04e-58
69.2 0.48 9.4e-59 7.36e-59 8.42e-59
69.3 0.48 7.63e-59 5.97e-59 6.84e-59
69.4 0.48 6.2e-59 4.85e-59 5.55e-59
69.5 0.48 5.03e-59 3.94e-59 4.51e-59
69.6 0.48 4.09e-59 3.2e-59 3.66e-59
69.7 0.48 3.32e-59 2.6e-59 2.97e-59
69.8 0.48 2.69e-59 2.11e-59 2.41e-59
69.9 0.48 2.19e-59 1.71e-59 1.96e-59
70 0.48 1.78e-59 1.39e-59 1.59e-59
70.1 0.48 1.44e-59 1.13e-59 1.29e-59
70.2 0.48 1.17e-59 9.16e-60 1.05e-59
70.3 0.48 9.5e-60 7.44e-60 8.52e-60
70.4 0.48 7.72e-60 6.04e-60 6.91e-60
70.5 0.48 6.26e-60 4.9e-60 5.61e-60
70.6 0.48 5.09e-60 3.98e-60 4.56e-60
70.7 0.48 4.13e-60 3.23e-60 3.7e-60
70.8 0.48 3.35e-60 2.62e-60 3.01e-60
70.9 0.48 2.72e-60 2.13e-60 2.44e-60
71 0.48 2.21e-60 1.73e-60 1.98e-60
71.1 0.48 1.79e-60 1.4e-60 1.61e-60
71.2 0.48 1.46e-60 1.14e-60 1.31e-60
71.3 0.48 1.18e-60 9.26e-61 1.06e-60
71.4 0.48 9.61e-61 7.52e-61 8.61e-61
71.5 0.48 7.8e-61 6.11e-61 6.99e-61
71.6 0.48 6.33e-61 4.96e-61 5.68e-61
71.7 0.48 5.14e-61 4.02e-61 4.61e-61
71.8 0.48 4.18e-61 3.27e-61 3.74e-61
71.9 0.48 3.39e-61 2.65e-61 3.04e-61
72 0.48 2.75e-61 2.15e-61 2.47e-61
72.1 0.48 2.23e-61 1.75e-61 2e-61
72.2 0.48 1.81e-61 1.42e-61 1.63e-61
72.3 0.48 1.47e-61 1.15e-61 1.32e-61
72.4 0.48 1.2e-61 9.36e-62 1.07e-61
72.5 0.48 9.71e-62 7.6e-62 8.7e-62
72.6 0.48 7.89e-62 6.17e-62 7.07e-62
72.7 0.48 6.4e-62 5.01e-62 5.74e-62
72.8 0.48 5.2e-62 4.07e-62 4.66e-62
72.9 0.48 4.22e-62 3.3e-62 3.78e-62
73 0.48 3.43e-62 2.68e-62 3.07e-62
73.1 0.48 2.78e-62 2.18e-62 2.49e-62
73.2 0.48 2.26e-62 1.77e-62 2.02e-62
73.3 0.48 1.83e-62 1.44e-62 1.64e-62
73.4 0.48 1.49e-62 1.17e-62 1.33e-62
73.5 0.48 1.21e-62 9.47e-63 1.08e-62
73.6 0.48 9.82e-63 7.69e-63 8.8e-63
73.7 0.48 7.97e-63 6.24e-63 7.14e-63
73.8 0.48 6.47e-63 5.07e-63 5.8e-63
73.9 0.48 5.26e-63 4.11e-63 4.71e-63
74 0.48 4.27e-63 3.34e-63 3.82e-63
74.1 0.48 3.46e-63 2.71e-63 3.11e-63
74.2 0.48 2.81e-63 2.2e-63 2.52e-63
74.3 0.48 2.28e-63 1.79e-63 2.05e-63
74.4 0.48 1.85e-63 1.45e-63 1.66e-63
74.5 0.48 1.51e-63 1.18e-63 1.35e-63
74.6 0.48 1.22e-63 9.57e-64 1.1e-63
74.7 0.48 9.93e-64 7.77e-64 8.9e-64
74.8 0.48 8.06e-64 6.31e-64 7.22e-64
74.9 0.48 6.54e-64 5.12e-64 5.86e-64
75 0.48 5.31e-64 4.16e-64 4.76e-64
75.1 0.48 4.31e-64 3.38e-64 3.87e-64
75.2 0.48 3.5e-64 2.74e-64 3.14e-64
75.3 0.48 2.84e-64 2.23e-64 2.55e-64
75.4 0.48 2.31e-64 1.81e-64 2.07e-64
75.5 0.48 1.88e-64 1.47e-64 1.68e-64
75.6 0.48 1.52e-64 1.19e-64 1.36e-64
75.7 0.48 1.24e-64 9.67e-65 1.11e-64
75.8 0.48 1e-64 7.85e-65 8.99e-65
75.9 0.48 8.15e-65 6.38e-65 7.3e-65
76 0.48 6.62e-65 5.18e-65 5.93e-65
76.1 0.48 5.37e-65 4.2e-65 4.81e-65
76.2 0.48 4.36e-65 3.41e-65 3.91e-65
76.3 0.48 3.54e-65 2.77e-65 3.17e-65
76.4 0.48 2.88e-65 2.25e-65 2.58e-65
76.5 0.48 2.33e-65 1.83e-65 2.09e-65
76.6 0.48 1.9e-65 1.48e-65 1.7e-65
76.7 0.48 1.54e-65 1.2e-65 1.38e-65
76.8 0.48 1.25e-65 9.78e-66 1.12e-65
76.9 0.48 1.01e-65 7.94e-66 9.09e-66
77 0.48 8.24e-66 6.45e-66 7.38e-66
77.1 0.48 6.69e-66 5.24e-66 5.99e-66
77.2 0.48 5.43e-66 4.25e-66 4.87e-66
77.3 0.48 4.41e-66 3.45e-66 3.95e-66
77.4 0.48 3.58e-66 2.8e-66 3.21e-66
77.5 0.48 2.91e-66 2.28e-66 2.61e-66
77.6 0.48 2.36e-66 1.85e-66 2.12e-66
77.7 0.48 1.92e-66 1.5e-66 1.72e-66
77.8 0.48 1.56e-66 1.22e-66 1.39e-66
77.9 0.48 1.26e-66 9.89e-67 1.13e-66
78 0.48 1.03e-66 8.03e-67 9.19e-67
78.1 0.48 8.33e-67 6.52e-67 7.46e-67
78.2 0.48 6.76e-67 5.29e-67 6.06e-67
78.3 0.48 5.49e-67 4.3e-67 4.92e-67
78.4 0.48 4.46e-67 3.49e-67 4e-67
78.5 0.48 3.62e-67 2.83e-67 3.24e-67
78.6 0.48 2.94e-67 2.3e-67 2.63e-67
78.7 0.48 2.39e-67 1.87e-67 2.14e-67
78.8 0.48 1.94e-67 1.52e-67 1.74e-67
78.9 0.48 1.57e-67 1.23e-67 1.41e-67
79 0.48 1.28e-67 1e-67 1.14e-67
79.1 0.48 1.04e-67 8.12e-68 9.29e-68
79.2 0.48 8.42e-68 6.59e-68 7.55e-68
79.3 0.48 6.84e-68 5.35e-68 6.13e-68
79.4 0.48 5.55e-68 4.34e-68 4.97e-68
79.5 0.48 4.51e-68 3.53e-68 4.04e-68
79.6 0.48 3.66e-68 2.86e-68 3.28e-68
79.7 0.48 2.97e-68 2.33e-68 2.66e-68
79.8 0.48 2.41e-68 1.89e-68 2.16e-68
79.9 0.48 1.96e-68 1.53e-68 1.76e-68
80 0.48 1.59e-68 1.24e-68 1.43e-68
80.1 0.48 1.29e-68 1.01e-68 1.16e-68
80.2 0.48 1.05e-68 8.21e-69 9.4e-69
80.3 0.48 8.51e-69 6.66e-69 7.63e-69
80.4 0.48 6.91e-69 5.41e-69 6.19e-69
80.5 0.48 5.61e-69 4.39e-69 5.03e-69
80.6 0.48 4.56e-69 3.57e-69 4.08e-69
80.7 0.48 3.7e-69 2.9e-69 3.32e-69
80.8 0.48 3e-69 2.35e-69 2.69e-69
80.9 0.48 2.44e-69 1.91e-69 2.19e-69
81 0.48 1.98e-69 1.55e-69 1.77e-69
81.1 0.48 1.61e-69 1.26e-69 1.44e-69
81.2 0.48 1.31e-69 1.02e-69 1.17e-69
81.3 0.48 1.06e-69 8.3e-70 9.5e-70
81.4 0.48 8.61e-70 6.74e-70 7.71e-70
81.5 0.48 6.99e-70 5.47e-70 6.26e-70
81.6 0.48 5.67e-70 4.44e-70 5.08e-70
81.7 0.48 4.61e-70 3.61e-70 4.13e-70
81.8 0.48 3.74e-70 2.93e-70 3.35e-70
81.9 0.48 3.04e-70 2.38e-70 2.72e-70
82 0.48 2.47e-70 1.93e-70 2.21e-70
82.1 0.48 2e-70 1.57e-70 1.79e-70
82.2 0.48 1.63e-70 1.27e-70 1.46e-70
82.3 0.48 1.32e-70 1.03e-70 1.18e-70
82.4 0.48 1.07e-70 8.39e-71 9.6e-71
82.5 0.48 8.7e-71 6.81e-71 7.8e-71
82.6 0.48 7.06e-71 5.53e-71 6.33e-71
82.7 0.48 5.74e-71 4.49e-71 5.14e-71
82.8 0.48 4.66e-71 3.64e-71 4.17e-71
82.9 0.48 3.78e-71 2.96e-71 3.39e-71
83 0.48 3.07e-71 2.4e-71 2.75e-71
83.1 0.48 2.49e-71 1.95e-71 2.23e-71
83.2 0.48 2.02e-71 1.58e-71 1.81e-71
83.3 0.48 1.64e-71 1.29e-71 1.47e-71
83.4 0.48 1.33e-71 1.04e-71 1.2e-71
83.5 0.48 1.08e-71 8.48e-72 9.71e-72
83.6 0.48 8.8e-72 6.88e-72 7.88e-72
83.7 0.48 7.14e-72 5.59e-72 6.4e-72
83.8 0.48 5.8e-72 4.54e-72 5.2e-72
83.9 0.48 4.71e-72 3.68e-72 4.22e-72
84 0.48 3.82e-72 2.99e-72 3.43e-72
84.1 0.48 3.1e-72 2.43e-72 2.78e-72
84.2 0.48 2.52e-72 1.97e-72 2.26e-72
84.3 0.48 2.05e-72 1.6e-72 1.83e-72
84.4 0.48 1.66e-72 1.3e-72 1.49e-72
84.5 0.48 1.35e-72 1.06e-72 1.21e-72
84.6 0.48 1.1e-72 8.57e-73 9.82e-73
84.7 0.48 8.89e-73 6.96e-73 7.97e-73
84.8 0.48 7.22e-73 5.65e-73 6.47e-73
84.9 0.48 5.86e-73 4.59e-73 5.25e-73
85 0.48 4.76e-73 3.73e-73 4.27e-73
85.1 0.48 3.86e-73 3.02e-73 3.46e-73
85.2 0.48 3.14e-73 2.46e-73 2.81e-73
85.3 0.48 2.55e-73 1.99e-73 2.28e-73
85.4 0.48 2.07e-73 1.62e-73 1.85e-73
85.5 0.48 1.68e-73 1.31e-73 1.51e-73
85.6 0.48 1.36e-73 1.07e-73 1.22e-73
85.7 0.48 1.11e-73 8.67e-74 9.92e-74
85.8 0.48 8.99e-74 7.04e-74 8.06e-74
85.9 0.48 7.3e-74 5.71e-74 6.54e-74
86 0.48 5.93e-74 4.64e-74 5.31e-74
86.1 0.48 4.81e-74 3.77e-74 4.31e-74
86.2 0.48 3.91e-74 3.06e-74 3.5e-74
86.3 0.48 3.17e-74 2.48e-74 2.84e-74
86.4 0.48 2.58e-74 2.02e-74 2.31e-74
86.5 0.48 2.09e-74 1.64e-74 1.87e-74
86.6 0.48 1.7e-74 1.33e-74 1.52e-74
86.7 0.48 1.38e-74 1.08e-74 1.24e-74
86.8 0.48 1.12e-74 8.76e-75 1e-74
86.9 0.48 9.09e-75 7.11e-75 8.15e-75
87 0.48 7.38e-75 5.78e-75 6.61e-75
87.1 0.48 5.99e-75 4.69e-75 5.37e-75
87.2 0.48 4.86e-75 3.81e-75 4.36e-75
87.3 0.48 3.95e-75 3.09e-75 3.54e-75
87.4 0.48 3.21e-75 2.51e-75 2.87e-75
87.5 0.48 2.6e-75 2.04e-75 2.33e-75
87.6 0.48 2.11e-75 1.65e-75 1.89e-75
87.7 0.48 1.72e-75 1.34e-75 1.54e-75
87.8 0.48 1.39e-75 1.09e-75 1.25e-75
87.9 0.48 1.13e-75 8.86e-76 1.01e-75
88 0.48 9.19e-76 7.19e-76 8.23e-76
88.1 0.48 7.46e-76 5.84e-76 6.69e-76
88.2 0.48 6.06e-76 4.74e-76 5.43e-76
88.3 0.48 4.92e-76 3.85e-76 4.41e-76
88.4 0.48 3.99e-76 3.13e-76 3.58e-76
88.5 0.48 3.24e-76 2.54e-76 2.91e-76
88.6 0.48 2.63e-76 2.06e-76 2.36e-76
88.7 0.48 2.14e-76 1.67e-76 1.92e-76
88.8 0.48 1.74e-76 1.36e-76 1.56e-76
88.9 0.48 1.41e-76 1.1e-76 1.26e-76
89 0.48 1.14e-76 8.95e-77 1.03e-76
89.1 0.48 9.29e-77 7.27e-77 8.33e-77
89.2 0.48 7.54e-77 5.9e-77 6.76e-77
89.3 0.48 6.12e-77 4.79e-77 5.49e-77
89.4 0.48 4.97e-77 3.89e-77 4.46e-77
89.5 0.48 4.04e-77 3.16e-77 3.62e-77
89.6 0.48 3.28e-77 2.57e-77 2.94e-77
89.7 0.48 2.66e-77 2.08e-77 2.39e-77
89.8 0.48 2.16e-77 1.69e-77 1.94e-77
89.9 0.48 1.75e-77 1.37e-77 1.57e-77
90 0.48 1.42e-77 1.11e-77 1.28e-77
90.1 0.48 1.16e-77 9.05e-78 1.04e-77
90.2 0.48 9.39e-78 7.35e-78 8.42e-78
90.3 0.48 7.63e-78 5.97e-78 6.83e-78
90.4 0.48 6.19e-78 4.85e-78 5.55e-78
90.5 0.48 5.03e-78 3.93e-78 4.5e-78
90.6 0.48 4.08e-78 3.19e-78 3.66e-78
90.7 0.48 3.31e-78 2.59e-78 2.97e-78
90.8 0.48 2.69e-78 2.11e-78 2.41e-78
90.9 0.48 2.18e-78 1.71e-78 1.96e-78
91 0.48 1.77e-78 1.39e-78 1.59e-78
91.1 0.48 1.44e-78 1.13e-78 1.29e-78
91.2 0.48 1.17e-78 9.15e-79 1.05e-78
91.3 0.48 9.49e-79 7.43e-79 8.51e-79
91.4 0.48 7.71e-79 6.03e-79 6.91e-79
91.5 0.48 6.26e-79 4.9e-79 5.61e-79
91.6 0.48 5.08e-79 3.98e-79 4.55e-79
91.7 0.48 4.13e-79 3.23e-79 3.7e-79
91.8 0.48 3.35e-79 2.62e-79 3e-79
91.9 0.48 2.72e-79 2.13e-79 2.44e-79
92 0.48 2.21e-79 1.73e-79 1.98e-79
92.1 0.48 1.79e-79 1.4e-79 1.61e-79
92.2 0.48 1.46e-79 1.14e-79 1.3e-79
92.3 0.48 1.18e-79 9.25e-80 1.06e-79
92.4 0.48 9.6e-80 7.51e-80 8.6e-80
92.5 0.48 7.79e-80 6.1e-80 6.98e-80
92.6 0.48 6.33e-80 4.95e-80 5.67e-80
92.7 0.48 5.14e-80 4.02e-80 4.6e-80
92.8 0.48 4.17e-80 3.26e-80 3.74e-80
92.9 0.48 3.39e-80 2.65e-80 3.04e-80
93 0.48 2.75e-80 2.15e-80 2.46e-80
93.1 0.48 2.23e-80 1.75e-80 2e-80
93.2 0.48 1.81e-80 1.42e-80 1.62e-80
93.3 0.48 1.47e-80 1.15e-80 1.32e-80
93.4 0.48 1.2e-80 9.35e-81 1.07e-80
93.5 0.48 9.7e-81 7.6e-81 8.7e-81
93.6 0.48 7.88e-81 6.17e-81 7.06e-81
93.7 0.48 6.4e-81 5.01e-81 5.73e-81
93.8 0.48 5.19e-81 4.07e-81 4.65e-81
93.9 0.48 4.22e-81 3.3e-81 3.78e-81
94 0.48 3.42e-81 2.68e-81 3.07e-81
94.1 0.48 2.78e-81 2.18e-81 2.49e-81
94.2 0.48 2.26e-81 1.77e-81 2.02e-81
94.3 0.48 1.83e-81 1.43e-81 1.64e-81
94.4 0.48 1.49e-81 1.16e-81 1.33e-81
94.5 0.48 1.21e-81 9.46e-82 1.08e-81
94.6 0.48 9.81e-82 7.68e-82 8.79e-82
94.7 0.48 7.97e-82 6.23e-82 7.14e-82
94.8 0.48 6.47e-82 5.06e-82 5.8e-82
94.9 0.48 5.25e-82 4.11e-82 4.71e-82
95 0.48 4.26e-82 3.34e-82 3.82e-82
95.1 0.48 3.46e-82 2.71e-82 3.1e-82
95.2 0.48 2.81e-82 2.2e-82 2.52e-82
95.3 0.48 2.28e-82 1.79e-82 2.05e-82
95.4 0.48 1.85e-82 1.45e-82 1.66e-82
95.5 0.48 1.5e-82 1.18e-82 1.35e-82
95.6 0.48 1.22e-82 9.56e-83 1.09e-82
95.7 0.48 9.92e-83 7.76e-83 8.89e-83
95.8 0.48 8.05e-83 6.3e-83 7.22e-83
95.9 0.48 6.54e-83 5.12e-83 5.86e-83
96 0.48 5.31e-83 4.16e-83 4.76e-83
96.1 0.48 4.31e-83 3.37e-83 3.86e-83
96.2 0.48 3.5e-83 2.74e-83 3.14e-83
96.3 0.48 2.84e-83 2.22e-83 2.55e-83
96.4 0.48 2.31e-83 1.81e-83 2.07e-83
96.5 0.48 1.87e-83 1.47e-83 1.68e-83
96.6 0.48 1.52e-83 1.19e-83 1.36e-83
96.7 0.48 1.24e-83 9.67e-84 1.11e-83
96.8 0.48 1e-83 7.85e-84 8.99e-84
96.9 0.48 8.14e-84 6.37e-84 7.3e-84
97 0.48 6.61e-84 5.17e-84 5.92e-84
97.1 0.48 5.37e-84 4.2e-84 4.81e-84
97.2 0.48 4.36e-84 3.41e-84 3.91e-84
97.3 0.48 3.54e-84 2.77e-84 3.17e-84
97.4 0.48 2.87e-84 2.25e-84 2.57e-84
97.5 0.48 2.33e-84 1.83e-84 2.09e-84
97.6 0.48 1.89e-84 1.48e-84 1.7e-84
97.7 0.48 1.54e-84 1.2e-84 1.38e-84
97.8 0.48 1.25e-84 9.77e-85 1.12e-84
97.9 0.48 1.01e-84 7.93e-85 9.08e-85
98 0.48 8.23e-85 6.44e-85 7.38e-85
98.1 0.48 6.68e-85 5.23e-85 5.99e-85
98.2 0.48 5.43e-85 4.25e-85 4.86e-85
98.3 0.48 4.41e-85 3.45e-85 3.95e-85
98.4 0.48 3.58e-85 2.8e-85 3.21e-85
98.5 0.48 2.9e-85 2.27e-85 2.6e-85
98.6 0.48 2.36e-85 1.85e-85 2.11e-85
98.7 0.48 1.91e-85 1.5e-85 1.72e-85
98.8 0.48 1.55e-85 1.22e-85 1.39e-85
98.9 0.48 1.26e-85 9.88e-86 1.13e-85
99 0.48 1.02e-85 8.02e-86 9.18e-86
99.1 0.48 8.32e-86 6.51e-86 7.46e-86
99.2 0.48 6.76e-86 5.29e-86 6.05e-86
99.3 0.48 5.49e-86 4.29e-86 4.92e-86
99.4 0.48 4.45e-86 3.49e-86 3.99e-86
99.5 0.48 3.62e-86 2.83e-86 3.24e-86
99.6 0.48 2.94e-86 2.3e-86 2.63e-86
99.7 0.48 2.38e-86 1.87e-86 2.14e-86
99.8 0.48 1.94e-86 1.52e-86 1.73e-86
99.9 0.48 1.57e-86 1.23e-86 1.41e-86
