-25 1.6 9.56e-07 2.95e-09 5.82e-09
-24.9 1.6 1.02e-06 3.14e-09 6.19e-09
-24.8 1.6 1.08e-06 3.35e-09 6.59e-09
-24.7 1.6 1.15e-06 3.56e-09 7.02e-09
-24.6 1.6 1.23e-06 3.79e-09 7.47e-09
-24.5 1.6 1.31e-06 4.04e-09 7.95e-09
-24.4 1.6 1.39e-06 4.3e-09 8.47e-09
-24.3 1.6 1.48e-06 4.57e-09 9.01e-09
-24.2 1.6 1.58e-06 4.87e-09 9.59e-09
-24.1 1.6 1.68e-06 5.18e-09 1.02e-08
-24 1.6 1.79e-06 5.52e-09 1.09e-08
-23.9 1.6 1.9e-06 5.87e-09 1.16e-08
-23.8 1.6 2.02e-06 6.25e-09 1.23e-08
-23.7 1.6 2.16e-06 6.65e-09 1.31e-08
-23.6 1.6 2.29e-06 7.08e-09 1.4e-08
-23.5 1.6 2.44e-06 7.54e-09 1.49e-08
-23.4 1.6 2.6e-06 8.03e-09 1.58e-08
-23.3 1.6 2.77e-06 8.54e-09 1.68e-08
-23.2 1.6 2.95e-06 9.1e-09 1.79e-08
-23.1 1.6 3.14e-06 9.68e-09 1.91e-08
-23 1.6 3.34e-06 1.03e-08 2.03e-08
-22.9 1.6 3.55e-06 1.1e-08 2.16e-08
-22.8 1.6 3.78e-06 1.17e-08 2.3e-08
-22.7 1.6 4.03e-06 1.24e-08 2.45e-08
-22.6 1.6 4.29e-06 1.32e-08 2.61e-08
-22.5 1.6 4.56e-06 1.41e-08 2.78e-08
-22.4 1.6 4.86e-06 1.5e-08 2.95e-08
-22.3 1.6 5.17e-06 1.6e-08 3.15e-08
-22.2 1.6 5.5e-06 1.7e-08 3.35e-08
-22.1 1.6 5.86e-06 1.81e-08 3.56e-08
-22 1.6 6.24e-06 1.93e-08 3.79e-08
-21.9 1.6 6.64e-06 2.05e-08 4.04e-08
-21.8 1.6 7.07e-06 2.18e-08 4.3e-08
-21.7 1.6 7.52e-06 2.32e-08 4.58e-08
-21.6 1.6 8.01e-06 2.47e-08 4.87e-08
-21.5 1.6 8.52e-06 2.63e-08 5.19e-08
-21.4 1.6 9.07e-06 2.8e-08 5.52e-08
-21.3 1.6 9.66e-06 2.98e-08 5.88e-08
-21.2 1.6 1.03e-05 3.17e-08 6.25e-08
-21.1 1.6 1.09e-05 3.38e-08 6.66e-08
-21 1.6 1.17e-05 3.6e-08 7.09e-08
-20.9 1.6 1.24e-05 3.83e-08 7.54e-08
-20.8 1.6 1.32e-05 4.07e-08 8.03e-08
-20.7 1.6 1.41e-05 4.34e-08 8.55e-08
-20.6 1.6 1.5e-05 4.62e-08 9.1e-08
-20.5 1.6 1.59e-05 4.91e-08 9.68e-08
-20.4 1.6 1.7e-05 5.23e-08 1.03e-07
-20.3 1.6 1.8e-05 5.57e-08 1.1e-07
-20.2 1.6 1.92e-05 5.93e-08 1.17e-07
-20.1 1.6 2.04e-05 6.31e-08 1.24e-07
-20 1.6 2.18e-05 6.72e-08 1.32e-07
-19.9 1.6 2.32e-05 7.15e-08 1.41e-07
-19.8 1.6 2.47e-05 7.61e-08 1.5e-07
-19.7 1.6 2.63e-05 8.1e-08 1.6e-07
-19.6 1.6 2.79e-05 8.62e-08 1.7e-07
-19.5 1.6 2.97e-05 9.18e-08 1.81e-07
-19.4 1.6 3.17e-05 9.77e-08 1.92e-07
-19.3 1.6 3.37e-05 1.04e-07 2.05e-07
-19.2 1.6 3.59e-05 1.11e-07 2.18e-07
-19.1 1.6 3.82e-05 1.18e-07 2.32e-07
-19 1.6 4.07e-05 1.25e-07 2.47e-07
-18.9 1.6 4.33e-05 1.33e-07 2.63e-07
-18.8 1.6 4.61e-05 1.42e-07 2.8e-07
-18.7 1.6 4.9e-05 1.51e-07 2.98e-07
-18.6 1.6 5.22e-05 1.61e-07 3.17e-07
-18.5 1.6 5.56e-05 1.71e-07 3.37e-07
-18.4 1.6 5.92e-05 1.82e-07 3.59e-07
-18.3 1.6 6.3e-05 1.94e-07 3.82e-07
-18.2 1.6 6.7e-05 2.06e-07 4.07e-07
-18.1 1.6 7.14e-05 2.2e-07 4.33e-07
-18 1.6 7.6e-05 2.34e-07 4.61e-07
-17.9 1.6 8.09e-05 2.49e-07 4.9e-07
-17.8 1.6 8.61e-05 2.65e-07 5.22e-07
-17.7 1.6 9.16e-05 2.82e-07 5.56e-07
-17.6 1.6 9.75e-05 3e-07 5.91e-07
-17.5 1.6 0.000104 3.19e-07 6.29e-07
-17.4 1.6 0.000111 3.4e-07 6.7e-07
-17.3 1.6 0.000118 3.62e-07 7.13e-07
-17.2 1.6 0.000125 3.85e-07 7.58e-07
-17.1 1.6 0.000133 4.09e-07 8.07e-07
-17 1.6 0.000142 4.36e-07 8.59e-07
-16.9 1.6 0.000151 4.64e-07 9.14e-07
-16.8 1.6 0.000161 4.93e-07 9.72e-07
-16.7 1.6 0.000171 5.25e-07 1.03e-06
-16.6 1.6 0.000182 5.58e-07 1.1e-06
-16.5 1.6 0.000194 5.94e-07 1.17e-06
-16.4 1.6 0.000206 6.32e-07 1.25e-06
-16.3 1.6 0.00022 6.72e-07 1.33e-06
-16.2 1.6 0.000234 7.15e-07 1.41e-06
-16.1 1.6 0.000249 7.61e-07 1.5e-06
-16 1.6 0.000265 8.1e-07 1.6e-06
-15.9 1.6 0.000282 8.61e-07 1.7e-06
-15.8 1.6 0.0003 9.16e-07 1.81e-06
-15.7 1.6 0.00032 9.74e-07 1.92e-06
-15.6 1.6 0.00034 1.04e-06 2.04e-06
-15.5 1.6 0.000362 1.1e-06 2.17e-06
-15.4 1.6 0.000385 1.17e-06 2.31e-06
-15.3 1.6 0.00041 1.25e-06 2.46e-06
-15.2 1.6 0.000437 1.32e-06 2.61e-06
-15.1 1.6 0.000465 1.41e-06 2.78e-06
-15 1.6 0.000495 1.5e-06 2.95e-06
-14.9 1.6 0.000527 1.59e-06 3.14e-06
-14.8 1.6 0.000561 1.69e-06 3.34e-06
-14.7 1.6 0.000597 1.8e-06 3.55e-06
-14.6 1.6 0.000635 1.91e-06 3.77e-06
-14.5 1.6 0.000676 2.03e-06 4.01e-06
-14.4 1.6 0.000719 2.16e-06 4.26e-06
-14.3 1.6 0.000766 2.29e-06 4.52e-06
-14.2 1.6 0.000815 2.43e-06 4.8e-06
-14.1 1.6 0.000867 2.59e-06 5.1e-06
-14 1.6 0.000923 2.75e-06 5.42e-06
-13.9 1.6 0.000983 2.92e-06 5.75e-06
-13.8 1.6 0.00105 3.09e-06 6.11e-06
-13.7 1.6 0.00111 3.28e-06 6.48e-06
-13.6 1.6 0.00118 3.49e-06 6.88e-06
-13.5 1.6 0.00126 3.7e-06 7.3e-06
-13.4 1.6 0.00134 3.92e-06 7.74e-06
-13.3 1.6 0.00143 4.16e-06 8.21e-06
-13.2 1.6 0.00152 4.41e-06 8.7e-06
-13.1 1.6 0.00162 4.67e-06 9.23e-06
-13 1.6 0.00172 4.95e-06 9.78e-06
-12.9 1.6 0.00183 5.25e-06 1.04e-05
-12.8 1.6 0.00195 5.56e-06 1.1e-05
-12.7 1.6 0.00207 5.88e-06 1.16e-05
-12.6 1.6 0.00221 6.22e-06 1.23e-05
-12.5 1.6 0.00235 6.58e-06 1.3e-05
-12.4 1.6 0.0025 6.96e-06 1.37e-05
-12.3 1.6 0.00266 7.36e-06 1.45e-05
-12.2 1.6 0.00283 7.77e-06 1.54e-05
-12.1 1.6 0.00301 8.21e-06 1.62e-05
-12 1.6 0.0032 8.66e-06 1.71e-05
-11.9 1.6 0.00341 9.14e-06 1.8e-05
-11.8 1.6 0.00362 9.63e-06 1.9e-05
-11.7 1.6 0.00386 1.01e-05 2e-05
-11.6 1.6 0.0041 1.07e-05 2.11e-05
-11.5 1.6 0.00436 1.12e-05 2.22e-05
-11.4 1.6 0.00464 1.18e-05 2.33e-05
-11.3 1.6 0.00494 1.24e-05 2.44e-05
-11.2 1.6 0.00525 1.3e-05 2.56e-05
-11.1 1.6 0.00558 1.36e-05 2.69e-05
-11 1.6 0.00594 1.43e-05 2.81e-05
-10.9 1.6 0.00631 1.49e-05 2.94e-05
-10.8 1.6 0.00671 1.56e-05 3.06e-05
-10.7 1.6 0.00714 1.63e-05 3.19e-05
-10.6 1.6 0.00759 1.7e-05 3.32e-05
-10.5 1.6 0.00807 1.76e-05 3.45e-05
-10.4 1.6 0.00858 1.83e-05 3.57e-05
-10.3 1.6 0.00912 1.9e-05 3.7e-05
-10.2 1.6 0.00969 1.97e-05 3.81e-05
-10.1 1.6 0.0103 2.03e-05 3.92e-05
-10 1.6 0.0109 2.1e-05 4.03e-05
-9.9 1.6 0.0116 2.16e-05 4.12e-05
-9.8 1.6 0.0123 2.21e-05 4.2e-05
-9.7 1.6 0.0131 2.27e-05 4.26e-05
-9.6 1.6 0.0139 2.32e-05 4.31e-05
-9.5 1.6 0.0148 2.36e-05 4.33e-05
-9.4 1.6 0.0157 2.4e-05 4.33e-05
-9.3 1.6 0.0167 2.43e-05 4.3e-05
-9.2 1.6 0.0177 2.45e-05 4.24e-05
-9.1 1.6 0.0188 2.47e-05 4.13e-05
-9 1.6 0.0199 2.48e-05 3.99e-05
-8.9 1.6 0.0211 2.48e-05 3.8e-05
-8.8 1.6 0.0224 2.48e-05 3.56e-05
-8.7 1.6 0.0238 2.47e-05 3.25e-05
-8.6 1.6 0.0252 2.46e-05 2.89e-05
-8.5 1.6 0.0267 2.45e-05 2.46e-05
-8.4 1.6 0.0283 2.45e-05 2.33e-05
-8.3 1.6 0.03 2.88e-05 2.57e-05
-8.2 1.6 0.0318 2.84e-05 3.39e-05
-8.1 1.6 0.0336 2.83e-05 4.31e-05
-8 1.6 0.0356 2.87e-05 5.35e-05
-7.9 1.6 0.0377 2.98e-05 6.51e-05
-7.8 1.6 0.0399 3.21e-05 7.82e-05
-7.7 1.6 0.0421 3.61e-05 9.29e-05
-7.6 1.6 0.0446 4.31e-05 0.000109
-7.5 1.6 0.0471 5.32e-05 0.000128
-7.4 1.6 0.0497 6.96e-05 0.00015
-7.3 1.6 0.0525 9.2e-05 0.000179
-7.2 1.6 0.0555 0.000126 0.00022
-7.1 1.6 0.0586 0.000189 0.000272
-7 1.6 0.0618 0.00032 0.000349
-6.9 1.6 0.0652 0.000696 0.000449
-6.8 1.6 0.0693 0.00242 0.00104
-6.7 1.6 0.071 0.00122 0.00298
-6.6 1.6 0.0754 0.000619 0.00111
-6.5 1.6 0.0795 0.000519 0.000744
-6.4 1.6 0.0836 0.000488 0.000591
-6.3 1.6 0.0879 0.000477 0.000505
-6.2 1.6 0.0925 0.000563 0.00068
-6.1 1.6 0.0972 0.000622 0.000689
-6 1.6 0.102 0.000686 0.000708
-5.9 1.6 0.107 0.000753 0.000733
-5.8 1.6 0.112 0.000821 0.00076
-5.7 1.6 0.117 0.000889 0.000788
-5.6 1.6 0.123 0.000954 0.000815
-5.5 1.6 0.128 0.00102 0.000839
-5.4 1.6 0.134 0.00121 0.000719
-5.3 1.6 0.14 0.00128 0.000718
-5.2 1.6 0.146 0.00133 0.000711
-5.1 1.6 0.152 0.00137 0.000696
-5 1.6 0.159 0.0014 0.000673
-4.9 1.6 0.165 0.000766 0.000386
-4.8 1.6 0.172 0.000693 0.000428
-4.7 1.6 0.179 0.000605 0.000467
-4.6 1.6 0.186 0.000501 0.000501
-4.5 1.6 0.193 0.000351 0.000344
-4.4 1.6 0.2 0.000418 0.000443
-4.3 1.6 0.207 0.000487 0.000546
-4.2 1.6 0.215 0.000559 0.000652
-4.1 1.6 0.223 0.000636 0.000764
-4 1.6 0.231 0.00072 0.000884
-3.9 1.6 0.239 0.00082 0.00102
-3.8 1.6 0.247 0.000916 0.000971
-3.7 1.6 0.255 0.00116 0.00127
-3.6 1.6 0.264 0.00149 0.00161
-3.5 1.6 0.272 0.00192 0.00195
-3.4 1.6 0.281 0.00232 0.00218
-3.3 1.6 0.289 0.00229 0.00236
-3.2 1.6 0.298 0.00169 0.00176
-3.1 1.6 0.306 0.00195 0.00178
-3 1.6 0.314 0.0017 0.00174
-2.9 1.6 0.322 0.00152 0.00174
-2.8 1.6 0.331 0.00141 0.00176
-2.7 1.6 0.339 0.00108 0.00203
-2.6 1.6 0.348 0.000989 0.00209
-2.5 1.6 0.356 0.000913 0.00213
-2.4 1.6 0.365 0.000629 0.001
-2.3 1.6 0.373 0.000686 0.000832
-2.2 1.6 0.382 0.000728 0.000647
-2.1 1.6 0.39 0.000694 0.000615
-2 1.6 0.398 0.000834 0.000761
-1.9 1.6 0.406 0.000967 0.000926
-1.8 1.6 0.414 0.0011 0.00112
-1.7 1.6 0.422 0.00123 0.00136
-1.6 1.6 0.429 0.00137 0.00167
-1.5 1.6 0.436 0.00153 0.00211
-1.4 1.6 0.443 0.00177 0.00281
-1.3 1.6 0.45 0.00183 0.00409
-1.2 1.6 0.455 0.00318 0.00798
-1.1 1.6 0.389 0.0765 0.228
-1 1.6 0.473 0.00771 0.00331
-0.9 1.6 0.478 0.00343 0.00176
-0.8 1.6 0.484 0.00201 0.00103
-0.7 1.6 0.489 0.00144 0.00068
-0.6 1.6 0.494 0.0023 0.0012
-0.5 1.6 0.498 0.00142 0.00379
-0.4 1.6 0.504 0.00273 0.00192
-0.3 1.6 0.507 0.000682 0.000476
-0.2 1.6 0.512 8.58e-05 0.000206
-0.1 1.6 0.515 0.000204 0.000461
1.11e-16 1.6 0.519 0.000333 0.000697
0.1 1.6 0.522 0.000465 0.000921
0.2 1.6 0.525 0.000591 0.00113
0.3 1.6 0.528 0.00069 0.00046
0.4 1.6 0.53 0.000838 0.000562
0.5 1.6 0.532 0.000966 0.000672
0.6 1.6 0.534 0.00107 0.000765
0.7 1.6 0.535 0.00116 0.000839
0.8 1.6 0.536 0.00122 0.000894
0.9 1.6 0.536 0.00126 0.000927
1 1.6 0.536 0.00127 0.000938
1.1 1.6 0.536 0.00126 0.000927
1.2 1.6 0.536 0.00122 0.000894
1.3 1.6 0.535 0.00116 0.000839
1.4 1.6 0.534 0.00107 0.000765
1.5 1.6 0.532 0.000966 0.000672
1.6 1.6 0.53 0.000838 0.000562
1.7 1.6 0.528 0.00069 0.00046
1.8 1.6 0.525 0.000591 0.00113
1.9 1.6 0.522 0.000465 0.000921
2 1.6 0.519 0.000333 0.000697
2.1 1.6 0.515 0.000204 0.000461
2.2 1.6 0.512 8.58e-05 0.000206
2.3 1.6 0.507 0.000682 0.000476
2.4 1.6 0.504 0.00273 0.00192
2.5 1.6 0.498 0.00142 0.00379
2.6 1.6 0.494 0.0023 0.0012
2.7 1.6 0.489 0.00144 0.00068
2.8 1.6 0.484 0.00201 0.00103
2.9 1.6 0.478 0.00343 0.00176
3 1.6 0.473 0.00771 0.00331
3.1 1.6 0.389 0.0765 0.228
3.2 1.6 0.455 0.00318 0.00798
3.3 1.6 0.45 0.00183 0.00409
3.4 1.6 0.443 0.00177 0.00281
3.5 1.6 0.436 0.00153 0.00211
3.6 1.6 0.429 0.00137 0.00167
3.7 1.6 0.422 0.00123 0.00136
3.8 1.6 0.414 0.0011 0.00112
3.9 1.6 0.406 0.000967 0.000926
4 1.6 0.398 0.000834 0.000761
4.1 1.6 0.39 0.000694 0.000615
4.2 1.6 0.382 0.000728 0.000647
4.3 1.6 0.373 0.000686 0.000832
4.4 1.6 0.365 0.000629 0.001
4.5 1.6 0.356 0.000913 0.00213
4.6 1.6 0.348 0.000989 0.00209
4.7 1.6 0.339 0.00108 0.00203
4.8 1.6 0.331 0.00141 0.00176
4.9 1.6 0.322 0.00152 0.00174
5 1.6 0.314 0.0017 0.00174
5.1 1.6 0.306 0.00195 0.00178
5.2 1.6 0.298 0.00169 0.00176
5.3 1.6 0.289 0.00229 0.00236
5.4 1.6 0.281 0.00232 0.00218
5.5 1.6 0.272 0.00192 0.00195
5.6 1.6 0.264 0.00149 0.00161
5.7 1.6 0.255 0.00116 0.00127
5.8 1.6 0.247 0.000916 0.000971
5.9 1.6 0.239 0.00082 0.00102
6 1.6 0.231 0.00072 0.000884
6.1 1.6 0.223 0.000636 0.000764
6.2 1.6 0.215 0.000559 0.000652
6.3 1.6 0.207 0.000487 0.000546
6.4 1.6 0.2 0.000418 0.000443
6.5 1.6 0.193 0.000351 0.000344
6.6 1.6 0.186 0.000501 0.000501
6.7 1.6 0.179 0.000605 0.000467
6.8 1.6 0.172 0.000693 0.000428
6.9 1.6 0.165 0.000766 0.000386
7 1.6 0.159 0.0014 0.000673
7.1 1.6 0.152 0.00137 0.000696
7.2 1.6 0.146 0.00133 0.000711
7.3 1.6 0.14 0.00128 0.000718
7.4 1.6 0.134 0.00121 0.000719
7.5 1.6 0.128 0.00102 0.000839
7.6 1.6 0.123 0.000954 0.000815
7.7 1.6 0.117 0.000889 0.000788
7.8 1.6 0.112 0.000821 0.00076
7.9 1.6 0.107 0.000753 0.000733
8 1.6 0.102 0.000686 0.000708
8.1 1.6 0.0972 0.000622 0.000689
8.2 1.6 0.0925 0.000563 0.00068
8.3 1.6 0.0879 0.000477 0.000505
8.4 1.6 0.0836 0.000488 0.000591
8.5 1.6 0.0795 0.000519 0.000744
8.6 1.6 0.0754 0.000619 0.00111
8.7 1.6 0.071 0.00122 0.00298
8.8 1.6 0.0693 0.00242 0.00104
8.9 1.6 0.0652 0.000696 0.000449
9 1.6 0.0618 0.00032 0.000349
9.1 1.6 0.0586 0.000189 0.000272
9.2 1.6 0.0555 0.000126 0.00022
9.3 1.6 0.0525 9.2e-05 0.000179
9.4 1.6 0.0497 6.96e-05 0.00015
9.5 1.6 0.0471 5.32e-05 0.000128
9.6 1.6 0.0446 4.31e-05 0.000109
9.7 1.6 0.0421 3.61e-05 9.29e-05
9.8 1.6 0.0399 3.21e-05 7.82e-05
9.9 1.6 0.0377 2.98e-05 6.51e-05
10 1.6 0.0356 2.87e-05 5.35e-05
10.1 1.6 0.0336 2.83e-05 4.31e-05
10.2 1.6 0.0318 2.84e-05 3.39e-05
10.3 1.6 0.03 2.88e-05 2.57e-05
10.4 1.6 0.0283 2.45e-05 2.33e-05
10.5 1.6 0.0267 2.45e-05 2.46e-05
10.6 1.6 0.0252 2.46e-05 2.89e-05
10.7 1.6 0.0238 2.47e-05 3.25e-05
10.8 1.6 0.0224 2.48e-05 3.56e-05
10.9 1.6 0.0211 2.48e-05 3.8e-05
11 1.6 0.0199 2.48e-05 3.99e-05
11.1 1.6 0.0188 2.47e-05 4.13e-05
11.2 1.6 0.0177 2.45e-05 4.24e-05
11.3 1.6 0.0167 2.43e-05 4.3e-05
11.4 1.6 0.0157 2.4e-05 4.33e-05
11.5 1.6 0.0148 2.36e-05 4.33e-05
11.6 1.6 0.0139 2.32e-05 4.31e-05
11.7 1.6 0.0131 2.27e-05 4.26e-05
11.8 1.6 0.0123 2.21e-05 4.2e-05
11.9 1.6 0.0116 2.16e-05 4.12e-05
12 1.6 0.0109 2.1e-05 4.03e-05
12.1 1.6 0.0103 2.03e-05 3.92e-05
12.2 1.6 0.00969 1.97e-05 3.81e-05
12.3 1.6 0.00912 1.9e-05 3.7e-05
12.4 1.6 0.00858 1.83e-05 3.57e-05
12.5 1.6 0.00807 1.76e-05 3.45e-05
12.6 1.6 0.00759 1.7e-05 3.32e-05
12.7 1.6 0.00714 1.63e-05 3.19e-05
12.8 1.6 0.00671 1.56e-05 3.06e-05
12.9 1.6 0.00631 1.49e-05 2.94e-05
13 1.6 0.00594 1.43e-05 2.81e-05
13.1 1.6 0.00558 1.36e-05 2.69e-05
13.2 1.6 0.00525 1.3e-05 2.56e-05
13.3 1.6 0.00494 1.24e-05 2.44e-05
13.4 1.6 0.00464 1.18e-05 2.33e-05
13.5 1.6 0.00436 1.12e-05 2.22e-05
13.6 1.6 0.0041 1.07e-05 2.11e-05
13.7 1.6 0.00386 1.01e-05 2e-05
13.8 1.6 0.00362 9.63e-06 1.9e-05
13.9 1.6 0.00341 9.14e-06 1.8e-05
14 1.6 0.0032 8.66e-06 1.71e-05
14.1 1.6 0.00301 8.21e-06 1.62e-05
14.2 1.6 0.00283 7.77e-06 1.54e-05
14.3 1.6 0.00266 7.36e-06 1.45e-05
14.4 1.6 0.0025 6.96e-06 1.37e-05
14.5 1.6 0.00235 6.58e-06 1.3e-05
14.6 1.6 0.00221 6.22e-06 1.23e-05
14.7 1.6 0.00207 5.88e-06 1.16e-05
14.8 1.6 0.00195 5.56e-06 1.1e-05
14.9 1.6 0.00183 5.25e-06 1.04e-05
15 1.6 0.00172 4.95e-06 9.78e-06
15.1 1.6 0.00162 4.67e-06 9.23e-06
15.2 1.6 0.00152 4.41e-06 8.7e-06
15.3 1.6 0.00143 4.16e-06 8.21e-06
15.4 1.6 0.00134 3.92e-06 7.74e-06
15.5 1.6 0.00126 3.7e-06 7.3e-06
15.6 1.6 0.00118 3.49e-06 6.88e-06
15.7 1.6 0.00111 3.28e-06 6.48e-06
15.8 1.6 0.00105 3.09e-06 6.11e-06
15.9 1.6 0.000983 2.92e-06 5.75e-06
16 1.6 0.000923 2.75e-06 5.42e-06
16.1 1.6 0.000867 2.59e-06 5.1e-06
16.2 1.6 0.000815 2.43e-06 4.8e-06
16.3 1.6 0.000766 2.29e-06 4.52e-06
16.4 1.6 0.000719 2.16e-06 4.26e-06
16.5 1.6 0.000676 2.03e-06 4.01e-06
16.6 1.6 0.000635 1.91e-06 3.77e-06
16.7 1.6 0.000597 1.8e-06 3.55e-06
16.8 1.6 0.000561 1.69e-06 3.34e-06
16.9 1.6 0.000527 1.59e-06 3.14e-06
17 1.6 0.000495 1.5e-06 2.95e-06
17.1 1.6 0.000465 1.41e-06 2.78e-06
17.2 1.6 0.000437 1.32e-06 2.61e-06
17.3 1.6 0.00041 1.25e-06 2.46e-06
17.4 1.6 0.000385 1.17e-06 2.31e-06
17.5 1.6 0.000362 1.1e-06 2.17e-06
17.6 1.6 0.00034 1.04e-06 2.04e-06
17.7 1.6 0.00032 9.74e-07 1.92e-06
17.8 1.6 0.0003 9.16e-07 1.81e-06
17.9 1.6 0.000282 8.61e-07 1.7e-06
18 1.6 0.000265 8.1e-07 1.6e-06
18.1 1.6 0.000249 7.61e-07 1.5e-06
18.2 1.6 0.000234 7.15e-07 1.41e-06
18.3 1.6 0.00022 6.72e-07 1.33e-06
18.4 1.6 0.000206 6.32e-07 1.25e-06
18.5 1.6 0.000194 5.94e-07 1.17e-06
18.6 1.6 0.000182 5.58e-07 1.1e-06
18.7 1.6 0.000171 5.25e-07 1.03e-06
18.8 1.6 0.000161 4.93e-07 9.72e-07
18.9 1.6 0.000151 4.64e-07 9.14e-07
19 1.6 0.000142 4.36e-07 8.59e-07
19.1 1.6 0.000133 4.09e-07 8.07e-07
19.2 1.6 0.000125 3.85e-07 7.58e-07
19.3 1.6 0.000118 3.62e-07 7.13e-07
19.4 1.6 0.000111 3.4e-07 6.7e-07
19.5 1.6 0.000104 3.19e-07 6.29e-07
19.6 1.6 9.75e-05 3e-07 5.91e-07
19.7 1.6 9.16e-05 2.82e-07 5.56e-07
19.8 1.6 8.61e-05 2.65e-07 5.22e-07
19.9 1.6 8.09e-05 2.49e-07 4.9e-07
20 1.6 7.6e-05 2.34e-07 4.61e-07
20.1 1.6 7.14e-05 2.2e-07 4.33e-07
20.2 1.6 6.7e-05 2.06e-07 4.07e-07
20.3 1.6 6.3e-05 1.94e-07 3.82e-07
20.4 1.6 5.92e-05 1.82e-07 3.59e-07
20.5 1.6 5.56e-05 1.71e-07 3.37e-07
20.6 1.6 5.22e-05 1.61e-07 3.17e-07
20.7 1.6 4.9e-05 1.51e-07 2.98e-07
20.8 1.6 4.61e-05 1.42e-07 2.8e-07
20.9 1.6 4.33e-05 1.33e-07 2.63e-07
21 1.6 4.07e-05 1.25e-07 2.47e-07
21.1 1.6 3.82e-05 1.18e-07 2.32e-07
21.2 1.6 3.59e-05 1.11e-07 2.18e-07
21.3 1.6 3.37e-05 1.04e-07 2.05e-07
21.4 1.6 3.17e-05 9.77e-08 1.92e-07
21.5 1.6 2.97e-05 9.18e-08 1.81e-07
21.6 1.6 2.79e-05 8.62e-08 1.7e-07
21.7 1.6 2.63e-05 8.1e-08 1.6e-07
21.8 1.6 2.47e-05 7.61e-08 1.5e-07
21.9 1.6 2.32e-05 7.15e-08 1.41e-07
22 1.6 2.18e-05 6.72e-08 1.32e-07
22.1 1.6 2.04e-05 6.31e-08 1.24e-07
22.2 1.6 1.92e-05 5.93e-08 1.17e-07
22.3 1.6 1.8e-05 5.57e-08 1.1e-07
22.4 1.6 1.7e-05 5.23e-08 1.03e-07
22.5 1.6 1.59e-05 4.91e-08 9.68e-08
22.6 1.6 1.5e-05 4.62e-08 9.1e-08
22.7 1.6 1.41e-05 4.34e-08 8.55e-08
22.8 1.6 1.32e-05 4.07e-08 8.03e-08
22.9 1.6 1.24e-05 3.83e-08 7.54e-08
23 1.6 1.17e-05 3.6e-08 7.09e-08
23.1 1.6 1.09e-05 3.38e-08 6.66e-08
23.2 1.6 1.03e-05 3.17e-08 6.25e-08
23.3 1.6 9.66e-06 2.98e-08 5.88e-08
23.4 1.6 9.07e-06 2.8e-08 5.52e-08
23.5 1.6 8.52e-06 2.63e-08 5.19e-08
23.6 1.6 8.01e-06 2.47e-08 4.87e-08
23.7 1.6 7.52e-06 2.32e-08 4.58e-08
23.8 1.6 7.07e-06 2.18e-08 4.3e-08
23.9 1.6 6.64e-06 2.05e-08 4.04e-08
24 1.6 6.24e-06 1.93e-08 3.79e-08
24.1 1.6 5.86e-06 1.81e-08 3.56e-08
24.2 1.6 5.5e-06 1.7e-08 3.35e-08
24.3 1.6 5.17e-06 1.6e-08 3.15e-08
24.4 1.6 4.86e-06 1.5e-08 2.95e-08
24.5 1.6 4.56e-06 1.41e-08 2.78e-08
24.6 1.6 4.29e-06 1.32e-08 2.61e-08
24.7 1.6 4.03e-06 1.24e-08 2.45e-08
24.8 1.6 3.78e-06 1.17e-08 2.3e-08
24.9 1.6 3.55e-06 1.1e-08 2.16e-08
25 1.6 3.34e-06 1.03e-08 2.03e-08
25.1 1.6 3.14e-06 9.68e-09 1.91e-08
25.2 1.6 2.95e-06 9.1e-09 1.79e-08
25.3 1.6 2.77e-06 8.54e-09 1.68e-08
25.4 1.6 2.6e-06 8.03e-09 1.58e-08
25.5 1.6 2.44e-06 7.54e-09 1.49e-08
25.6 1.6 2.29e-06 7.08e-09 1.4e-08
25.7 1.6 2.16e-06 6.65e-09 1.31e-08
25.8 1.6 2.02e-06 6.25e-09 1.23e-08
25.9 1.6 1.9e-06 5.87e-09 1.16e-08
26 1.6 1.79e-06 5.52e-09 1.09e-08
26.1 1.6 1.68e-06 5.18e-09 1.02e-08
26.2 1.6 1.58e-06 4.87e-09 9.59e-09
26.3 1.6 1.48e-06 4.57e-09 9.01e-09
26.4 1.6 1.39e-06 4.3e-09 8.47e-09
26.5 1.6 1.31e-06 4.04e-09 7.95e-09
26.6 1.6 1.23e-06 3.79e-09 7.47e-09
26.7 1.6 1.15e-06 3.56e-09 7.02e-09
26.8 1.6 1.08e-06 3.35e-09 6.59e-09
26.9 1.6 1.02e-06 3.14e-09 6.19e-09
27 1.6 9.56e-07 2.95e-09 5.82e-09
27.1 1.6 8.98e-07 2.77e-09 5.47e-09
27.2 1.6 8.44e-07 2.61e-09 5.14e-09
27.3 1.6 7.93e-07 2.45e-09 4.82e-09
27.4 1.6 7.45e-07 2.3e-09 4.53e-09
27.5 1.6 7e-07 2.16e-09 4.26e-09
27.6 1.6 6.57e-07 2.03e-09 4e-09
27.7 1.6 6.17e-07 1.91e-09 3.76e-09
27.8 1.6 5.8e-07 1.79e-09 3.53e-09
27.9 1.6 5.45e-07 1.68e-09 3.32e-09
28 1.6 5.12e-07 1.58e-09 3.12e-09
28.1 1.6 4.81e-07 1.48e-09 2.93e-09
28.2 1.6 4.52e-07 1.39e-09 2.75e-09
28.3 1.6 4.24e-07 1.31e-09 2.58e-09
28.4 1.6 3.99e-07 1.23e-09 2.43e-09
28.5 1.6 3.75e-07 1.16e-09 2.28e-09
28.6 1.6 3.52e-07 1.09e-09 2.14e-09
28.7 1.6 3.31e-07 1.02e-09 2.01e-09
28.8 1.6 3.1e-07 9.59e-10 1.89e-09
28.9 1.6 2.92e-07 9.01e-10 1.77e-09
29 1.6 2.74e-07 8.46e-10 1.67e-09
29.1 1.6 2.57e-07 7.95e-10 1.57e-09
29.2 1.6 2.42e-07 7.47e-10 1.47e-09
29.3 1.6 2.27e-07 7.01e-10 1.38e-09
29.4 1.6 2.13e-07 6.59e-10 1.3e-09
29.5 1.6 2e-07 6.19e-10 1.22e-09
29.6 1.6 1.88e-07 5.82e-10 1.15e-09
29.7 1.6 1.77e-07 5.46e-10 1.08e-09
29.8 1.6 1.66e-07 5.13e-10 1.01e-09
29.9 1.6 1.56e-07 4.82e-10 9.5e-10
30 1.6 1.47e-07 4.53e-10 8.92e-10
30.1 1.6 1.38e-07 4.25e-10 8.38e-10
30.2 1.6 1.29e-07 4e-10 7.88e-10
30.3 1.6 1.22e-07 3.75e-10 7.4e-10
30.4 1.6 1.14e-07 3.53e-10 6.95e-10
30.5 1.6 1.07e-07 3.31e-10 6.53e-10
30.6 1.6 1.01e-07 3.11e-10 6.13e-10
30.7 1.6 9.47e-08 2.92e-10 5.76e-10
30.8 1.6 8.9e-08 2.75e-10 5.41e-10
30.9 1.6 8.36e-08 2.58e-10 5.09e-10
31 1.6 7.85e-08 2.42e-10 4.78e-10
31.1 1.6 7.37e-08 2.28e-10 4.49e-10
31.2 1.6 6.93e-08 2.14e-10 4.22e-10
31.3 1.6 6.51e-08 2.01e-10 3.96e-10
31.4 1.6 6.11e-08 1.89e-10 3.72e-10
31.5 1.6 5.74e-08 1.77e-10 3.5e-10
31.6 1.6 5.4e-08 1.67e-10 3.28e-10
31.7 1.6 5.07e-08 1.57e-10 3.08e-10
31.8 1.6 4.76e-08 1.47e-10 2.9e-10
31.9 1.6 4.47e-08 1.38e-10 2.72e-10
32 1.6 4.2e-08 1.3e-10 2.56e-10
32.1 1.6 3.95e-08 1.22e-10 2.4e-10
32.2 1.6 3.71e-08 1.15e-10 2.26e-10
32.3 1.6 3.48e-08 1.08e-10 2.12e-10
32.4 1.6 3.27e-08 1.01e-10 1.99e-10
37.2 1.6 1.63e-09 5.03e-12 9.91e-12
37.3 1.6 1.53e-09 4.73e-12 9.31e-12
37.4 1.6 1.44e-09 4.44e-12 8.75e-12
37.5 1.6 1.35e-09 4.17e-12 8.22e-12
37.6 1.6 1.27e-09 3.92e-12 7.72e-12
37.7 1.6 1.19e-09 3.68e-12 7.25e-12
37.8 1.6 1.12e-09 3.46e-12 6.81e-12
37.9 1.6 1.05e-09 3.25e-12 6.4e-12
38 1.6 9.88e-10 3.05e-12 6.01e-12
38.1 1.6 9.28e-10 2.87e-12 5.65e-12
38.2 1.6 8.72e-10 2.69e-12 5.31e-12
38.3 1.6 8.19e-10 2.53e-12 4.99e-12
38.4 1.6 7.7e-10 2.38e-12 4.68e-12
38.5 1.6 7.23e-10 2.23e-12 4.4e-12
38.6 1.6 6.79e-10 2.1e-12 4.13e-12
38.7 1.6 6.38e-10 1.97e-12 3.88e-12
38.8 1.6 5.99e-10 1.85e-12 3.65e-12
38.9 1.6 5.63e-10 1.74e-12 3.43e-12
39 1.6 5.29e-10 1.63e-12 3.22e-12
39.1 1.6 4.97e-10 1.53e-12 3.02e-12
39.2 1.6 4.67e-10 1.44e-12 2.84e-12
39.3 1.6 4.39e-10 1.35e-12 2.67e-12
39.4 1.6 4.12e-10 1.27e-12 2.51e-12
39.5 1.6 3.87e-10 1.2e-12 2.35e-12
39.6 1.6 3.64e-10 1.12e-12 2.21e-12
39.7 1.6 3.42e-10 1.05e-12 2.08e-12
39.8 1.6 3.21e-10 9.91e-13 1.95e-12
39.9 1.6 3.01e-10 9.31e-13 1.83e-12
40 1.6 2.83e-10 8.74e-13 1.72e-12
40.1 1.6 2.66e-10 8.21e-13 1.62e-12
40.2 1.6 2.5e-10 7.72e-13 1.52e-12
40.3 1.6 2.35e-10 7.25e-13 1.43e-12
40.4 1.6 2.21e-10 6.81e-13 1.34e-12
40.5 1.6 2.07e-10 6.4e-13 1.26e-12
40.6 1.6 1.95e-10 6.01e-13 1.18e-12
40.7 1.6 1.83e-10 5.64e-13 1.11e-12
40.8 1.6 1.72e-10 5.3e-13 1.05e-12
40.9 1.6 1.61e-10 4.98e-13 9.82e-13
41 1.6 1.52e-10 4.68e-13 9.22e-13
41.1 1.6 1.42e-10 4.4e-13 8.66e-13
41.2 1.6 1.34e-10 4.13e-13 8.14e-13
41.3 1.6 1.26e-10 3.88e-13 7.65e-13
41.4 1.6 1.18e-10 3.64e-13 7.18e-13
41.5 1.6 1.11e-10 3.42e-13 6.75e-13
41.6 1.6 1.04e-10 3.22e-13 6.34e-13
45.4 1.6 9.69e-12 2.99e-14 5.9e-14
45.5 1.6 9.1e-12 2.81e-14 5.54e-14
45.6 1.6 8.55e-12 2.64e-14 5.2e-14
45.7 1.6 8.03e-12 2.48e-14 4.89e-14
45.8 1.6 7.55e-12 2.33e-14 4.59e-14
45.9 1.6 7.09e-12 2.19e-14 4.31e-14
46 1.6 6.66e-12 2.06e-14 4.05e-14
46.1 1.6 6.26e-12 1.93e-14 3.81e-14
46.2 1.6 5.88e-12 1.81e-14 3.58e-14
46.3 1.6 5.52e-12 1.7e-14 3.36e-14
46.4 1.6 5.19e-12 1.6e-14 3.16e-14
46.5 1.6 4.87e-12 1.5e-14 2.96e-14
46.6 1.6 4.58e-12 1.41e-14 2.78e-14
46.7 1.6 4.3e-12 1.33e-14 2.62e-14
46.8 1.6 4.04e-12 1.25e-14 2.46e-14
46.9 1.6 3.79e-12 1.17e-14 2.31e-14
47 1.6 3.56e-12 1.1e-14 2.17e-14
47.1 1.6 3.35e-12 1.03e-14 2.04e-14
47.2 1.6 3.15e-12 9.71e-15 1.91e-14
47.3 1.6 2.95e-12 9.12e-15 1.8e-14
47.4 1.6 2.78e-12 8.57e-15 1.69e-14
47.5 1.6 2.61e-12 8.05e-15 1.59e-14
47.6 1.6 2.45e-12 7.56e-15 1.49e-14
47.7 1.6 2.3e-12 7.11e-15 1.4e-14
47.8 1.6 2.16e-12 6.68e-15 1.32e-14
47.9 1.6 2.03e-12 6.27e-15 1.24e-14
48 1.6 1.91e-12 5.89e-15 1.16e-14
48.1 1.6 1.79e-12 5.53e-15 1.09e-14
48.2 1.6 1.68e-12 5.2e-15 1.02e-14
48.3 1.6 1.58e-12 4.88e-15 9.62e-15
48.4 1.6 1.49e-12 4.59e-15 9.04e-15
48.5 1.6 1.4e-12 4.31e-15 8.49e-15
48.6 1.6 1.31e-12 4.05e-15 7.98e-15
48.7 1.6 1.23e-12 3.8e-15 7.5e-15
48.8 1.6 1.16e-12 3.57e-15 7.04e-15
48.9 1.6 1.09e-12 3.36e-15 6.61e-15
49 1.6 1.02e-12 3.15e-15 6.21e-15
49.1 1.6 9.59e-13 2.96e-15 5.84e-15
49.2 1.6 9.01e-13 2.78e-15 5.48e-15
49.3 1.6 8.47e-13 2.61e-15 5.15e-15
49.4 1.6 7.95e-13 2.46e-15 4.84e-15
49.5 1.6 7.47e-13 2.31e-15 4.55e-15
49.6 1.6 7.02e-13 2.17e-15 4.27e-15
49.7 1.6 6.59e-13 2.04e-15 4.01e-15
49.8 1.6 6.19e-13 1.91e-15 3.77e-15
49.9 1.6 5.82e-13 1.8e-15 3.54e-15
50 1.6 5.47e-13 1.69e-15 3.33e-15
50.1 1.6 5.13e-13 1.59e-15 3.12e-15
50.2 1.6 4.82e-13 1.49e-15 2.94e-15
50.3 1.6 4.53e-13 1.4e-15 2.76e-15
50.4 1.6 4.26e-13 1.31e-15 2.59e-15
50.5 1.6 4e-13 1.23e-15 2.43e-15
50.6 1.6 3.76e-13 1.16e-15 2.29e-15
50.7 1.6 3.53e-13 1.09e-15 2.15e-15
50.8 1.6 3.32e-13 1.02e-15 2.02e-15
50.9 1.6 3.11e-13 9.62e-16 1.9e-15
51 1.6 2.93e-13 9.03e-16 1.78e-15
51.1 1.6 2.75e-13 8.49e-16 1.67e-15
51.2 1.6 2.58e-13 7.97e-16 1.57e-15
51.3 1.6 2.43e-13 7.49e-16 1.48e-15
51.4 1.6 2.28e-13 7.04e-16 1.39e-15
51.5 1.6 2.14e-13 6.61e-16 1.3e-15
51.6 1.6 2.01e-13 6.21e-16 1.22e-15
51.7 1.6 1.89e-13 5.83e-16 1.15e-15
51.8 1.6 1.77e-13 5.48e-16 1.08e-15
51.9 1.6 1.67e-13 5.15e-16 1.01e-15
52 1.6 1.57e-13 4.84e-16 9.53e-16
52.1 1.6 1.47e-13 4.54e-16 8.95e-16
52.2 1.6 1.38e-13 4.27e-16 8.41e-16
52.3 1.6 1.3e-13 4.01e-16 7.9e-16
52.4 1.6 1.22e-13 3.77e-16 7.42e-16
52.5 1.6 1.15e-13 3.54e-16 6.97e-16
52.6 1.6 1.08e-13 3.32e-16 6.55e-16
52.7 1.6 1.01e-13 3.12e-16 6.15e-16
52.8 1.6 9.5e-14 2.93e-16 5.78e-16
52.9 1.6 8.92e-14 2.76e-16 5.43e-16
53 1.6 8.38e-14 2.59e-16 5.1e-16
53.1 1.6 7.87e-14 2.43e-16 4.79e-16
53.2 1.6 7.4e-14 2.28e-16 4.5e-16
53.3 1.6 6.95e-14 2.15e-16 4.23e-16
53.4 1.6 6.53e-14 2.02e-16 3.97e-16
53.5 1.6 6.13e-14 1.89e-16 3.73e-16
53.6 1.6 5.76e-14 1.78e-16 3.51e-16
53.7 1.6 5.41e-14 1.67e-16 3.29e-16
53.8 1.6 5.08e-14 1.57e-16 3.09e-16
53.9 1.6 4.78e-14 1.47e-16 2.91e-16
54 1.6 4.49e-14 1.39e-16 2.73e-16
54.1 1.6 4.21e-14 1.3e-16 2.56e-16
54.2 1.6 3.96e-14 1.22e-16 2.41e-16
54.3 1.6 3.72e-14 1.15e-16 2.26e-16
54.4 1.6 3.49e-14 1.08e-16 2.13e-16
54.5 1.6 3.28e-14 1.01e-16 2e-16
54.6 1.6 3.08e-14 9.52e-17 1.88e-16
54.7 1.6 2.9e-14 8.94e-17 1.76e-16
54.8 1.6 2.72e-14 8.4e-17 1.66e-16
54.9 1.6 2.56e-14 7.89e-17 1.56e-16
55 1.6 2.4e-14 7.42e-17 1.46e-16
55.1 1.6 2.26e-14 6.97e-17 1.37e-16
55.2 1.6 2.12e-14 6.54e-17 1.29e-16
55.3 1.6 1.99e-14 6.15e-17 1.21e-16
55.4 1.6 1.87e-14 5.78e-17 1.14e-16
55.5 1.6 1.76e-14 5.43e-17 1.07e-16
55.6 1.6 1.65e-14 5.1e-17 1e-16
55.7 1.6 1.55e-14 4.79e-17 9.44e-17
55.8 1.6 1.46e-14 4.5e-17 8.86e-17
55.9 1.6 1.37e-14 4.23e-17 8.33e-17
56 1.6 1.29e-14 3.97e-17 7.82e-17
56.1 1.6 1.21e-14 3.73e-17 7.35e-17
56.2 1.6 1.13e-14 3.5e-17 6.9e-17
56.3 1.6 1.07e-14 3.29e-17 6.48e-17
56.4 1.6 1e-14 3.09e-17 6.09e-17
56.5 1.6 9.4e-15 2.9e-17 5.72e-17
56.6 1.6 8.83e-15 2.73e-17 5.38e-17
56.7 1.6 8.3e-15 2.56e-17 5.05e-17
56.8 1.6 7.8e-15 2.41e-17 4.74e-17
56.9 1.6 7.32e-15 2.26e-17 4.46e-17
57 1.6 6.88e-15 2.12e-17 4.19e-17
57.1 1.6 6.46e-15 2e-17 3.93e-17
57.2 1.6 6.07e-15 1.87e-17 3.69e-17
57.3 1.6 5.7e-15 1.76e-17 3.47e-17
57.4 1.6 5.36e-15 1.65e-17 3.26e-17
57.5 1.6 5.03e-15 1.55e-17 3.06e-17
57.6 1.6 4.73e-15 1.46e-17 2.88e-17
57.7 1.6 4.44e-15 1.37e-17 2.7e-17
57.8 1.6 4.17e-15 1.29e-17 2.54e-17
57.9 1.6 3.92e-15 1.21e-17 2.39e-17
58 1.6 3.68e-15 1.14e-17 2.24e-17
58.1 1.6 3.46e-15 1.07e-17 2.11e-17
58.2 1.6 3.25e-15 1e-17 1.98e-17
58.3 1.6 3.05e-15 9.43e-18 1.86e-17
58.4 1.6 2.87e-15 8.86e-18 1.75e-17
58.5 1.6 2.69e-15 8.32e-18 1.64e-17
58.6 1.6 2.53e-15 7.82e-18 1.54e-17
58.7 1.6 2.38e-15 7.34e-18 1.45e-17
58.8 1.6 2.23e-15 6.9e-18 1.36e-17
58.9 1.6 2.1e-15 6.48e-18 1.28e-17
59 1.6 1.97e-15 6.09e-18 1.2e-17
59.1 1.6 1.85e-15 5.72e-18 1.13e-17
59.2 1.6 1.74e-15 5.37e-18 1.06e-17
59.3 1.6 1.63e-15 5.05e-18 9.94e-18
59.4 1.6 1.54e-15 4.74e-18 9.34e-18
59.5 1.6 1.44e-15 4.45e-18 8.78e-18
59.6 1.6 1.35e-15 4.18e-18 8.24e-18
59.7 1.6 1.27e-15 3.93e-18 7.74e-18
59.8 1.6 1.2e-15 3.69e-18 7.28e-18
59.9 1.6 1.12e-15 3.47e-18 6.83e-18
60 1.6 1.06e-15 3.26e-18 6.42e-18
60.1 1.6 9.91e-16 3.06e-18 6.03e-18
60.2 1.6 9.31e-16 2.88e-18 5.67e-18
60.3 1.6 8.75e-16 2.7e-18 5.32e-18
60.4 1.6 8.22e-16 2.54e-18 5e-18
60.5 1.6 7.72e-16 2.38e-18 4.7e-18
60.6 1.6 7.25e-16 2.24e-18 4.41e-18
60.7 1.6 6.81e-16 2.1e-18 4.15e-18
60.8 1.6 6.4e-16 1.98e-18 3.89e-18
60.9 1.6 6.01e-16 1.86e-18 3.66e-18
61 1.6 5.65e-16 1.74e-18 3.44e-18
61.1 1.6 5.31e-16 1.64e-18 3.23e-18
61.2 1.6 4.98e-16 1.54e-18 3.03e-18
61.3 1.6 4.68e-16 1.45e-18 2.85e-18
61.4 1.6 4.4e-16 1.36e-18 2.68e-18
61.5 1.6 4.13e-16 1.28e-18 2.51e-18
61.6 1.6 3.88e-16 1.2e-18 2.36e-18
61.7 1.6 3.65e-16 1.13e-18 2.22e-18
61.8 1.6 3.43e-16 1.06e-18 2.08e-18
61.9 1.6 3.22e-16 9.94e-19 1.96e-18
62 1.6 3.02e-16 9.33e-19 1.84e-18
62.1 1.6 2.84e-16 8.77e-19 1.73e-18
62.2 1.6 2.67e-16 8.24e-19 1.62e-18
62.3 1.6 2.51e-16 7.74e-19 1.53e-18
62.4 1.6 2.35e-16 7.27e-19 1.43e-18
62.5 1.6 2.21e-16 6.83e-19 1.35e-18
62.6 1.6 2.08e-16 6.42e-19 1.26e-18
62.7 1.6 1.95e-16 6.03e-19 1.19e-18
62.8 1.6 1.83e-16 5.66e-19 1.12e-18
62.9 1.6 1.72e-16 5.32e-19 1.05e-18
63 1.6 1.62e-16 5e-19 9.85e-19
63.1 1.6 1.52e-16 4.69e-19 9.25e-19
63.2 1.6 1.43e-16 4.41e-19 8.69e-19
63.3 1.6 1.34e-16 4.14e-19 8.16e-19
63.4 1.6 1.26e-16 3.89e-19 7.67e-19
63.5 1.6 1.18e-16 3.66e-19 7.2e-19
63.6 1.6 1.11e-16 3.43e-19 6.77e-19
63.7 1.6 1.04e-16 3.23e-19 6.36e-19
63.8 1.6 9.81e-17 3.03e-19 5.97e-19
63.9 1.6 9.22e-17 2.85e-19 5.61e-19
64 1.6 8.66e-17 2.67e-19 5.27e-19
64.1 1.6 8.14e-17 2.51e-19 4.95e-19
64.2 1.6 7.64e-17 2.36e-19 4.65e-19
64.3 1.6 7.18e-17 2.22e-19 4.37e-19
64.4 1.6 6.75e-17 2.08e-19 4.1e-19
64.5 1.6 6.34e-17 1.96e-19 3.86e-19
64.6 1.6 5.95e-17 1.84e-19 3.62e-19
64.7 1.6 5.59e-17 1.73e-19 3.4e-19
64.8 1.6 5.25e-17 1.62e-19 3.2e-19
64.9 1.6 4.93e-17 1.52e-19 3e-19
65 1.6 4.64e-17 1.43e-19 2.82e-19
65.1 1.6 4.36e-17 1.34e-19 2.65e-19
65.2 1.6 4.09e-17 1.26e-19 2.49e-19
65.3 1.6 3.84e-17 1.19e-19 2.34e-19
65.4 1.6 3.61e-17 1.11e-19 2.2e-19
65.5 1.6 3.39e-17 1.05e-19 2.06e-19
65.6 1.6 3.19e-17 9.84e-20 1.94e-19
65.7 1.6 2.99e-17 9.24e-20 1.82e-19
65.8 1.6 2.81e-17 8.68e-20 1.71e-19
65.9 1.6 2.64e-17 8.16e-20 1.61e-19
66 1.6 2.48e-17 7.66e-20 1.51e-19
66.1 1.6 2.33e-17 7.2e-20 1.42e-19
66.2 1.6 2.19e-17 6.76e-20 1.33e-19
66.3 1.6 2.06e-17 6.35e-20 1.25e-19
66.4 1.6 1.93e-17 5.97e-20 1.18e-19
66.5 1.6 1.82e-17 5.61e-20 1.1e-19
66.6 1.6 1.71e-17 5.27e-20 1.04e-19
66.7 1.6 1.6e-17 4.95e-20 9.75e-20
66.8 1.6 1.51e-17 4.65e-20 9.16e-20
66.9 1.6 1.41e-17 4.37e-20 8.6e-20
67 1.6 1.33e-17 4.1e-20 8.08e-20
67.1 1.6 1.25e-17 3.85e-20 7.59e-20
67.2 1.6 1.17e-17 3.62e-20 7.13e-20
67.3 1.6 1.1e-17 3.4e-20 6.7e-20
67.4 1.6 1.03e-17 3.19e-20 6.29e-20
67.5 1.6 9.72e-18 3e-20 5.91e-20
67.6 1.6 9.13e-18 2.82e-20 5.55e-20
67.7 1.6 8.58e-18 2.65e-20 5.22e-20
67.8 1.6 8.06e-18 2.49e-20 4.9e-20
67.9 1.6 7.57e-18 2.34e-20 4.61e-20
68 1.6 7.11e-18 2.2e-20 4.33e-20
68.1 1.6 6.68e-18 2.06e-20 4.06e-20
68.2 1.6 6.27e-18 1.94e-20 3.82e-20
68.3 1.6 5.89e-18 1.82e-20 3.59e-20
68.4 1.6 5.54e-18 1.71e-20 3.37e-20
68.5 1.6 5.2e-18 1.61e-20 3.17e-20
68.6 1.6 4.89e-18 1.51e-20 2.97e-20
68.7 1.6 4.59e-18 1.42e-20 2.79e-20
68.8 1.6 4.31e-18 1.33e-20 2.62e-20
68.9 1.6 4.05e-18 1.25e-20 2.47e-20
69 1.6 3.81e-18 1.18e-20 2.32e-20
69.1 1.6 3.57e-18 1.1e-20 2.18e-20
69.2 1.6 3.36e-18 1.04e-20 2.04e-20
69.3 1.6 3.15e-18 9.74e-21 1.92e-20
69.4 1.6 2.96e-18 9.15e-21 1.8e-20
69.5 1.6 2.78e-18 8.6e-21 1.69e-20
69.6 1.6 2.62e-18 8.08e-21 1.59e-20
69.7 1.6 2.46e-18 7.59e-21 1.5e-20
69.8 1.6 2.31e-18 7.13e-21 1.4e-20
69.9 1.6 2.17e-18 6.7e-21 1.32e-20
70 1.6 2.04e-18 6.29e-21 1.24e-20
70.1 1.6 1.91e-18 5.91e-21 1.16e-20
70.2 1.6 1.8e-18 5.55e-21 1.09e-20
70.3 1.6 1.69e-18 5.21e-21 1.03e-20
70.4 1.6 1.59e-18 4.9e-21 9.65e-21
70.5 1.6 1.49e-18 4.6e-21 9.07e-21
70.6 1.6 1.4e-18 4.32e-21 8.52e-21
70.7 1.6 1.32e-18 4.06e-21 8e-21
70.8 1.6 1.24e-18 3.81e-21 7.52e-21
70.9 1.6 1.16e-18 3.58e-21 7.06e-21
71 1.6 1.09e-18 3.37e-21 6.63e-21
71.1 1.6 1.02e-18 3.16e-21 6.23e-21
71.2 1.6 9.62e-19 2.97e-21 5.85e-21
71.3 1.6 9.04e-19 2.79e-21 5.5e-21
71.4 1.6 8.49e-19 2.62e-21 5.17e-21
71.5 1.6 7.98e-19 2.46e-21 4.85e-21
71.6 1.6 7.49e-19 2.31e-21 4.56e-21
71.7 1.6 7.04e-19 2.17e-21 4.28e-21
71.8 1.6 6.61e-19 2.04e-21 4.02e-21
71.9 1.6 6.21e-19 1.92e-21 3.78e-21
72 1.6 5.84e-19 1.8e-21 3.55e-21
72.1 1.6 5.48e-19 1.69e-21 3.34e-21
72.2 1.6 5.15e-19 1.59e-21 3.13e-21
72.3 1.6 4.84e-19 1.49e-21 2.94e-21
72.4 1.6 4.54e-19 1.4e-21 2.77e-21
72.5 1.6 4.27e-19 1.32e-21 2.6e-21
72.6 1.6 4.01e-19 1.24e-21 2.44e-21
72.7 1.6 3.77e-19 1.16e-21 2.29e-21
72.8 1.6 3.54e-19 1.09e-21 2.15e-21
72.9 1.6 3.33e-19 1.03e-21 2.02e-21
73 1.6 3.12e-19 9.65e-22 1.9e-21
73.1 1.6 2.93e-19 9.06e-22 1.79e-21
73.2 1.6 2.76e-19 8.51e-22 1.68e-21
73.3 1.6 2.59e-19 8e-22 1.58e-21
73.4 1.6 2.43e-19 7.51e-22 1.48e-21
73.5 1.6 2.29e-19 7.06e-22 1.39e-21
73.6 1.6 2.15e-19 6.63e-22 1.31e-21
73.7 1.6 2.02e-19 6.23e-22 1.23e-21
73.8 1.6 1.89e-19 5.85e-22 1.15e-21
73.9 1.6 1.78e-19 5.5e-22 1.08e-21
74 1.6 1.67e-19 5.16e-22 1.02e-21
74.1 1.6 1.57e-19 4.85e-22 9.56e-22
74.2 1.6 1.48e-19 4.56e-22 8.98e-22
74.3 1.6 1.39e-19 4.28e-22 8.43e-22
74.4 1.6 1.3e-19 4.02e-22 7.92e-22
74.5 1.6 1.22e-19 3.78e-22 7.44e-22
74.6 1.6 1.15e-19 3.55e-22 6.99e-22
74.7 1.6 1.08e-19 3.33e-22 6.57e-22
74.8 1.6 1.01e-19 3.13e-22 6.17e-22
74.9 1.6 9.53e-20 2.94e-22 5.8e-22
75 1.6 8.95e-20 2.76e-22 5.45e-22
75.1 1.6 8.41e-20 2.6e-22 5.12e-22
75.2 1.6 7.9e-20 2.44e-22 4.81e-22
75.3 1.6 7.42e-20 2.29e-22 4.51e-22
75.4 1.6 6.97e-20 2.15e-22 4.24e-22
75.5 1.6 6.55e-20 2.02e-22 3.98e-22
75.6 1.6 6.15e-20 1.9e-22 3.74e-22
75.7 1.6 5.78e-20 1.78e-22 3.52e-22
75.8 1.6 5.43e-20 1.68e-22 3.3e-22
75.9 1.6 5.1e-20 1.57e-22 3.1e-22
76 1.6 4.79e-20 1.48e-22 2.91e-22
76.1 1.6 4.5e-20 1.39e-22 2.74e-22
76.2 1.6 4.23e-20 1.31e-22 2.57e-22
76.3 1.6 3.97e-20 1.23e-22 2.42e-22
76.4 1.6 3.73e-20 1.15e-22 2.27e-22
76.5 1.6 3.5e-20 1.08e-22 2.13e-22
76.6 1.6 3.29e-20 1.02e-22 2e-22
76.7 1.6 3.09e-20 9.55e-23 1.88e-22
76.8 1.6 2.91e-20 8.97e-23 1.77e-22
76.9 1.6 2.73e-20 8.43e-23 1.66e-22
77 1.6 2.56e-20 7.92e-23 1.56e-22
77.1 1.6 2.41e-20 7.44e-23 1.47e-22
77.2 1.6 2.26e-20 6.99e-23 1.38e-22
77.3 1.6 2.13e-20 6.56e-23 1.29e-22
77.4 1.6 2e-20 6.17e-23 1.22e-22
77.5 1.6 1.88e-20 5.79e-23 1.14e-22
77.6 1.6 1.76e-20 5.44e-23 1.07e-22
77.7 1.6 1.66e-20 5.11e-23 1.01e-22
77.8 1.6 1.56e-20 4.8e-23 9.46e-23
77.9 1.6 1.46e-20 4.51e-23 8.89e-23
78 1.6 1.37e-20 4.24e-23 8.35e-23
78.1 1.6 1.29e-20 3.98e-23 7.85e-23
78.2 1.6 1.21e-20 3.74e-23 7.37e-23
78.3 1.6 1.14e-20 3.51e-23 6.92e-23
78.4 1.6 1.07e-20 3.3e-23 6.5e-23
78.5 1.6 1e-20 3.1e-23 6.11e-23
78.6 1.6 9.43e-21 2.91e-23 5.74e-23
78.7 1.6 8.86e-21 2.74e-23 5.39e-23
78.8 1.6 8.32e-21 2.57e-23 5.07e-23
78.9 1.6 7.82e-21 2.41e-23 4.76e-23
79 1.6 7.35e-21 2.27e-23 4.47e-23
79.1 1.6 6.9e-21 2.13e-23 4.2e-23
79.2 1.6 6.48e-21 2e-23 3.95e-23
79.3 1.6 6.09e-21 1.88e-23 3.71e-23
79.4 1.6 5.72e-21 1.77e-23 3.48e-23
79.5 1.6 5.37e-21 1.66e-23 3.27e-23
79.6 1.6 5.05e-21 1.56e-23 3.07e-23
79.7 1.6 4.74e-21 1.46e-23 2.89e-23
79.8 1.6 4.46e-21 1.38e-23 2.71e-23
79.9 1.6 4.19e-21 1.29e-23 2.55e-23
80 1.6 3.93e-21 1.21e-23 2.39e-23
80.1 1.6 3.69e-21 1.14e-23 2.25e-23
80.2 1.6 3.47e-21 1.07e-23 2.11e-23
80.3 1.6 3.26e-21 1.01e-23 1.98e-23
80.4 1.6 3.06e-21 9.46e-24 1.86e-23
80.5 1.6 2.88e-21 8.88e-24 1.75e-23
80.6 1.6 2.7e-21 8.35e-24 1.64e-23
80.7 1.6 2.54e-21 7.84e-24 1.54e-23
80.8 1.6 2.38e-21 7.36e-24 1.45e-23
80.9 1.6 2.24e-21 6.92e-24 1.36e-23
81 1.6 2.1e-21 6.5e-24 1.28e-23
81.1 1.6 1.98e-21 6.11e-24 1.2e-23
81.2 1.6 1.86e-21 5.74e-24 1.13e-23
81.3 1.6 1.74e-21 5.39e-24 1.06e-23
81.4 1.6 1.64e-21 5.06e-24 9.97e-24
81.5 1.6 1.54e-21 4.75e-24 9.37e-24
81.6 1.6 1.45e-21 4.47e-24 8.8e-24
81.7 1.6 1.36e-21 4.2e-24 8.27e-24
81.8 1.6 1.28e-21 3.94e-24 7.77e-24
81.9 1.6 1.2e-21 3.7e-24 7.3e-24
82 1.6 1.13e-21 3.48e-24 6.86e-24
82.1 1.6 1.06e-21 3.27e-24 6.44e-24
82.2 1.6 9.94e-22 3.07e-24 6.05e-24
82.3 1.6 9.34e-22 2.88e-24 5.68e-24
82.4 1.6 8.77e-22 2.71e-24 5.34e-24
82.5 1.6 8.24e-22 2.55e-24 5.02e-24
82.6 1.6 7.74e-22 2.39e-24 4.71e-24
82.7 1.6 7.27e-22 2.25e-24 4.43e-24
82.8 1.6 6.83e-22 2.11e-24 4.16e-24
82.9 1.6 6.42e-22 1.98e-24 3.91e-24
83 1.6 6.03e-22 1.86e-24 3.67e-24
83.1 1.6 5.66e-22 1.75e-24 3.45e-24
83.2 1.6 5.32e-22 1.64e-24 3.24e-24
83.3 1.6 5e-22 1.54e-24 3.04e-24
83.4 1.6 4.7e-22 1.45e-24 2.86e-24
83.5 1.6 4.41e-22 1.36e-24 2.68e-24
83.6 1.6 4.14e-22 1.28e-24 2.52e-24
83.7 1.6 3.89e-22 1.2e-24 2.37e-24
83.8 1.6 3.66e-22 1.13e-24 2.23e-24
83.9 1.6 3.44e-22 1.06e-24 2.09e-24
84 1.6 3.23e-22 9.97e-25 1.96e-24
84.1 1.6 3.03e-22 9.36e-25 1.85e-24
84.2 1.6 2.85e-22 8.8e-25 1.73e-24
84.3 1.6 2.68e-22 8.26e-25 1.63e-24
84.4 1.6 2.51e-22 7.76e-25 1.53e-24
84.5 1.6 2.36e-22 7.29e-25 1.44e-24
84.6 1.6 2.22e-22 6.85e-25 1.35e-24
84.7 1.6 2.08e-22 6.44e-25 1.27e-24
84.8 1.6 1.96e-22 6.05e-25 1.19e-24
84.9 1.6 1.84e-22 5.68e-25 1.12e-24
85 1.6 1.73e-22 5.33e-25 1.05e-24
85.1 1.6 1.62e-22 5.01e-25 9.88e-25
85.2 1.6 1.52e-22 4.71e-25 9.28e-25
85.3 1.6 1.43e-22 4.42e-25 8.72e-25
85.4 1.6 1.35e-22 4.15e-25 8.19e-25
85.5 1.6 1.26e-22 3.9e-25 7.69e-25
85.6 1.6 1.19e-22 3.67e-25 7.23e-25
85.7 1.6 1.12e-22 3.44e-25 6.79e-25
85.8 1.6 1.05e-22 3.24e-25 6.38e-25
85.9 1.6 9.84e-23 3.04e-25 5.99e-25
86 1.6 9.25e-23 2.86e-25 5.63e-25
86.1 1.6 8.69e-23 2.68e-25 5.29e-25
86.2 1.6 8.16e-23 2.52e-25 4.97e-25
86.3 1.6 7.67e-23 2.37e-25 4.67e-25
86.4 1.6 7.2e-23 2.22e-25 4.38e-25
86.5 1.6 6.77e-23 2.09e-25 4.12e-25
86.6 1.6 6.36e-23 1.96e-25 3.87e-25
86.7 1.6 5.97e-23 1.84e-25 3.63e-25
86.8 1.6 5.61e-23 1.73e-25 3.41e-25
86.9 1.6 5.27e-23 1.63e-25 3.21e-25
87 1.6 4.95e-23 1.53e-25 3.01e-25
87.1 1.6 4.65e-23 1.44e-25 2.83e-25
87.2 1.6 4.37e-23 1.35e-25 2.66e-25
87.3 1.6 4.1e-23 1.27e-25 2.5e-25
87.4 1.6 3.85e-23 1.19e-25 2.35e-25
87.5 1.6 3.62e-23 1.12e-25 2.2e-25
87.6 1.6 3.4e-23 1.05e-25 2.07e-25
87.7 1.6 3.2e-23 9.87e-26 1.94e-25
87.8 1.6 3e-23 9.27e-26 1.83e-25
87.9 1.6 2.82e-23 8.71e-26 1.72e-25
88 1.6 2.65e-23 8.18e-26 1.61e-25
88.1 1.6 2.49e-23 7.69e-26 1.51e-25
88.2 1.6 2.34e-23 7.22e-26 1.42e-25
88.3 1.6 2.2e-23 6.78e-26 1.34e-25
88.4 1.6 2.06e-23 6.37e-26 1.26e-25
88.5 1.6 1.94e-23 5.99e-26 1.18e-25
88.6 1.6 1.82e-23 5.62e-26 1.11e-25
88.7 1.6 1.71e-23 5.28e-26 1.04e-25
88.8 1.6 1.61e-23 4.96e-26 9.78e-26
88.9 1.6 1.51e-23 4.66e-26 9.19e-26
89 1.6 1.42e-23 4.38e-26 8.63e-26
89.1 1.6 1.33e-23 4.11e-26 8.11e-26
89.2 1.6 1.25e-23 3.86e-26 7.62e-26
89.3 1.6 1.18e-23 3.63e-26 7.15e-26
89.4 1.6 1.1e-23 3.41e-26 6.72e-26
89.5 1.6 1.04e-23 3.2e-26 6.31e-26
89.6 1.6 9.75e-24 3.01e-26 5.93e-26
89.7 1.6 9.16e-24 2.83e-26 5.57e-26
89.8 1.6 8.6e-24 2.66e-26 5.23e-26
89.9 1.6 8.08e-24 2.5e-26 4.92e-26
90 1.6 7.59e-24 2.34e-26 4.62e-26
90.1 1.6 7.13e-24 2.2e-26 4.34e-26
90.2 1.6 6.7e-24 2.07e-26 4.08e-26
90.3 1.6 6.29e-24 1.94e-26 3.83e-26
90.4 1.6 5.91e-24 1.83e-26 3.6e-26
90.5 1.6 5.55e-24 1.71e-26 3.38e-26
90.6 1.6 5.22e-24 1.61e-26 3.17e-26
90.7 1.6 4.9e-24 1.51e-26 2.98e-26
90.8 1.6 4.6e-24 1.42e-26 2.8e-26
90.9 1.6 4.33e-24 1.34e-26 2.63e-26
91 1.6 4.06e-24 1.25e-26 2.47e-26
91.1 1.6 3.82e-24 1.18e-26 2.32e-26
91.2 1.6 3.59e-24 1.11e-26 2.18e-26
91.3 1.6 3.37e-24 1.04e-26 2.05e-26
91.4 1.6 3.16e-24 9.77e-27 1.93e-26
91.5 1.6 2.97e-24 9.18e-27 1.81e-26
91.6 1.6 2.79e-24 8.62e-27 1.7e-26
91.7 1.6 2.62e-24 8.1e-27 1.6e-26
91.8 1.6 2.46e-24 7.61e-27 1.5e-26
91.9 1.6 2.32e-24 7.15e-27 1.41e-26
92 1.6 2.17e-24 6.72e-27 1.32e-26
92.1 1.6 2.04e-24 6.31e-27 1.24e-26
92.2 1.6 1.92e-24 5.93e-27 1.17e-26
92.3 1.6 1.8e-24 5.57e-27 1.1e-26
92.4 1.6 1.69e-24 5.23e-27 1.03e-26
92.5 1.6 1.59e-24 4.91e-27 9.68e-27
92.6 1.6 1.49e-24 4.62e-27 9.1e-27
92.7 1.6 1.4e-24 4.34e-27 8.54e-27
92.8 1.6 1.32e-24 4.07e-27 8.03e-27
92.9 1.6 1.24e-24 3.83e-27 7.54e-27
93 1.6 1.16e-24 3.59e-27 7.08e-27
93.1 1.6 1.09e-24 3.38e-27 6.65e-27
93.2 1.6 1.03e-24 3.17e-27 6.25e-27
93.3 1.6 9.65e-25 2.98e-27 5.87e-27
93.4 1.6 9.07e-25 2.8e-27 5.52e-27
93.5 1.6 8.52e-25 2.63e-27 5.18e-27
93.6 1.6 8e-25 2.47e-27 4.87e-27
93.7 1.6 7.52e-25 2.32e-27 4.57e-27
93.8 1.6 7.06e-25 2.18e-27 4.3e-27
93.9 1.6 6.63e-25 2.05e-27 4.04e-27
94 1.6 6.23e-25 1.92e-27 3.79e-27
94.1 1.6 5.85e-25 1.81e-27 3.56e-27
94.2 1.6 5.5e-25 1.7e-27 3.35e-27
94.3 1.6 5.17e-25 1.6e-27 3.14e-27
94.4 1.6 4.85e-25 1.5e-27 2.95e-27
94.5 1.6 4.56e-25 1.41e-27 2.77e-27
94.6 1.6 4.28e-25 1.32e-27 2.61e-27
94.7 1.6 4.02e-25 1.24e-27 2.45e-27
94.8 1.6 3.78e-25 1.17e-27 2.3e-27
94.9 1.6 3.55e-25 1.1e-27 2.16e-27
95 1.6 3.34e-25 1.03e-27 2.03e-27
95.1 1.6 3.13e-25 9.67e-28 1.91e-27
95.2 1.6 2.94e-25 9.09e-28 1.79e-27
95.3 1.6 2.76e-25 8.54e-28 1.68e-27
95.4 1.6 2.6e-25 8.02e-28 1.58e-27
95.5 1.6 2.44e-25 7.53e-28 1.48e-27
95.6 1.6 2.29e-25 7.08e-28 1.39e-27
95.7 1.6 2.15e-25 6.65e-28 1.31e-27
95.8 1.6 2.02e-25 6.25e-28 1.23e-27
95.9 1.6 1.9e-25 5.87e-28 1.16e-27
96 1.6 1.79e-25 5.51e-28 1.09e-27
96.1 1.6 1.68e-25 5.18e-28 1.02e-27
96.2 1.6 1.58e-25 4.86e-28 9.59e-28
96.3 1.6 1.48e-25 4.57e-28 9.01e-28
96.4 1.6 1.39e-25 4.29e-28 8.46e-28
96.5 1.6 1.31e-25 4.03e-28 7.95e-28
96.6 1.6 1.23e-25 3.79e-28 7.47e-28
96.7 1.6 1.15e-25 3.56e-28 7.01e-28
96.8 1.6 1.08e-25 3.34e-28 6.59e-28
96.9 1.6 1.02e-25 3.14e-28 6.19e-28
97 1.6 9.56e-26 2.95e-28 5.81e-28
97.1 1.6 8.98e-26 2.77e-28 5.46e-28
97.2 1.6 8.43e-26 2.6e-28 5.13e-28
97.3 1.6 7.92e-26 2.45e-28 4.82e-28
97.4 1.6 7.44e-26 2.3e-28 4.53e-28
97.5 1.6 6.99e-26 2.16e-28 4.25e-28
97.6 1.6 6.57e-26 2.03e-28 4e-28
97.7 1.6 6.17e-26 1.91e-28 3.75e-28
97.8 1.6 5.8e-26 1.79e-28 3.53e-28
97.9 1.6 5.44e-26 1.68e-28 3.31e-28
98 1.6 5.11e-26 1.58e-28 3.11e-28
98.1 1.6 4.8e-26 1.48e-28 2.92e-28
98.2 1.6 4.51e-26 1.39e-28 2.75e-28
98.3 1.6 4.24e-26 1.31e-28 2.58e-28
98.4 1.6 3.98e-26 1.23e-28 2.42e-28
98.5 1.6 3.74e-26 1.16e-28 2.28e-28
98.6 1.6 3.52e-26 1.09e-28 2.14e-28
98.7 1.6 3.3e-26 1.02e-28 2.01e-28
98.8 1.6 3.1e-26 9.58e-29 1.89e-28
98.9 1.6 2.91e-26 9e-29 1.77e-28
99 1.6 2.74e-26 8.45e-29 1.67e-28
99.1 1.6 2.57e-26 7.94e-29 1.56e-28
99.2 1.6 2.42e-26 7.46e-29 1.47e-28
99.3 1.6 2.27e-26 7.01e-29 1.38e-28
99.4 1.6 2.13e-26 6.58e-29 1.3e-28
99.5 1.6 2e-26 6.18e-29 1.22e-28
99.6 1.6 1.88e-26 5.81e-29 1.14e-28
99.7 1.6 1.77e-26 5.46e-29 1.08e-28
99.8 1.6 1.66e-26 5.13e-29 1.01e-28
99.9 1.6 1.56e-26 4.82e-29 9.49e-29
