-25 5.6 0.0246 1.3e-08 3.4e-08
-24.9 5.6 0.025 1.28e-08 3.33e-08
-24.8 5.6 0.0255 1.25e-08 3.25e-08
-24.7 5.6 0.0259 1.23e-08 3.18e-08
-24.6 5.6 0.0264 1.23e-08 3.18e-08
-24.5 5.6 0.0268 1.2e-08 3.1e-08
-24.4 5.6 0.0273 1.17e-08 3.03e-08
-24.3 5.6 0.0278 1.23e-08 2.97e-08
-24.2 5.6 0.0283 1.2e-08 2.9e-08
-24.1 5.6 0.0288 1.12e-08 2.78e-08
-24 5.6 0.0293 1.17e-08 2.72e-08
-23.9 5.6 0.0298 1.15e-08 2.65e-08
-23.8 5.6 0.0303 2.2e-08 5.1e-08
-23.7 5.6 0.0308 2.12e-08 4.78e-08
-23.6 5.6 0.0313 1.98e-08 4.52e-08
-23.5 5.6 0.0319 1.9e-08 4.2e-08
-23.4 5.6 0.0324 1.75e-08 3.85e-08
-23.3 5.6 0.033 1.62e-08 3.57e-08
-23.2 5.6 0.0336 1.45e-08 3.15e-08
-23.1 5.6 0.0342 1.3e-08 2.8e-08
-23 5.6 0.0348 1.17e-08 2.42e-08
-22.9 5.6 0.0354 1e-08 2e-08
-22.8 5.6 0.036 1.05e-08 1.35e-08
-22.7 5.6 0.0366 8e-09 1e-08
-22.6 5.6 0.0372 6e-09 6e-09
-22.5 5.6 0.0379 3.5e-09 1.5e-09
-22.4 5.6 0.0385 2.5e-09 3.5e-09
-22.3 5.6 0.0392 8.75e-09 6.25e-09
-22.2 5.6 0.0398 3e-09 4e-09
-22.1 5.6 0.0405 2e-09 5e-09
-22 5.6 0.0412 2.25e-09 6.75e-09
-21.9 5.6 0.0419 3.25e-09 8.75e-09
-21.8 5.6 0.0427 4.5e-09 1.05e-08
-21.7 5.6 0.0434 9.75e-09 1.43e-08
-21.6 5.6 0.0441 3.05e-08 2.25e-08
-21.5 5.6 0.0449 7.95e-08 2.05e-07
-21.4 5.6 0.0456 2.97e-08 3.92e-08
-21.3 5.6 0.0464 2.83e-08 2.68e-08
-21.2 5.6 0.0472 2.95e-08 2.25e-08
-21.1 5.6 0.048 3.2e-08 2.2e-08
-21 5.6 0.0488 3.45e-08 2.05e-08
-20.9 5.6 0.0497 3.72e-08 2.08e-08
-20.8 5.6 0.0505 4.05e-08 2.15e-08
-20.7 5.6 0.0514 4.37e-08 2.23e-08
-20.6 5.6 0.0522 4.73e-08 2.27e-08
-20.5 5.6 0.0531 5.05e-08 2.35e-08
-20.4 5.6 0.054 5.47e-08 2.53e-08
-20.3 5.6 0.0549 5.83e-08 2.57e-08
-20.2 5.6 0.0559 6.2e-08 2.7e-08
-20.1 5.6 0.0568 6.63e-08 2.87e-08
-20 5.6 0.0578 7.05e-08 2.95e-08
-19.9 5.6 0.0587 7.43e-08 3.08e-08
-19.8 5.6 0.0597 7.88e-08 3.23e-08
-19.7 5.6 0.0607 8.32e-08 3.38e-08
-19.6 5.6 0.0617 8.82e-08 3.47e-08
-19.5 5.6 0.0628 9.3e-08 3.7e-08
-19.4 5.6 0.0638 9.73e-08 3.77e-08
-19.3 5.6 0.0649 1.02e-07 3.95e-08
-19.2 5.6 0.066 1.08e-07 4.13e-08
-19.1 5.6 0.067 1.12e-07 4.35e-08
-19 5.6 0.0682 1.17e-07 4.45e-08
-18.9 5.6 0.0693 1.23e-07 4.63e-08
-18.8 5.6 0.0704 1.28e-07 4.8e-08
-18.7 5.6 0.0716 1.33e-07 4.95e-08
-18.6 5.6 0.0728 1.39e-07 5.15e-08
-18.5 5.6 0.074 1.45e-07 5.32e-08
-18.4 5.6 0.0752 1.51e-07 5.5e-08
-18.3 5.6 0.0764 1.56e-07 5.68e-08
-18.2 5.6 0.0777 1.63e-07 5.85e-08
-18.1 5.6 0.079 1.69e-07 6.05e-08
-18 5.6 0.0803 1.74e-07 6.17e-08
-17.9 5.6 0.0816 1.81e-07 6.35e-08
-17.8 5.6 0.0829 1.87e-07 6.6e-08
-17.7 5.6 0.0842 1.93e-07 6.72e-08
-17.6 5.6 0.0856 1.99e-07 6.9e-08
-17.5 5.6 0.087 2.05e-07 7.13e-08
-17.4 5.6 0.0884 2.12e-07 7.32e-08
-17.3 5.6 0.0898 2.18e-07 7.5e-08
-17.2 5.6 0.0913 2.24e-07 7.67e-08
-17.1 5.6 0.0927 2.3e-07 7.83e-08
-17 5.6 0.0942 2.37e-07 8.02e-08
-16.9 5.6 0.0957 2.43e-07 8.18e-08
-16.8 5.6 0.0973 2.5e-07 8.45e-08
-16.7 5.6 0.0988 2.55e-07 8.78e-08
-16.6 5.6 0.1 2.58e-07 9.25e-08
-16.5 5.6 0.102 2.65e-07 9.5e-08
-16.4 5.6 0.104 2.72e-07 9.75e-08
-16.3 5.6 0.105 2.8e-07 1e-07
-16.2 5.6 0.107 2.88e-07 1.02e-07
-16.1 5.6 0.109 2.88e-07 1.02e-07
-16 5.6 0.11 3e-07 1.1e-07
-15.9 5.6 0.112 3e-07 1.1e-07
-15.8 5.6 0.114 3.08e-07 1.22e-07
-15.7 5.6 0.116 3.08e-07 1.22e-07
-15.6 5.6 0.117 3.15e-07 1.25e-07
-15.5 5.6 0.119 3.22e-07 1.27e-07
-15.4 5.6 0.121 3.25e-07 1.35e-07
-15.3 5.6 0.123 3.27e-07 1.33e-07
-15.2 5.6 0.125 3.35e-07 1.45e-07
-15.1 5.6 0.127 3.35e-07 1.45e-07
-15 5.6 0.129 3.35e-07 1.45e-07
-14.9 5.6 0.131 3.4e-07 1.5e-07
-14.8 5.6 0.133 3.48e-07 1.63e-07
-14.7 5.6 0.135 3.48e-07 1.63e-07
-14.6 5.6 0.137 3.5e-07 1.7e-07
-14.5 5.6 0.139 3.48e-07 1.72e-07
-14.4 5.6 0.141 6.8e-07 5.8e-07
-14.3 5.6 0.143 7.77e-07 6.32e-07
-14.2 5.6 0.145 8.7e-07 6.9e-07
-14.1 5.6 0.147 9.75e-07 7.55e-07
-14 5.6 0.149 1.07e-06 8.1e-07
-13.9 5.6 0.152 1.17e-06 8.63e-07
-13.8 5.6 0.154 1.44e-06 7.42e-07
-13.7 5.6 0.156 1.55e-06 7.75e-07
-13.6 5.6 0.158 1.66e-06 8.03e-07
-13.5 5.6 0.161 1.02e-06 3.82e-07
-13.4 5.6 0.163 9.48e-07 4.53e-07
-13.3 5.6 0.165 3.85e-07 5.35e-07
-13.2 5.6 0.168 2.73e-06 1.63e-06
-13.1 5.6 0.17 1.59e-06 2.23e-06
-13 5.6 0.173 7.42e-07 5.57e-07
-12.9 5.6 0.175 5.93e-07 3.58e-07
-12.8 5.6 0.178 5.22e-07 2.77e-07
-12.7 5.6 0.18 4.83e-07 2.27e-07
-12.6 5.6 0.183 4.58e-07 2.02e-07
-12.5 5.6 0.185 4.37e-07 1.82e-07
-12.4 5.6 0.188 4.13e-07 1.68e-07
-12.3 5.6 0.19 4.03e-07 1.58e-07
-12.2 5.6 0.193 3.77e-07 1.43e-07
-12.1 5.6 0.196 3.65e-07 1.35e-07
-12 5.6 0.198 3.55e-07 1.25e-07
-11.9 5.6 0.201 3.43e-07 1.17e-07
-11.8 5.6 0.204 3.27e-07 1.12e-07
-11.7 5.6 0.207 3.08e-07 1.02e-07
-11.6 5.6 0.209 2.95e-07 1.05e-07
-11.5 5.6 0.212 2.8e-07 1e-07
-11.4 5.6 0.215 2.58e-07 9.25e-08
-11.3 5.6 0.218 2.45e-07 9.5e-08
-11.2 5.6 0.221 2.25e-07 9.5e-08
-11.1 5.6 0.224 2.13e-07 8.75e-08
-11 5.6 0.227 1.93e-07 8.75e-08
-10.9 5.6 0.23 1.72e-07 7.75e-08
-10.8 5.6 0.233 1.55e-07 7.5e-08
-10.7 5.6 0.236 1.3e-07 7e-08
-10.6 5.6 0.239 1.1e-07 6e-08
-10.5 5.6 0.242 7.75e-08 4.25e-08
-10.4 5.6 0.245 5.75e-08 3.25e-08
-10.3 5.6 0.248 3.5e-08 2.5e-08
-10.2 5.6 0.251 2.25e-08 1.75e-08
-10.1 5.6 0.254 7.75e-08 3.25e-08
-10 5.6 0.257 2.5e-08 1.5e-08
-9.9 5.6 0.26 5.5e-08 5.5e-08
-9.8 5.6 0.264 6.75e-08 3.25e-08
-9.7 5.6 0.267 1e-07 9e-08
-9.6 5.6 0.27 2.7e-07 5.6e-07
-9.5 5.6 0.273 4.15e-07 2.55e-07
-9.4 5.6 0.276 2.2e-07 2.1e-07
-9.3 5.6 0.28 1.8e-07 2.2e-07
-9.2 5.6 0.283 1.72e-07 2.38e-07
-9.1 5.6 0.286 1.7e-07 2.5e-07
-9 5.6 0.29 1.8e-07 2.7e-07
-8.9 5.6 0.293 2e-07 2.7e-07
-8.8 5.6 0.296 2.85e-07 2.95e-07
-8.7 5.6 0.3 5.5e-07 5.1e-07
-8.6 5.6 0.303 2.62e-07 4.37e-07
-8.5 5.6 0.306 2.18e-07 4.42e-07
-8.4 5.6 0.31 2e-07 4.6e-07
-8.3 5.6 0.313 1.9e-07 4.8e-07
-8.2 5.6 0.316 1.9e-07 4.9e-07
-8.1 5.6 0.32 1.82e-07 5.18e-07
-8 5.6 0.323 1.93e-07 5.38e-07
-7.9 5.6 0.327 1.93e-07 5.57e-07
-7.8 5.6 0.33 2.02e-07 5.77e-07
-7.7 5.6 0.334 2.18e-07 5.93e-07
-7.6 5.6 0.337 2.32e-07 6.18e-07
-7.5 5.6 0.34 2.4e-07 6.3e-07
-7.4 5.6 0.344 2.55e-07 6.45e-07
-7.3 5.6 0.347 2.65e-07 6.65e-07
-7.2 5.6 0.351 2.8e-07 6.8e-07
-7.1 5.6 0.354 2.9e-07 6.9e-07
-7 5.6 0.358 3.03e-07 7.08e-07
-6.9 5.6 0.361 3.13e-07 7.18e-07
-6.8 5.6 0.364 3.27e-07 7.22e-07
-6.7 5.6 0.368 3.32e-07 7.38e-07
-6.6 5.6 0.371 3.48e-07 7.42e-07
-6.5 5.6 0.375 3.55e-07 7.45e-07
-6.4 5.6 0.378 3.58e-07 7.52e-07
-6.3 5.6 0.381 3.65e-07 7.55e-07
-6.2 5.6 0.385 3.8e-07 7.6e-07
-6.1 5.6 0.388 3.85e-07 7.55e-07
-6 5.6 0.392 3.93e-07 7.57e-07
-5.9 5.6 0.395 4e-07 7.5e-07
-5.8 5.6 0.398 4.03e-07 7.48e-07
-5.7 5.6 0.402 4.1e-07 7.4e-07
-5.6 5.6 0.405 4.15e-07 7.35e-07
-5.5 5.6 0.408 4.15e-07 7.25e-07
-5.4 5.6 0.412 4.2e-07 7.1e-07
-5.3 5.6 0.415 4.22e-07 6.97e-07
-5.2 5.6 0.418 4.2e-07 6.8e-07
-5.1 5.6 0.421 4.25e-07 6.65e-07
-5 5.6 0.424 4.22e-07 6.48e-07
-4.9 5.6 0.428 4.18e-07 6.22e-07
-4.8 5.6 0.431 4.2e-07 6e-07
-4.7 5.6 0.434 4.18e-07 5.73e-07
-4.6 5.6 0.437 1.24e-06 1.48e-06
-4.5 5.6 0.44 1.34e-06 1.67e-06
-4.4 5.6 0.443 1.47e-06 1.86e-06
-4.3 5.6 0.446 1.64e-06 2.07e-06
-4.2 5.6 0.449 2.09e-06 2.35e-06
-4.1 5.6 0.452 5.34e-06 4.04e-06
-4 5.6 0.455 4.35e-06 2.86e-06
-3.9 5.6 0.458 1.29e-06 1.06e-06
-3.8 5.6 0.461 4.88e-06 2.19e-06
-3.7 5.6 0.463 5.35e-07 6.35e-07
-3.6 5.6 0.466 2.77e-07 4.72e-07
-3.5 5.6 0.469 1.82e-07 3.87e-07
-3.4 5.6 0.471 1.33e-07 3.27e-07
-3.3 5.6 0.474 1.1e-07 2.7e-07
-3.2 5.6 0.477 1.02e-07 2.18e-07
-3.1 5.6 0.479 9.25e-08 1.68e-07
-3 5.6 0.482 6.25e-08 9.75e-08
-2.9 5.6 0.484 4e-08 6e-08
-2.8 5.6 0.487 4.5e-08 8.5e-08
-2.7 5.6 0.489 8e-08 6e-08
-2.6 5.6 0.491 3.5e-08 6.5e-08
-2.5 5.6 0.493 1.05e-06 4.32e-07
-2.4 5.6 0.496 1.68e-07 1.33e-07
-2.3 5.6 0.498 1.97e-07 1.02e-07
-2.2 5.6 0.5 2.38e-07 1.02e-07
-2.1 5.6 0.502 2.8e-07 1.1e-07
-2 5.6 0.504 3.22e-07 1.17e-07
-1.9 5.6 0.506 3.63e-07 1.38e-07
-1.8 5.6 0.508 4e-07 1.6e-07
-1.7 5.6 0.51 4.37e-07 1.82e-07
-1.6 5.6 0.511 4.72e-07 2.07e-07
-1.5 5.6 0.513 5.1e-07 2.4e-07
-1.4 5.6 0.515 5.57e-07 2.53e-07
-1.3 5.6 0.516 5.9e-07 2.7e-07
-1.2 5.6 0.518 6.25e-07 2.95e-07
-1.1 5.6 0.519 6.63e-07 3.27e-07
-1 5.6 0.521 6.87e-07 3.43e-07
-0.9 5.6 0.522 7.22e-07 3.67e-07
-0.8 5.6 0.523 7.55e-07 3.85e-07
-0.7 5.6 0.524 7.87e-07 4.03e-07
-0.6 5.6 0.526 8.15e-07 4.25e-07
-0.5 5.6 0.527 8.4e-07 4.4e-07
-0.4 5.6 0.528 8.65e-07 4.55e-07
-0.3 5.6 0.529 8.87e-07 4.72e-07
-0.2 5.6 0.529 9.13e-07 4.87e-07
-0.1 5.6 0.53 9.3e-07 5e-07
1.11e-16 5.6 0.531 9.45e-07 5.15e-07
0.1 5.6 0.532 9.65e-07 5.25e-07
0.2 5.6 0.532 9.82e-07 5.38e-07
0.3 5.6 0.533 9.93e-07 5.48e-07
0.4 5.6 0.533 1e-06 5.55e-07
0.5 5.6 0.534 1.02e-06 5.67e-07
0.6 5.6 0.534 1.03e-06 5.7e-07
0.7 5.6 0.534 1.03e-06 5.77e-07
0.8 5.6 0.534 1.04e-06 5.8e-07
0.9 5.6 0.534 1.04e-06 5.77e-07
1 5.6 0.534 1.04e-06 5.8e-07
1.1 5.6 0.534 1.04e-06 5.77e-07
1.2 5.6 0.534 1.04e-06 5.8e-07
1.3 5.6 0.534 1.03e-06 5.77e-07
1.4 5.6 0.534 1.03e-06 5.7e-07
1.5 5.6 0.534 1.02e-06 5.67e-07
1.6 5.6 0.533 1e-06 5.55e-07
1.7 5.6 0.533 9.93e-07 5.48e-07
1.8 5.6 0.532 9.82e-07 5.38e-07
1.9 5.6 0.532 9.65e-07 5.25e-07
2 5.6 0.531 9.45e-07 5.15e-07
2.1 5.6 0.53 9.3e-07 5e-07
2.2 5.6 0.529 9.13e-07 4.87e-07
2.3 5.6 0.529 8.87e-07 4.72e-07
2.4 5.6 0.528 8.65e-07 4.55e-07
2.5 5.6 0.527 8.4e-07 4.4e-07
2.6 5.6 0.526 8.15e-07 4.25e-07
2.7 5.6 0.524 7.87e-07 4.03e-07
2.8 5.6 0.523 7.55e-07 3.85e-07
2.9 5.6 0.522 7.22e-07 3.67e-07
3 5.6 0.521 6.87e-07 3.43e-07
3.1 5.6 0.519 6.63e-07 3.27e-07
3.2 5.6 0.518 6.25e-07 2.95e-07
3.3 5.6 0.516 5.9e-07 2.7e-07
3.4 5.6 0.515 5.57e-07 2.53e-07
3.5 5.6 0.513 5.1e-07 2.4e-07
3.6 5.6 0.511 4.72e-07 2.07e-07
3.7 5.6 0.51 4.37e-07 1.82e-07
3.8 5.6 0.508 4e-07 1.6e-07
3.9 5.6 0.506 3.63e-07 1.38e-07
4 5.6 0.504 3.22e-07 1.17e-07
4.1 5.6 0.502 2.8e-07 1.1e-07
4.2 5.6 0.5 2.38e-07 1.02e-07
4.3 5.6 0.498 1.97e-07 1.02e-07
4.4 5.6 0.496 1.68e-07 1.33e-07
4.5 5.6 0.493 1.05e-06 4.32e-07
4.6 5.6 0.491 3.5e-08 6.5e-08
4.7 5.6 0.489 8e-08 6e-08
4.8 5.6 0.487 4.5e-08 8.5e-08
4.9 5.6 0.484 4e-08 6e-08
5 5.6 0.482 6.25e-08 9.75e-08
5.1 5.6 0.479 9.25e-08 1.68e-07
5.2 5.6 0.477 1.02e-07 2.18e-07
5.3 5.6 0.474 1.1e-07 2.7e-07
5.4 5.6 0.471 1.33e-07 3.27e-07
5.5 5.6 0.469 1.82e-07 3.87e-07
5.6 5.6 0.466 2.77e-07 4.72e-07
5.7 5.6 0.463 5.35e-07 6.35e-07
5.8 5.6 0.461 4.88e-06 2.19e-06
5.9 5.6 0.458 1.29e-06 1.06e-06
6 5.6 0.455 4.35e-06 2.86e-06
6.1 5.6 0.452 5.34e-06 4.04e-06
6.2 5.6 0.449 2.09e-06 2.35e-06
6.3 5.6 0.446 1.64e-06 2.07e-06
6.4 5.6 0.443 1.47e-06 1.86e-06
6.5 5.6 0.44 1.34e-06 1.67e-06
6.6 5.6 0.437 1.24e-06 1.48e-06
6.7 5.6 0.434 4.18e-07 5.73e-07
6.8 5.6 0.431 4.2e-07 6e-07
6.9 5.6 0.428 4.18e-07 6.22e-07
7 5.6 0.424 4.22e-07 6.48e-07
7.1 5.6 0.421 4.25e-07 6.65e-07
7.2 5.6 0.418 4.2e-07 6.8e-07
7.3 5.6 0.415 4.22e-07 6.97e-07
7.4 5.6 0.412 4.2e-07 7.1e-07
7.5 5.6 0.408 4.15e-07 7.25e-07
7.6 5.6 0.405 4.15e-07 7.35e-07
7.7 5.6 0.402 4.1e-07 7.4e-07
7.8 5.6 0.398 4.03e-07 7.48e-07
7.9 5.6 0.395 4e-07 7.5e-07
8 5.6 0.392 3.93e-07 7.57e-07
8.1 5.6 0.388 3.85e-07 7.55e-07
8.2 5.6 0.385 3.8e-07 7.6e-07
8.3 5.6 0.381 3.65e-07 7.55e-07
8.4 5.6 0.378 3.58e-07 7.52e-07
8.5 5.6 0.375 3.55e-07 7.45e-07
8.6 5.6 0.371 3.48e-07 7.42e-07
8.7 5.6 0.368 3.32e-07 7.38e-07
8.8 5.6 0.364 3.27e-07 7.22e-07
8.9 5.6 0.361 3.13e-07 7.18e-07
9 5.6 0.358 3.03e-07 7.08e-07
9.1 5.6 0.354 2.9e-07 6.9e-07
9.2 5.6 0.351 2.8e-07 6.8e-07
9.3 5.6 0.347 2.65e-07 6.65e-07
9.4 5.6 0.344 2.55e-07 6.45e-07
9.5 5.6 0.34 2.4e-07 6.3e-07
9.6 5.6 0.337 2.32e-07 6.18e-07
9.7 5.6 0.334 2.18e-07 5.93e-07
9.8 5.6 0.33 2.02e-07 5.77e-07
9.9 5.6 0.327 1.93e-07 5.57e-07
10 5.6 0.323 1.93e-07 5.38e-07
10.1 5.6 0.32 1.82e-07 5.18e-07
10.2 5.6 0.316 1.9e-07 4.9e-07
10.3 5.6 0.313 1.9e-07 4.8e-07
10.4 5.6 0.31 2e-07 4.6e-07
10.5 5.6 0.306 2.18e-07 4.42e-07
10.6 5.6 0.303 2.62e-07 4.37e-07
10.7 5.6 0.3 5.5e-07 5.1e-07
10.8 5.6 0.296 2.85e-07 2.95e-07
10.9 5.6 0.293 2e-07 2.7e-07
11 5.6 0.29 1.8e-07 2.7e-07
11.1 5.6 0.286 1.7e-07 2.5e-07
11.2 5.6 0.283 1.72e-07 2.38e-07
11.3 5.6 0.28 1.8e-07 2.2e-07
11.4 5.6 0.276 2.2e-07 2.1e-07
11.5 5.6 0.273 4.15e-07 2.55e-07
11.6 5.6 0.27 2.7e-07 5.6e-07
11.7 5.6 0.267 1e-07 9e-08
11.8 5.6 0.264 6.75e-08 3.25e-08
11.9 5.6 0.26 5.5e-08 5.5e-08
12 5.6 0.257 2.5e-08 1.5e-08
12.1 5.6 0.254 7.75e-08 3.25e-08
12.2 5.6 0.251 2.25e-08 1.75e-08
12.3 5.6 0.248 3.5e-08 2.5e-08
12.4 5.6 0.245 5.75e-08 3.25e-08
12.5 5.6 0.242 7.75e-08 4.25e-08
12.6 5.6 0.239 1.1e-07 6e-08
12.7 5.6 0.236 1.3e-07 7e-08
12.8 5.6 0.233 1.55e-07 7.5e-08
12.9 5.6 0.23 1.72e-07 7.75e-08
13 5.6 0.227 1.93e-07 8.75e-08
13.1 5.6 0.224 2.13e-07 8.75e-08
13.2 5.6 0.221 2.25e-07 9.5e-08
13.3 5.6 0.218 2.45e-07 9.5e-08
13.4 5.6 0.215 2.58e-07 9.25e-08
13.5 5.6 0.212 2.8e-07 1e-07
13.6 5.6 0.209 2.95e-07 1.05e-07
13.7 5.6 0.207 3.08e-07 1.02e-07
13.8 5.6 0.204 3.27e-07 1.12e-07
13.9 5.6 0.201 3.43e-07 1.17e-07
14 5.6 0.198 3.55e-07 1.25e-07
14.1 5.6 0.196 3.65e-07 1.35e-07
14.2 5.6 0.193 3.77e-07 1.43e-07
14.3 5.6 0.19 4.03e-07 1.58e-07
14.4 5.6 0.188 4.13e-07 1.68e-07
14.5 5.6 0.185 4.37e-07 1.82e-07
14.6 5.6 0.183 4.58e-07 2.02e-07
14.7 5.6 0.18 4.83e-07 2.27e-07
14.8 5.6 0.178 5.22e-07 2.77e-07
14.9 5.6 0.175 5.93e-07 3.58e-07
15 5.6 0.173 7.42e-07 5.57e-07
15.1 5.6 0.17 1.59e-06 2.23e-06
15.2 5.6 0.168 2.73e-06 1.63e-06
15.3 5.6 0.165 3.85e-07 5.35e-07
15.4 5.6 0.163 9.48e-07 4.53e-07
15.5 5.6 0.161 1.02e-06 3.82e-07
15.6 5.6 0.158 1.66e-06 8.03e-07
15.7 5.6 0.156 1.55e-06 7.75e-07
15.8 5.6 0.154 1.44e-06 7.42e-07
15.9 5.6 0.152 1.17e-06 8.63e-07
16 5.6 0.149 1.07e-06 8.1e-07
16.1 5.6 0.147 9.75e-07 7.55e-07
16.2 5.6 0.145 8.7e-07 6.9e-07
16.3 5.6 0.143 7.77e-07 6.32e-07
16.4 5.6 0.141 6.8e-07 5.8e-07
16.5 5.6 0.139 3.48e-07 1.72e-07
16.6 5.6 0.137 3.5e-07 1.7e-07
16.7 5.6 0.135 3.48e-07 1.63e-07
16.8 5.6 0.133 3.48e-07 1.63e-07
16.9 5.6 0.131 3.4e-07 1.5e-07
17 5.6 0.129 3.35e-07 1.45e-07
17.1 5.6 0.127 3.35e-07 1.45e-07
17.2 5.6 0.125 3.35e-07 1.45e-07
17.3 5.6 0.123 3.27e-07 1.33e-07
17.4 5.6 0.121 3.25e-07 1.35e-07
17.5 5.6 0.119 3.22e-07 1.27e-07
17.6 5.6 0.117 3.15e-07 1.25e-07
17.7 5.6 0.116 3.08e-07 1.22e-07
17.8 5.6 0.114 3.08e-07 1.22e-07
17.9 5.6 0.112 3e-07 1.1e-07
18 5.6 0.11 3e-07 1.1e-07
18.1 5.6 0.109 2.88e-07 1.02e-07
18.2 5.6 0.107 2.88e-07 1.02e-07
18.3 5.6 0.105 2.8e-07 1e-07
18.4 5.6 0.104 2.72e-07 9.75e-08
18.5 5.6 0.102 2.65e-07 9.5e-08
18.6 5.6 0.1 2.58e-07 9.25e-08
18.7 5.6 0.0988 2.55e-07 8.78e-08
18.8 5.6 0.0973 2.5e-07 8.45e-08
18.9 5.6 0.0957 2.43e-07 8.18e-08
19 5.6 0.0942 2.37e-07 8.02e-08
19.1 5.6 0.0927 2.3e-07 7.83e-08
19.2 5.6 0.0913 2.24e-07 7.67e-08
19.3 5.6 0.0898 2.18e-07 7.5e-08
19.4 5.6 0.0884 2.12e-07 7.32e-08
19.5 5.6 0.087 2.05e-07 7.13e-08
19.6 5.6 0.0856 1.99e-07 6.9e-08
19.7 5.6 0.0842 1.93e-07 6.72e-08
19.8 5.6 0.0829 1.87e-07 6.6e-08
19.9 5.6 0.0816 1.81e-07 6.35e-08
20 5.6 0.0803 1.74e-07 6.17e-08
20.1 5.6 0.079 1.69e-07 6.05e-08
20.2 5.6 0.0777 1.63e-07 5.85e-08
20.3 5.6 0.0764 1.56e-07 5.68e-08
20.4 5.6 0.0752 1.51e-07 5.5e-08
20.5 5.6 0.074 1.45e-07 5.32e-08
20.6 5.6 0.0728 1.39e-07 5.15e-08
20.7 5.6 0.0716 1.33e-07 4.95e-08
20.8 5.6 0.0704 1.28e-07 4.8e-08
20.9 5.6 0.0693 1.23e-07 4.63e-08
21 5.6 0.0682 1.17e-07 4.45e-08
21.1 5.6 0.067 1.12e-07 4.35e-08
21.2 5.6 0.066 1.08e-07 4.13e-08
21.3 5.6 0.0649 1.02e-07 3.95e-08
21.4 5.6 0.0638 9.73e-08 3.77e-08
21.5 5.6 0.0628 9.3e-08 3.7e-08
21.6 5.6 0.0617 8.82e-08 3.47e-08
21.7 5.6 0.0607 8.32e-08 3.38e-08
21.8 5.6 0.0597 7.88e-08 3.23e-08
21.9 5.6 0.0587 7.43e-08 3.08e-08
22 5.6 0.0578 7.05e-08 2.95e-08
22.1 5.6 0.0568 6.63e-08 2.87e-08
22.2 5.6 0.0559 6.2e-08 2.7e-08
22.3 5.6 0.0549 5.83e-08 2.57e-08
22.4 5.6 0.054 5.47e-08 2.53e-08
22.5 5.6 0.0531 5.05e-08 2.35e-08
22.6 5.6 0.0522 4.73e-08 2.27e-08
22.7 5.6 0.0514 4.37e-08 2.23e-08
22.8 5.6 0.0505 4.05e-08 2.15e-08
22.9 5.6 0.0497 3.72e-08 2.08e-08
23 5.6 0.0488 3.45e-08 2.05e-08
23.1 5.6 0.048 3.2e-08 2.2e-08
23.2 5.6 0.0472 2.95e-08 2.25e-08
23.3 5.6 0.0464 2.83e-08 2.68e-08
23.4 5.6 0.0456 2.97e-08 3.92e-08
23.5 5.6 0.0449 7.95e-08 2.05e-07
23.6 5.6 0.0441 3.05e-08 2.25e-08
23.7 5.6 0.0434 9.75e-09 1.43e-08
23.8 5.6 0.0427 4.5e-09 1.05e-08
23.9 5.6 0.0419 3.25e-09 8.75e-09
24 5.6 0.0412 2.25e-09 6.75e-09
24.1 5.6 0.0405 2e-09 5e-09
24.2 5.6 0.0398 3e-09 4e-09
24.3 5.6 0.0392 8.75e-09 6.25e-09
24.4 5.6 0.0385 2.5e-09 3.5e-09
24.5 5.6 0.0379 3.5e-09 1.5e-09
24.6 5.6 0.0372 6e-09 6e-09
24.7 5.6 0.0366 8e-09 1e-08
24.8 5.6 0.036 1.05e-08 1.35e-08
24.9 5.6 0.0354 1e-08 2e-08
25 5.6 0.0348 1.17e-08 2.42e-08
25.1 5.6 0.0342 1.3e-08 2.8e-08
25.2 5.6 0.0336 1.45e-08 3.15e-08
25.3 5.6 0.033 1.62e-08 3.57e-08
25.4 5.6 0.0324 1.75e-08 3.85e-08
25.5 5.6 0.0319 1.9e-08 4.2e-08
25.6 5.6 0.0313 1.98e-08 4.52e-08
25.7 5.6 0.0308 2.12e-08 4.78e-08
25.8 5.6 0.0303 2.2e-08 5.1e-08
25.9 5.6 0.0298 1.15e-08 2.65e-08
26 5.6 0.0293 1.17e-08 2.72e-08
26.1 5.6 0.0288 1.12e-08 2.78e-08
26.2 5.6 0.0283 1.2e-08 2.9e-08
26.3 5.6 0.0278 1.23e-08 2.97e-08
26.4 5.6 0.0273 1.17e-08 3.03e-08
26.5 5.6 0.0268 1.2e-08 3.1e-08
26.6 5.6 0.0264 1.23e-08 3.18e-08
26.7 5.6 0.0259 1.23e-08 3.18e-08
26.8 5.6 0.0255 1.25e-08 3.25e-08
26.9 5.6 0.025 1.28e-08 3.33e-08
27 5.6 0.0246 1.3e-08 3.4e-08
27.1 5.6 0.0242 1.32e-08 3.47e-08
27.2 5.6 0.0238 1.25e-08 3.45e-08
27.3 5.6 0.0234 1.3e-08 3.5e-08
27.4 5.6 0.023 1.35e-08 3.55e-08
27.5 5.6 0.0226 1.28e-08 3.53e-08
27.6 5.6 0.0222 1.35e-08 3.65e-08
27.7 5.6 0.0218 1.35e-08 3.65e-08
27.8 5.6 0.0214 1.32e-08 3.68e-08
27.9 5.6 0.021 1.32e-08 3.68e-08
28 5.6 0.0207 1.35e-08 3.75e-08
28.1 5.6 0.0203 1.3e-08 3.7e-08
28.2 5.6 0.02 1.32e-08 3.77e-08
28.3 5.6 0.0196 1.3e-08 3.7e-08
28.4 5.6 0.0193 1.32e-08 3.77e-08
28.5 5.6 0.019 1.32e-08 3.77e-08
28.6 5.6 0.0186 1.32e-08 3.77e-08
28.7 5.6 0.0183 1.28e-08 3.72e-08
28.8 5.6 0.018 1.32e-08 3.77e-08
28.9 5.6 0.0177 1.32e-08 3.77e-08
29 5.6 0.0174 1.28e-08 3.72e-08
29.1 5.6 0.0171 1.28e-08 3.72e-08
29.2 5.6 0.0168 1.25e-08 3.75e-08
29.3 5.6 0.0165 1.3e-08 3.7e-08
29.4 5.6 0.0162 1.28e-08 3.72e-08
29.5 5.6 0.0159 1.23e-08 3.68e-08
29.6 5.6 0.0156 1.23e-08 3.68e-08
29.7 5.6 0.0154 1.23e-08 3.68e-08
29.8 5.6 0.0151 1.25e-08 3.65e-08
29.9 5.6 0.0148 1.23e-08 3.68e-08
30 5.6 0.0146 1.2e-08 3.6e-08
30.1 5.6 0.0143 1.25e-08 3.55e-08
30.2 5.6 0.0141 1.2e-08 3.6e-08
30.3 5.6 0.0138 1.25e-08 3.55e-08
30.4 5.6 0.0136 1.17e-08 3.53e-08
30.5 5.6 0.0133 1.23e-08 3.47e-08
30.6 5.6 0.0131 1.23e-08 3.47e-08
30.7 5.6 0.0129 1.15e-08 3.45e-08
30.8 5.6 0.0127 1.12e-08 3.38e-08
30.9 5.6 0.0124 1.12e-08 3.38e-08
31 5.6 0.0122 1.12e-08 3.38e-08
31.1 5.6 0.012 1.15e-08 3.35e-08
31.2 5.6 0.0118 1.1e-08 3.3e-08
31.3 5.6 0.0116 1.1e-08 3.3e-08
31.4 5.6 0.0114 1.12e-08 3.27e-08
31.5 5.6 0.0112 1.1e-08 3.2e-08
31.6 5.6 0.011 1.08e-08 3.23e-08
31.7 5.6 0.0108 1.1e-08 3.2e-08
31.8 5.6 0.0106 1.05e-08 3.15e-08
31.9 5.6 0.0104 1.08e-08 3.12e-08
32 5.6 0.0102 1.05e-08 3.05e-08
32.1 5.6 0.0101 1e-08 3e-08
32.2 5.6 0.00989 1.03e-08 3.01e-08
32.3 5.6 0.00972 1.02e-08 2.98e-08
32.4 5.6 0.00955 1.01e-08 2.94e-08
32.5 5.6 0.00938 1.01e-08 2.91e-08
32.6 5.6 0.00922 9.95e-09 2.89e-08
32.7 5.6 0.00906 9.83e-09 2.85e-08
32.8 5.6 0.0089 9.72e-09 2.82e-08
32.9 5.6 0.00874 9.63e-09 2.79e-08
33 5.6 0.00859 9.45e-09 2.75e-08
33.1 5.6 0.00844 9.4e-09 2.72e-08
33.2 5.6 0.00829 9.3e-09 2.69e-08
33.3 5.6 0.00814 9.15e-09 2.65e-08
33.4 5.6 0.008 9.1e-09 2.63e-08
33.5 5.6 0.00786 8.97e-09 2.59e-08
33.6 5.6 0.00772 8.82e-09 2.56e-08
33.7 5.6 0.00759 8.8e-09 2.53e-08
33.8 5.6 0.00745 8.62e-09 2.5e-08
33.9 5.6 0.00732 8.55e-09 2.46e-08
34 5.6 0.00719 8.42e-09 2.44e-08
34.1 5.6 0.00707 8.33e-09 2.4e-08
34.2 5.6 0.00694 8.22e-09 2.37e-08
34.3 5.6 0.00682 8.1e-09 2.34e-08
34.4 5.6 0.0067 8.03e-09 2.31e-08
34.5 5.6 0.00658 7.92e-09 2.28e-08
34.6 5.6 0.00647 7.8e-09 2.25e-08
34.7 5.6 0.00636 7.75e-09 2.23e-08
34.8 5.6 0.00624 7.65e-09 2.2e-08
34.9 5.6 0.00613 7.55e-09 2.16e-08
35 5.6 0.00603 7.43e-09 2.13e-08
35.1 5.6 0.00592 7.33e-09 2.1e-08
35.2 5.6 0.00582 7.25e-09 2.08e-08
35.3 5.6 0.00571 7.15e-09 2.05e-08
35.4 5.6 0.00561 7.05e-09 2.01e-08
35.5 5.6 0.00551 6.92e-09 1.99e-08
35.6 5.6 0.00542 6.85e-09 1.95e-08
35.7 5.6 0.00532 6.72e-09 1.93e-08
35.8 5.6 0.00523 6.65e-09 1.9e-08
35.9 5.6 0.00514 6.6e-09 1.87e-08
36 5.6 0.00505 6.52e-09 1.85e-08
36.1 5.6 0.00496 6.42e-09 1.82e-08
36.2 5.6 0.00487 6.3e-09 1.79e-08
36.3 5.6 0.00478 6.2e-09 1.76e-08
36.4 5.6 0.0047 6.15e-09 1.75e-08
36.5 5.6 0.00462 6.05e-09 1.72e-08
36.6 5.6 0.00454 6e-09 1.69e-08
36.7 5.6 0.00446 5.9e-09 1.66e-08
36.8 5.6 0.00438 5.85e-09 1.64e-08
36.9 5.6 0.0043 5.77e-09 1.6e-08
37 5.6 0.00422 5.77e-09 1.57e-08
37.1 5.6 0.00415 5.83e-09 1.54e-08
37.2 5.6 0.00408 6.95e-09 1.39e-08
37.3 5.6 0.00401 7.72e-09 1.61e-08
37.4 5.6 0.00393 6.15e-09 1.53e-08
37.5 5.6 0.00387 5.65e-09 1.5e-08
37.6 5.6 0.0038 5.45e-09 1.47e-08
37.7 5.6 0.00373 5.3e-09 1.45e-08
37.8 5.6 0.00366 5.18e-09 1.42e-08
37.9 5.6 0.0036 5.07e-09 1.4e-08
38 5.6 0.00354 4.93e-09 1.38e-08
38.1 5.6 0.00347 4.85e-09 1.36e-08
38.2 5.6 0.00341 4.77e-09 1.33e-08
38.3 5.6 0.00335 4.7e-09 1.31e-08
38.4 5.6 0.00329 4.57e-09 1.29e-08
38.5 5.6 0.00324 4.48e-09 1.27e-08
38.6 5.6 0.00318 4.42e-09 1.25e-08
38.7 5.6 0.00312 4.38e-09 1.23e-08
38.8 5.6 0.00307 4.28e-09 1.21e-08
38.9 5.6 0.00301 4.2e-09 1.19e-08
39 5.6 0.00296 4.15e-09 1.17e-08
39.1 5.6 0.00291 4.08e-09 1.15e-08
39.2 5.6 0.00286 4.02e-09 1.14e-08
39.3 5.6 0.00281 3.93e-09 1.12e-08
39.4 5.6 0.00276 3.83e-09 1.1e-08
39.5 5.6 0.00271 3.85e-09 1.08e-08
39.6 5.6 0.00266 3.77e-09 1.06e-08
39.7 5.6 0.00261 3.72e-09 1.05e-08
39.8 5.6 0.00257 3.63e-09 1.03e-08
39.9 5.6 0.00252 3.6e-09 1.01e-08
40 5.6 0.00248 3.5e-09 1e-08
40.1 5.6 0.00243 3.48e-09 9.83e-09
40.2 5.6 0.00239 3.4e-09 9.7e-09
40.3 5.6 0.00235 3.38e-09 9.52e-09
40.4 5.6 0.00231 3.27e-09 9.33e-09
40.5 5.6 0.00227 3.2e-09 9.2e-09
40.6 5.6 0.00223 3.15e-09 9.05e-09
40.7 5.6 0.00219 3.17e-09 8.93e-09
40.8 5.6 0.00215 3.05e-09 8.75e-09
40.9 5.6 0.00211 3.03e-09 8.58e-09
41 5.6 0.00207 2.95e-09 8.45e-09
41.1 5.6 0.00204 2.93e-09 8.38e-09
41.2 5.6 0.002 2.85e-09 8.15e-09
41.3 5.6 0.00197 2.85e-09 8.05e-09
41.4 5.6 0.00193 2.83e-09 7.87e-09
41.5 5.6 0.0019 2.72e-09 7.78e-09
41.6 5.6 0.00186 2.67e-09 7.63e-09
41.7 5.6 0.00183 2.6e-09 7.5e-09
41.8 5.6 0.0018 2.62e-09 7.37e-09
41.9 5.6 0.00177 2.55e-09 7.25e-09
42 5.6 0.00173 2.55e-09 7.15e-09
42.1 5.6 0.0017 2.47e-09 7.03e-09
42.2 5.6 0.00167 2.45e-09 6.95e-09
42.3 5.6 0.00164 2.4e-09 6.8e-09
42.4 5.6 0.00162 2.33e-09 6.68e-09
42.5 5.6 0.00159 2.3e-09 6.6e-09
42.6 5.6 0.00156 2.25e-09 6.45e-09
42.7 5.6 0.00153 2.23e-09 6.38e-09
42.8 5.6 0.0015 2.18e-09 6.23e-09
42.9 5.6 0.00148 2.15e-09 6.15e-09
43 5.6 0.00145 2.13e-09 6.07e-09
43.1 5.6 0.00143 2.07e-09 5.93e-09
43.2 5.6 0.0014 2.05e-09 5.85e-09
43.3 5.6 0.00138 2.02e-09 5.77e-09
43.4 5.6 0.00135 2.02e-09 5.68e-09
43.5 5.6 0.00133 1.95e-09 5.55e-09
43.6 5.6 0.0013 1.92e-09 5.48e-09
43.7 5.6 0.00128 1.9e-09 5.4e-09
43.8 5.6 0.00126 1.85e-09 5.25e-09
43.9 5.6 0.00124 1.87e-09 5.22e-09
44 5.6 0.00121 1.83e-09 5.07e-09
44.1 5.6 0.00119 1.77e-09 5.03e-09
44.2 5.6 0.00117 1.7e-09 4.9e-09
44.3 5.6 0.00115 1.72e-09 4.87e-09
44.4 5.6 0.00113 1.65e-09 4.75e-09
44.5 5.6 0.00111 1.63e-09 4.67e-09
44.6 5.6 0.00109 1.63e-09 4.57e-09
44.7 5.6 0.00107 1.63e-09 4.57e-09
44.8 5.6 0.00105 1.58e-09 4.42e-09
44.9 5.6 0.00103 1.53e-09 4.38e-09
45 5.6 0.00102 1.5e-09 4.3e-09
45.1 5.6 0.000998 1.48e-09 4.22e-09
45.2 5.6 0.000981 1.46e-09 4.15e-09
45.3 5.6 0.000963 1.43e-09 4.08e-09
45.4 5.6 0.000946 1.41e-09 4.01e-09
45.5 5.6 0.00093 1.39e-09 3.94e-09
45.6 5.6 0.000913 1.36e-09 3.87e-09
45.7 5.6 0.000897 1.34e-09 3.81e-09
45.8 5.6 0.000881 1.31e-09 3.74e-09
45.9 5.6 0.000865 1.29e-09 3.68e-09
46 5.6 0.00085 1.27e-09 3.62e-09
46.1 5.6 0.000835 1.25e-09 3.55e-09
46.2 5.6 0.00082 1.23e-09 3.5e-09
46.3 5.6 0.000806 1.2e-09 3.43e-09
46.4 5.6 0.000792 1.19e-09 3.37e-09
46.5 5.6 0.000778 1.17e-09 3.31e-09
46.6 5.6 0.000764 1.14e-09 3.26e-09
46.7 5.6 0.00075 1.13e-09 3.2e-09
46.8 5.6 0.000737 1.1e-09 3.15e-09
46.9 5.6 0.000724 1.09e-09 3.1e-09
47 5.6 0.000711 1.07e-09 3.04e-09
47.1 5.6 0.000699 1.05e-09 2.99e-09
47.2 5.6 0.000686 1.03e-09 2.94e-09
47.3 5.6 0.000674 1.01e-09 2.89e-09
47.4 5.6 0.000662 9.95e-10 2.83e-09
47.5 5.6 0.000651 9.77e-10 2.78e-09
47.6 5.6 0.000639 9.62e-10 2.74e-09
47.7 5.6 0.000628 9.5e-10 2.69e-09
47.8 5.6 0.000617 9.27e-10 2.64e-09
47.9 5.6 0.000606 9.15e-10 2.59e-09
48 5.6 0.000595 8.97e-10 2.55e-09
48.1 5.6 0.000585 8.8e-10 2.51e-09
48.2 5.6 0.000574 8.62e-10 2.46e-09
48.3 5.6 0.000564 8.5e-10 2.42e-09
48.4 5.6 0.000554 8.35e-10 2.38e-09
48.5 5.6 0.000544 8.23e-10 2.34e-09
48.6 5.6 0.000535 8.05e-10 2.3e-09
48.7 5.6 0.000525 7.93e-10 2.26e-09
48.8 5.6 0.000516 7.8e-10 2.22e-09
48.9 5.6 0.000507 7.67e-10 2.18e-09
49 5.6 0.000498 7.5e-10 2.14e-09
49.1 5.6 0.000489 7.4e-10 2.11e-09
49.2 5.6 0.00048 7.25e-10 2.06e-09
49.3 5.6 0.000472 7.12e-10 2.03e-09
49.4 5.6 0.000463 7.03e-10 2e-09
49.5 5.6 0.000455 6.9e-10 1.96e-09
49.6 5.6 0.000447 6.75e-10 1.92e-09
49.7 5.6 0.000439 6.65e-10 1.9e-09
49.8 5.6 0.000432 6.52e-10 1.86e-09
49.9 5.6 0.000424 6.43e-10 1.83e-09
50 5.6 0.000416 6.35e-10 1.79e-09
50.1 5.6 0.000409 6.17e-10 1.76e-09
50.2 5.6 0.000402 6.15e-10 1.73e-09
50.3 5.6 0.000395 5.97e-10 1.7e-09
50.4 5.6 0.000388 5.9e-10 1.68e-09
50.5 5.6 0.000381 5.78e-10 1.64e-09
50.6 5.6 0.000374 5.65e-10 1.61e-09
50.7 5.6 0.000367 5.57e-10 1.59e-09
50.8 5.6 0.000361 5.48e-10 1.56e-09
50.9 5.6 0.000355 5.37e-10 1.53e-09
51 5.6 0.000348 5.27e-10 1.5e-09
51.1 5.6 0.000342 5.2e-10 1.48e-09
51.2 5.6 0.000336 5.1e-10 1.45e-09
51.3 5.6 0.00033 5e-10 1.43e-09
51.4 5.6 0.000324 4.9e-10 1.4e-09
51.5 5.6 0.000319 4.83e-10 1.38e-09
51.6 5.6 0.000313 4.75e-10 1.35e-09
51.7 5.6 0.000307 4.67e-10 1.33e-09
51.8 5.6 0.000302 4.6e-10 1.31e-09
51.9 5.6 0.000297 4.5e-10 1.28e-09
52 5.6 0.000291 4.45e-10 1.27e-09
52.1 5.6 0.000286 4.33e-10 1.24e-09
52.2 5.6 0.000281 4.33e-10 1.22e-09
52.3 5.6 0.000276 4.18e-10 1.19e-09
52.4 5.6 0.000271 4.1e-10 1.17e-09
52.5 5.6 0.000267 4.05e-10 1.16e-09
52.6 5.6 0.000262 4e-10 1.14e-09
52.7 5.6 0.000257 3.92e-10 1.12e-09
52.8 5.6 0.000253 3.85e-10 1.1e-09
52.9 5.6 0.000248 3.77e-10 1.07e-09
53 5.6 0.000244 3.73e-10 1.06e-09
53.1 5.6 0.000239 3.68e-10 1.04e-09
53.2 5.6 0.000235 3.6e-10 1.02e-09
53.3 5.6 0.000231 3.53e-10 1.01e-09
53.4 5.6 0.000227 3.45e-10 9.85e-10
53.5 5.6 0.000223 3.4e-10 9.7e-10
53.6 5.6 0.000219 3.32e-10 9.48e-10
53.7 5.6 0.000215 3.28e-10 9.33e-10
53.8 5.6 0.000211 3.23e-10 9.17e-10
53.9 5.6 0.000208 3.17e-10 9.03e-10
54 5.6 0.000204 3.08e-10 8.83e-10
54.1 5.6 0.0002 3.05e-10 8.65e-10
54.2 5.6 0.000197 3.02e-10 8.57e-10
54.3 5.6 0.000193 2.95e-10 8.35e-10
54.4 5.6 0.00019 2.87e-10 8.23e-10
54.5 5.6 0.000186 2.83e-10 8.07e-10
54.6 5.6 0.000183 2.83e-10 7.97e-10
54.7 5.6 0.00018 2.75e-10 7.85e-10
54.8 5.6 0.000177 2.72e-10 7.67e-10
54.9 5.6 0.000174 2.65e-10 7.55e-10
55 5.6 0.000171 2.6e-10 7.4e-10
55.1 5.6 0.000168 2.57e-10 7.33e-10
55.2 5.6 0.000165 2.53e-10 7.17e-10
55.3 5.6 0.000162 2.48e-10 7.03e-10
55.4 5.6 0.000159 2.42e-10 6.87e-10
55.5 5.6 0.000156 2.4e-10 6.8e-10
55.6 5.6 0.000153 2.35e-10 6.65e-10
55.7 5.6 0.000151 2.32e-10 6.57e-10
55.8 5.6 0.000148 2.27e-10 6.43e-10
55.9 5.6 0.000145 2.25e-10 6.35e-10
56 5.6 0.000143 2.17e-10 6.22e-10
56.1 5.6 0.00014 2.17e-10 6.13e-10
56.2 5.6 0.000138 2.1e-10 6e-10
56.3 5.6 0.000135 2.1e-10 5.9e-10
56.4 5.6 0.000133 2.08e-10 5.83e-10
56.5 5.6 0.00013 2.05e-10 5.65e-10
56.6 5.6 0.000128 1.97e-10 5.62e-10
56.7 5.6 0.000126 1.95e-10 5.55e-10
56.8 5.6 0.000124 1.9e-10 5.4e-10
56.9 5.6 0.000121 1.82e-10 5.27e-10
57 5.6 0.000119 1.85e-10 5.25e-10
57.1 5.6 0.000117 1.8e-10 5.1e-10
57.2 5.6 0.000115 1.72e-10 4.97e-10
57.3 5.6 0.000113 1.7e-10 4.9e-10
57.4 5.6 0.000111 1.67e-10 4.83e-10
57.5 5.6 0.000109 1.65e-10 4.75e-10
57.6 5.6 0.000107 1.63e-10 4.67e-10
57.7 5.6 0.000105 1.6e-10 4.6e-10
57.8 5.6 0.000103 1.6e-10 4.5e-10
57.9 5.6 0.000102 1.55e-10 4.45e-10
58 5.6 9.98e-05 1.53e-10 4.35e-10
58.1 5.6 9.81e-05 1.5e-10 4.28e-10
58.2 5.6 9.63e-05 1.48e-10 4.2e-10
58.3 5.6 9.46e-05 1.45e-10 4.12e-10
58.4 5.6 9.29e-05 1.42e-10 4.05e-10
58.5 5.6 9.13e-05 1.4e-10 3.98e-10
58.6 5.6 8.97e-05 1.37e-10 3.91e-10
58.7 5.6 8.81e-05 1.35e-10 3.84e-10
58.8 5.6 8.65e-05 1.33e-10 3.77e-10
58.9 5.6 8.5e-05 1.3e-10 3.71e-10
59 5.6 8.35e-05 1.28e-10 3.64e-10
59.1 5.6 8.2e-05 1.26e-10 3.58e-10
59.2 5.6 8.06e-05 1.23e-10 3.51e-10
59.3 5.6 7.91e-05 1.21e-10 3.45e-10
59.4 5.6 7.77e-05 1.19e-10 3.39e-10
59.5 5.6 7.64e-05 1.17e-10 3.33e-10
59.6 5.6 7.5e-05 1.15e-10 3.27e-10
59.7 5.6 7.37e-05 1.13e-10 3.21e-10
59.8 5.6 7.24e-05 1.11e-10 3.16e-10
59.9 5.6 7.11e-05 1.09e-10 3.1e-10
60 5.6 6.98e-05 1.07e-10 3.05e-10
60.1 5.6 6.86e-05 1.05e-10 3e-10
60.2 5.6 6.74e-05 1.03e-10 2.94e-10
60.3 5.6 6.62e-05 1.01e-10 2.89e-10
79.2 5.6 2.27e-06 3.48e-12 9.93e-12
79.3 5.6 2.23e-06 3.45e-12 9.75e-12
79.4 5.6 2.19e-06 3.35e-12 9.55e-12
79.5 5.6 2.15e-06 3.3e-12 9.4e-12
79.6 5.6 2.11e-06 3.25e-12 9.25e-12
79.7 5.6 2.07e-06 3.2e-12 9.1e-12
79.8 5.6 2.04e-06 3.13e-12 8.88e-12
79.9 5.6 2e-06 3.1e-12 8.8e-12
80 5.6 1.96e-06 3.03e-12 8.58e-12
80.1 5.6 1.93e-06 2.98e-12 8.42e-12
80.2 5.6 1.9e-06 2.93e-12 8.28e-12
80.3 5.6 1.86e-06 2.85e-12 8.15e-12
80.4 5.6 1.83e-06 2.8e-12 8e-12
80.5 5.6 1.8e-06 2.75e-12 7.85e-12
80.6 5.6 1.76e-06 2.75e-12 7.75e-12
80.7 5.6 1.73e-06 2.65e-12 7.55e-12
80.8 5.6 1.7e-06 2.62e-12 7.48e-12
80.9 5.6 1.67e-06 2.6e-12 7.3e-12
81 5.6 1.64e-06 2.5e-12 7.2e-12
81.1 5.6 1.61e-06 2.47e-12 7.02e-12
81.2 5.6 1.59e-06 2.45e-12 6.95e-12
81.3 5.6 1.56e-06 2.37e-12 6.82e-12
81.4 5.6 1.53e-06 2.37e-12 6.72e-12
81.5 5.6 1.5e-06 2.3e-12 6.6e-12
81.6 5.6 1.48e-06 2.25e-12 6.45e-12
81.7 5.6 1.45e-06 2.25e-12 6.35e-12
81.8 5.6 1.42e-06 2.17e-12 6.22e-12
81.9 5.6 1.4e-06 2.12e-12 6.07e-12
82 5.6 1.37e-06 2.17e-12 6.02e-12
82.1 5.6 1.35e-06 2.1e-12 5.9e-12
82.2 5.6 1.33e-06 2.02e-12 5.77e-12
82.3 5.6 1.3e-06 2e-12 5.7e-12
82.4 5.6 1.28e-06 1.95e-12 5.55e-12
82.5 5.6 1.26e-06 1.92e-12 5.47e-12
82.6 5.6 1.23e-06 1.9e-12 5.4e-12
82.7 5.6 1.21e-06 1.87e-12 5.33e-12
82.8 5.6 1.19e-06 1.82e-12 5.18e-12
82.9 5.6 1.17e-06 1.82e-12 5.18e-12
83 5.6 1.15e-06 1.78e-12 5.03e-12
83.1 5.6 1.13e-06 1.75e-12 4.95e-12
83.2 5.6 1.11e-06 1.73e-12 4.88e-12
83.3 5.6 1.09e-06 1.7e-12 4.8e-12
83.4 5.6 1.07e-06 1.65e-12 4.65e-12
83.5 5.6 1.05e-06 1.65e-12 4.65e-12
83.6 5.6 1.03e-06 1.6e-12 4.5e-12
83.7 5.6 1.01e-06 1.58e-12 4.43e-12
83.8 5.6 9.96e-07 1.53e-12 4.36e-12
83.9 5.6 9.79e-07 1.5e-12 4.28e-12
84 5.6 9.61e-07 1.48e-12 4.21e-12
84.1 5.6 9.44e-07 1.46e-12 4.13e-12
84.2 5.6 9.28e-07 1.43e-12 4.05e-12
84.3 5.6 9.11e-07 1.4e-12 3.99e-12
84.4 5.6 8.95e-07 1.38e-12 3.92e-12
84.5 5.6 8.79e-07 1.35e-12 3.85e-12
84.6 5.6 8.64e-07 1.32e-12 3.78e-12
84.7 5.6 8.48e-07 1.3e-12 3.72e-12
84.8 5.6 8.33e-07 1.28e-12 3.65e-12
84.9 5.6 8.19e-07 1.26e-12 3.58e-12
85 5.6 8.04e-07 1.24e-12 3.51e-12
85.1 5.6 7.9e-07 1.22e-12 3.45e-12
85.2 5.6 7.76e-07 1.2e-12 3.39e-12
85.3 5.6 7.62e-07 1.17e-12 3.33e-12
85.4 5.6 7.49e-07 1.15e-12 3.28e-12
85.5 5.6 7.36e-07 1.13e-12 3.21e-12
85.6 5.6 7.23e-07 1.11e-12 3.16e-12
85.7 5.6 7.1e-07 1.09e-12 3.11e-12
85.8 5.6 6.97e-07 1.07e-12 3.05e-12
85.9 5.6 6.85e-07 1.05e-12 2.99e-12
86 5.6 6.73e-07 1.04e-12 2.94e-12
86.1 5.6 6.61e-07 1.02e-12 2.89e-12
86.2 5.6 6.49e-07 1e-12 2.84e-12
86.3 5.6 6.38e-07 9.85e-13 2.78e-12
86.4 5.6 6.26e-07 9.62e-13 2.74e-12
86.5 5.6 6.15e-07 9.47e-13 2.69e-12
86.6 5.6 6.04e-07 9.28e-13 2.64e-12
86.7 5.6 5.94e-07 9.12e-13 2.6e-12
86.8 5.6 5.83e-07 8.97e-13 2.55e-12
86.9 5.6 5.73e-07 8.83e-13 2.51e-12
87 5.6 5.63e-07 8.63e-13 2.46e-12
87.1 5.6 5.53e-07 8.5e-13 2.42e-12
87.2 5.6 5.43e-07 8.33e-13 2.37e-12
87.3 5.6 5.33e-07 8.2e-13 2.33e-12
87.4 5.6 5.24e-07 8.02e-13 2.29e-12
87.5 5.6 5.15e-07 7.9e-13 2.25e-12
87.6 5.6 5.06e-07 7.75e-13 2.2e-12
87.7 5.6 4.97e-07 7.63e-13 2.17e-12
87.8 5.6 4.88e-07 7.47e-13 2.13e-12
87.9 5.6 4.79e-07 7.4e-13 2.1e-12
88 5.6 4.71e-07 7.27e-13 2.06e-12
88.1 5.6 4.62e-07 7.1e-13 2.02e-12
88.2 5.6 4.54e-07 6.98e-13 1.98e-12
88.3 5.6 4.46e-07 6.88e-13 1.95e-12
88.4 5.6 4.38e-07 6.73e-13 1.92e-12
88.5 5.6 4.3e-07 6.62e-13 1.89e-12
88.6 5.6 4.23e-07 6.5e-13 1.85e-12
88.7 5.6 4.15e-07 6.4e-13 1.82e-12
88.8 5.6 4.08e-07 6.28e-13 1.78e-12
88.9 5.6 4.01e-07 6.15e-13 1.76e-12
89 5.6 3.94e-07 6.07e-13 1.72e-12
89.1 5.6 3.87e-07 5.93e-13 1.69e-12
89.2 5.6 3.8e-07 5.85e-13 1.67e-12
89.3 5.6 3.73e-07 5.73e-13 1.63e-12
89.4 5.6 3.67e-07 5.62e-13 1.6e-12
89.5 5.6 3.6e-07 5.55e-13 1.58e-12
89.6 5.6 3.54e-07 5.42e-13 1.55e-12
89.7 5.6 3.47e-07 5.33e-13 1.52e-12
89.8 5.6 3.41e-07 5.25e-13 1.49e-12
89.9 5.6 3.35e-07 5.15e-13 1.46e-12
90 5.6 3.29e-07 5.08e-13 1.44e-12
90.1 5.6 3.23e-07 4.97e-13 1.41e-12
90.2 5.6 3.18e-07 4.87e-13 1.39e-12
90.3 5.6 3.12e-07 4.83e-13 1.37e-12
90.4 5.6 3.07e-07 4.7e-13 1.34e-12
90.5 5.6 3.01e-07 4.62e-13 1.32e-12
90.6 5.6 2.96e-07 4.52e-13 1.29e-12
90.7 5.6 2.91e-07 4.48e-13 1.27e-12
90.8 5.6 2.85e-07 4.35e-13 1.25e-12
90.9 5.6 2.8e-07 4.33e-13 1.23e-12
91 5.6 2.75e-07 4.25e-13 1.21e-12
91.1 5.6 2.71e-07 4.15e-13 1.19e-12
91.2 5.6 2.66e-07 4.07e-13 1.16e-12
91.3 5.6 2.61e-07 4e-13 1.14e-12
91.4 5.6 2.56e-07 3.92e-13 1.12e-12
91.5 5.6 2.52e-07 3.88e-13 1.1e-12
91.6 5.6 2.47e-07 3.8e-13 1.08e-12
91.7 5.6 2.43e-07 3.7e-13 1.06e-12
91.8 5.6 2.39e-07 3.67e-13 1.04e-12
91.9 5.6 2.35e-07 3.57e-13 1.02e-12
92 5.6 2.3e-07 3.55e-13 1.01e-12
92.1 5.6 2.26e-07 3.5e-13 9.9e-13
92.2 5.6 2.22e-07 3.45e-13 9.75e-13
92.3 5.6 2.18e-07 3.43e-13 9.57e-13
92.4 5.6 2.15e-07 3.3e-13 9.4e-13
92.5 5.6 2.11e-07 3.22e-13 9.18e-13
92.6 5.6 2.07e-07 3.2e-13 9.1e-13
92.7 5.6 2.03e-07 3.12e-13 8.88e-13
92.8 5.6 2e-07 3.08e-13 8.72e-13
92.9 5.6 1.96e-07 3.03e-13 8.58e-13
93 5.6 1.93e-07 2.97e-13 8.42e-13
93.1 5.6 1.89e-07 2.95e-13 8.25e-13
93.2 5.6 1.86e-07 2.85e-13 8.15e-13
93.3 5.6 1.83e-07 2.85e-13 7.95e-13
93.4 5.6 1.79e-07 2.75e-13 7.85e-13
93.5 5.6 1.76e-07 2.7e-13 7.7e-13
93.6 5.6 1.73e-07 2.68e-13 7.63e-13
93.7 5.6 1.7e-07 2.65e-13 7.45e-13
93.8 5.6 1.67e-07 2.55e-13 7.25e-13
93.9 5.6 1.64e-07 2.52e-13 7.18e-13
94 5.6 1.61e-07 2.45e-13 7.05e-13
94.1 5.6 1.58e-07 2.45e-13 6.95e-13
94.2 5.6 1.56e-07 2.4e-13 6.8e-13
94.3 5.6 1.53e-07 2.35e-13 6.65e-13
94.4 5.6 1.5e-07 2.33e-13 6.57e-13
94.5 5.6 1.47e-07 2.25e-13 6.45e-13
94.6 5.6 1.45e-07 2.2e-13 6.3e-13
94.7 5.6 1.42e-07 2.18e-13 6.23e-13
94.8 5.6 1.4e-07 2.15e-13 6.15e-13
94.9 5.6 1.37e-07 2.1e-13 6e-13
95 5.6 1.35e-07 2.1e-13 5.9e-13
95.1 5.6 1.32e-07 2.02e-13 5.78e-13
95.2 5.6 1.3e-07 2.02e-13 5.67e-13
95.3 5.6 1.28e-07 1.95e-13 5.55e-13
95.4 5.6 1.26e-07 1.92e-13 5.48e-13
95.5 5.6 1.23e-07 1.9e-13 5.4e-13
95.6 5.6 1.21e-07 1.88e-13 5.33e-13
95.7 5.6 1.19e-07 1.85e-13 5.25e-13
95.8 5.6 1.17e-07 1.85e-13 5.15e-13
95.9 5.6 1.15e-07 1.78e-13 5.03e-13
96 5.6 1.13e-07 1.75e-13 4.95e-13
96.1 5.6 1.11e-07 1.67e-13 4.83e-13
96.2 5.6 1.09e-07 1.65e-13 4.75e-13
96.3 5.6 1.07e-07 1.65e-13 4.65e-13
96.4 5.6 1.05e-07 1.62e-13 4.58e-13
96.5 5.6 1.03e-07 1.58e-13 4.52e-13
96.6 5.6 1.01e-07 1.55e-13 4.45e-13
96.7 5.6 9.95e-08 1.54e-13 4.36e-13
96.8 5.6 9.78e-08 1.51e-13 4.27e-13
96.9 5.6 9.61e-08 1.48e-13 4.2e-13
97 5.6 9.44e-08 1.46e-13 4.13e-13
97.1 5.6 9.27e-08 1.42e-13 4.05e-13
97.2 5.6 9.1e-08 1.4e-13 3.98e-13
97.3 5.6 8.94e-08 1.37e-13 3.91e-13
97.4 5.6 8.78e-08 1.35e-13 3.84e-13
97.5 5.6 8.63e-08 1.32e-13 3.78e-13
97.6 5.6 8.48e-08 1.3e-13 3.71e-13
97.7 5.6 8.33e-08 1.28e-13 3.64e-13
97.8 5.6 8.18e-08 1.25e-13 3.57e-13
97.9 5.6 8.03e-08 1.24e-13 3.51e-13
98 5.6 7.89e-08 1.22e-13 3.45e-13
98.1 5.6 7.75e-08 1.19e-13 3.39e-13
98.2 5.6 7.62e-08 1.18e-13 3.33e-13
98.3 5.6 7.48e-08 1.15e-13 3.27e-13
98.4 5.6 7.35e-08 1.13e-13 3.21e-13
98.5 5.6 7.22e-08 1.11e-13 3.16e-13
98.6 5.6 7.09e-08 1.09e-13 3.1e-13
98.7 5.6 6.96e-08 1.07e-13 3.04e-13
98.8 5.6 6.84e-08 1.06e-13 2.99e-13
98.9 5.6 6.72e-08 1.03e-13 2.94e-13
99 5.6 6.6e-08 1.01e-13 2.89e-13
99.1 5.6 6.48e-08 9.95e-14 2.84e-13
99.2 5.6 6.37e-08 9.8e-14 2.79e-13
99.3 5.6 6.26e-08 9.6e-14 2.73e-13
99.4 5.6 6.15e-08 9.5e-14 2.69e-13
99.5 5.6 6.04e-08 9.27e-14 2.64e-13
99.6 5.6 5.93e-08 9.13e-14 2.6e-13
99.7 5.6 5.83e-08 8.92e-14 2.55e-13
99.8 5.6 5.72e-08 8.8e-14 2.5e-13
99.9 5.6 5.62e-08 8.62e-14 2.46e-13
