-25 6.6 0.046 8.25e-09 5.75e-09
-24.9 6.6 0.0467 8.5e-09 5.5e-09
-24.8 6.6 0.0474 9.5e-09 5.5e-09
-24.7 6.6 0.0481 1.05e-08 5.5e-09
-24.6 6.6 0.0488 1.1e-08 6e-09
-24.5 6.6 0.0495 1.23e-08 5.75e-09
-24.4 6.6 0.0502 1.38e-08 6.25e-09
-24.3 6.6 0.0509 1.4e-08 6e-09
-24.2 6.6 0.0516 1.53e-08 6.75e-09
-24.1 6.6 0.0524 1.65e-08 6.5e-09
-24 6.6 0.0531 1.83e-08 7.75e-09
-23.9 6.6 0.0539 1.9e-08 8e-09
-23.8 6.6 0.0547 2.02e-08 7.75e-09
-23.7 6.6 0.0554 2.12e-08 8.75e-09
-23.6 6.6 0.0562 2.27e-08 9.25e-09
-23.5 6.6 0.057 2.4e-08 9e-09
-23.4 6.6 0.0579 2.57e-08 1.03e-08
-23.3 6.6 0.0587 2.72e-08 1.08e-08
-23.2 6.6 0.0595 2.87e-08 1.12e-08
-23.1 6.6 0.0604 3e-08 1.1e-08
-23 6.6 0.0612 3.15e-08 1.15e-08
-22.9 6.6 0.0621 3.25e-08 1.25e-08
-22.8 6.6 0.063 3.4e-08 1.3e-08
-22.7 6.6 0.0639 3.55e-08 1.35e-08
-22.6 6.6 0.0648 3.77e-08 1.43e-08
-22.5 6.6 0.0657 3.92e-08 1.47e-08
-22.4 6.6 0.0666 4.07e-08 1.53e-08
-22.3 6.6 0.0676 4.22e-08 1.57e-08
-22.2 6.6 0.0685 4.43e-08 1.57e-08
-22.1 6.6 0.0695 4.58e-08 1.62e-08
-22 6.6 0.0704 4.75e-08 1.75e-08
-21.9 6.6 0.0714 4.97e-08 1.83e-08
-21.8 6.6 0.0724 5.17e-08 1.83e-08
-21.7 6.6 0.0735 5.32e-08 1.87e-08
-21.6 6.6 0.0745 5.47e-08 1.93e-08
-21.5 6.6 0.0755 5.62e-08 1.98e-08
-21.4 6.6 0.0766 5.85e-08 2.05e-08
-21.3 6.6 0.0776 6.05e-08 2.15e-08
-21.2 6.6 0.0787 6.28e-08 2.23e-08
-21.1 6.6 0.0798 6.5e-08 2.3e-08
-21 6.6 0.0809 6.7e-08 2.3e-08
-20.9 6.6 0.0821 6.85e-08 2.35e-08
-20.8 6.6 0.0832 7.13e-08 2.47e-08
-20.7 6.6 0.0843 7.3e-08 2.5e-08
-20.6 6.6 0.0855 7.5e-08 2.6e-08
-20.5 6.6 0.0867 7.7e-08 2.6e-08
-20.4 6.6 0.0879 7.92e-08 2.68e-08
-20.3 6.6 0.0891 8.1e-08 2.8e-08
-20.2 6.6 0.0903 8.38e-08 2.83e-08
-20.1 6.6 0.0915 8.55e-08 2.85e-08
-20 6.6 0.0928 8.7e-08 2.9e-08
-19.9 6.6 0.0941 9e-08 3e-08
-19.8 6.6 0.0953 9.17e-08 3.12e-08
-19.7 6.6 0.0966 9.4e-08 3.2e-08
-19.6 6.6 0.0979 9.63e-08 3.27e-08
-19.5 6.6 0.0993 9.8e-08 3.4e-08
-19.4 6.6 0.101 1.05e-07 3.5e-08
-19.3 6.6 0.102 1.05e-07 3.5e-08
-19.2 6.6 0.103 1.05e-07 3.5e-08
-19.1 6.6 0.105 1.05e-07 3.5e-08
-19 6.6 0.106 1.08e-07 4.25e-08
-18.9 6.6 0.108 1.08e-07 4.25e-08
-18.8 6.6 0.109 1.12e-07 3.75e-08
-18.7 6.6 0.11 1.15e-07 4.5e-08
-18.6 6.6 0.112 1.15e-07 4.5e-08
-18.5 6.6 0.113 1.17e-07 4.25e-08
-18.4 6.6 0.115 1.22e-07 4.75e-08
-18.3 6.6 0.116 1.22e-07 4.75e-08
-18.2 6.6 0.118 1.22e-07 4.75e-08
-18.1 6.6 0.12 1.3e-07 5e-08
-18 6.6 0.121 1.3e-07 5e-08
-17.9 6.6 0.123 1.3e-07 5e-08
-17.8 6.6 0.124 1.3e-07 5e-08
-17.7 6.6 0.126 1.38e-07 5.25e-08
-17.6 6.6 0.128 1.33e-07 5.75e-08
-17.5 6.6 0.129 1.33e-07 5.75e-08
-17.4 6.6 0.131 1.33e-07 5.75e-08
-17.3 6.6 0.133 1.4e-07 6e-08
-17.2 6.6 0.134 1.33e-07 5.75e-08
-17.1 6.6 0.136 1.4e-07 6e-08
-17 6.6 0.138 1.4e-07 6e-08
-16.9 6.6 0.14 1.43e-07 6.75e-08
-16.8 6.6 0.141 1.43e-07 6.75e-08
-16.7 6.6 0.143 1.43e-07 6.75e-08
-16.6 6.6 0.145 1.38e-07 7.25e-08
-16.5 6.6 0.147 3.03e-07 2.48e-07
-16.4 6.6 0.149 3.48e-07 2.72e-07
-16.3 6.6 0.151 3.93e-07 2.98e-07
-16.2 6.6 0.153 4.37e-07 3.22e-07
-16.1 6.6 0.154 4.77e-07 3.53e-07
-16 6.6 0.156 5.9e-07 3e-07
-15.9 6.6 0.158 6.45e-07 3.15e-07
-15.8 6.6 0.16 3.85e-07 1.55e-07
-15.7 6.6 0.162 8.25e-08 1.68e-07
-15.6 6.6 0.164 3.9e-07 3.4e-07
-15.5 6.6 0.166 1.02e-06 1.95e-06
-15.4 6.6 0.168 2.93e-07 2.18e-07
-15.3 6.6 0.17 2.35e-07 1.35e-07
-15.2 6.6 0.173 2.05e-07 1.05e-07
-15.1 6.6 0.175 1.93e-07 8.75e-08
-15 6.6 0.177 1.82e-07 7.75e-08
-14.9 6.6 0.179 1.77e-07 7.25e-08
-14.8 6.6 0.181 1.72e-07 6.75e-08
-14.7 6.6 0.183 1.68e-07 6.25e-08
-14.6 6.6 0.185 1.68e-07 6.25e-08
-14.5 6.6 0.188 1.6e-07 6e-08
-14.4 6.6 0.19 1.55e-07 5.5e-08
-14.3 6.6 0.192 1.47e-07 5.25e-08
-14.2 6.6 0.194 1.47e-07 5.25e-08
-14.1 6.6 0.197 1.47e-07 5.25e-08
-14 6.6 0.199 1.35e-07 4.5e-08
-13.9 6.6 0.201 1.35e-07 4.5e-08
-13.8 6.6 0.204 1.27e-07 4.25e-08
-13.7 6.6 0.206 1.22e-07 4.75e-08
-13.6 6.6 0.208 1.2e-07 4e-08
-13.5 6.6 0.211 1.15e-07 4.5e-08
-13.4 6.6 0.213 1.15e-07 4.5e-08
-13.3 6.6 0.216 1.05e-07 3.5e-08
-13.2 6.6 0.218 1e-07 4e-08
-13.1 6.6 0.22 1e-07 4e-08
-13 6.6 0.223 9.25e-08 3.75e-08
-12.9 6.6 0.225 8.5e-08 3.5e-08
-12.8 6.6 0.228 7.75e-08 3.25e-08
-12.7 6.6 0.23 7.75e-08 3.25e-08
-12.6 6.6 0.233 6.5e-08 3.5e-08
-12.5 6.6 0.236 6e-08 3e-08
-12.4 6.6 0.238 5e-08 3e-08
-12.3 6.6 0.241 4.75e-08 2.25e-08
-12.2 6.6 0.243 4.25e-08 2.75e-08
-12.1 6.6 0.246 3.5e-08 2.5e-08
-12 6.6 0.249 2e-08 1e-08
-11.9 6.6 0.251 5.25e-08 1.75e-08
-11.8 6.6 0.254 3.25e-08 1.75e-08
-11.7 6.6 0.257 2.5e-09 7.5e-09
-11.6 6.6 0.259 1.25e-08 1.75e-08
-11.5 6.6 0.262 1.5e-08 5e-09
-11.4 6.6 0.265 2e-08 1e-08
-11.3 6.6 0.268 4.25e-08 4.75e-08
-11.2 6.6 0.27 2.55e-07 1.15e-07
-11.1 6.6 0.273 6.5e-08 6.5e-08
-11 6.6 0.276 5.5e-08 6.5e-08
-10.9 6.6 0.279 5e-08 7e-08
-10.8 6.6 0.281 5e-08 8e-08
-10.7 6.6 0.284 4.75e-08 8.25e-08
-10.6 6.6 0.287 4.75e-08 9.25e-08
-10.5 6.6 0.29 5.25e-08 9.75e-08
-10.4 6.6 0.293 5.75e-08 1.02e-07
-10.3 6.6 0.296 8e-08 9e-08
-10.2 6.6 0.298 1.6e-07 1.7e-07
-10.1 6.6 0.301 8.25e-08 1.47e-07
-10 6.6 0.304 6.75e-08 1.52e-07
-9.9 6.6 0.307 6.5e-08 1.65e-07
-9.8 6.6 0.31 6.5e-08 1.65e-07
-9.7 6.6 0.313 6.5e-08 1.75e-07
-9.6 6.6 0.316 6.5e-08 1.85e-07
-9.5 6.6 0.319 6.75e-08 1.93e-07
-9.4 6.6 0.322 7.5e-08 2.05e-07
-9.3 6.6 0.324 7.25e-08 2.07e-07
-9.2 6.6 0.327 7.25e-08 2.18e-07
-9.1 6.6 0.33 7.5e-08 2.25e-07
-9 6.6 0.333 8.5e-08 2.35e-07
-8.9 6.6 0.336 8.75e-08 2.43e-07
-8.8 6.6 0.339 9e-08 2.5e-07
-8.7 6.6 0.342 9.75e-08 2.53e-07
-8.6 6.6 0.345 1e-07 2.6e-07
-8.5 6.6 0.348 1.02e-07 2.67e-07
-8.4 6.6 0.351 1.05e-07 2.75e-07
-8.3 6.6 0.354 1.12e-07 2.77e-07
-8.2 6.6 0.357 1.15e-07 2.85e-07
-8.1 6.6 0.36 1.17e-07 2.93e-07
-8 6.6 0.363 1.25e-07 2.95e-07
-7.9 6.6 0.366 1.25e-07 2.95e-07
-7.8 6.6 0.368 1.27e-07 3.03e-07
-7.7 6.6 0.371 1.35e-07 3.05e-07
-7.6 6.6 0.374 1.3e-07 3.1e-07
-7.5 6.6 0.377 1.38e-07 3.13e-07
-7.4 6.6 0.38 1.38e-07 3.13e-07
-7.3 6.6 0.383 1.38e-07 3.13e-07
-7.2 6.6 0.386 1.45e-07 3.15e-07
-7.1 6.6 0.389 1.45e-07 3.15e-07
-7 6.6 0.392 1.5e-07 3.2e-07
-6.9 6.6 0.395 1.52e-07 3.17e-07
-6.8 6.6 0.397 1.52e-07 3.17e-07
-6.7 6.6 0.4 1.5e-07 3.1e-07
-6.6 6.6 0.403 1.5e-07 3.1e-07
-6.5 6.6 0.406 1.52e-07 3.17e-07
-6.4 6.6 0.409 1.5e-07 3.1e-07
-6.3 6.6 0.411 1.52e-07 3.08e-07
-6.2 6.6 0.414 1.55e-07 3.05e-07
-6.1 6.6 0.417 1.6e-07 3e-07
-6 6.6 0.42 1.58e-07 2.93e-07
-5.9 6.6 0.422 1.55e-07 2.85e-07
-5.8 6.6 0.425 1.52e-07 2.77e-07
-5.7 6.6 0.428 1.55e-07 2.75e-07
-5.6 6.6 0.431 1.52e-07 2.67e-07
-5.5 6.6 0.433 1.55e-07 2.55e-07
-5.4 6.6 0.436 1.52e-07 2.48e-07
-5.3 6.6 0.438 1.45e-07 2.35e-07
-5.2 6.6 0.441 4.58e-07 5.22e-07
-5.1 6.6 0.444 5.4e-07 6.3e-07
-5 6.6 0.446 8e-07 8e-07
-4.9 6.6 0.449 7.87e-07 6.02e-07
-4.8 6.6 0.451 7.3e-07 7.8e-07
-4.7 6.6 0.454 1.2e-06 9.45e-07
-4.6 6.6 0.456 4.63e-07 6.18e-07
-4.5 6.6 0.458 3.48e-07 3.32e-07
-4.4 6.6 0.461 1.38e-07 2.32e-07
-4.3 6.6 0.463 9.25e-08 1.97e-07
-4.2 6.6 0.465 6.5e-08 1.75e-07
-4.1 6.6 0.468 5.5e-08 1.55e-07
-4 6.6 0.47 5.5e-08 1.35e-07
-3.9 6.6 0.472 4.5e-08 1.15e-07
-3.8 6.6 0.474 4.75e-08 1.02e-07
-3.7 6.6 0.477 3.75e-08 8.25e-08
-3.6 6.6 0.479 3.25e-08 6.75e-08
-3.5 6.6 0.481 2.5e-08 4.5e-08
-3.4 6.6 0.483 3.5e-08 7.5e-08
-3.3 6.6 0.485 1.5e-08 1.5e-08
-3.2 6.6 0.487 7.5e-09 1.25e-08
-3.1 6.6 0.489 1e-08 2e-08
-3 6.6 0.491 7.75e-08 1.63e-07
-2.9 6.6 0.493 5.5e-08 3.5e-08
-2.8 6.6 0.495 6.75e-08 3.25e-08
-2.7 6.6 0.496 8.5e-08 3.5e-08
-2.6 6.6 0.498 1e-07 4e-08
-2.5 6.6 0.5 1.15e-07 4.5e-08
-2.4 6.6 0.502 1.3e-07 5e-08
-2.3 6.6 0.503 1.45e-07 5.5e-08
-2.2 6.6 0.505 1.65e-07 6.5e-08
-2.1 6.6 0.506 1.82e-07 6.75e-08
-2 6.6 0.508 1.93e-07 7.75e-08
-1.9 6.6 0.509 2.13e-07 8.75e-08
-1.8 6.6 0.511 2.25e-07 9.5e-08
-1.7 6.6 0.512 2.4e-07 1e-07
-1.6 6.6 0.513 2.55e-07 1.05e-07
-1.5 6.6 0.515 2.7e-07 1.1e-07
-1.4 6.6 0.516 2.8e-07 1.2e-07
-1.3 6.6 0.517 2.98e-07 1.33e-07
-1.2 6.6 0.518 3.13e-07 1.38e-07
-1.1 6.6 0.519 3.2e-07 1.4e-07
-1 6.6 0.52 3.3e-07 1.5e-07
-0.9 6.6 0.521 3.45e-07 1.55e-07
-0.8 6.6 0.522 3.6e-07 1.6e-07
-0.7 6.6 0.523 3.7e-07 1.7e-07
-0.6 6.6 0.524 3.77e-07 1.72e-07
-0.5 6.6 0.525 3.85e-07 1.75e-07
-0.4 6.6 0.526 3.95e-07 1.85e-07
-0.3 6.6 0.526 4.03e-07 1.88e-07
-0.2 6.6 0.527 4.13e-07 1.97e-07
-0.1 6.6 0.528 4.2e-07 2e-07
1.11e-16 6.6 0.528 4.27e-07 2.02e-07
0.1 6.6 0.529 4.35e-07 2.05e-07
0.2 6.6 0.529 4.35e-07 2.05e-07
0.3 6.6 0.529 4.4e-07 2.1e-07
0.4 6.6 0.53 4.45e-07 2.15e-07
0.5 6.6 0.53 4.5e-07 2.1e-07
0.6 6.6 0.53 4.53e-07 2.18e-07
0.7 6.6 0.53 4.6e-07 2.2e-07
0.8 6.6 0.531 4.6e-07 2.2e-07
0.9 6.6 0.531 4.6e-07 2.2e-07
1 6.6 0.531 4.6e-07 2.2e-07
1.1 6.6 0.531 4.6e-07 2.2e-07
1.2 6.6 0.531 4.6e-07 2.2e-07
1.3 6.6 0.53 4.6e-07 2.2e-07
1.4 6.6 0.53 4.53e-07 2.18e-07
1.5 6.6 0.53 4.5e-07 2.1e-07
1.6 6.6 0.53 4.45e-07 2.15e-07
1.7 6.6 0.529 4.4e-07 2.1e-07
1.8 6.6 0.529 4.35e-07 2.05e-07
1.9 6.6 0.529 4.35e-07 2.05e-07
2 6.6 0.528 4.27e-07 2.02e-07
2.1 6.6 0.528 4.2e-07 2e-07
2.2 6.6 0.527 4.13e-07 1.97e-07
2.3 6.6 0.526 4.03e-07 1.88e-07
2.4 6.6 0.526 3.95e-07 1.85e-07
2.5 6.6 0.525 3.85e-07 1.75e-07
2.6 6.6 0.524 3.77e-07 1.72e-07
2.7 6.6 0.523 3.7e-07 1.7e-07
2.8 6.6 0.522 3.6e-07 1.6e-07
2.9 6.6 0.521 3.45e-07 1.55e-07
3 6.6 0.52 3.3e-07 1.5e-07
3.1 6.6 0.519 3.2e-07 1.4e-07
3.2 6.6 0.518 3.13e-07 1.38e-07
3.3 6.6 0.517 2.98e-07 1.33e-07
3.4 6.6 0.516 2.8e-07 1.2e-07
3.5 6.6 0.515 2.7e-07 1.1e-07
3.6 6.6 0.513 2.55e-07 1.05e-07
3.7 6.6 0.512 2.4e-07 1e-07
3.8 6.6 0.511 2.25e-07 9.5e-08
3.9 6.6 0.509 2.13e-07 8.75e-08
4 6.6 0.508 1.93e-07 7.75e-08
4.1 6.6 0.506 1.82e-07 6.75e-08
4.2 6.6 0.505 1.65e-07 6.5e-08
4.3 6.6 0.503 1.45e-07 5.5e-08
4.4 6.6 0.502 1.3e-07 5e-08
4.5 6.6 0.5 1.15e-07 4.5e-08
4.6 6.6 0.498 1e-07 4e-08
4.7 6.6 0.496 8.5e-08 3.5e-08
4.8 6.6 0.495 6.75e-08 3.25e-08
4.9 6.6 0.493 5.5e-08 3.5e-08
5 6.6 0.491 7.75e-08 1.63e-07
5.1 6.6 0.489 1e-08 2e-08
5.2 6.6 0.487 7.5e-09 1.25e-08
5.3 6.6 0.485 1.5e-08 1.5e-08
5.4 6.6 0.483 3.5e-08 7.5e-08
5.5 6.6 0.481 2.5e-08 4.5e-08
5.6 6.6 0.479 3.25e-08 6.75e-08
5.7 6.6 0.477 3.75e-08 8.25e-08
5.8 6.6 0.474 4.75e-08 1.02e-07
5.9 6.6 0.472 4.5e-08 1.15e-07
6 6.6 0.47 5.5e-08 1.35e-07
6.1 6.6 0.468 5.5e-08 1.55e-07
6.2 6.6 0.465 6.5e-08 1.75e-07
6.3 6.6 0.463 9.25e-08 1.97e-07
6.4 6.6 0.461 1.38e-07 2.32e-07
6.5 6.6 0.458 3.48e-07 3.32e-07
6.6 6.6 0.456 4.63e-07 6.18e-07
6.7 6.6 0.454 1.2e-06 9.45e-07
6.8 6.6 0.451 7.3e-07 7.8e-07
6.9 6.6 0.449 7.87e-07 6.02e-07
7 6.6 0.446 8e-07 8e-07
7.1 6.6 0.444 5.4e-07 6.3e-07
7.2 6.6 0.441 4.58e-07 5.22e-07
7.3 6.6 0.438 1.45e-07 2.35e-07
7.4 6.6 0.436 1.52e-07 2.48e-07
7.5 6.6 0.433 1.55e-07 2.55e-07
7.6 6.6 0.431 1.52e-07 2.67e-07
7.7 6.6 0.428 1.55e-07 2.75e-07
7.8 6.6 0.425 1.52e-07 2.77e-07
7.9 6.6 0.422 1.55e-07 2.85e-07
8 6.6 0.42 1.58e-07 2.93e-07
8.1 6.6 0.417 1.6e-07 3e-07
8.2 6.6 0.414 1.55e-07 3.05e-07
8.3 6.6 0.411 1.52e-07 3.08e-07
8.4 6.6 0.409 1.5e-07 3.1e-07
8.5 6.6 0.406 1.52e-07 3.17e-07
8.6 6.6 0.403 1.5e-07 3.1e-07
8.7 6.6 0.4 1.5e-07 3.1e-07
8.8 6.6 0.397 1.52e-07 3.17e-07
8.9 6.6 0.395 1.52e-07 3.17e-07
9 6.6 0.392 1.5e-07 3.2e-07
9.1 6.6 0.389 1.45e-07 3.15e-07
9.2 6.6 0.386 1.45e-07 3.15e-07
9.3 6.6 0.383 1.38e-07 3.13e-07
9.4 6.6 0.38 1.38e-07 3.13e-07
9.5 6.6 0.377 1.38e-07 3.13e-07
9.6 6.6 0.374 1.3e-07 3.1e-07
9.7 6.6 0.371 1.35e-07 3.05e-07
9.8 6.6 0.368 1.27e-07 3.03e-07
9.9 6.6 0.366 1.25e-07 2.95e-07
10 6.6 0.363 1.25e-07 2.95e-07
10.1 6.6 0.36 1.17e-07 2.93e-07
10.2 6.6 0.357 1.15e-07 2.85e-07
10.3 6.6 0.354 1.12e-07 2.77e-07
10.4 6.6 0.351 1.05e-07 2.75e-07
10.5 6.6 0.348 1.02e-07 2.67e-07
10.6 6.6 0.345 1e-07 2.6e-07
10.7 6.6 0.342 9.75e-08 2.53e-07
10.8 6.6 0.339 9e-08 2.5e-07
10.9 6.6 0.336 8.75e-08 2.43e-07
11 6.6 0.333 8.5e-08 2.35e-07
11.1 6.6 0.33 7.5e-08 2.25e-07
11.2 6.6 0.327 7.25e-08 2.18e-07
11.3 6.6 0.324 7.25e-08 2.07e-07
11.4 6.6 0.322 7.5e-08 2.05e-07
11.5 6.6 0.319 6.75e-08 1.93e-07
11.6 6.6 0.316 6.5e-08 1.85e-07
11.7 6.6 0.313 6.5e-08 1.75e-07
11.8 6.6 0.31 6.5e-08 1.65e-07
11.9 6.6 0.307 6.5e-08 1.65e-07
12 6.6 0.304 6.75e-08 1.52e-07
12.1 6.6 0.301 8.25e-08 1.47e-07
12.2 6.6 0.298 1.6e-07 1.7e-07
12.3 6.6 0.296 8e-08 9e-08
12.4 6.6 0.293 5.75e-08 1.02e-07
12.5 6.6 0.29 5.25e-08 9.75e-08
12.6 6.6 0.287 4.75e-08 9.25e-08
12.7 6.6 0.284 4.75e-08 8.25e-08
12.8 6.6 0.281 5e-08 8e-08
12.9 6.6 0.279 5e-08 7e-08
13 6.6 0.276 5.5e-08 6.5e-08
13.1 6.6 0.273 6.5e-08 6.5e-08
13.2 6.6 0.27 2.55e-07 1.15e-07
13.3 6.6 0.268 4.25e-08 4.75e-08
13.4 6.6 0.265 2e-08 1e-08
13.5 6.6 0.262 1.5e-08 5e-09
13.6 6.6 0.259 1.25e-08 1.75e-08
13.7 6.6 0.257 2.5e-09 7.5e-09
13.8 6.6 0.254 3.25e-08 1.75e-08
13.9 6.6 0.251 5.25e-08 1.75e-08
14 6.6 0.249 2e-08 1e-08
14.1 6.6 0.246 3.5e-08 2.5e-08
14.2 6.6 0.243 4.25e-08 2.75e-08
14.3 6.6 0.241 4.75e-08 2.25e-08
14.4 6.6 0.238 5e-08 3e-08
14.5 6.6 0.236 6e-08 3e-08
14.6 6.6 0.233 6.5e-08 3.5e-08
14.7 6.6 0.23 7.75e-08 3.25e-08
14.8 6.6 0.228 7.75e-08 3.25e-08
14.9 6.6 0.225 8.5e-08 3.5e-08
15 6.6 0.223 9.25e-08 3.75e-08
15.1 6.6 0.22 1e-07 4e-08
15.2 6.6 0.218 1e-07 4e-08
15.3 6.6 0.216 1.05e-07 3.5e-08
15.4 6.6 0.213 1.15e-07 4.5e-08
15.5 6.6 0.211 1.15e-07 4.5e-08
15.6 6.6 0.208 1.2e-07 4e-08
15.7 6.6 0.206 1.22e-07 4.75e-08
15.8 6.6 0.204 1.27e-07 4.25e-08
15.9 6.6 0.201 1.35e-07 4.5e-08
16 6.6 0.199 1.35e-07 4.5e-08
16.1 6.6 0.197 1.47e-07 5.25e-08
16.2 6.6 0.194 1.47e-07 5.25e-08
16.3 6.6 0.192 1.47e-07 5.25e-08
16.4 6.6 0.19 1.55e-07 5.5e-08
16.5 6.6 0.188 1.6e-07 6e-08
16.6 6.6 0.185 1.68e-07 6.25e-08
16.7 6.6 0.183 1.68e-07 6.25e-08
16.8 6.6 0.181 1.72e-07 6.75e-08
16.9 6.6 0.179 1.77e-07 7.25e-08
17 6.6 0.177 1.82e-07 7.75e-08
17.1 6.6 0.175 1.93e-07 8.75e-08
17.2 6.6 0.173 2.05e-07 1.05e-07
17.3 6.6 0.17 2.35e-07 1.35e-07
17.4 6.6 0.168 2.93e-07 2.18e-07
17.5 6.6 0.166 1.02e-06 1.95e-06
17.6 6.6 0.164 3.9e-07 3.4e-07
17.7 6.6 0.162 8.25e-08 1.68e-07
17.8 6.6 0.16 3.85e-07 1.55e-07
17.9 6.6 0.158 6.45e-07 3.15e-07
18 6.6 0.156 5.9e-07 3e-07
18.1 6.6 0.154 4.77e-07 3.53e-07
18.2 6.6 0.153 4.37e-07 3.22e-07
18.3 6.6 0.151 3.93e-07 2.98e-07
18.4 6.6 0.149 3.48e-07 2.72e-07
18.5 6.6 0.147 3.03e-07 2.48e-07
18.6 6.6 0.145 1.38e-07 7.25e-08
18.7 6.6 0.143 1.43e-07 6.75e-08
18.8 6.6 0.141 1.43e-07 6.75e-08
18.9 6.6 0.14 1.43e-07 6.75e-08
19 6.6 0.138 1.4e-07 6e-08
19.1 6.6 0.136 1.4e-07 6e-08
19.2 6.6 0.134 1.33e-07 5.75e-08
19.3 6.6 0.133 1.4e-07 6e-08
19.4 6.6 0.131 1.33e-07 5.75e-08
19.5 6.6 0.129 1.33e-07 5.75e-08
19.6 6.6 0.128 1.33e-07 5.75e-08
19.7 6.6 0.126 1.38e-07 5.25e-08
19.8 6.6 0.124 1.3e-07 5e-08
19.9 6.6 0.123 1.3e-07 5e-08
20 6.6 0.121 1.3e-07 5e-08
20.1 6.6 0.12 1.3e-07 5e-08
20.2 6.6 0.118 1.22e-07 4.75e-08
20.3 6.6 0.116 1.22e-07 4.75e-08
20.4 6.6 0.115 1.22e-07 4.75e-08
20.5 6.6 0.113 1.17e-07 4.25e-08
20.6 6.6 0.112 1.15e-07 4.5e-08
20.7 6.6 0.11 1.15e-07 4.5e-08
20.8 6.6 0.109 1.12e-07 3.75e-08
20.9 6.6 0.108 1.08e-07 4.25e-08
21 6.6 0.106 1.08e-07 4.25e-08
21.1 6.6 0.105 1.05e-07 3.5e-08
21.2 6.6 0.103 1.05e-07 3.5e-08
21.3 6.6 0.102 1.05e-07 3.5e-08
21.4 6.6 0.101 1.05e-07 3.5e-08
21.5 6.6 0.0993 9.8e-08 3.4e-08
21.6 6.6 0.0979 9.63e-08 3.27e-08
21.7 6.6 0.0966 9.4e-08 3.2e-08
21.8 6.6 0.0953 9.17e-08 3.12e-08
21.9 6.6 0.0941 9e-08 3e-08
22 6.6 0.0928 8.7e-08 2.9e-08
22.1 6.6 0.0915 8.55e-08 2.85e-08
22.2 6.6 0.0903 8.38e-08 2.83e-08
22.3 6.6 0.0891 8.1e-08 2.8e-08
22.4 6.6 0.0879 7.92e-08 2.68e-08
22.5 6.6 0.0867 7.7e-08 2.6e-08
22.6 6.6 0.0855 7.5e-08 2.6e-08
22.7 6.6 0.0843 7.3e-08 2.5e-08
22.8 6.6 0.0832 7.13e-08 2.47e-08
22.9 6.6 0.0821 6.85e-08 2.35e-08
23 6.6 0.0809 6.7e-08 2.3e-08
23.1 6.6 0.0798 6.5e-08 2.3e-08
23.2 6.6 0.0787 6.28e-08 2.23e-08
23.3 6.6 0.0776 6.05e-08 2.15e-08
23.4 6.6 0.0766 5.85e-08 2.05e-08
23.5 6.6 0.0755 5.62e-08 1.98e-08
23.6 6.6 0.0745 5.47e-08 1.93e-08
23.7 6.6 0.0735 5.32e-08 1.87e-08
23.8 6.6 0.0724 5.17e-08 1.83e-08
23.9 6.6 0.0714 4.97e-08 1.83e-08
24 6.6 0.0704 4.75e-08 1.75e-08
24.1 6.6 0.0695 4.58e-08 1.62e-08
24.2 6.6 0.0685 4.43e-08 1.57e-08
24.3 6.6 0.0676 4.22e-08 1.57e-08
24.4 6.6 0.0666 4.07e-08 1.53e-08
24.5 6.6 0.0657 3.92e-08 1.47e-08
24.6 6.6 0.0648 3.77e-08 1.43e-08
24.7 6.6 0.0639 3.55e-08 1.35e-08
24.8 6.6 0.063 3.4e-08 1.3e-08
24.9 6.6 0.0621 3.25e-08 1.25e-08
25 6.6 0.0612 3.15e-08 1.15e-08
25.1 6.6 0.0604 3e-08 1.1e-08
25.2 6.6 0.0595 2.87e-08 1.12e-08
25.3 6.6 0.0587 2.72e-08 1.08e-08
25.4 6.6 0.0579 2.57e-08 1.03e-08
25.5 6.6 0.057 2.4e-08 9e-09
25.6 6.6 0.0562 2.27e-08 9.25e-09
25.7 6.6 0.0554 2.12e-08 8.75e-09
25.8 6.6 0.0547 2.02e-08 7.75e-09
25.9 6.6 0.0539 1.9e-08 8e-09
26 6.6 0.0531 1.83e-08 7.75e-09
26.1 6.6 0.0524 1.65e-08 6.5e-09
26.2 6.6 0.0516 1.53e-08 6.75e-09
26.3 6.6 0.0509 1.4e-08 6e-09
26.4 6.6 0.0502 1.38e-08 6.25e-09
26.5 6.6 0.0495 1.23e-08 5.75e-09
26.6 6.6 0.0488 1.1e-08 6e-09
26.7 6.6 0.0481 1.05e-08 5.5e-09
26.8 6.6 0.0474 9.5e-09 5.5e-09
26.9 6.6 0.0467 8.5e-09 5.5e-09
27 6.6 0.046 8.25e-09 5.75e-09
27.1 6.6 0.0454 7.75e-09 7.25e-09
27.2 6.6 0.0447 8.25e-09 1.08e-08
27.3 6.6 0.0441 9.68e-08 3.62e-08
27.4 6.6 0.0435 4.5e-09 4.5e-09
27.5 6.6 0.0428 2e-09 3e-09
27.6 6.6 0.0422 1.25e-09 2.75e-09
27.7 6.6 0.0416 5e-10 1.5e-09
27.8 6.6 0.041 5e-10 1.5e-09
27.9 6.6 0.0404 7.5e-10 1.25e-09
28 6.6 0.0398 1e-09 1e-09
28.1 6.6 0.0393 1.5e-09 1.5e-09
28.2 6.6 0.0387 1.5e-09 1.5e-09
28.3 6.6 0.0382 5e-10 5e-10
28.4 6.6 0.0376 1.5e-09 1.5e-09
28.5 6.6 0.0371 2.5e-09 2.5e-09
28.6 6.6 0.0365 3.25e-09 3.75e-09
28.7 6.6 0.036 4e-09 5e-09
28.8 6.6 0.0355 4.5e-09 6.5e-09
28.9 6.6 0.035 3.75e-09 8.25e-09
29 6.6 0.0345 5e-09 1e-08
29.1 6.6 0.034 5.5e-09 1.15e-08
29.2 6.6 0.0335 5.5e-09 1.25e-08
29.3 6.6 0.033 5.75e-09 1.32e-08
29.4 6.6 0.0325 6.5e-09 1.45e-08
29.5 6.6 0.032 7e-09 1.6e-08
29.6 6.6 0.0316 7.25e-09 1.68e-08
29.7 6.6 0.0311 7.5e-09 1.75e-08
29.8 6.6 0.0307 8.25e-09 1.87e-08
29.9 6.6 0.0302 8.5e-09 1.95e-08
30 6.6 0.0298 9.25e-09 2.08e-08
30.1 6.6 0.0293 4e-09 1.1e-08
30.2 6.6 0.0289 4.5e-09 1.15e-08
30.3 6.6 0.0285 4.5e-09 1.15e-08
30.4 6.6 0.0281 4.25e-09 1.17e-08
30.5 6.6 0.0277 4.25e-09 1.17e-08
30.6 6.6 0.0273 4.75e-09 1.23e-08
30.7 6.6 0.0269 4.75e-09 1.23e-08
30.8 6.6 0.0265 4.5e-09 1.25e-08
30.9 6.6 0.0261 4.75e-09 1.23e-08
31 6.6 0.0257 4.5e-09 1.25e-08
31.1 6.6 0.0253 4.5e-09 1.25e-08
31.2 6.6 0.025 4.75e-09 1.32e-08
31.3 6.6 0.0246 5e-09 1.3e-08
31.4 6.6 0.0242 5.25e-09 1.38e-08
31.5 6.6 0.0239 4.5e-09 1.35e-08
31.6 6.6 0.0235 5.25e-09 1.38e-08
31.7 6.6 0.0232 4.5e-09 1.35e-08
31.8 6.6 0.0228 5.25e-09 1.38e-08
31.9 6.6 0.0225 4.5e-09 1.35e-08
32 6.6 0.0222 4.75e-09 1.43e-08
32.1 6.6 0.0219 5.25e-09 1.38e-08
32.2 6.6 0.0215 5.5e-09 1.45e-08
32.3 6.6 0.0212 5e-09 1.4e-08
32.4 6.6 0.0209 4.75e-09 1.43e-08
32.5 6.6 0.0206 4.75e-09 1.43e-08
32.6 6.6 0.0203 5e-09 1.4e-08
32.7 6.6 0.02 4.75e-09 1.43e-08
32.8 6.6 0.0197 4.75e-09 1.43e-08
32.9 6.6 0.0194 4.75e-09 1.43e-08
33 6.6 0.0191 4.75e-09 1.43e-08
33.1 6.6 0.0188 5.5e-09 1.45e-08
33.2 6.6 0.0186 5.25e-09 1.47e-08
33.3 6.6 0.0183 4.75e-09 1.43e-08
33.4 6.6 0.018 4.75e-09 1.43e-08
33.5 6.6 0.0178 5.25e-09 1.47e-08
33.6 6.6 0.0175 4.75e-09 1.43e-08
33.7 6.6 0.0172 4.75e-09 1.43e-08
33.8 6.6 0.017 5.25e-09 1.47e-08
33.9 6.6 0.0167 5.25e-09 1.47e-08
34 6.6 0.0165 4.75e-09 1.43e-08
34.1 6.6 0.0162 4.75e-09 1.43e-08
34.2 6.6 0.016 4.75e-09 1.43e-08
34.3 6.6 0.0158 4.75e-09 1.43e-08
34.4 6.6 0.0155 4.75e-09 1.43e-08
34.5 6.6 0.0153 4.75e-09 1.43e-08
34.6 6.6 0.0151 4.75e-09 1.43e-08
34.7 6.6 0.0149 4.75e-09 1.43e-08
34.8 6.6 0.0146 4.5e-09 1.35e-08
34.9 6.6 0.0144 5e-09 1.4e-08
35 6.6 0.0142 4.5e-09 1.35e-08
35.1 6.6 0.014 4.5e-09 1.35e-08
35.2 6.6 0.0138 4.5e-09 1.35e-08
35.3 6.6 0.0136 4.75e-09 1.32e-08
35.4 6.6 0.0134 4.5e-09 1.35e-08
35.5 6.6 0.0132 4.5e-09 1.35e-08
35.6 6.6 0.013 4.25e-09 1.28e-08
35.7 6.6 0.0128 4.25e-09 1.28e-08
35.8 6.6 0.0126 4.25e-09 1.28e-08
35.9 6.6 0.0124 4.5e-09 1.35e-08
36 6.6 0.0122 4.25e-09 1.28e-08
36.1 6.6 0.0121 4.25e-09 1.28e-08
36.2 6.6 0.0119 4.25e-09 1.28e-08
36.3 6.6 0.0117 4.25e-09 1.28e-08
36.4 6.6 0.0115 4e-09 1.2e-08
36.5 6.6 0.0114 4.25e-09 1.28e-08
36.6 6.6 0.0112 4e-09 1.2e-08
36.7 6.6 0.011 4e-09 1.2e-08
36.8 6.6 0.0109 4e-09 1.2e-08
36.9 6.6 0.0107 4e-09 1.2e-08
37 6.6 0.0105 4e-09 1.2e-08
37.1 6.6 0.0104 4e-09 1.2e-08
37.2 6.6 0.0102 4e-09 1.2e-08
37.3 6.6 0.0101 4.5e-09 1.15e-08
37.4 6.6 0.00992 3.9e-09 1.14e-08
37.5 6.6 0.00977 3.85e-09 1.14e-08
37.6 6.6 0.00963 3.83e-09 1.13e-08
37.7 6.6 0.00949 3.8e-09 1.11e-08
37.8 6.6 0.00934 3.72e-09 1.1e-08
37.9 6.6 0.00921 3.77e-09 1.09e-08
38 6.6 0.00907 3.67e-09 1.08e-08
38.1 6.6 0.00893 3.63e-09 1.07e-08
38.2 6.6 0.0088 3.67e-09 1.06e-08
38.3 6.6 0.00867 3.58e-09 1.05e-08
38.4 6.6 0.00854 3.53e-09 1.04e-08
38.5 6.6 0.00841 3.53e-09 1.03e-08
38.6 6.6 0.00829 3.45e-09 1.01e-08
38.7 6.6 0.00816 3.45e-09 1.01e-08
38.8 6.6 0.00804 3.45e-09 9.95e-09
38.9 6.6 0.00792 3.35e-09 9.85e-09
39 6.6 0.0078 3.32e-09 9.77e-09
39.1 6.6 0.00769 3.27e-09 9.63e-09
39.2 6.6 0.00757 3.25e-09 9.55e-09
39.3 6.6 0.00746 3.25e-09 9.45e-09
39.4 6.6 0.00735 3.2e-09 9.4e-09
39.5 6.6 0.00724 3.2e-09 9.2e-09
39.6 6.6 0.00713 3.1e-09 9.1e-09
39.7 6.6 0.00703 3.15e-09 9.05e-09
39.8 6.6 0.00692 3.1e-09 8.9e-09
39.9 6.6 0.00682 3.07e-09 8.82e-09
40 6.6 0.00672 2.98e-09 8.73e-09
40.1 6.6 0.00662 2.98e-09 8.62e-09
40.2 6.6 0.00652 2.95e-09 8.55e-09
40.3 6.6 0.00642 2.9e-09 8.5e-09
40.4 6.6 0.00632 2.85e-09 8.35e-09
40.5 6.6 0.00623 2.83e-09 8.27e-09
40.6 6.6 0.00614 2.85e-09 8.15e-09
40.7 6.6 0.00604 2.8e-09 8.1e-09
40.8 6.6 0.00595 2.72e-09 7.98e-09
40.9 6.6 0.00586 2.7e-09 7.9e-09
41 6.6 0.00578 2.65e-09 7.75e-09
41.1 6.6 0.00569 2.62e-09 7.67e-09
41.2 6.6 0.00561 2.6e-09 7.6e-09
41.3 6.6 0.00552 2.6e-09 7.5e-09
41.4 6.6 0.00544 2.57e-09 7.43e-09
41.5 6.6 0.00536 2.52e-09 7.27e-09
41.6 6.6 0.00528 2.5e-09 7.2e-09
41.7 6.6 0.0052 2.47e-09 7.13e-09
41.8 6.6 0.00512 2.45e-09 7.05e-09
41.9 6.6 0.00504 2.45e-09 6.95e-09
42 6.6 0.00497 2.4e-09 6.8e-09
42.1 6.6 0.0049 2.4e-09 6.8e-09
42.2 6.6 0.00482 2.4e-09 6.6e-09
42.3 6.6 0.00475 2.42e-09 6.58e-09
42.4 6.6 0.00468 9.05e-09 8.85e-09
42.5 6.6 0.00461 2.83e-09 6.68e-09
42.6 6.6 0.00454 2.42e-09 6.48e-09
42.7 6.6 0.00447 2.33e-09 6.38e-09
42.8 6.6 0.0044 2.3e-09 6.3e-09
42.9 6.6 0.00434 2.2e-09 6.2e-09
43 6.6 0.00427 2.1e-09 6.1e-09
43.1 6.6 0.00421 2.07e-09 6.03e-09
43.2 6.6 0.00415 2.05e-09 5.95e-09
43.3 6.6 0.00408 2.05e-09 5.85e-09
43.4 6.6 0.00402 2.05e-09 5.75e-09
43.5 6.6 0.00396 1.97e-09 5.72e-09
43.6 6.6 0.0039 1.95e-09 5.65e-09
43.7 6.6 0.00385 1.92e-09 5.58e-09
43.8 6.6 0.00379 1.92e-09 5.48e-09
43.9 6.6 0.00373 1.87e-09 5.42e-09
44 6.6 0.00368 1.85e-09 5.35e-09
44.1 6.6 0.00362 1.83e-09 5.28e-09
44.2 6.6 0.00357 1.8e-09 5.2e-09
44.3 6.6 0.00351 1.77e-09 5.13e-09
44.4 6.6 0.00346 1.77e-09 5.13e-09
44.5 6.6 0.00341 1.72e-09 4.97e-09
44.6 6.6 0.00336 1.7e-09 4.9e-09
44.7 6.6 0.00331 1.7e-09 4.9e-09
44.8 6.6 0.00326 1.63e-09 4.77e-09
44.9 6.6 0.00321 1.65e-09 4.75e-09
45 6.6 0.00316 1.6e-09 4.7e-09
45.1 6.6 0.00311 1.6e-09 4.6e-09
45.2 6.6 0.00307 1.58e-09 4.52e-09
45.3 6.6 0.00302 1.58e-09 4.52e-09
45.4 6.6 0.00298 1.58e-09 4.42e-09
45.5 6.6 0.00293 1.53e-09 4.38e-09
45.6 6.6 0.00289 1.5e-09 4.3e-09
45.7 6.6 0.00284 1.45e-09 4.25e-09
45.8 6.6 0.0028 1.42e-09 4.18e-09
45.9 6.6 0.00276 1.4e-09 4.1e-09
46 6.6 0.00272 1.4e-09 4.1e-09
46.1 6.6 0.00268 1.42e-09 4.08e-09
46.2 6.6 0.00264 1.35e-09 3.95e-09
46.3 6.6 0.0026 1.37e-09 3.93e-09
46.4 6.6 0.00256 1.35e-09 3.85e-09
46.5 6.6 0.00252 1.3e-09 3.8e-09
46.6 6.6 0.00248 1.28e-09 3.72e-09
46.7 6.6 0.00244 1.28e-09 3.72e-09
46.8 6.6 0.00241 1.28e-09 3.63e-09
46.9 6.6 0.00237 1.23e-09 3.58e-09
47 6.6 0.00234 1.2e-09 3.5e-09
47.1 6.6 0.0023 1.2e-09 3.5e-09
47.2 6.6 0.00227 1.2e-09 3.5e-09
47.3 6.6 0.00223 1.2e-09 3.4e-09
47.4 6.6 0.0022 1.15e-09 3.35e-09
47.5 6.6 0.00217 1.15e-09 3.35e-09
47.6 6.6 0.00213 1.12e-09 3.27e-09
47.7 6.6 0.0021 1.12e-09 3.27e-09
47.8 6.6 0.00207 1.07e-09 3.12e-09
47.9 6.6 0.00204 1.07e-09 3.12e-09
48 6.6 0.00201 1.07e-09 3.12e-09
48.1 6.6 0.00198 1.05e-09 3.05e-09
48.2 6.6 0.00195 1.03e-09 2.98e-09
48.3 6.6 0.00192 1.03e-09 2.98e-09
48.4 6.6 0.00189 1.07e-09 2.93e-09
48.5 6.6 0.00186 1e-09 2.9e-09
48.6 6.6 0.00183 9.75e-10 2.83e-09
48.7 6.6 0.00181 9.75e-10 2.83e-09
48.8 6.6 0.00178 9.5e-10 2.75e-09
48.9 6.6 0.00175 9.5e-10 2.75e-09
49 6.6 0.00173 9.25e-10 2.67e-09
49.1 6.6 0.0017 9e-10 2.6e-09
49.2 6.6 0.00168 9e-10 2.6e-09
49.3 6.6 0.00165 9e-10 2.6e-09
49.4 6.6 0.00163 8.75e-10 2.52e-09
49.5 6.6 0.0016 8.5e-10 2.45e-09
49.6 6.6 0.00158 8.5e-10 2.45e-09
49.7 6.6 0.00155 8.5e-10 2.45e-09
49.8 6.6 0.00153 8.25e-10 2.38e-09
49.9 6.6 0.00151 8.25e-10 2.38e-09
50 6.6 0.00148 8.25e-10 2.38e-09
50.1 6.6 0.00146 7.75e-10 2.23e-09
50.2 6.6 0.00144 8e-10 2.3e-09
50.3 6.6 0.00142 7.75e-10 2.23e-09
50.4 6.6 0.0014 7.75e-10 2.23e-09
50.5 6.6 0.00138 7.5e-10 2.15e-09
50.6 6.6 0.00136 7.5e-10 2.15e-09
50.7 6.6 0.00134 7.25e-10 2.07e-09
50.8 6.6 0.00132 7.25e-10 2.07e-09
50.9 6.6 0.0013 7.25e-10 2.07e-09
51 6.6 0.00128 6.75e-10 2.02e-09
51.1 6.6 0.00126 7e-10 2e-09
51.2 6.6 0.00124 6.75e-10 1.92e-09
51.3 6.6 0.00122 6.75e-10 1.92e-09
51.4 6.6 0.0012 6.75e-10 1.92e-09
51.5 6.6 0.00118 6.5e-10 1.85e-09
51.6 6.6 0.00117 6e-10 1.8e-09
51.7 6.6 0.00115 6.5e-10 1.85e-09
51.8 6.6 0.00113 6e-10 1.8e-09
51.9 6.6 0.00111 6.5e-10 1.75e-09
52 6.6 0.0011 6.25e-10 1.77e-09
52.1 6.6 0.00108 6e-10 1.7e-09
52.2 6.6 0.00106 6e-10 1.7e-09
52.3 6.6 0.00105 6e-10 1.7e-09
52.4 6.6 0.00103 5.75e-10 1.63e-09
52.5 6.6 0.00102 5.75e-10 1.63e-09
52.6 6.6 0.001 5.25e-10 1.58e-09
52.7 6.6 0.000987 5.43e-10 1.57e-09
52.8 6.6 0.000972 5.35e-10 1.54e-09
52.9 6.6 0.000957 5.27e-10 1.52e-09
53 6.6 0.000943 5.18e-10 1.5e-09
53.1 6.6 0.000929 5.18e-10 1.48e-09
53.2 6.6 0.000915 5.02e-10 1.46e-09
53.3 6.6 0.000901 5e-10 1.44e-09
53.4 6.6 0.000887 4.93e-10 1.42e-09
53.5 6.6 0.000874 4.8e-10 1.39e-09
53.6 6.6 0.000861 4.8e-10 1.37e-09
53.7 6.6 0.000848 4.67e-10 1.35e-09
53.8 6.6 0.000835 4.6e-10 1.33e-09
53.9 6.6 0.000823 4.55e-10 1.31e-09
54 6.6 0.00081 4.52e-10 1.3e-09
54.1 6.6 0.000798 4.43e-10 1.28e-09
54.2 6.6 0.000786 4.35e-10 1.25e-09
54.3 6.6 0.000774 4.3e-10 1.24e-09
54.4 6.6 0.000763 4.25e-10 1.23e-09
54.5 6.6 0.000751 4.15e-10 1.21e-09
54.6 6.6 0.00074 4.1e-10 1.19e-09
54.7 6.6 0.000729 4.07e-10 1.17e-09
54.8 6.6 0.000718 3.98e-10 1.15e-09
54.9 6.6 0.000707 3.95e-10 1.13e-09
55 6.6 0.000697 3.85e-10 1.11e-09
55.1 6.6 0.000686 3.8e-10 1.1e-09
55.2 6.6 0.000676 3.75e-10 1.09e-09
55.3 6.6 0.000666 3.7e-10 1.07e-09
55.4 6.6 0.000656 3.65e-10 1.05e-09
55.5 6.6 0.000646 3.6e-10 1.04e-09
55.6 6.6 0.000636 3.55e-10 1.03e-09
55.7 6.6 0.000626 3.45e-10 1e-09
55.8 6.6 0.000617 3.43e-10 9.87e-10
55.9 6.6 0.000608 3.4e-10 9.8e-10
56 6.6 0.000599 3.35e-10 9.65e-10
56.1 6.6 0.00059 3.25e-10 9.45e-10
56.2 6.6 0.000581 3.25e-10 9.35e-10
56.3 6.6 0.000572 3.2e-10 9.2e-10
56.4 6.6 0.000563 3.17e-10 9.13e-10
56.5 6.6 0.000555 3.08e-10 8.92e-10
56.6 6.6 0.000547 3.08e-10 8.83e-10
56.7 6.6 0.000538 3e-10 8.7e-10
56.8 6.6 0.00053 2.95e-10 8.55e-10
56.9 6.6 0.000522 2.95e-10 8.45e-10
57 6.6 0.000515 2.87e-10 8.32e-10
57.1 6.6 0.000507 2.83e-10 8.18e-10
57.2 6.6 0.000499 2.8e-10 8.1e-10
57.3 6.6 0.000492 2.75e-10 7.95e-10
57.4 6.6 0.000484 2.7e-10 7.8e-10
57.5 6.6 0.000477 2.68e-10 7.72e-10
57.6 6.6 0.00047 2.63e-10 7.58e-10
57.7 6.6 0.000463 2.55e-10 7.45e-10
57.8 6.6 0.000456 2.55e-10 7.35e-10
57.9 6.6 0.000449 2.53e-10 7.28e-10
58 6.6 0.000442 2.48e-10 7.12e-10
58.1 6.6 0.000436 2.45e-10 7.05e-10
58.2 6.6 0.000429 2.42e-10 6.98e-10
58.3 6.6 0.000423 2.35e-10 6.85e-10
58.4 6.6 0.000416 2.35e-10 6.75e-10
58.5 6.6 0.00041 2.3e-10 6.6e-10
58.6 6.6 0.000404 2.27e-10 6.52e-10
58.7 6.6 0.000398 2.25e-10 6.45e-10
58.8 6.6 0.000392 2.23e-10 6.38e-10
58.9 6.6 0.000386 2.15e-10 6.25e-10
59 6.6 0.00038 2.17e-10 6.13e-10
59.1 6.6 0.000374 2.08e-10 6.03e-10
59.2 6.6 0.000369 2.08e-10 6.03e-10
59.3 6.6 0.000363 2.02e-10 5.87e-10
59.4 6.6 0.000358 2.08e-10 5.83e-10
59.5 6.6 0.000352 2e-10 5.7e-10
59.6 6.6 0.000347 1.95e-10 5.65e-10
59.7 6.6 0.000342 1.9e-10 5.5e-10
59.8 6.6 0.000337 1.87e-10 5.43e-10
59.9 6.6 0.000332 1.85e-10 5.35e-10
60 6.6 0.000327 1.82e-10 5.27e-10
60.1 6.6 0.000322 1.82e-10 5.27e-10
60.2 6.6 0.000317 1.78e-10 5.13e-10
60.3 6.6 0.000312 1.75e-10 5.05e-10
60.4 6.6 0.000307 1.72e-10 4.97e-10
60.5 6.6 0.000303 1.67e-10 4.93e-10
60.6 6.6 0.000298 1.67e-10 4.83e-10
60.7 6.6 0.000294 1.65e-10 4.75e-10
60.8 6.6 0.000289 1.65e-10 4.75e-10
60.9 6.6 0.000285 1.57e-10 4.63e-10
61 6.6 0.000281 1.57e-10 4.52e-10
61.1 6.6 0.000277 1.55e-10 4.45e-10
61.2 6.6 0.000272 1.5e-10 4.4e-10
61.3 6.6 0.000268 1.52e-10 4.37e-10
61.4 6.6 0.000264 1.5e-10 4.3e-10
61.5 6.6 0.00026 1.45e-10 4.25e-10
61.6 6.6 0.000256 1.45e-10 4.15e-10
61.7 6.6 0.000252 1.45e-10 4.15e-10
61.8 6.6 0.000249 1.37e-10 4.03e-10
61.9 6.6 0.000245 1.4e-10 4e-10
62 6.6 0.000241 1.33e-10 3.88e-10
62.1 6.6 0.000238 1.35e-10 3.85e-10
62.2 6.6 0.000234 1.33e-10 3.77e-10
62.3 6.6 0.000231 1.33e-10 3.77e-10
62.4 6.6 0.000227 1.3e-10 3.7e-10
62.5 6.6 0.000224 1.25e-10 3.65e-10
62.6 6.6 0.00022 1.22e-10 3.58e-10
62.7 6.6 0.000217 1.22e-10 3.58e-10
62.8 6.6 0.000214 1.18e-10 3.43e-10
62.9 6.6 0.000211 1.18e-10 3.43e-10
63 6.6 0.000207 1.15e-10 3.35e-10
63.1 6.6 0.000204 1.12e-10 3.28e-10
63.2 6.6 0.000201 1.12e-10 3.28e-10
63.3 6.6 0.000198 1.12e-10 3.28e-10
63.4 6.6 0.000195 1.1e-10 3.2e-10
63.5 6.6 0.000192 1.12e-10 3.17e-10
63.6 6.6 0.000189 1.05e-10 3.05e-10
63.7 6.6 0.000187 1.08e-10 3.02e-10
63.8 6.6 0.000184 1.08e-10 3.02e-10
63.9 6.6 0.000181 1e-10 2.9e-10
64 6.6 0.000178 1e-10 2.9e-10
64.1 6.6 0.000176 1.02e-10 2.87e-10
86.3 6.6 6.08e-06 3.45e-12 9.95e-12
86.4 6.6 5.98e-06 3.38e-12 9.83e-12
86.5 6.6 5.89e-06 3.38e-12 9.73e-12
86.6 6.6 5.81e-06 3.33e-12 9.57e-12
86.7 6.6 5.72e-06 3.23e-12 9.37e-12
86.8 6.6 5.63e-06 3.2e-12 9.2e-12
86.9 6.6 5.55e-06 3.13e-12 9.08e-12
87 6.6 5.46e-06 3.13e-12 8.98e-12
87.1 6.6 5.38e-06 3.05e-12 8.85e-12
87.2 6.6 5.3e-06 3e-12 8.7e-12
87.3 6.6 5.22e-06 3e-12 8.6e-12
87.4 6.6 5.14e-06 2.9e-12 8.4e-12
87.5 6.6 5.07e-06 2.9e-12 8.3e-12
87.6 6.6 4.99e-06 2.88e-12 8.22e-12
87.7 6.6 4.91e-06 2.8e-12 8.1e-12
87.8 6.6 4.84e-06 2.78e-12 7.92e-12
87.9 6.6 4.77e-06 2.72e-12 7.88e-12
88 6.6 4.7e-06 2.65e-12 7.65e-12
88.1 6.6 4.63e-06 2.62e-12 7.58e-12
88.2 6.6 4.56e-06 2.6e-12 7.5e-12
88.3 6.6 4.49e-06 2.55e-12 7.35e-12
88.4 6.6 4.42e-06 2.52e-12 7.27e-12
88.5 6.6 4.35e-06 2.47e-12 7.12e-12
88.6 6.6 4.29e-06 2.45e-12 7.05e-12
88.7 6.6 4.22e-06 2.45e-12 6.95e-12
88.8 6.6 4.16e-06 2.35e-12 6.85e-12
88.9 6.6 4.1e-06 2.32e-12 6.67e-12
89 6.6 4.04e-06 2.27e-12 6.62e-12
89.1 6.6 3.98e-06 2.27e-12 6.52e-12
89.2 6.6 3.92e-06 2.25e-12 6.45e-12
89.3 6.6 3.86e-06 2.2e-12 6.3e-12
89.4 6.6 3.8e-06 2.17e-12 6.22e-12
89.5 6.6 3.74e-06 2.1e-12 6.1e-12
89.6 6.6 3.69e-06 2.07e-12 6.02e-12
89.7 6.6 3.63e-06 2.1e-12 6e-12
89.8 6.6 3.58e-06 2.05e-12 5.85e-12
89.9 6.6 3.52e-06 2e-12 5.8e-12
90 6.6 3.47e-06 1.97e-12 5.72e-12
90.1 6.6 3.42e-06 1.92e-12 5.57e-12
90.2 6.6 3.37e-06 1.9e-12 5.5e-12
90.3 6.6 3.31e-06 1.87e-12 5.43e-12
90.4 6.6 3.26e-06 1.85e-12 5.35e-12
90.5 6.6 3.22e-06 1.82e-12 5.28e-12
90.6 6.6 3.17e-06 1.8e-12 5.2e-12
90.7 6.6 3.12e-06 1.78e-12 5.13e-12
90.8 6.6 3.07e-06 1.75e-12 5.05e-12
90.9 6.6 3.03e-06 1.73e-12 4.98e-12
91 6.6 2.98e-06 1.7e-12 4.9e-12
91.1 6.6 2.94e-06 1.65e-12 4.75e-12
91.2 6.6 2.89e-06 1.65e-12 4.75e-12
91.3 6.6 2.85e-06 1.63e-12 4.68e-12
91.4 6.6 2.81e-06 1.58e-12 4.63e-12
91.5 6.6 2.76e-06 1.58e-12 4.53e-12
91.6 6.6 2.72e-06 1.58e-12 4.53e-12
91.7 6.6 2.68e-06 1.5e-12 4.4e-12
91.8 6.6 2.64e-06 1.5e-12 4.3e-12
91.9 6.6 2.6e-06 1.45e-12 4.25e-12
92 6.6 2.56e-06 1.48e-12 4.23e-12
92.1 6.6 2.52e-06 1.45e-12 4.15e-12
92.2 6.6 2.49e-06 1.43e-12 4.08e-12
92.3 6.6 2.45e-06 1.4e-12 4e-12
92.4 6.6 2.41e-06 1.35e-12 3.95e-12
92.5 6.6 2.38e-06 1.35e-12 3.85e-12
92.6 6.6 2.34e-06 1.3e-12 3.8e-12
92.7 6.6 2.3e-06 1.32e-12 3.78e-12
92.8 6.6 2.27e-06 1.27e-12 3.73e-12
92.9 6.6 2.24e-06 1.25e-12 3.65e-12
93 6.6 2.2e-06 1.27e-12 3.63e-12
93.1 6.6 2.17e-06 1.22e-12 3.58e-12
93.2 6.6 2.14e-06 1.22e-12 3.48e-12
93.3 6.6 2.1e-06 1.22e-12 3.48e-12
93.4 6.6 2.07e-06 1.17e-12 3.43e-12
93.5 6.6 2.04e-06 1.15e-12 3.35e-12
93.6 6.6 2.01e-06 1.17e-12 3.33e-12
93.7 6.6 1.98e-06 1.12e-12 3.28e-12
93.8 6.6 1.95e-06 1.12e-12 3.18e-12
93.9 6.6 1.92e-06 1.1e-12 3.2e-12
94 6.6 1.89e-06 1.05e-12 3.05e-12
94.1 6.6 1.86e-06 1.05e-12 3.05e-12
94.2 6.6 1.84e-06 1.05e-12 3.05e-12
94.3 6.6 1.81e-06 1.02e-12 2.98e-12
94.4 6.6 1.78e-06 1e-12 2.9e-12
94.5 6.6 1.75e-06 1e-12 2.9e-12
94.6 6.6 1.73e-06 9.75e-13 2.83e-12
94.7 6.6 1.7e-06 9.5e-13 2.75e-12
94.8 6.6 1.68e-06 9.5e-13 2.75e-12
94.9 6.6 1.65e-06 9.25e-13 2.67e-12
95 6.6 1.63e-06 9.25e-13 2.67e-12
95.1 6.6 1.6e-06 9e-13 2.6e-12
95.2 6.6 1.58e-06 9e-13 2.6e-12
95.3 6.6 1.55e-06 8.75e-13 2.52e-12
95.4 6.6 1.53e-06 8.75e-13 2.52e-12
95.5 6.6 1.51e-06 8.75e-13 2.52e-12
95.6 6.6 1.48e-06 8.5e-13 2.45e-12
95.7 6.6 1.46e-06 8.25e-13 2.37e-12
95.8 6.6 1.44e-06 8.25e-13 2.37e-12
95.9 6.6 1.42e-06 7.75e-13 2.32e-12
96 6.6 1.4e-06 8e-13 2.3e-12
96.1 6.6 1.38e-06 7.75e-13 2.22e-12
96.2 6.6 1.36e-06 7.5e-13 2.25e-12
96.3 6.6 1.34e-06 7.75e-13 2.22e-12
96.4 6.6 1.32e-06 7.25e-13 2.17e-12
96.5 6.6 1.3e-06 7.5e-13 2.15e-12
96.6 6.6 1.28e-06 7.25e-13 2.07e-12
96.7 6.6 1.26e-06 7.25e-13 2.07e-12
96.8 6.6 1.24e-06 7e-13 2e-12
96.9 6.6 1.22e-06 7e-13 2e-12
97 6.6 1.2e-06 6.5e-13 1.95e-12
97.1 6.6 1.18e-06 6.75e-13 1.92e-12
97.2 6.6 1.17e-06 6.25e-13 1.87e-12
97.3 6.6 1.15e-06 6.75e-13 1.92e-12
97.4 6.6 1.13e-06 6.5e-13 1.85e-12
97.5 6.6 1.11e-06 6e-13 1.8e-12
97.6 6.6 1.1e-06 6.5e-13 1.85e-12
97.7 6.6 1.08e-06 6.25e-13 1.78e-12
97.8 6.6 1.06e-06 6.25e-13 1.78e-12
97.9 6.6 1.05e-06 6e-13 1.7e-12
98 6.6 1.03e-06 5.75e-13 1.73e-12
98.1 6.6 1.02e-06 5.75e-13 1.63e-12
98.2 6.6 1e-06 5.75e-13 1.63e-12
98.3 6.6 9.86e-07 5.6e-13 1.62e-12
98.4 6.6 9.71e-07 5.5e-13 1.59e-12
98.5 6.6 9.57e-07 5.45e-13 1.58e-12
98.6 6.6 9.42e-07 5.35e-13 1.54e-12
98.7 6.6 9.28e-07 5.28e-13 1.52e-12
98.8 6.6 9.14e-07 5.2e-13 1.5e-12
98.9 6.6 9.01e-07 5.12e-13 1.48e-12
99 6.6 8.87e-07 5.05e-13 1.45e-12
99.1 6.6 8.74e-07 4.97e-13 1.43e-12
99.2 6.6 8.61e-07 4.9e-13 1.41e-12
99.3 6.6 8.48e-07 4.83e-13 1.39e-12
99.4 6.6 8.35e-07 4.78e-13 1.37e-12
99.5 6.6 8.22e-07 4.65e-13 1.35e-12
99.6 6.6 8.1e-07 4.6e-13 1.33e-12
99.7 6.6 7.98e-07 4.52e-13 1.31e-12
99.8 6.6 7.86e-07 4.48e-13 1.29e-12
99.9 6.6 7.74e-07 4.4e-13 1.27e-12
