-25 6.8 0.051 1.17e-08 5.25e-09
-24.9 6.8 0.0517 1.28e-08 5.25e-09
-24.8 6.8 0.0524 1.35e-08 5.5e-09
-24.7 6.8 0.0531 1.47e-08 6.25e-09
-24.6 6.8 0.0539 1.62e-08 6.75e-09
-24.5 6.8 0.0546 1.7e-08 7e-09
-24.4 6.8 0.0554 1.8e-08 7e-09
-24.3 6.8 0.0562 1.87e-08 7.25e-09
-24.2 6.8 0.0569 1.95e-08 7.5e-09
-24.1 6.8 0.0577 2.15e-08 8.5e-09
-24 6.8 0.0585 2.25e-08 8.5e-09
-23.9 6.8 0.0593 2.32e-08 8.75e-09
-23.8 6.8 0.0602 2.45e-08 9.5e-09
-23.7 6.8 0.061 2.55e-08 9.5e-09
-23.6 6.8 0.0618 2.68e-08 1.03e-08
-23.5 6.8 0.0627 2.78e-08 1.03e-08
-23.4 6.8 0.0635 2.9e-08 1.1e-08
-23.3 6.8 0.0644 3.05e-08 1.15e-08
-23.2 6.8 0.0653 3.2e-08 1.2e-08
-23.1 6.8 0.0662 3.35e-08 1.25e-08
-23 6.8 0.0671 3.47e-08 1.23e-08
-22.9 6.8 0.068 3.62e-08 1.28e-08
-22.8 6.8 0.069 3.72e-08 1.38e-08
-22.7 6.8 0.0699 3.9e-08 1.4e-08
-22.6 6.8 0.0709 4.05e-08 1.45e-08
-22.5 6.8 0.0718 4.2e-08 1.5e-08
-22.4 6.8 0.0728 4.3e-08 1.5e-08
-22.3 6.8 0.0738 4.52e-08 1.57e-08
-22.2 6.8 0.0748 4.65e-08 1.65e-08
-22.1 6.8 0.0758 4.78e-08 1.72e-08
-22 6.8 0.0768 4.97e-08 1.72e-08
-21.9 6.8 0.0779 5.12e-08 1.78e-08
-21.8 6.8 0.0789 5.32e-08 1.87e-08
-21.7 6.8 0.08 5.42e-08 1.87e-08
-21.6 6.8 0.0811 5.62e-08 1.98e-08
-21.5 6.8 0.0822 5.72e-08 1.98e-08
-21.4 6.8 0.0833 5.95e-08 2.05e-08
-21.3 6.8 0.0844 6.07e-08 2.12e-08
-21.2 6.8 0.0855 6.23e-08 2.17e-08
-21.1 6.8 0.0867 6.42e-08 2.17e-08
-21 6.8 0.0878 6.65e-08 2.25e-08
-20.9 6.8 0.089 6.8e-08 2.3e-08
-20.8 6.8 0.0902 6.97e-08 2.32e-08
-20.7 6.8 0.0914 7.15e-08 2.45e-08
-20.6 6.8 0.0926 7.3e-08 2.5e-08
-20.5 6.8 0.0938 7.48e-08 2.53e-08
-20.4 6.8 0.0951 7.72e-08 2.57e-08
-20.3 6.8 0.0963 7.85e-08 2.65e-08
-20.2 6.8 0.0976 8e-08 2.7e-08
-20.1 6.8 0.0989 8.2e-08 2.8e-08
-20 6.8 0.1 8.75e-08 3.25e-08
-19.9 6.8 0.101 8.25e-08 2.75e-08
-19.8 6.8 0.103 8.75e-08 3.25e-08
-19.7 6.8 0.104 9e-08 3e-08
-19.6 6.8 0.106 9e-08 3e-08
-19.5 6.8 0.107 9e-08 3e-08
-19.4 6.8 0.108 9e-08 3e-08
-19.3 6.8 0.11 9.25e-08 3.75e-08
-19.2 6.8 0.111 9.75e-08 3.25e-08
-19.1 6.8 0.113 1e-07 4e-08
-19 6.8 0.114 1.05e-07 3.5e-08
-18.9 6.8 0.115 1.05e-07 3.5e-08
-18.8 6.8 0.117 1e-07 4e-08
-18.7 6.8 0.118 1.08e-07 4.25e-08
-18.6 6.8 0.12 1.05e-07 3.5e-08
-18.5 6.8 0.122 1.05e-07 3.5e-08
-18.4 6.8 0.123 1.08e-07 4.25e-08
-18.3 6.8 0.125 1.08e-07 4.25e-08
-18.2 6.8 0.126 1.12e-07 4.75e-08
-18.1 6.8 0.128 1.08e-07 4.25e-08
-18 6.8 0.129 1.12e-07 4.75e-08
-17.9 6.8 0.131 1.15e-07 4.5e-08
-17.8 6.8 0.133 1.17e-07 5.25e-08
-17.7 6.8 0.134 1.17e-07 5.25e-08
-17.6 6.8 0.136 1.15e-07 4.5e-08
-17.5 6.8 0.138 1.17e-07 5.25e-08
-17.4 6.8 0.139 1.17e-07 5.25e-08
-17.3 6.8 0.141 1.2e-07 6e-08
-17.2 6.8 0.143 1.17e-07 5.25e-08
-17.1 6.8 0.145 1.2e-07 6e-08
-17 6.8 0.146 2.38e-07 2.02e-07
-16.9 6.8 0.148 2.72e-07 2.18e-07
-16.8 6.8 0.15 3.1e-07 2.4e-07
-16.7 6.8 0.152 3.48e-07 2.62e-07
-16.6 6.8 0.154 3.87e-07 2.82e-07
-16.5 6.8 0.156 4.85e-07 2.45e-07
-16.4 6.8 0.158 5.22e-07 2.58e-07
-16.3 6.8 0.159 3.3e-07 1.2e-07
-16.2 6.8 0.161 5.75e-08 1.22e-07
-16.1 6.8 0.163 1.9e-07 2.1e-07
-16 6.8 0.165 2.02e-06 1.5e-06
-15.9 6.8 0.167 2.67e-07 2.22e-07
-15.8 6.8 0.169 2e-07 1.2e-07
-15.7 6.8 0.171 1.77e-07 9.25e-08
-15.6 6.8 0.173 1.68e-07 8.25e-08
-15.5 6.8 0.175 1.55e-07 6.5e-08
-15.4 6.8 0.177 1.55e-07 6.5e-08
-15.3 6.8 0.18 1.43e-07 5.75e-08
-15.2 6.8 0.182 1.38e-07 5.25e-08
-15.1 6.8 0.184 1.38e-07 5.25e-08
-15 6.8 0.186 1.38e-07 5.25e-08
-14.9 6.8 0.188 1.33e-07 4.75e-08
-14.8 6.8 0.19 1.25e-07 4.5e-08
-14.7 6.8 0.192 1.25e-07 4.5e-08
-14.6 6.8 0.195 1.25e-07 4.5e-08
-14.5 6.8 0.197 1.25e-07 4.5e-08
-14.4 6.8 0.199 1.12e-07 3.75e-08
-14.3 6.8 0.201 1.17e-07 4.25e-08
-14.2 6.8 0.204 1.12e-07 3.75e-08
-14.1 6.8 0.206 1.08e-07 4.25e-08
-14 6.8 0.208 1.05e-07 3.5e-08
-13.9 6.8 0.211 1e-07 4e-08
-13.8 6.8 0.213 9.75e-08 3.25e-08
-13.7 6.8 0.215 9.25e-08 3.75e-08
-13.6 6.8 0.218 9e-08 3e-08
-13.5 6.8 0.22 8.5e-08 3.5e-08
-13.4 6.8 0.222 7.75e-08 3.25e-08
-13.3 6.8 0.225 7e-08 3e-08
-13.2 6.8 0.227 7e-08 3e-08
-13.1 6.8 0.23 6.25e-08 2.75e-08
-13 6.8 0.232 5.5e-08 2.5e-08
-12.9 6.8 0.235 5.5e-08 2.5e-08
-12.8 6.8 0.237 4.75e-08 2.25e-08
-12.7 6.8 0.24 4e-08 2e-08
-12.6 6.8 0.242 4e-08 2e-08
-12.5 6.8 0.245 3.25e-08 1.75e-08
-12.4 6.8 0.247 2.5e-08 1.5e-08
-12.3 6.8 0.25 5.75e-08 2.25e-08
-12.2 6.8 0.252 3.75e-08 1.25e-08
-12.1 6.8 0.255 1.75e-08 1.25e-08
-12 6.8 0.258 7.5e-09 2.5e-09
-11.9 6.8 0.26 7.5e-09 2.5e-09
-11.8 6.8 0.263 1.5e-08 5e-09
-11.7 6.8 0.266 2e-08 1e-08
-11.6 6.8 0.268 4e-08 7e-08
-11.5 6.8 0.271 9.5e-08 5.5e-08
-11.4 6.8 0.274 4.75e-08 5.25e-08
-11.3 6.8 0.276 4e-08 5e-08
-11.2 6.8 0.279 4e-08 6e-08
-11.1 6.8 0.282 3.5e-08 6.5e-08
-11 6.8 0.284 3.75e-08 7.25e-08
-10.9 6.8 0.287 4.25e-08 7.75e-08
-10.8 6.8 0.29 4.5e-08 8.5e-08
-10.7 6.8 0.293 5e-08 9e-08
-10.6 6.8 0.295 6.75e-08 8.25e-08
-10.5 6.8 0.298 1.22e-07 1.38e-07
-10.4 6.8 0.301 6.5e-08 1.25e-07
-10.3 6.8 0.304 6e-08 1.3e-07
-10.2 6.8 0.307 5.5e-08 1.35e-07
-10.1 6.8 0.309 5.75e-08 1.43e-07
-10 6.8 0.312 5.25e-08 1.47e-07
-9.9 6.8 0.315 5.25e-08 1.58e-07
-9.8 6.8 0.318 6e-08 1.6e-07
-9.7 6.8 0.321 5.75e-08 1.72e-07
-9.6 6.8 0.324 5.75e-08 1.72e-07
-9.5 6.8 0.326 6.5e-08 1.85e-07
-9.4 6.8 0.329 6.5e-08 1.85e-07
-9.3 6.8 0.332 6.5e-08 1.95e-07
-9.2 6.8 0.335 7.25e-08 1.97e-07
-9.1 6.8 0.338 7.5e-08 2.05e-07
-9 6.8 0.341 7.75e-08 2.13e-07
-8.9 6.8 0.343 8.5e-08 2.15e-07
-8.8 6.8 0.346 8e-08 2.2e-07
-8.7 6.8 0.349 9e-08 2.3e-07
-8.6 6.8 0.352 9.25e-08 2.38e-07
-8.5 6.8 0.355 9.25e-08 2.38e-07
-8.4 6.8 0.358 9.5e-08 2.45e-07
-8.3 6.8 0.361 9.5e-08 2.45e-07
-8.2 6.8 0.363 9.75e-08 2.53e-07
-8.1 6.8 0.366 1.05e-07 2.55e-07
-8 6.8 0.369 1.05e-07 2.55e-07
-7.9 6.8 0.372 1.12e-07 2.58e-07
-7.8 6.8 0.375 1.15e-07 2.65e-07
-7.7 6.8 0.378 1.15e-07 2.65e-07
-7.6 6.8 0.38 1.15e-07 2.65e-07
-7.5 6.8 0.383 1.15e-07 2.65e-07
-7.4 6.8 0.386 1.17e-07 2.72e-07
-7.3 6.8 0.389 1.17e-07 2.72e-07
-7.2 6.8 0.392 1.25e-07 2.75e-07
-7.1 6.8 0.394 1.22e-07 2.67e-07
-7 6.8 0.397 1.25e-07 2.75e-07
-6.9 6.8 0.4 1.3e-07 2.7e-07
-6.8 6.8 0.403 1.3e-07 2.7e-07
-6.7 6.8 0.405 1.27e-07 2.62e-07
-6.6 6.8 0.408 1.27e-07 2.62e-07
-6.5 6.8 0.411 1.27e-07 2.62e-07
-6.4 6.8 0.414 1.33e-07 2.58e-07
-6.3 6.8 0.416 1.25e-07 2.55e-07
-6.2 6.8 0.419 1.3e-07 2.5e-07
-6.1 6.8 0.422 1.3e-07 2.5e-07
-6 6.8 0.424 1.3e-07 2.4e-07
-5.9 6.8 0.427 1.33e-07 2.38e-07
-5.8 6.8 0.429 1.3e-07 2.3e-07
-5.7 6.8 0.432 1.25e-07 2.25e-07
-5.6 6.8 0.435 1.22e-07 2.18e-07
-5.5 6.8 0.437 1.25e-07 2.05e-07
-5.4 6.8 0.44 1.2e-07 2e-07
-5.3 6.8 0.442 4.03e-07 4.58e-07
-5.2 6.8 0.445 5.2e-07 5.7e-07
-5.1 6.8 0.447 8.2e-07 6e-07
-5 6.8 0.45 5.12e-07 6.97e-07
-4.9 6.8 0.452 1.13e-06 1.74e-06
-4.8 6.8 0.454 4.18e-07 2.72e-07
-4.7 6.8 0.457 1.44e-06 6.85e-07
-4.6 6.8 0.459 1.65e-07 2.25e-07
-4.5 6.8 0.461 9e-08 1.8e-07
-4.4 6.8 0.464 7e-08 1.6e-07
-4.3 6.8 0.466 5.75e-08 1.43e-07
-4.2 6.8 0.468 4.5e-08 1.25e-07
-4.1 6.8 0.47 4.25e-08 1.08e-07
-4 6.8 0.472 3.75e-08 9.25e-08
-3.9 6.8 0.475 3.5e-08 8.5e-08
-3.8 6.8 0.477 3.75e-08 7.25e-08
-3.7 6.8 0.479 2.75e-08 5.25e-08
-3.6 6.8 0.481 2.25e-08 3.75e-08
-3.5 6.8 0.483 2.5e-08 5.5e-08
-3.4 6.8 0.485 1e-08 1e-08
-3.3 6.8 0.487 2.5e-09 7.5e-09
-3.2 6.8 0.489 5e-09 1.5e-08
-3.1 6.8 0.49 4.75e-08 9.25e-08
-3 6.8 0.492 4e-08 3e-08
-2.9 6.8 0.494 5.25e-08 2.75e-08
-2.8 6.8 0.496 6.5e-08 2.5e-08
-2.7 6.8 0.497 8e-08 3e-08
-2.6 6.8 0.499 9.5e-08 3.5e-08
-2.5 6.8 0.501 1.08e-07 4.25e-08
-2.4 6.8 0.502 1.22e-07 4.75e-08
-2.3 6.8 0.504 1.33e-07 4.75e-08
-2.2 6.8 0.505 1.47e-07 6.25e-08
-2.1 6.8 0.507 1.63e-07 6.75e-08
-2 6.8 0.508 1.77e-07 7.25e-08
-1.9 6.8 0.51 1.85e-07 7.5e-08
-1.8 6.8 0.511 2.02e-07 7.75e-08
-1.7 6.8 0.512 2.1e-07 9e-08
-1.6 6.8 0.514 2.25e-07 9.5e-08
-1.5 6.8 0.515 2.32e-07 9.75e-08
-1.4 6.8 0.516 2.43e-07 1.08e-07
-1.3 6.8 0.517 2.58e-07 1.12e-07
-1.2 6.8 0.518 2.72e-07 1.17e-07
-1.1 6.8 0.519 2.82e-07 1.27e-07
-1 6.8 0.52 2.9e-07 1.3e-07
-0.9 6.8 0.521 3.03e-07 1.38e-07
-0.8 6.8 0.522 3.08e-07 1.43e-07
-0.7 6.8 0.523 3.15e-07 1.45e-07
-0.6 6.8 0.524 3.3e-07 1.5e-07
-0.5 6.8 0.524 3.37e-07 1.52e-07
-0.4 6.8 0.525 3.4e-07 1.6e-07
-0.3 6.8 0.526 3.48e-07 1.63e-07
-0.2 6.8 0.526 3.55e-07 1.65e-07
-0.1 6.8 0.527 3.55e-07 1.65e-07
1.11e-16 6.8 0.528 3.7e-07 1.7e-07
0.1 6.8 0.528 3.7e-07 1.7e-07
0.2 6.8 0.528 3.77e-07 1.72e-07
0.3 6.8 0.529 3.77e-07 1.72e-07
0.4 6.8 0.529 3.85e-07 1.75e-07
0.5 6.8 0.529 3.8e-07 1.8e-07
0.6 6.8 0.53 3.93e-07 1.77e-07
0.7 6.8 0.53 3.87e-07 1.82e-07
0.8 6.8 0.53 3.95e-07 1.85e-07
0.9 6.8 0.53 3.95e-07 1.85e-07
1 6.8 0.53 3.95e-07 1.85e-07
1.1 6.8 0.53 3.95e-07 1.85e-07
1.2 6.8 0.53 3.95e-07 1.85e-07
1.3 6.8 0.53 3.87e-07 1.82e-07
1.4 6.8 0.53 3.93e-07 1.77e-07
1.5 6.8 0.529 3.8e-07 1.8e-07
1.6 6.8 0.529 3.85e-07 1.75e-07
1.7 6.8 0.529 3.77e-07 1.72e-07
1.8 6.8 0.528 3.77e-07 1.72e-07
1.9 6.8 0.528 3.7e-07 1.7e-07
2 6.8 0.528 3.7e-07 1.7e-07
2.1 6.8 0.527 3.55e-07 1.65e-07
2.2 6.8 0.526 3.55e-07 1.65e-07
2.3 6.8 0.526 3.48e-07 1.63e-07
2.4 6.8 0.525 3.4e-07 1.6e-07
2.5 6.8 0.524 3.37e-07 1.52e-07
2.6 6.8 0.524 3.3e-07 1.5e-07
2.7 6.8 0.523 3.15e-07 1.45e-07
2.8 6.8 0.522 3.08e-07 1.43e-07
2.9 6.8 0.521 3.03e-07 1.38e-07
3 6.8 0.52 2.9e-07 1.3e-07
3.1 6.8 0.519 2.82e-07 1.27e-07
3.2 6.8 0.518 2.72e-07 1.17e-07
3.3 6.8 0.517 2.58e-07 1.12e-07
3.4 6.8 0.516 2.43e-07 1.08e-07
3.5 6.8 0.515 2.32e-07 9.75e-08
3.6 6.8 0.514 2.25e-07 9.5e-08
3.7 6.8 0.512 2.1e-07 9e-08
3.8 6.8 0.511 2.02e-07 7.75e-08
3.9 6.8 0.51 1.85e-07 7.5e-08
4 6.8 0.508 1.77e-07 7.25e-08
4.1 6.8 0.507 1.63e-07 6.75e-08
4.2 6.8 0.505 1.47e-07 6.25e-08
4.3 6.8 0.504 1.33e-07 4.75e-08
4.4 6.8 0.502 1.22e-07 4.75e-08
4.5 6.8 0.501 1.08e-07 4.25e-08
4.6 6.8 0.499 9.5e-08 3.5e-08
4.7 6.8 0.497 8e-08 3e-08
4.8 6.8 0.496 6.5e-08 2.5e-08
4.9 6.8 0.494 5.25e-08 2.75e-08
5 6.8 0.492 4e-08 3e-08
5.1 6.8 0.49 4.75e-08 9.25e-08
5.2 6.8 0.489 5e-09 1.5e-08
5.3 6.8 0.487 2.5e-09 7.5e-09
5.4 6.8 0.485 1e-08 1e-08
5.5 6.8 0.483 2.5e-08 5.5e-08
5.6 6.8 0.481 2.25e-08 3.75e-08
5.7 6.8 0.479 2.75e-08 5.25e-08
5.8 6.8 0.477 3.75e-08 7.25e-08
5.9 6.8 0.475 3.5e-08 8.5e-08
6 6.8 0.472 3.75e-08 9.25e-08
6.1 6.8 0.47 4.25e-08 1.08e-07
6.2 6.8 0.468 4.5e-08 1.25e-07
6.3 6.8 0.466 5.75e-08 1.43e-07
6.4 6.8 0.464 7e-08 1.6e-07
6.5 6.8 0.461 9e-08 1.8e-07
6.6 6.8 0.459 1.65e-07 2.25e-07
6.7 6.8 0.457 1.44e-06 6.85e-07
6.8 6.8 0.454 4.18e-07 2.72e-07
6.9 6.8 0.452 1.13e-06 1.74e-06
7 6.8 0.45 5.12e-07 6.97e-07
7.1 6.8 0.447 8.2e-07 6e-07
7.2 6.8 0.445 5.2e-07 5.7e-07
7.3 6.8 0.442 4.03e-07 4.58e-07
7.4 6.8 0.44 1.2e-07 2e-07
7.5 6.8 0.437 1.25e-07 2.05e-07
7.6 6.8 0.435 1.22e-07 2.18e-07
7.7 6.8 0.432 1.25e-07 2.25e-07
7.8 6.8 0.429 1.3e-07 2.3e-07
7.9 6.8 0.427 1.33e-07 2.38e-07
8 6.8 0.424 1.3e-07 2.4e-07
8.1 6.8 0.422 1.3e-07 2.5e-07
8.2 6.8 0.419 1.3e-07 2.5e-07
8.3 6.8 0.416 1.25e-07 2.55e-07
8.4 6.8 0.414 1.33e-07 2.58e-07
8.5 6.8 0.411 1.27e-07 2.62e-07
8.6 6.8 0.408 1.27e-07 2.62e-07
8.7 6.8 0.405 1.27e-07 2.62e-07
8.8 6.8 0.403 1.3e-07 2.7e-07
8.9 6.8 0.4 1.3e-07 2.7e-07
9 6.8 0.397 1.25e-07 2.75e-07
9.1 6.8 0.394 1.22e-07 2.67e-07
9.2 6.8 0.392 1.25e-07 2.75e-07
9.3 6.8 0.389 1.17e-07 2.72e-07
9.4 6.8 0.386 1.17e-07 2.72e-07
9.5 6.8 0.383 1.15e-07 2.65e-07
9.6 6.8 0.38 1.15e-07 2.65e-07
9.7 6.8 0.378 1.15e-07 2.65e-07
9.8 6.8 0.375 1.15e-07 2.65e-07
9.9 6.8 0.372 1.12e-07 2.58e-07
10 6.8 0.369 1.05e-07 2.55e-07
10.1 6.8 0.366 1.05e-07 2.55e-07
10.2 6.8 0.363 9.75e-08 2.53e-07
10.3 6.8 0.361 9.5e-08 2.45e-07
10.4 6.8 0.358 9.5e-08 2.45e-07
10.5 6.8 0.355 9.25e-08 2.38e-07
10.6 6.8 0.352 9.25e-08 2.38e-07
10.7 6.8 0.349 9e-08 2.3e-07
10.8 6.8 0.346 8e-08 2.2e-07
10.9 6.8 0.343 8.5e-08 2.15e-07
11 6.8 0.341 7.75e-08 2.13e-07
11.1 6.8 0.338 7.5e-08 2.05e-07
11.2 6.8 0.335 7.25e-08 1.97e-07
11.3 6.8 0.332 6.5e-08 1.95e-07
11.4 6.8 0.329 6.5e-08 1.85e-07
11.5 6.8 0.326 6.5e-08 1.85e-07
11.6 6.8 0.324 5.75e-08 1.72e-07
11.7 6.8 0.321 5.75e-08 1.72e-07
11.8 6.8 0.318 6e-08 1.6e-07
11.9 6.8 0.315 5.25e-08 1.58e-07
12 6.8 0.312 5.25e-08 1.47e-07
12.1 6.8 0.309 5.75e-08 1.43e-07
12.2 6.8 0.307 5.5e-08 1.35e-07
12.3 6.8 0.304 6e-08 1.3e-07
12.4 6.8 0.301 6.5e-08 1.25e-07
12.5 6.8 0.298 1.22e-07 1.38e-07
12.6 6.8 0.295 6.75e-08 8.25e-08
12.7 6.8 0.293 5e-08 9e-08
12.8 6.8 0.29 4.5e-08 8.5e-08
12.9 6.8 0.287 4.25e-08 7.75e-08
13 6.8 0.284 3.75e-08 7.25e-08
13.1 6.8 0.282 3.5e-08 6.5e-08
13.2 6.8 0.279 4e-08 6e-08
13.3 6.8 0.276 4e-08 5e-08
13.4 6.8 0.274 4.75e-08 5.25e-08
13.5 6.8 0.271 9.5e-08 5.5e-08
13.6 6.8 0.268 4e-08 7e-08
13.7 6.8 0.266 2e-08 1e-08
13.8 6.8 0.263 1.5e-08 5e-09
13.9 6.8 0.26 7.5e-09 2.5e-09
14 6.8 0.258 7.5e-09 2.5e-09
14.1 6.8 0.255 1.75e-08 1.25e-08
14.2 6.8 0.252 3.75e-08 1.25e-08
14.3 6.8 0.25 5.75e-08 2.25e-08
14.4 6.8 0.247 2.5e-08 1.5e-08
14.5 6.8 0.245 3.25e-08 1.75e-08
14.6 6.8 0.242 4e-08 2e-08
14.7 6.8 0.24 4e-08 2e-08
14.8 6.8 0.237 4.75e-08 2.25e-08
14.9 6.8 0.235 5.5e-08 2.5e-08
15 6.8 0.232 5.5e-08 2.5e-08
15.1 6.8 0.23 6.25e-08 2.75e-08
15.2 6.8 0.227 7e-08 3e-08
15.3 6.8 0.225 7e-08 3e-08
15.4 6.8 0.222 7.75e-08 3.25e-08
15.5 6.8 0.22 8.5e-08 3.5e-08
15.6 6.8 0.218 9e-08 3e-08
15.7 6.8 0.215 9.25e-08 3.75e-08
15.8 6.8 0.213 9.75e-08 3.25e-08
15.9 6.8 0.211 1e-07 4e-08
16 6.8 0.208 1.05e-07 3.5e-08
16.1 6.8 0.206 1.08e-07 4.25e-08
16.2 6.8 0.204 1.12e-07 3.75e-08
16.3 6.8 0.201 1.17e-07 4.25e-08
16.4 6.8 0.199 1.12e-07 3.75e-08
16.5 6.8 0.197 1.25e-07 4.5e-08
16.6 6.8 0.195 1.25e-07 4.5e-08
16.7 6.8 0.192 1.25e-07 4.5e-08
16.8 6.8 0.19 1.25e-07 4.5e-08
16.9 6.8 0.188 1.33e-07 4.75e-08
17 6.8 0.186 1.38e-07 5.25e-08
17.1 6.8 0.184 1.38e-07 5.25e-08
17.2 6.8 0.182 1.38e-07 5.25e-08
17.3 6.8 0.18 1.43e-07 5.75e-08
17.4 6.8 0.177 1.55e-07 6.5e-08
17.5 6.8 0.175 1.55e-07 6.5e-08
17.6 6.8 0.173 1.68e-07 8.25e-08
17.7 6.8 0.171 1.77e-07 9.25e-08
17.8 6.8 0.169 2e-07 1.2e-07
17.9 6.8 0.167 2.67e-07 2.22e-07
18 6.8 0.165 2.02e-06 1.5e-06
18.1 6.8 0.163 1.9e-07 2.1e-07
18.2 6.8 0.161 5.75e-08 1.22e-07
18.3 6.8 0.159 3.3e-07 1.2e-07
18.4 6.8 0.158 5.22e-07 2.58e-07
18.5 6.8 0.156 4.85e-07 2.45e-07
18.6 6.8 0.154 3.87e-07 2.82e-07
18.7 6.8 0.152 3.48e-07 2.62e-07
18.8 6.8 0.15 3.1e-07 2.4e-07
18.9 6.8 0.148 2.72e-07 2.18e-07
19 6.8 0.146 2.38e-07 2.02e-07
19.1 6.8 0.145 1.2e-07 6e-08
19.2 6.8 0.143 1.17e-07 5.25e-08
19.3 6.8 0.141 1.2e-07 6e-08
19.4 6.8 0.139 1.17e-07 5.25e-08
19.5 6.8 0.138 1.17e-07 5.25e-08
19.6 6.8 0.136 1.15e-07 4.5e-08
19.7 6.8 0.134 1.17e-07 5.25e-08
19.8 6.8 0.133 1.17e-07 5.25e-08
19.9 6.8 0.131 1.15e-07 4.5e-08
20 6.8 0.129 1.12e-07 4.75e-08
20.1 6.8 0.128 1.08e-07 4.25e-08
20.2 6.8 0.126 1.12e-07 4.75e-08
20.3 6.8 0.125 1.08e-07 4.25e-08
20.4 6.8 0.123 1.08e-07 4.25e-08
20.5 6.8 0.122 1.05e-07 3.5e-08
20.6 6.8 0.12 1.05e-07 3.5e-08
20.7 6.8 0.118 1.08e-07 4.25e-08
20.8 6.8 0.117 1e-07 4e-08
20.9 6.8 0.115 1.05e-07 3.5e-08
21 6.8 0.114 1.05e-07 3.5e-08
21.1 6.8 0.113 1e-07 4e-08
21.2 6.8 0.111 9.75e-08 3.25e-08
21.3 6.8 0.11 9.25e-08 3.75e-08
21.4 6.8 0.108 9e-08 3e-08
21.5 6.8 0.107 9e-08 3e-08
21.6 6.8 0.106 9e-08 3e-08
21.7 6.8 0.104 9e-08 3e-08
21.8 6.8 0.103 8.75e-08 3.25e-08
21.9 6.8 0.101 8.25e-08 2.75e-08
22 6.8 0.1 8.75e-08 3.25e-08
22.1 6.8 0.0989 8.2e-08 2.8e-08
22.2 6.8 0.0976 8e-08 2.7e-08
22.3 6.8 0.0963 7.85e-08 2.65e-08
22.4 6.8 0.0951 7.72e-08 2.57e-08
22.5 6.8 0.0938 7.48e-08 2.53e-08
22.6 6.8 0.0926 7.3e-08 2.5e-08
22.7 6.8 0.0914 7.15e-08 2.45e-08
22.8 6.8 0.0902 6.97e-08 2.32e-08
22.9 6.8 0.089 6.8e-08 2.3e-08
23 6.8 0.0878 6.65e-08 2.25e-08
23.1 6.8 0.0867 6.42e-08 2.17e-08
23.2 6.8 0.0855 6.23e-08 2.17e-08
23.3 6.8 0.0844 6.07e-08 2.12e-08
23.4 6.8 0.0833 5.95e-08 2.05e-08
23.5 6.8 0.0822 5.72e-08 1.98e-08
23.6 6.8 0.0811 5.62e-08 1.98e-08
23.7 6.8 0.08 5.42e-08 1.87e-08
23.8 6.8 0.0789 5.32e-08 1.87e-08
23.9 6.8 0.0779 5.12e-08 1.78e-08
24 6.8 0.0768 4.97e-08 1.72e-08
24.1 6.8 0.0758 4.78e-08 1.72e-08
24.2 6.8 0.0748 4.65e-08 1.65e-08
24.3 6.8 0.0738 4.52e-08 1.57e-08
24.4 6.8 0.0728 4.3e-08 1.5e-08
24.5 6.8 0.0718 4.2e-08 1.5e-08
24.6 6.8 0.0709 4.05e-08 1.45e-08
24.7 6.8 0.0699 3.9e-08 1.4e-08
24.8 6.8 0.069 3.72e-08 1.38e-08
24.9 6.8 0.068 3.62e-08 1.28e-08
25 6.8 0.0671 3.47e-08 1.23e-08
25.1 6.8 0.0662 3.35e-08 1.25e-08
25.2 6.8 0.0653 3.2e-08 1.2e-08
25.3 6.8 0.0644 3.05e-08 1.15e-08
25.4 6.8 0.0635 2.9e-08 1.1e-08
25.5 6.8 0.0627 2.78e-08 1.03e-08
25.6 6.8 0.0618 2.68e-08 1.03e-08
25.7 6.8 0.061 2.55e-08 9.5e-09
25.8 6.8 0.0602 2.45e-08 9.5e-09
25.9 6.8 0.0593 2.32e-08 8.75e-09
26 6.8 0.0585 2.25e-08 8.5e-09
26.1 6.8 0.0577 2.15e-08 8.5e-09
26.2 6.8 0.0569 1.95e-08 7.5e-09
26.3 6.8 0.0562 1.87e-08 7.25e-09
26.4 6.8 0.0554 1.8e-08 7e-09
26.5 6.8 0.0546 1.7e-08 7e-09
26.6 6.8 0.0539 1.62e-08 6.75e-09
26.7 6.8 0.0531 1.47e-08 6.25e-09
26.8 6.8 0.0524 1.35e-08 5.5e-09
26.9 6.8 0.0517 1.28e-08 5.25e-09
27 6.8 0.051 1.17e-08 5.25e-09
27.1 6.8 0.0503 1.12e-08 4.75e-09
27.2 6.8 0.0496 1.03e-08 4.75e-09
27.3 6.8 0.0489 9.5e-09 4.5e-09
27.4 6.8 0.0482 8.25e-09 4.75e-09
27.5 6.8 0.0476 7.5e-09 4.5e-09
27.6 6.8 0.0469 6.75e-09 4.25e-09
27.7 6.8 0.0462 6.25e-09 4.75e-09
27.8 6.8 0.0456 6.25e-09 4.75e-09
27.9 6.8 0.045 5.5e-09 6.5e-09
28 6.8 0.0443 8e-09 1.4e-08
28.1 6.8 0.0437 8.5e-09 5.5e-09
28.2 6.8 0.0431 2e-09 3e-09
28.3 6.8 0.0425 7.5e-10 2.25e-09
28.4 6.8 0.0419 5e-10 1.5e-09
28.5 6.8 0.0413 7.5e-10 1.25e-09
28.6 6.8 0.0408 5e-10 5e-10
28.7 6.8 0.0402 5e-10 5e-10
28.8 6.8 0.0396 1e-09 1e-09
28.9 6.8 0.0391 1e-09 1e-09
29 6.8 0.0385 1.5e-09 5e-10
29.1 6.8 0.038 1e-09 1e-09
29.2 6.8 0.0375 1.5e-09 1.5e-09
29.3 6.8 0.0369 2.25e-09 2.75e-09
29.4 6.8 0.0364 2.5e-09 3.5e-09
29.5 6.8 0.0359 3.5e-09 4.5e-09
29.6 6.8 0.0354 3.75e-09 5.25e-09
29.7 6.8 0.0349 3.25e-09 6.75e-09
29.8 6.8 0.0344 3.75e-09 8.25e-09
29.9 6.8 0.0339 4.75e-09 9.25e-09
30 6.8 0.0335 5.25e-09 1.08e-08
30.1 6.8 0.033 5.5e-09 1.15e-08
30.2 6.8 0.0325 5.5e-09 1.25e-08
30.3 6.8 0.0321 5.75e-09 1.32e-08
30.4 6.8 0.0316 6e-09 1.4e-08
30.5 6.8 0.0312 7e-09 1.5e-08
30.6 6.8 0.0307 6.75e-09 1.53e-08
30.7 6.8 0.0303 7.75e-09 1.62e-08
30.8 6.8 0.0299 7.75e-09 1.72e-08
30.9 6.8 0.0294 3.75e-09 9.25e-09
31 6.8 0.029 3.5e-09 9.5e-09
31.1 6.8 0.0286 3.75e-09 9.25e-09
31.2 6.8 0.0282 3.5e-09 9.5e-09
31.3 6.8 0.0278 4e-09 1e-08
31.4 6.8 0.0274 4e-09 1e-08
31.5 6.8 0.027 4.25e-09 1.08e-08
31.6 6.8 0.0267 3.5e-09 1.05e-08
31.7 6.8 0.0263 4.25e-09 1.08e-08
31.8 6.8 0.0259 4.25e-09 1.08e-08
31.9 6.8 0.0255 4e-09 1.1e-08
32 6.8 0.0252 4.25e-09 1.08e-08
32.1 6.8 0.0248 3.75e-09 1.12e-08
32.2 6.8 0.0245 4.25e-09 1.08e-08
32.3 6.8 0.0241 3.75e-09 1.12e-08
32.4 6.8 0.0238 4.5e-09 1.15e-08
32.5 6.8 0.0234 4.5e-09 1.15e-08
32.6 6.8 0.0231 4.5e-09 1.15e-08
32.7 6.8 0.0228 4e-09 1.2e-08
32.8 6.8 0.0224 4.5e-09 1.15e-08
32.9 6.8 0.0221 3.75e-09 1.12e-08
33 6.8 0.0218 4e-09 1.2e-08
33.1 6.8 0.0215 4e-09 1.2e-08
33.2 6.8 0.0212 4e-09 1.2e-08
33.3 6.8 0.0209 4e-09 1.2e-08
33.4 6.8 0.0206 4.75e-09 1.23e-08
33.5 6.8 0.0203 4e-09 1.2e-08
33.6 6.8 0.02 4e-09 1.2e-08
33.7 6.8 0.0197 4e-09 1.2e-08
33.8 6.8 0.0194 4e-09 1.2e-08
33.9 6.8 0.0192 4e-09 1.2e-08
34 6.8 0.0189 4e-09 1.2e-08
34.1 6.8 0.0186 4e-09 1.2e-08
34.2 6.8 0.0184 4e-09 1.2e-08
34.3 6.8 0.0181 4e-09 1.2e-08
34.4 6.8 0.0178 4e-09 1.2e-08
34.5 6.8 0.0176 4e-09 1.2e-08
34.6 6.8 0.0173 4e-09 1.2e-08
34.7 6.8 0.0171 4e-09 1.2e-08
34.8 6.8 0.0168 4e-09 1.2e-08
34.9 6.8 0.0166 4e-09 1.2e-08
35 6.8 0.0164 4e-09 1.2e-08
35.1 6.8 0.0161 4.25e-09 1.17e-08
35.2 6.8 0.0159 4e-09 1.2e-08
35.3 6.8 0.0157 4e-09 1.2e-08
35.4 6.8 0.0154 4e-09 1.2e-08
35.5 6.8 0.0152 4e-09 1.2e-08
35.6 6.8 0.015 4e-09 1.2e-08
35.7 6.8 0.0148 4e-09 1.2e-08
35.8 6.8 0.0146 3.75e-09 1.12e-08
35.9 6.8 0.0144 3.75e-09 1.12e-08
36 6.8 0.0142 3.75e-09 1.12e-08
36.1 6.8 0.0139 3.75e-09 1.12e-08
36.2 6.8 0.0137 4.5e-09 1.15e-08
36.3 6.8 0.0136 3.75e-09 1.12e-08
36.4 6.8 0.0134 3.75e-09 1.12e-08
36.5 6.8 0.0132 3.75e-09 1.12e-08
36.6 6.8 0.013 3.75e-09 1.12e-08
36.7 6.8 0.0128 3.75e-09 1.12e-08
36.8 6.8 0.0126 3.75e-09 1.12e-08
36.9 6.8 0.0124 3.5e-09 1.05e-08
37 6.8 0.0122 3.75e-09 1.12e-08
37.1 6.8 0.0121 3.5e-09 1.05e-08
37.2 6.8 0.0119 3.5e-09 1.05e-08
37.3 6.8 0.0117 4e-09 1e-08
37.4 6.8 0.0116 3.5e-09 1.05e-08
37.5 6.8 0.0114 3.75e-09 1.03e-08
37.6 6.8 0.0112 3.5e-09 1.05e-08
37.7 6.8 0.0111 3.5e-09 1.05e-08
37.8 6.8 0.0109 3.5e-09 1.05e-08
37.9 6.8 0.0107 3.25e-09 9.75e-09
38 6.8 0.0106 3.5e-09 1.05e-08
38.1 6.8 0.0104 3.25e-09 9.75e-09
38.2 6.8 0.0103 3.25e-09 9.75e-09
38.3 6.8 0.0101 3.25e-09 9.75e-09
38.4 6.8 0.00999 3.3e-09 9.6e-09
38.5 6.8 0.00985 3.25e-09 9.55e-09
38.6 6.8 0.0097 3.25e-09 9.45e-09
38.7 6.8 0.00956 3.2e-09 9.4e-09
38.8 6.8 0.00942 3.17e-09 9.33e-09
38.9 6.8 0.00929 3.15e-09 9.25e-09
39 6.8 0.00915 3.07e-09 9.13e-09
39.1 6.8 0.00902 3.12e-09 9.08e-09
39.2 6.8 0.00889 3.05e-09 8.95e-09
39.3 6.8 0.00876 3.03e-09 8.88e-09
39.4 6.8 0.00864 3e-09 8.8e-09
39.5 6.8 0.00851 3e-09 8.7e-09
39.6 6.8 0.00839 2.9e-09 8.6e-09
39.7 6.8 0.00827 2.95e-09 8.55e-09
39.8 6.8 0.00815 2.85e-09 8.45e-09
39.9 6.8 0.00803 2.85e-09 8.35e-09
40 6.8 0.00791 2.83e-09 8.27e-09
40.1 6.8 0.0078 2.83e-09 8.18e-09
40.2 6.8 0.00769 2.72e-09 8.07e-09
40.3 6.8 0.00757 2.72e-09 7.98e-09
40.4 6.8 0.00746 2.67e-09 7.92e-09
40.5 6.8 0.00736 2.67e-09 7.83e-09
40.6 6.8 0.00725 2.65e-09 7.75e-09
40.7 6.8 0.00715 2.65e-09 7.65e-09
40.8 6.8 0.00704 2.62e-09 7.58e-09
40.9 6.8 0.00694 2.52e-09 7.48e-09
41 6.8 0.00684 2.57e-09 7.43e-09
41.1 6.8 0.00674 2.55e-09 7.35e-09
41.2 6.8 0.00664 2.47e-09 7.23e-09
41.3 6.8 0.00655 2.47e-09 7.23e-09
41.4 6.8 0.00645 2.42e-09 7.07e-09
41.5 6.8 0.00636 2.4e-09 7e-09
41.6 6.8 0.00627 2.35e-09 6.95e-09
41.7 6.8 0.00617 2.33e-09 6.88e-09
41.8 6.8 0.00609 2.33e-09 6.78e-09
41.9 6.8 0.006 2.33e-09 6.68e-09
42 6.8 0.00591 2.28e-09 6.62e-09
42.1 6.8 0.00582 2.23e-09 6.58e-09
42.2 6.8 0.00574 2.23e-09 6.48e-09
42.3 6.8 0.00566 2.23e-09 6.38e-09
42.4 6.8 0.00557 2.15e-09 6.35e-09
42.5 6.8 0.00549 2.18e-09 6.23e-09
42.6 6.8 0.00541 2.18e-09 6.23e-09
42.7 6.8 0.00534 2.07e-09 6.13e-09
42.8 6.8 0.00526 2.1e-09 6e-09
42.9 6.8 0.00518 2.07e-09 5.93e-09
43 6.8 0.00511 2.05e-09 5.85e-09
43.1 6.8 0.00503 2e-09 5.8e-09
43.2 6.8 0.00496 2.05e-09 5.75e-09
43.3 6.8 0.00489 2.1e-09 5.6e-09
43.4 6.8 0.00482 2.18e-09 5.32e-09
43.5 6.8 0.00475 2.9e-09 5.9e-09
43.6 6.8 0.00468 2.23e-09 5.58e-09
43.7 6.8 0.00461 2.07e-09 5.52e-09
43.8 6.8 0.00454 1.97e-09 5.42e-09
43.9 6.8 0.00448 1.9e-09 5.3e-09
44 6.8 0.00441 1.85e-09 5.25e-09
44.1 6.8 0.00435 1.83e-09 5.18e-09
44.2 6.8 0.00428 1.77e-09 5.13e-09
44.3 6.8 0.00422 1.75e-09 5.05e-09
44.4 6.8 0.00416 1.72e-09 4.97e-09
44.5 6.8 0.0041 1.7e-09 4.9e-09
44.6 6.8 0.00404 1.67e-09 4.83e-09
44.7 6.8 0.00398 1.63e-09 4.77e-09
44.8 6.8 0.00392 1.6e-09 4.7e-09
44.9 6.8 0.00387 1.6e-09 4.7e-09
45 6.8 0.00381 1.6e-09 4.6e-09
45.1 6.8 0.00376 1.63e-09 4.57e-09
45.2 6.8 0.0037 1.53e-09 4.48e-09
45.3 6.8 0.00365 1.5e-09 4.4e-09
45.4 6.8 0.00359 1.53e-09 4.38e-09
45.5 6.8 0.00354 1.53e-09 4.38e-09
45.6 6.8 0.00349 1.5e-09 4.3e-09
45.7 6.8 0.00344 1.45e-09 4.25e-09
45.8 6.8 0.00339 1.42e-09 4.18e-09
45.9 6.8 0.00334 1.4e-09 4.1e-09
46 6.8 0.00329 1.45e-09 4.05e-09
46.1 6.8 0.00324 1.37e-09 4.02e-09
46.2 6.8 0.0032 1.35e-09 3.95e-09
46.3 6.8 0.00315 1.37e-09 3.93e-09
46.4 6.8 0.0031 1.33e-09 3.87e-09
46.5 6.8 0.00306 1.37e-09 3.83e-09
46.6 6.8 0.00301 1.3e-09 3.8e-09
46.7 6.8 0.00297 1.3e-09 3.7e-09
46.8 6.8 0.00293 1.25e-09 3.65e-09
46.9 6.8 0.00288 1.28e-09 3.63e-09
47 6.8 0.00284 1.23e-09 3.58e-09
47.1 6.8 0.0028 1.2e-09 3.5e-09
47.2 6.8 0.00276 1.17e-09 3.43e-09
47.3 6.8 0.00272 1.17e-09 3.43e-09
47.4 6.8 0.00268 1.15e-09 3.35e-09
47.5 6.8 0.00264 1.15e-09 3.35e-09
47.6 6.8 0.0026 1.12e-09 3.27e-09
47.7 6.8 0.00257 1.1e-09 3.2e-09
47.8 6.8 0.00253 1.1e-09 3.2e-09
47.9 6.8 0.00249 1.1e-09 3.2e-09
48 6.8 0.00245 1.07e-09 3.12e-09
48.1 6.8 0.00242 1.05e-09 3.05e-09
48.2 6.8 0.00238 1.03e-09 2.98e-09
48.3 6.8 0.00235 1.05e-09 3.05e-09
48.4 6.8 0.00231 1e-09 2.9e-09
48.5 6.8 0.00228 1e-09 2.9e-09
48.6 6.8 0.00225 1e-09 2.9e-09
48.7 6.8 0.00222 9.75e-10 2.83e-09
48.8 6.8 0.00218 9.75e-10 2.83e-09
48.9 6.8 0.00215 9.75e-10 2.83e-09
49 6.8 0.00212 9.5e-10 2.75e-09
49.1 6.8 0.00209 9.25e-10 2.67e-09
49.2 6.8 0.00206 9.5e-10 2.65e-09
49.3 6.8 0.00203 9.5e-10 2.65e-09
49.4 6.8 0.002 9.25e-10 2.57e-09
49.5 6.8 0.00197 9.25e-10 2.57e-09
49.6 6.8 0.00194 8.5e-10 2.45e-09
49.7 6.8 0.00191 8.5e-10 2.45e-09
49.8 6.8 0.00189 8.25e-10 2.38e-09
49.9 6.8 0.00186 8.5e-10 2.45e-09
50 6.8 0.00183 8.25e-10 2.38e-09
50.1 6.8 0.0018 8e-10 2.3e-09
50.2 6.8 0.00178 8e-10 2.3e-09
50.3 6.8 0.00175 7.75e-10 2.23e-09
50.4 6.8 0.00173 7.5e-10 2.25e-09
50.5 6.8 0.0017 7.75e-10 2.23e-09
50.6 6.8 0.00168 7.5e-10 2.15e-09
50.7 6.8 0.00165 7.5e-10 2.15e-09
50.8 6.8 0.00163 7.75e-10 2.13e-09
50.9 6.8 0.0016 7.25e-10 2.07e-09
51 6.8 0.00158 7.25e-10 2.07e-09
51.1 6.8 0.00156 6.75e-10 2.02e-09
51.2 6.8 0.00153 7e-10 2e-09
51.3 6.8 0.00151 7.25e-10 1.97e-09
51.4 6.8 0.00149 6.5e-10 1.95e-09
51.5 6.8 0.00147 6.75e-10 1.92e-09
51.6 6.8 0.00145 6.75e-10 1.92e-09
51.7 6.8 0.00143 6.5e-10 1.85e-09
51.8 6.8 0.00141 6.5e-10 1.85e-09
51.9 6.8 0.00138 6.5e-10 1.85e-09
52 6.8 0.00136 6e-10 1.8e-09
52.1 6.8 0.00134 5.75e-10 1.72e-09
52.2 6.8 0.00133 6e-10 1.7e-09
52.3 6.8 0.00131 6.25e-10 1.77e-09
52.4 6.8 0.00129 5.5e-10 1.65e-09
52.5 6.8 0.00127 6e-10 1.7e-09
52.6 6.8 0.00125 5.5e-10 1.65e-09
52.7 6.8 0.00123 5.25e-10 1.58e-09
52.8 6.8 0.00121 5.25e-10 1.58e-09
52.9 6.8 0.0012 5.5e-10 1.55e-09
53 6.8 0.00118 5.5e-10 1.55e-09
53.1 6.8 0.00116 5e-10 1.5e-09
53.2 6.8 0.00114 5e-10 1.5e-09
53.3 6.8 0.00113 5e-10 1.5e-09
53.4 6.8 0.00111 4.75e-10 1.42e-09
53.5 6.8 0.00109 5.25e-10 1.47e-09
53.6 6.8 0.00108 4.75e-10 1.42e-09
53.7 6.8 0.00106 4.75e-10 1.42e-09
53.8 6.8 0.00105 4.5e-10 1.35e-09
53.9 6.8 0.00103 4.5e-10 1.35e-09
54 6.8 0.00102 5e-10 1.4e-09
54.1 6.8 0.001 4.5e-10 1.35e-09
54.2 6.8 0.000988 4.58e-10 1.31e-09
54.3 6.8 0.000974 4.48e-10 1.29e-09
54.4 6.8 0.000959 4.43e-10 1.28e-09
54.5 6.8 0.000945 4.33e-10 1.26e-09
54.6 6.8 0.000932 4.3e-10 1.24e-09
54.7 6.8 0.000918 4.25e-10 1.23e-09
54.8 6.8 0.000905 4.15e-10 1.21e-09
54.9 6.8 0.000891 4.1e-10 1.19e-09
55 6.8 0.000878 4.07e-10 1.17e-09
55.1 6.8 0.000866 3.98e-10 1.15e-09
55.2 6.8 0.000853 3.92e-10 1.14e-09
55.3 6.8 0.000841 3.88e-10 1.12e-09
55.4 6.8 0.000828 3.83e-10 1.11e-09
55.5 6.8 0.000816 3.77e-10 1.09e-09
55.6 6.8 0.000804 3.73e-10 1.08e-09
55.7 6.8 0.000793 3.68e-10 1.06e-09
55.8 6.8 0.000781 3.62e-10 1.05e-09
55.9 6.8 0.00077 3.58e-10 1.03e-09
56 6.8 0.000758 3.47e-10 1.01e-09
56.1 6.8 0.000747 3.47e-10 1e-09
56.2 6.8 0.000736 3.38e-10 9.83e-10
56.3 6.8 0.000726 3.35e-10 9.75e-10
56.4 6.8 0.000715 3.32e-10 9.58e-10
56.5 6.8 0.000705 3.25e-10 9.45e-10
56.6 6.8 0.000694 3.25e-10 9.35e-10
56.7 6.8 0.000684 3.15e-10 9.15e-10
56.8 6.8 0.000674 3.13e-10 9.08e-10
56.9 6.8 0.000664 3.1e-10 8.9e-10
57 6.8 0.000655 3.08e-10 8.83e-10
57.1 6.8 0.000645 3e-10 8.7e-10
57.2 6.8 0.000636 2.98e-10 8.53e-10
57.3 6.8 0.000627 2.9e-10 8.4e-10
57.4 6.8 0.000617 2.87e-10 8.32e-10
57.5 6.8 0.000608 2.85e-10 8.25e-10
57.6 6.8 0.000599 2.8e-10 8.1e-10
57.7 6.8 0.000591 2.75e-10 7.95e-10
57.8 6.8 0.000582 2.72e-10 7.88e-10
57.9 6.8 0.000574 2.65e-10 7.75e-10
58 6.8 0.000565 2.6e-10 7.6e-10
58.1 6.8 0.000557 2.57e-10 7.53e-10
58.2 6.8 0.000549 2.57e-10 7.42e-10
58.3 6.8 0.000541 2.5e-10 7.3e-10
58.4 6.8 0.000533 2.45e-10 7.15e-10
58.5 6.8 0.000525 2.42e-10 7.07e-10
58.6 6.8 0.000518 2.42e-10 6.98e-10
58.7 6.8 0.00051 2.42e-10 6.87e-10
58.8 6.8 0.000503 2.32e-10 6.77e-10
58.9 6.8 0.000495 2.3e-10 6.7e-10
59 6.8 0.000488 2.25e-10 6.55e-10
59.1 6.8 0.000481 2.23e-10 6.47e-10
59.2 6.8 0.000474 2.2e-10 6.4e-10
59.3 6.8 0.000467 2.17e-10 6.33e-10
59.4 6.8 0.00046 2.17e-10 6.22e-10
59.5 6.8 0.000453 2.1e-10 6.1e-10
59.6 6.8 0.000447 2.1e-10 6.1e-10
59.7 6.8 0.00044 2.05e-10 5.95e-10
59.8 6.8 0.000434 2.02e-10 5.87e-10
59.9 6.8 0.000428 2e-10 5.8e-10
60 6.8 0.000421 1.97e-10 5.73e-10
60.1 6.8 0.000415 1.95e-10 5.65e-10
60.2 6.8 0.000409 1.93e-10 5.57e-10
60.3 6.8 0.000403 1.9e-10 5.5e-10
60.4 6.8 0.000397 1.85e-10 5.35e-10
60.5 6.8 0.000391 1.82e-10 5.27e-10
60.6 6.8 0.000386 1.82e-10 5.27e-10
60.7 6.8 0.00038 1.78e-10 5.13e-10
60.8 6.8 0.000375 1.75e-10 5.05e-10
60.9 6.8 0.000369 1.75e-10 5.05e-10
61 6.8 0.000364 1.67e-10 4.93e-10
61.1 6.8 0.000358 1.65e-10 4.85e-10
61.2 6.8 0.000353 1.65e-10 4.75e-10
61.3 6.8 0.000348 1.65e-10 4.75e-10
61.4 6.8 0.000343 1.63e-10 4.67e-10
61.5 6.8 0.000338 1.6e-10 4.6e-10
61.6 6.8 0.000333 1.57e-10 4.52e-10
61.7 6.8 0.000328 1.55e-10 4.45e-10
61.8 6.8 0.000323 1.52e-10 4.37e-10
61.9 6.8 0.000319 1.52e-10 4.37e-10
62 6.8 0.000314 1.5e-10 4.3e-10
62.1 6.8 0.000309 1.48e-10 4.22e-10
62.2 6.8 0.000305 1.45e-10 4.15e-10
62.3 6.8 0.0003 1.37e-10 4.03e-10
62.4 6.8 0.000296 1.37e-10 4.03e-10
62.5 6.8 0.000292 1.35e-10 3.95e-10
62.6 6.8 0.000287 1.35e-10 3.95e-10
62.7 6.8 0.000283 1.33e-10 3.88e-10
62.8 6.8 0.000279 1.33e-10 3.77e-10
62.9 6.8 0.000275 1.33e-10 3.77e-10
63 6.8 0.000271 1.27e-10 3.73e-10
63.1 6.8 0.000267 1.25e-10 3.65e-10
63.2 6.8 0.000263 1.27e-10 3.62e-10
63.3 6.8 0.000259 1.2e-10 3.5e-10
63.4 6.8 0.000256 1.2e-10 3.5e-10
63.5 6.8 0.000252 1.18e-10 3.43e-10
63.6 6.8 0.000248 1.18e-10 3.43e-10
63.7 6.8 0.000245 1.15e-10 3.35e-10
63.8 6.8 0.000241 1.12e-10 3.28e-10
63.9 6.8 0.000237 1.1e-10 3.2e-10
64 6.8 0.000234 1.1e-10 3.2e-10
64.1 6.8 0.000231 1.08e-10 3.13e-10
64.2 6.8 0.000227 1.08e-10 3.13e-10
64.3 6.8 0.000224 1.05e-10 3.05e-10
64.4 6.8 0.000221 1.02e-10 2.98e-10
64.5 6.8 0.000217 1.02e-10 2.98e-10
64.6 6.8 0.000214 1.02e-10 2.98e-10
87.6 6.8 7.28e-06 3.43e-12 9.97e-12
87.7 6.8 7.17e-06 3.38e-12 9.83e-12
87.8 6.8 7.07e-06 3.38e-12 9.73e-12
87.9 6.8 6.96e-06 3.33e-12 9.57e-12
88 6.8 6.86e-06 3.25e-12 9.45e-12
88.1 6.8 6.76e-06 3.18e-12 9.23e-12
88.2 6.8 6.66e-06 3.18e-12 9.13e-12
88.3 6.8 6.57e-06 3.13e-12 8.98e-12
88.4 6.8 6.47e-06 3.08e-12 8.92e-12
88.5 6.8 6.38e-06 3.03e-12 8.78e-12
88.6 6.8 6.28e-06 2.98e-12 8.62e-12
88.7 6.8 6.19e-06 2.95e-12 8.55e-12
88.8 6.8 6.1e-06 2.9e-12 8.4e-12
88.9 6.8 6.01e-06 2.85e-12 8.25e-12
89 6.8 5.92e-06 2.83e-12 8.18e-12
89.1 6.8 5.84e-06 2.78e-12 8.02e-12
89.2 6.8 5.75e-06 2.75e-12 7.95e-12
89.3 6.8 5.67e-06 2.7e-12 7.8e-12
89.4 6.8 5.59e-06 2.65e-12 7.65e-12
89.5 6.8 5.5e-06 2.62e-12 7.58e-12
89.6 6.8 5.42e-06 2.55e-12 7.45e-12
89.7 6.8 5.34e-06 2.55e-12 7.35e-12
89.8 6.8 5.27e-06 2.5e-12 7.2e-12
89.9 6.8 5.19e-06 2.47e-12 7.12e-12
90 6.8 5.11e-06 2.45e-12 7.05e-12
90.1 6.8 5.04e-06 2.4e-12 6.9e-12
90.2 6.8 4.97e-06 2.37e-12 6.82e-12
90.3 6.8 4.89e-06 2.3e-12 6.7e-12
90.4 6.8 4.82e-06 2.3e-12 6.6e-12
90.5 6.8 4.75e-06 2.25e-12 6.55e-12
90.6 6.8 4.68e-06 2.22e-12 6.47e-12
90.7 6.8 4.61e-06 2.2e-12 6.3e-12
90.8 6.8 4.55e-06 2.15e-12 6.25e-12
90.9 6.8 4.48e-06 2.1e-12 6.1e-12
91 6.8 4.41e-06 2.1e-12 6.1e-12
91.1 6.8 4.35e-06 2.1e-12 6e-12
91.2 6.8 4.29e-06 2.05e-12 5.85e-12
91.3 6.8 4.22e-06 2e-12 5.8e-12
91.4 6.8 4.16e-06 1.97e-12 5.72e-12
91.5 6.8 4.1e-06 1.95e-12 5.65e-12
91.6 6.8 4.04e-06 1.92e-12 5.57e-12
91.7 6.8 3.98e-06 1.9e-12 5.5e-12
91.8 6.8 3.92e-06 1.87e-12 5.43e-12
91.9 6.8 3.87e-06 1.82e-12 5.28e-12
92 6.8 3.81e-06 1.82e-12 5.28e-12
92.1 6.8 3.76e-06 1.78e-12 5.13e-12
92.2 6.8 3.7e-06 1.78e-12 5.13e-12
92.3 6.8 3.65e-06 1.7e-12 5e-12
92.4 6.8 3.59e-06 1.7e-12 4.9e-12
92.5 6.8 3.54e-06 1.68e-12 4.83e-12
92.6 6.8 3.49e-06 1.63e-12 4.78e-12
92.7 6.8 3.44e-06 1.65e-12 4.75e-12
92.8 6.8 3.39e-06 1.58e-12 4.63e-12
92.9 6.8 3.34e-06 1.55e-12 4.55e-12
93 6.8 3.29e-06 1.55e-12 4.55e-12
93.1 6.8 3.24e-06 1.55e-12 4.45e-12
93.2 6.8 3.19e-06 1.5e-12 4.4e-12
93.3 6.8 3.15e-06 1.48e-12 4.33e-12
93.4 6.8 3.1e-06 1.45e-12 4.25e-12
93.5 6.8 3.06e-06 1.43e-12 4.18e-12
93.6 6.8 3.01e-06 1.4e-12 4.1e-12
93.7 6.8 2.97e-06 1.43e-12 4.08e-12
93.8 6.8 2.92e-06 1.4e-12 4e-12
93.9 6.8 2.88e-06 1.4e-12 4e-12
94 6.8 2.84e-06 1.32e-12 3.88e-12
94.1 6.8 2.8e-06 1.35e-12 3.85e-12
94.2 6.8 2.76e-06 1.3e-12 3.8e-12
94.3 6.8 2.72e-06 1.32e-12 3.78e-12
94.4 6.8 2.68e-06 1.25e-12 3.65e-12
94.5 6.8 2.64e-06 1.22e-12 3.58e-12
94.6 6.8 2.6e-06 1.27e-12 3.63e-12
94.7 6.8 2.56e-06 1.25e-12 3.55e-12
94.8 6.8 2.52e-06 1.2e-12 3.5e-12
94.9 6.8 2.49e-06 1.17e-12 3.43e-12
95 6.8 2.45e-06 1.15e-12 3.35e-12
95.1 6.8 2.42e-06 1.12e-12 3.28e-12
95.2 6.8 2.38e-06 1.12e-12 3.28e-12
95.3 6.8 2.35e-06 1.1e-12 3.2e-12
95.4 6.8 2.31e-06 1.07e-12 3.13e-12
95.5 6.8 2.28e-06 1.07e-12 3.13e-12
95.6 6.8 2.24e-06 1.05e-12 3.05e-12
95.7 6.8 2.21e-06 1.05e-12 3.05e-12
95.8 6.8 2.18e-06 1.07e-12 3.03e-12
95.9 6.8 2.15e-06 1.02e-12 2.98e-12
96 6.8 2.12e-06 1e-12 2.9e-12
96.1 6.8 2.09e-06 9.75e-13 2.83e-12
96.2 6.8 2.05e-06 9.75e-13 2.83e-12
96.3 6.8 2.02e-06 9.5e-13 2.75e-12
96.4 6.8 2e-06 9.5e-13 2.75e-12
96.5 6.8 1.97e-06 9.25e-13 2.67e-12
96.6 6.8 1.94e-06 9.25e-13 2.67e-12
96.7 6.8 1.91e-06 9e-13 2.6e-12
96.8 6.8 1.88e-06 9e-13 2.6e-12
96.9 6.8 1.85e-06 9e-13 2.6e-12
97 6.8 1.83e-06 8.75e-13 2.52e-12
97.1 6.8 1.8e-06 8.5e-13 2.45e-12
97.2 6.8 1.77e-06 8.5e-13 2.45e-12
97.3 6.8 1.75e-06 8.5e-13 2.45e-12
97.4 6.8 1.72e-06 8.25e-13 2.37e-12
97.5 6.8 1.7e-06 7.75e-13 2.32e-12
97.6 6.8 1.67e-06 8e-13 2.3e-12
97.7 6.8 1.65e-06 7.75e-13 2.22e-12
97.8 6.8 1.62e-06 7.75e-13 2.22e-12
97.9 6.8 1.6e-06 7.75e-13 2.22e-12
98 6.8 1.58e-06 7.5e-13 2.15e-12
98.1 6.8 1.55e-06 7.5e-13 2.15e-12
98.2 6.8 1.53e-06 7.5e-13 2.15e-12
98.3 6.8 1.51e-06 7.25e-13 2.07e-12
98.4 6.8 1.49e-06 7.25e-13 2.07e-12
98.5 6.8 1.47e-06 7e-13 2e-12
98.6 6.8 1.44e-06 6.75e-13 1.92e-12
98.7 6.8 1.42e-06 6.75e-13 1.92e-12
98.8 6.8 1.4e-06 6.75e-13 1.92e-12
98.9 6.8 1.38e-06 6.25e-13 1.87e-12
99 6.8 1.36e-06 6.5e-13 1.85e-12
99.1 6.8 1.34e-06 6e-13 1.8e-12
99.2 6.8 1.32e-06 6e-13 1.8e-12
99.3 6.8 1.3e-06 6.25e-13 1.78e-12
99.4 6.8 1.28e-06 6.25e-13 1.78e-12
99.5 6.8 1.26e-06 5.75e-13 1.73e-12
99.6 6.8 1.25e-06 5.75e-13 1.73e-12
99.7 6.8 1.23e-06 6e-13 1.7e-12
99.8 6.8 1.21e-06 6e-13 1.7e-12
99.9 6.8 1.19e-06 5.75e-13 1.63e-12
