-25 7.8 0.078 2.25e-08 7.5e-09
-24.9 7.8 0.0789 2.35e-08 8.5e-09
-24.8 7.8 0.0798 2.38e-08 8.25e-09
-24.7 7.8 0.0808 2.45e-08 8.5e-09
-24.6 7.8 0.0817 2.53e-08 8.75e-09
-24.5 7.8 0.0827 2.63e-08 8.75e-09
-24.4 7.8 0.0837 2.63e-08 8.75e-09
-24.3 7.8 0.0846 2.7e-08 9e-09
-24.2 7.8 0.0856 2.83e-08 9.75e-09
-24.1 7.8 0.0866 2.85e-08 9.5e-09
-24 7.8 0.0876 2.93e-08 9.75e-09
-23.9 7.8 0.0887 2.93e-08 9.75e-09
-23.8 7.8 0.0897 3.03e-08 1.08e-08
-23.7 7.8 0.0907 3.15e-08 1.05e-08
-23.6 7.8 0.0918 3.23e-08 1.08e-08
-23.5 7.8 0.0929 3.3e-08 1.1e-08
-23.4 7.8 0.0939 3.35e-08 1.15e-08
-23.3 7.8 0.095 3.4e-08 1.2e-08
-23.2 7.8 0.0961 3.53e-08 1.17e-08
-23.1 7.8 0.0972 3.55e-08 1.25e-08
-23 7.8 0.0983 3.68e-08 1.23e-08
-22.9 7.8 0.0995 3.7e-08 1.3e-08
-22.8 7.8 0.101 3.75e-08 1.25e-08
-22.7 7.8 0.102 4e-08 2e-08
-22.6 7.8 0.103 4.5e-08 1.5e-08
-22.5 7.8 0.104 3.75e-08 1.25e-08
-22.4 7.8 0.105 4.5e-08 1.5e-08
-22.3 7.8 0.106 4.5e-08 1.5e-08
-22.2 7.8 0.108 3.75e-08 1.25e-08
-22.1 7.8 0.109 3.75e-08 1.25e-08
-22 7.8 0.11 4e-08 2e-08
-21.9 7.8 0.111 4.5e-08 1.5e-08
-21.8 7.8 0.113 4.5e-08 1.5e-08
-21.7 7.8 0.114 4.5e-08 1.5e-08
-21.6 7.8 0.115 4.5e-08 1.5e-08
-21.5 7.8 0.116 5.25e-08 1.75e-08
-21.4 7.8 0.118 4.5e-08 1.5e-08
-21.3 7.8 0.119 4.5e-08 1.5e-08
-21.2 7.8 0.12 4.75e-08 2.25e-08
-21.1 7.8 0.122 4.5e-08 1.5e-08
-21 7.8 0.123 4.75e-08 2.25e-08
-20.9 7.8 0.125 4.5e-08 1.5e-08
-20.8 7.8 0.126 5.25e-08 1.75e-08
-20.7 7.8 0.127 5.25e-08 1.75e-08
-20.6 7.8 0.129 4.75e-08 2.25e-08
-20.5 7.8 0.13 5.25e-08 1.75e-08
-20.4 7.8 0.132 4.75e-08 2.25e-08
-20.3 7.8 0.133 5.25e-08 1.75e-08
-20.2 7.8 0.134 5.5e-08 2.5e-08
-20.1 7.8 0.136 5.5e-08 2.5e-08
-20 7.8 0.137 5e-08 2e-08
-19.9 7.8 0.139 5.25e-08 1.75e-08
-19.8 7.8 0.14 5.5e-08 2.5e-08
-19.7 7.8 0.142 5.5e-08 2.5e-08
-19.6 7.8 0.143 5e-08 2e-08
-19.5 7.8 0.145 5.5e-08 2.5e-08
-19.4 7.8 0.147 5.5e-08 2.5e-08
-19.3 7.8 0.148 5.5e-08 2.5e-08
-19.2 7.8 0.15 1.15e-07 9.5e-08
-19.1 7.8 0.151 1.35e-07 1.05e-07
-19 7.8 0.153 1.55e-07 1.15e-07
-18.9 7.8 0.155 1.72e-07 1.27e-07
-18.8 7.8 0.156 2.2e-07 1.1e-07
-18.7 7.8 0.158 2.38e-07 1.12e-07
-18.6 7.8 0.16 1.5e-07 6e-08
-18.5 7.8 0.161 4.5e-08 7.5e-08
-18.4 7.8 0.163 2.87e-06 1.08e-06
-18.3 7.8 0.165 1.3e-07 1.2e-07
-18.2 7.8 0.166 9.5e-08 5.5e-08
-18.1 7.8 0.168 8.5e-08 4.5e-08
-18 7.8 0.17 7.25e-08 3.75e-08
-17.9 7.8 0.172 7e-08 3e-08
-17.8 7.8 0.173 6.75e-08 3.25e-08
-17.7 7.8 0.175 6.5e-08 2.5e-08
-17.6 7.8 0.177 7.25e-08 2.75e-08
-17.5 7.8 0.179 6.5e-08 2.5e-08
-17.4 7.8 0.181 6.5e-08 2.5e-08
-17.3 7.8 0.182 6.5e-08 2.5e-08
-17.2 7.8 0.184 6e-08 2e-08
-17.1 7.8 0.186 6e-08 2e-08
-17 7.8 0.188 5.75e-08 2.25e-08
-16.9 7.8 0.19 6e-08 2e-08
-16.8 7.8 0.192 6e-08 2e-08
-16.7 7.8 0.194 6e-08 2e-08
-16.6 7.8 0.196 5.25e-08 1.75e-08
-16.5 7.8 0.198 5.75e-08 2.25e-08
-16.4 7.8 0.2 5.25e-08 1.75e-08
-16.3 7.8 0.202 5.25e-08 1.75e-08
-16.2 7.8 0.204 4.75e-08 2.25e-08
-16.1 7.8 0.206 4.5e-08 1.5e-08
-16 7.8 0.208 4.5e-08 1.5e-08
-15.9 7.8 0.21 4.5e-08 1.5e-08
-15.8 7.8 0.212 4.75e-08 2.25e-08
-15.7 7.8 0.214 4.5e-08 1.5e-08
-15.6 7.8 0.216 4.5e-08 1.5e-08
-15.5 7.8 0.218 4.5e-08 1.5e-08
-15.4 7.8 0.22 4e-08 2e-08
-15.3 7.8 0.222 3.75e-08 1.25e-08
-15.2 7.8 0.224 3.25e-08 1.75e-08
-15.1 7.8 0.226 3.75e-08 1.25e-08
-15 7.8 0.229 3e-08 1e-08
-14.9 7.8 0.231 3e-08 1e-08
-14.8 7.8 0.233 3e-08 1e-08
-14.7 7.8 0.235 2.5e-08 1.5e-08
-14.6 7.8 0.237 2.25e-08 7.5e-09
-14.5 7.8 0.239 1.75e-08 1.25e-08
-14.4 7.8 0.242 1.75e-08 1.25e-08
-14.3 7.8 0.244 1.75e-08 1.25e-08
-14.2 7.8 0.246 1.5e-08 5e-09
-14.1 7.8 0.248 3e-08 1e-08
-14 7.8 0.251 2.25e-08 7.5e-09
-13.9 7.8 0.253 1.25e-08 7.5e-09
-13.8 7.8 0.255 5e-09 5e-09
-13.7 7.8 0.257 0 0
-13.6 7.8 0.26 0 0
-13.5 7.8 0.262 0 0
-13.4 7.8 0.264 5e-09 5e-09
-13.3 7.8 0.267 1e-08 1e-08
-13.2 7.8 0.269 7e-08 3e-08
-13.1 7.8 0.271 2e-08 2e-08
-13 7.8 0.274 1.25e-08 1.75e-08
-12.9 7.8 0.276 1e-08 2e-08
-12.8 7.8 0.278 1.25e-08 1.75e-08
-12.7 7.8 0.281 1.25e-08 2.75e-08
-12.6 7.8 0.283 1.5e-08 2.5e-08
-12.5 7.8 0.286 1e-08 3e-08
-12.4 7.8 0.288 1.75e-08 3.25e-08
-12.3 7.8 0.29 2e-08 4e-08
-12.2 7.8 0.293 1.75e-08 4.25e-08
-12.1 7.8 0.295 2.25e-08 3.75e-08
-12 7.8 0.298 4.25e-08 5.75e-08
-11.9 7.8 0.3 2.75e-08 5.25e-08
-11.8 7.8 0.303 2.25e-08 5.75e-08
-11.7 7.8 0.305 1.75e-08 5.25e-08
-11.6 7.8 0.307 2e-08 6e-08
-11.5 7.8 0.31 2e-08 6e-08
-11.4 7.8 0.312 2.75e-08 6.25e-08
-11.3 7.8 0.315 2.25e-08 6.75e-08
-11.2 7.8 0.317 2.5e-08 7.5e-08
-11.1 7.8 0.32 2.5e-08 7.5e-08
-11 7.8 0.322 2.5e-08 7.5e-08
-10.9 7.8 0.325 2.5e-08 7.5e-08
-10.8 7.8 0.327 2.75e-08 8.25e-08
-10.7 7.8 0.33 3e-08 9e-08
-10.6 7.8 0.332 3.5e-08 8.5e-08
-10.5 7.8 0.335 3e-08 9e-08
-10.4 7.8 0.337 3e-08 9e-08
-10.3 7.8 0.34 3.25e-08 9.75e-08
-10.2 7.8 0.342 3.5e-08 9.5e-08
-10.1 7.8 0.345 3.25e-08 9.75e-08
-10 7.8 0.347 4e-08 1e-07
-9.9 7.8 0.35 4.25e-08 1.08e-07
-9.8 7.8 0.352 3.75e-08 1.12e-07
-9.7 7.8 0.355 4.25e-08 1.08e-07
-9.6 7.8 0.357 4.25e-08 1.08e-07
-9.5 7.8 0.36 4.5e-08 1.15e-07
-9.4 7.8 0.362 4.5e-08 1.15e-07
-9.3 7.8 0.365 4.75e-08 1.22e-07
-9.2 7.8 0.367 4.75e-08 1.22e-07
-9.1 7.8 0.37 4.75e-08 1.22e-07
-9 7.8 0.372 4.75e-08 1.22e-07
-8.9 7.8 0.375 5.5e-08 1.25e-07
-8.8 7.8 0.377 4.75e-08 1.22e-07
-8.7 7.8 0.379 4.75e-08 1.22e-07
-8.6 7.8 0.382 5.5e-08 1.25e-07
-8.5 7.8 0.384 5e-08 1.3e-07
-8.4 7.8 0.387 5e-08 1.3e-07
-8.3 7.8 0.389 5.5e-08 1.25e-07
-8.2 7.8 0.392 5.5e-08 1.25e-07
-8.1 7.8 0.394 5.5e-08 1.25e-07
-8 7.8 0.397 5.5e-08 1.25e-07
-7.9 7.8 0.399 5.5e-08 1.25e-07
-7.8 7.8 0.401 5.75e-08 1.33e-07
-7.7 7.8 0.404 5.75e-08 1.33e-07
-7.6 7.8 0.406 5.5e-08 1.25e-07
-7.5 7.8 0.409 5.5e-08 1.25e-07
-7.4 7.8 0.411 5.5e-08 1.25e-07
-7.3 7.8 0.413 5.75e-08 1.22e-07
-7.2 7.8 0.416 6e-08 1.2e-07
-7.1 7.8 0.418 6e-08 1.2e-07
-7 7.8 0.42 5.75e-08 1.22e-07
-6.9 7.8 0.423 6e-08 1.2e-07
-6.8 7.8 0.425 5.75e-08 1.12e-07
-6.7 7.8 0.427 5.75e-08 1.12e-07
-6.6 7.8 0.429 5.75e-08 1.12e-07
-6.5 7.8 0.432 5.5e-08 1.05e-07
-6.4 7.8 0.434 5.5e-08 1.05e-07
-6.3 7.8 0.436 5.5e-08 1.05e-07
-6.2 7.8 0.438 5e-08 1e-07
-6.1 7.8 0.44 5.25e-08 9.75e-08
-6 7.8 0.443 6e-08 1e-07
-5.9 7.8 0.445 2.07e-07 1.82e-07
-5.8 7.8 0.447 2.22e-07 2.48e-07
-5.7 7.8 0.449 2.15e-07 3.25e-07
-5.6 7.8 0.451 6.67e-07 4.42e-07
-5.5 7.8 0.453 1.6e-07 1.8e-07
-5.4 7.8 0.455 1.15e-07 1.25e-07
-5.3 7.8 0.457 5.5e-08 9.5e-08
-5.2 7.8 0.459 3.75e-08 8.25e-08
-5.1 7.8 0.461 2.5e-08 7.5e-08
-5 7.8 0.463 2.25e-08 6.75e-08
-4.9 7.8 0.465 2.75e-08 6.25e-08
-4.8 7.8 0.467 2e-08 6e-08
-4.7 7.8 0.469 1.75e-08 5.25e-08
-4.6 7.8 0.471 2e-08 4e-08
-4.5 7.8 0.473 1.75e-08 4.25e-08
-4.4 7.8 0.475 1.75e-08 3.25e-08
-4.3 7.8 0.476 1.5e-08 2.5e-08
-4.2 7.8 0.478 1.5e-08 2.5e-08
-4.1 7.8 0.48 1.5e-08 3.5e-08
-4 7.8 0.482 1e-08 2e-08
-3.9 7.8 0.483 0 0
-3.8 7.8 0.485 0 0
-3.7 7.8 0.487 2.5e-09 7.5e-09
-3.6 7.8 0.488 1.75e-08 1.25e-08
-3.5 7.8 0.49 1.75e-08 1.25e-08
-3.4 7.8 0.491 2e-08 1e-08
-3.3 7.8 0.493 2.75e-08 1.25e-08
-3.2 7.8 0.494 3.25e-08 1.75e-08
-3.1 7.8 0.496 3.75e-08 1.25e-08
-3 7.8 0.497 4.5e-08 1.5e-08
-2.9 7.8 0.499 5.25e-08 1.75e-08
-2.8 7.8 0.5 5.25e-08 1.75e-08
-2.7 7.8 0.502 6.25e-08 2.75e-08
-2.6 7.8 0.503 7e-08 3e-08
-2.5 7.8 0.504 7.5e-08 2.5e-08
-2.4 7.8 0.505 7.75e-08 3.25e-08
-2.3 7.8 0.507 8.5e-08 3.5e-08
-2.2 7.8 0.508 9.25e-08 3.75e-08
-2.1 7.8 0.509 9.25e-08 3.75e-08
-2 7.8 0.51 1e-07 4e-08
-1.9 7.8 0.511 1.08e-07 4.25e-08
-1.8 7.8 0.512 1.08e-07 4.25e-08
-1.7 7.8 0.513 1.15e-07 4.5e-08
-1.6 7.8 0.514 1.17e-07 5.25e-08
-1.5 7.8 0.515 1.22e-07 4.75e-08
-1.4 7.8 0.516 1.3e-07 5e-08
-1.3 7.8 0.517 1.33e-07 5.75e-08
-1.2 7.8 0.518 1.38e-07 5.25e-08
-1.1 7.8 0.519 1.4e-07 6e-08
-1 7.8 0.519 1.47e-07 6.25e-08
-0.9 7.8 0.52 1.47e-07 6.25e-08
-0.8 7.8 0.521 1.55e-07 6.5e-08
-0.7 7.8 0.522 1.55e-07 6.5e-08
-0.6 7.8 0.522 1.63e-07 6.75e-08
-0.5 7.8 0.523 1.63e-07 6.75e-08
-0.4 7.8 0.523 1.7e-07 7e-08
-0.3 7.8 0.524 1.7e-07 7e-08
-0.2 7.8 0.524 1.72e-07 7.75e-08
-0.1 7.8 0.525 1.77e-07 7.25e-08
1.11e-16 7.8 0.525 1.77e-07 7.25e-08
0.1 7.8 0.525 1.77e-07 7.25e-08
0.2 7.8 0.526 1.85e-07 7.5e-08
0.3 7.8 0.526 1.8e-07 8e-08
0.4 7.8 0.526 1.88e-07 8.25e-08
0.5 7.8 0.527 1.8e-07 8e-08
0.6 7.8 0.527 1.85e-07 7.5e-08
0.7 7.8 0.527 1.88e-07 8.25e-08
0.8 7.8 0.527 1.88e-07 8.25e-08
0.9 7.8 0.527 1.88e-07 8.25e-08
1 7.8 0.527 1.88e-07 8.25e-08
1.1 7.8 0.527 1.88e-07 8.25e-08
1.2 7.8 0.527 1.88e-07 8.25e-08
1.3 7.8 0.527 1.88e-07 8.25e-08
1.4 7.8 0.527 1.85e-07 7.5e-08
1.5 7.8 0.527 1.8e-07 8e-08
1.6 7.8 0.526 1.88e-07 8.25e-08
1.7 7.8 0.526 1.8e-07 8e-08
1.8 7.8 0.526 1.85e-07 7.5e-08
1.9 7.8 0.525 1.77e-07 7.25e-08
2 7.8 0.525 1.77e-07 7.25e-08
2.1 7.8 0.525 1.77e-07 7.25e-08
2.2 7.8 0.524 1.72e-07 7.75e-08
2.3 7.8 0.524 1.7e-07 7e-08
2.4 7.8 0.523 1.7e-07 7e-08
2.5 7.8 0.523 1.63e-07 6.75e-08
2.6 7.8 0.522 1.63e-07 6.75e-08
2.7 7.8 0.522 1.55e-07 6.5e-08
2.8 7.8 0.521 1.55e-07 6.5e-08
2.9 7.8 0.52 1.47e-07 6.25e-08
3 7.8 0.519 1.47e-07 6.25e-08
3.1 7.8 0.519 1.4e-07 6e-08
3.2 7.8 0.518 1.38e-07 5.25e-08
3.3 7.8 0.517 1.33e-07 5.75e-08
3.4 7.8 0.516 1.3e-07 5e-08
3.5 7.8 0.515 1.22e-07 4.75e-08
3.6 7.8 0.514 1.17e-07 5.25e-08
3.7 7.8 0.513 1.15e-07 4.5e-08
3.8 7.8 0.512 1.08e-07 4.25e-08
3.9 7.8 0.511 1.08e-07 4.25e-08
4 7.8 0.51 1e-07 4e-08
4.1 7.8 0.509 9.25e-08 3.75e-08
4.2 7.8 0.508 9.25e-08 3.75e-08
4.3 7.8 0.507 8.5e-08 3.5e-08
4.4 7.8 0.505 7.75e-08 3.25e-08
4.5 7.8 0.504 7.5e-08 2.5e-08
4.6 7.8 0.503 7e-08 3e-08
4.7 7.8 0.502 6.25e-08 2.75e-08
4.8 7.8 0.5 5.25e-08 1.75e-08
4.9 7.8 0.499 5.25e-08 1.75e-08
5 7.8 0.497 4.5e-08 1.5e-08
5.1 7.8 0.496 3.75e-08 1.25e-08
5.2 7.8 0.494 3.25e-08 1.75e-08
5.3 7.8 0.493 2.75e-08 1.25e-08
5.4 7.8 0.491 2e-08 1e-08
5.5 7.8 0.49 1.75e-08 1.25e-08
5.6 7.8 0.488 1.75e-08 1.25e-08
5.7 7.8 0.487 2.5e-09 7.5e-09
5.8 7.8 0.485 0 0
5.9 7.8 0.483 0 0
6 7.8 0.482 1e-08 2e-08
6.1 7.8 0.48 1.5e-08 3.5e-08
6.2 7.8 0.478 1.5e-08 2.5e-08
6.3 7.8 0.476 1.5e-08 2.5e-08
6.4 7.8 0.475 1.75e-08 3.25e-08
6.5 7.8 0.473 1.75e-08 4.25e-08
6.6 7.8 0.471 2e-08 4e-08
6.7 7.8 0.469 1.75e-08 5.25e-08
6.8 7.8 0.467 2e-08 6e-08
6.9 7.8 0.465 2.75e-08 6.25e-08
7 7.8 0.463 2.25e-08 6.75e-08
7.1 7.8 0.461 2.5e-08 7.5e-08
7.2 7.8 0.459 3.75e-08 8.25e-08
7.3 7.8 0.457 5.5e-08 9.5e-08
7.4 7.8 0.455 1.15e-07 1.25e-07
7.5 7.8 0.453 1.6e-07 1.8e-07
7.6 7.8 0.451 6.67e-07 4.42e-07
7.7 7.8 0.449 2.15e-07 3.25e-07
7.8 7.8 0.447 2.22e-07 2.48e-07
7.9 7.8 0.445 2.07e-07 1.82e-07
8 7.8 0.443 6e-08 1e-07
8.1 7.8 0.44 5.25e-08 9.75e-08
8.2 7.8 0.438 5e-08 1e-07
8.3 7.8 0.436 5.5e-08 1.05e-07
8.4 7.8 0.434 5.5e-08 1.05e-07
8.5 7.8 0.432 5.5e-08 1.05e-07
8.6 7.8 0.429 5.75e-08 1.12e-07
8.7 7.8 0.427 5.75e-08 1.12e-07
8.8 7.8 0.425 5.75e-08 1.12e-07
8.9 7.8 0.423 6e-08 1.2e-07
9 7.8 0.42 5.75e-08 1.22e-07
9.1 7.8 0.418 6e-08 1.2e-07
9.2 7.8 0.416 6e-08 1.2e-07
9.3 7.8 0.413 5.75e-08 1.22e-07
9.4 7.8 0.411 5.5e-08 1.25e-07
9.5 7.8 0.409 5.5e-08 1.25e-07
9.6 7.8 0.406 5.5e-08 1.25e-07
9.7 7.8 0.404 5.75e-08 1.33e-07
9.8 7.8 0.401 5.75e-08 1.33e-07
9.9 7.8 0.399 5.5e-08 1.25e-07
10 7.8 0.397 5.5e-08 1.25e-07
10.1 7.8 0.394 5.5e-08 1.25e-07
10.2 7.8 0.392 5.5e-08 1.25e-07
10.3 7.8 0.389 5.5e-08 1.25e-07
10.4 7.8 0.387 5e-08 1.3e-07
10.5 7.8 0.384 5e-08 1.3e-07
10.6 7.8 0.382 5.5e-08 1.25e-07
10.7 7.8 0.379 4.75e-08 1.22e-07
10.8 7.8 0.377 4.75e-08 1.22e-07
10.9 7.8 0.375 5.5e-08 1.25e-07
11 7.8 0.372 4.75e-08 1.22e-07
11.1 7.8 0.37 4.75e-08 1.22e-07
11.2 7.8 0.367 4.75e-08 1.22e-07
11.3 7.8 0.365 4.75e-08 1.22e-07
11.4 7.8 0.362 4.5e-08 1.15e-07
11.5 7.8 0.36 4.5e-08 1.15e-07
11.6 7.8 0.357 4.25e-08 1.08e-07
11.7 7.8 0.355 4.25e-08 1.08e-07
11.8 7.8 0.352 3.75e-08 1.12e-07
11.9 7.8 0.35 4.25e-08 1.08e-07
12 7.8 0.347 4e-08 1e-07
12.1 7.8 0.345 3.25e-08 9.75e-08
12.2 7.8 0.342 3.5e-08 9.5e-08
12.3 7.8 0.34 3.25e-08 9.75e-08
12.4 7.8 0.337 3e-08 9e-08
12.5 7.8 0.335 3e-08 9e-08
12.6 7.8 0.332 3.5e-08 8.5e-08
12.7 7.8 0.33 3e-08 9e-08
12.8 7.8 0.327 2.75e-08 8.25e-08
12.9 7.8 0.325 2.5e-08 7.5e-08
13 7.8 0.322 2.5e-08 7.5e-08
13.1 7.8 0.32 2.5e-08 7.5e-08
13.2 7.8 0.317 2.5e-08 7.5e-08
13.3 7.8 0.315 2.25e-08 6.75e-08
13.4 7.8 0.312 2.75e-08 6.25e-08
13.5 7.8 0.31 2e-08 6e-08
13.6 7.8 0.307 2e-08 6e-08
13.7 7.8 0.305 1.75e-08 5.25e-08
13.8 7.8 0.303 2.25e-08 5.75e-08
13.9 7.8 0.3 2.75e-08 5.25e-08
14 7.8 0.298 4.25e-08 5.75e-08
14.1 7.8 0.295 2.25e-08 3.75e-08
14.2 7.8 0.293 1.75e-08 4.25e-08
14.3 7.8 0.29 2e-08 4e-08
14.4 7.8 0.288 1.75e-08 3.25e-08
14.5 7.8 0.286 1e-08 3e-08
14.6 7.8 0.283 1.5e-08 2.5e-08
14.7 7.8 0.281 1.25e-08 2.75e-08
14.8 7.8 0.278 1.25e-08 1.75e-08
14.9 7.8 0.276 1e-08 2e-08
15 7.8 0.274 1.25e-08 1.75e-08
15.1 7.8 0.271 2e-08 2e-08
15.2 7.8 0.269 7e-08 3e-08
15.3 7.8 0.267 1e-08 1e-08
15.4 7.8 0.264 5e-09 5e-09
15.5 7.8 0.262 0 0
15.6 7.8 0.26 0 0
15.7 7.8 0.257 0 0
15.8 7.8 0.255 5e-09 5e-09
15.9 7.8 0.253 1.25e-08 7.5e-09
16 7.8 0.251 2.25e-08 7.5e-09
16.1 7.8 0.248 3e-08 1e-08
16.2 7.8 0.246 1.5e-08 5e-09
16.3 7.8 0.244 1.75e-08 1.25e-08
16.4 7.8 0.242 1.75e-08 1.25e-08
16.5 7.8 0.239 1.75e-08 1.25e-08
16.6 7.8 0.237 2.25e-08 7.5e-09
16.7 7.8 0.235 2.5e-08 1.5e-08
16.8 7.8 0.233 3e-08 1e-08
16.9 7.8 0.231 3e-08 1e-08
17 7.8 0.229 3e-08 1e-08
17.1 7.8 0.226 3.75e-08 1.25e-08
17.2 7.8 0.224 3.25e-08 1.75e-08
17.3 7.8 0.222 3.75e-08 1.25e-08
17.4 7.8 0.22 4e-08 2e-08
17.5 7.8 0.218 4.5e-08 1.5e-08
17.6 7.8 0.216 4.5e-08 1.5e-08
17.7 7.8 0.214 4.5e-08 1.5e-08
17.8 7.8 0.212 4.75e-08 2.25e-08
17.9 7.8 0.21 4.5e-08 1.5e-08
18 7.8 0.208 4.5e-08 1.5e-08
18.1 7.8 0.206 4.5e-08 1.5e-08
18.2 7.8 0.204 4.75e-08 2.25e-08
18.3 7.8 0.202 5.25e-08 1.75e-08
18.4 7.8 0.2 5.25e-08 1.75e-08
18.5 7.8 0.198 5.75e-08 2.25e-08
18.6 7.8 0.196 5.25e-08 1.75e-08
18.7 7.8 0.194 6e-08 2e-08
18.8 7.8 0.192 6e-08 2e-08
18.9 7.8 0.19 6e-08 2e-08
19 7.8 0.188 5.75e-08 2.25e-08
19.1 7.8 0.186 6e-08 2e-08
19.2 7.8 0.184 6e-08 2e-08
19.3 7.8 0.182 6.5e-08 2.5e-08
19.4 7.8 0.181 6.5e-08 2.5e-08
19.5 7.8 0.179 6.5e-08 2.5e-08
19.6 7.8 0.177 7.25e-08 2.75e-08
19.7 7.8 0.175 6.5e-08 2.5e-08
19.8 7.8 0.173 6.75e-08 3.25e-08
19.9 7.8 0.172 7e-08 3e-08
20 7.8 0.17 7.25e-08 3.75e-08
20.1 7.8 0.168 8.5e-08 4.5e-08
20.2 7.8 0.166 9.5e-08 5.5e-08
20.3 7.8 0.165 1.3e-07 1.2e-07
20.4 7.8 0.163 2.87e-06 1.08e-06
20.5 7.8 0.161 4.5e-08 7.5e-08
20.6 7.8 0.16 1.5e-07 6e-08
20.7 7.8 0.158 2.38e-07 1.12e-07
20.8 7.8 0.156 2.2e-07 1.1e-07
20.9 7.8 0.155 1.72e-07 1.27e-07
21 7.8 0.153 1.55e-07 1.15e-07
21.1 7.8 0.151 1.35e-07 1.05e-07
21.2 7.8 0.15 1.15e-07 9.5e-08
21.3 7.8 0.148 5.5e-08 2.5e-08
21.4 7.8 0.147 5.5e-08 2.5e-08
21.5 7.8 0.145 5.5e-08 2.5e-08
21.6 7.8 0.143 5e-08 2e-08
21.7 7.8 0.142 5.5e-08 2.5e-08
21.8 7.8 0.14 5.5e-08 2.5e-08
21.9 7.8 0.139 5.25e-08 1.75e-08
22 7.8 0.137 5e-08 2e-08
22.1 7.8 0.136 5.5e-08 2.5e-08
22.2 7.8 0.134 5.5e-08 2.5e-08
22.3 7.8 0.133 5.25e-08 1.75e-08
22.4 7.8 0.132 4.75e-08 2.25e-08
22.5 7.8 0.13 5.25e-08 1.75e-08
22.6 7.8 0.129 4.75e-08 2.25e-08
22.7 7.8 0.127 5.25e-08 1.75e-08
22.8 7.8 0.126 5.25e-08 1.75e-08
22.9 7.8 0.125 4.5e-08 1.5e-08
23 7.8 0.123 4.75e-08 2.25e-08
23.1 7.8 0.122 4.5e-08 1.5e-08
23.2 7.8 0.12 4.75e-08 2.25e-08
23.3 7.8 0.119 4.5e-08 1.5e-08
23.4 7.8 0.118 4.5e-08 1.5e-08
23.5 7.8 0.116 5.25e-08 1.75e-08
23.6 7.8 0.115 4.5e-08 1.5e-08
23.7 7.8 0.114 4.5e-08 1.5e-08
23.8 7.8 0.113 4.5e-08 1.5e-08
23.9 7.8 0.111 4.5e-08 1.5e-08
24 7.8 0.11 4e-08 2e-08
24.1 7.8 0.109 3.75e-08 1.25e-08
24.2 7.8 0.108 3.75e-08 1.25e-08
24.3 7.8 0.106 4.5e-08 1.5e-08
24.4 7.8 0.105 4.5e-08 1.5e-08
24.5 7.8 0.104 3.75e-08 1.25e-08
24.6 7.8 0.103 4.5e-08 1.5e-08
24.7 7.8 0.102 4e-08 2e-08
24.8 7.8 0.101 3.75e-08 1.25e-08
24.9 7.8 0.0995 3.7e-08 1.3e-08
25 7.8 0.0983 3.68e-08 1.23e-08
25.1 7.8 0.0972 3.55e-08 1.25e-08
25.2 7.8 0.0961 3.53e-08 1.17e-08
25.3 7.8 0.095 3.4e-08 1.2e-08
25.4 7.8 0.0939 3.35e-08 1.15e-08
25.5 7.8 0.0929 3.3e-08 1.1e-08
25.6 7.8 0.0918 3.23e-08 1.08e-08
25.7 7.8 0.0907 3.15e-08 1.05e-08
25.8 7.8 0.0897 3.03e-08 1.08e-08
25.9 7.8 0.0887 2.93e-08 9.75e-09
26 7.8 0.0876 2.93e-08 9.75e-09
26.1 7.8 0.0866 2.85e-08 9.5e-09
26.2 7.8 0.0856 2.83e-08 9.75e-09
26.3 7.8 0.0846 2.7e-08 9e-09
26.4 7.8 0.0837 2.63e-08 8.75e-09
26.5 7.8 0.0827 2.63e-08 8.75e-09
26.6 7.8 0.0817 2.53e-08 8.75e-09
26.7 7.8 0.0808 2.45e-08 8.5e-09
26.8 7.8 0.0798 2.38e-08 8.25e-09
26.9 7.8 0.0789 2.35e-08 8.5e-09
27 7.8 0.078 2.25e-08 7.5e-09
27.1 7.8 0.0771 2.17e-08 7.25e-09
27.2 7.8 0.0762 2.15e-08 7.5e-09
27.3 7.8 0.0753 2.08e-08 7.25e-09
27.4 7.8 0.0744 2e-08 7e-09
27.5 7.8 0.0735 1.93e-08 6.75e-09
27.6 7.8 0.0727 1.87e-08 6.25e-09
27.7 7.8 0.0718 1.8e-08 6e-09
27.8 7.8 0.071 1.78e-08 6.25e-09
27.9 7.8 0.0702 1.7e-08 6e-09
28 7.8 0.0693 1.7e-08 6e-09
28.1 7.8 0.0685 1.62e-08 5.75e-09
28.2 7.8 0.0677 1.55e-08 5.5e-09
28.3 7.8 0.0669 1.47e-08 5.25e-09
28.4 7.8 0.0661 1.47e-08 5.25e-09
28.5 7.8 0.0653 1.4e-08 5e-09
28.6 7.8 0.0646 1.32e-08 4.75e-09
28.7 7.8 0.0638 1.25e-08 4.5e-09
28.8 7.8 0.063 1.25e-08 4.5e-09
28.9 7.8 0.0623 1.2e-08 4e-09
29 7.8 0.0615 1.1e-08 4e-09
29.1 7.8 0.0608 1.1e-08 4e-09
29.2 7.8 0.0601 1.08e-08 4.25e-09
29.3 7.8 0.0594 1e-08 4e-09
29.4 7.8 0.0587 9.5e-09 3.5e-09
29.5 7.8 0.058 8.75e-09 3.25e-09
29.6 7.8 0.0573 8.75e-09 3.25e-09
29.7 7.8 0.0566 8e-09 3e-09
29.8 7.8 0.0559 8e-09 3e-09
29.9 7.8 0.0552 8e-09 3e-09
30 7.8 0.0546 7.25e-09 2.75e-09
30.1 7.8 0.0539 6.5e-09 2.5e-09
30.2 7.8 0.0533 6.5e-09 2.5e-09
30.3 7.8 0.0526 5.75e-09 2.25e-09
30.4 7.8 0.052 5e-09 2e-09
30.5 7.8 0.0514 5e-09 2e-09
30.6 7.8 0.0508 5e-09 2e-09
30.7 7.8 0.0501 4.75e-09 2.25e-09
30.8 7.8 0.0495 4.25e-09 1.75e-09
30.9 7.8 0.0489 4e-09 2e-09
31 7.8 0.0484 3.5e-09 1.5e-09
31.1 7.8 0.0478 3.5e-09 1.5e-09
31.2 7.8 0.0472 2.75e-09 1.25e-09
31.3 7.8 0.0466 2.5e-09 1.5e-09
31.4 7.8 0.0461 2.25e-09 1.75e-09
31.5 7.8 0.0455 1.75e-09 1.25e-09
31.6 7.8 0.045 2.25e-09 1.75e-09
31.7 7.8 0.0444 2.25e-09 1.75e-09
31.8 7.8 0.0439 4e-09 9e-09
31.9 7.8 0.0433 1.75e-09 1.25e-09
32 7.8 0.0428 2.5e-10 7.5e-10
32.1 7.8 0.0423 2.5e-10 7.5e-10
32.2 7.8 0.0418 2.5e-10 7.5e-10
32.3 7.8 0.0413 5e-10 5e-10
32.4 7.8 0.0408 5e-10 5e-10
32.5 7.8 0.0403 5e-10 5e-10
32.6 7.8 0.0398 2.5e-10 7.5e-10
32.7 7.8 0.0393 1e-09 1e-09
32.8 7.8 0.0388 2.5e-10 7.5e-10
32.9 7.8 0.0383 2.5e-10 7.5e-10
33 7.8 0.0379 5e-10 5e-10
33.1 7.8 0.0374 1e-09 1e-09
33.2 7.8 0.0369 7.5e-10 1.25e-09
33.3 7.8 0.0365 1e-09 1e-09
33.4 7.8 0.036 1.25e-09 1.75e-09
33.5 7.8 0.0356 1.5e-09 2.5e-09
33.6 7.8 0.0352 2.25e-09 2.75e-09
33.7 7.8 0.0347 2.5e-09 2.5e-09
33.8 7.8 0.0343 2e-09 4e-09
33.9 7.8 0.0339 1.75e-09 4.25e-09
34 7.8 0.0335 2.25e-09 4.75e-09
34.1 7.8 0.0331 2.25e-09 4.75e-09
34.2 7.8 0.0327 2.5e-09 5.5e-09
34.3 7.8 0.0323 2.5e-09 5.5e-09
34.4 7.8 0.0319 3.25e-09 5.75e-09
34.5 7.8 0.0315 2.75e-09 6.25e-09
34.6 7.8 0.0311 2.75e-09 6.25e-09
34.7 7.8 0.0307 3e-09 7e-09
34.8 7.8 0.0303 3.5e-09 7.5e-09
34.9 7.8 0.0299 3.5e-09 7.5e-09
35 7.8 0.0296 3.5e-09 7.5e-09
35.1 7.8 0.0292 1.25e-09 3.75e-09
35.2 7.8 0.0289 1.25e-09 3.75e-09
35.3 7.8 0.0285 1.5e-09 4.5e-09
35.4 7.8 0.0281 1.5e-09 4.5e-09
35.5 7.8 0.0278 1.5e-09 4.5e-09
35.6 7.8 0.0275 1.5e-09 4.5e-09
35.7 7.8 0.0271 1.5e-09 4.5e-09
35.8 7.8 0.0268 1.5e-09 4.5e-09
35.9 7.8 0.0264 1.5e-09 4.5e-09
36 7.8 0.0261 1.5e-09 4.5e-09
36.1 7.8 0.0258 1.75e-09 5.25e-09
36.2 7.8 0.0255 1.75e-09 5.25e-09
36.3 7.8 0.0252 2.25e-09 4.75e-09
36.4 7.8 0.0248 1.75e-09 5.25e-09
36.5 7.8 0.0245 1.75e-09 5.25e-09
36.6 7.8 0.0242 1.5e-09 4.5e-09
36.7 7.8 0.0239 1.75e-09 5.25e-09
36.8 7.8 0.0236 2.25e-09 4.75e-09
36.9 7.8 0.0233 1.75e-09 5.25e-09
37 7.8 0.0231 1.75e-09 5.25e-09
37.1 7.8 0.0228 1.75e-09 5.25e-09
37.2 7.8 0.0225 1.75e-09 5.25e-09
37.3 7.8 0.0222 2.25e-09 4.75e-09
37.4 7.8 0.0219 1.75e-09 5.25e-09
37.5 7.8 0.0217 1.75e-09 5.25e-09
37.6 7.8 0.0214 1.75e-09 5.25e-09
37.7 7.8 0.0211 1.75e-09 5.25e-09
37.8 7.8 0.0209 1.75e-09 5.25e-09
37.9 7.8 0.0206 1.75e-09 5.25e-09
38 7.8 0.0203 1.75e-09 5.25e-09
38.1 7.8 0.0201 2e-09 6e-09
38.2 7.8 0.0198 2.5e-09 5.5e-09
38.3 7.8 0.0196 2e-09 6e-09
38.4 7.8 0.0193 1.75e-09 5.25e-09
38.5 7.8 0.0191 2e-09 6e-09
38.6 7.8 0.0189 1.75e-09 5.25e-09
38.7 7.8 0.0186 1.75e-09 5.25e-09
38.8 7.8 0.0184 1.75e-09 5.25e-09
38.9 7.8 0.0182 1.75e-09 5.25e-09
39 7.8 0.0179 1.75e-09 5.25e-09
39.1 7.8 0.0177 1.75e-09 5.25e-09
39.2 7.8 0.0175 1.75e-09 5.25e-09
39.3 7.8 0.0173 1.75e-09 5.25e-09
39.4 7.8 0.0171 2e-09 6e-09
39.5 7.8 0.0168 1.75e-09 5.25e-09
39.6 7.8 0.0166 1.75e-09 5.25e-09
39.7 7.8 0.0164 1.75e-09 5.25e-09
39.8 7.8 0.0162 2e-09 6e-09
39.9 7.8 0.016 1.75e-09 5.25e-09
40 7.8 0.0158 1.75e-09 5.25e-09
40.1 7.8 0.0156 1.75e-09 5.25e-09
40.2 7.8 0.0154 1.75e-09 5.25e-09
40.3 7.8 0.0152 1.75e-09 5.25e-09
40.4 7.8 0.015 1.75e-09 5.25e-09
40.5 7.8 0.0149 1.75e-09 5.25e-09
40.6 7.8 0.0147 1.5e-09 4.5e-09
40.7 7.8 0.0145 1.75e-09 5.25e-09
40.8 7.8 0.0143 1.5e-09 4.5e-09
40.9 7.8 0.0141 1.75e-09 5.25e-09
41 7.8 0.0139 1.75e-09 5.25e-09
41.1 7.8 0.0138 1.75e-09 5.25e-09
41.2 7.8 0.0136 1.5e-09 4.5e-09
41.3 7.8 0.0134 1.5e-09 4.5e-09
41.4 7.8 0.0133 2e-09 5e-09
41.5 7.8 0.0131 1.5e-09 4.5e-09
41.6 7.8 0.0129 1.75e-09 5.25e-09
41.7 7.8 0.0128 1.75e-09 5.25e-09
41.8 7.8 0.0126 1.5e-09 4.5e-09
41.9 7.8 0.0124 1.75e-09 5.25e-09
42 7.8 0.0123 1.5e-09 4.5e-09
42.1 7.8 0.0121 1.5e-09 4.5e-09
42.2 7.8 0.012 1.5e-09 4.5e-09
42.3 7.8 0.0118 1.5e-09 4.5e-09
42.4 7.8 0.0117 1.75e-09 5.25e-09
42.5 7.8 0.0115 1.5e-09 4.5e-09
42.6 7.8 0.0114 1.5e-09 4.5e-09
42.7 7.8 0.0112 1.5e-09 4.5e-09
42.8 7.8 0.0111 1.5e-09 4.5e-09
42.9 7.8 0.011 1.5e-09 4.5e-09
43 7.8 0.0108 1.5e-09 4.5e-09
43.1 7.8 0.0107 1.5e-09 4.5e-09
43.2 7.8 0.0106 1.5e-09 4.5e-09
43.3 7.8 0.0104 1.25e-09 3.75e-09
43.4 7.8 0.0103 1.5e-09 4.5e-09
43.5 7.8 0.0102 1.5e-09 4.5e-09
43.6 7.8 0.01 1.5e-09 4.5e-09
43.7 7.8 0.00991 1.4e-09 4.2e-09
43.8 7.8 0.00978 1.42e-09 4.18e-09
43.9 7.8 0.00966 1.42e-09 4.18e-09
44 7.8 0.00954 1.37e-09 4.12e-09
44.1 7.8 0.00942 1.4e-09 4.1e-09
44.2 7.8 0.0093 1.4e-09 4.1e-09
44.3 7.8 0.00918 1.35e-09 4.05e-09
44.4 7.8 0.00906 1.37e-09 4.02e-09
44.5 7.8 0.00895 1.35e-09 3.95e-09
44.6 7.8 0.00884 1.35e-09 3.95e-09
44.7 7.8 0.00873 1.3e-09 3.9e-09
44.8 7.8 0.00862 1.37e-09 3.93e-09
44.9 7.8 0.00851 1.33e-09 3.87e-09
45 7.8 0.0084 1.35e-09 3.85e-09
45.1 7.8 0.00829 1.3e-09 3.8e-09
45.2 7.8 0.00819 1.28e-09 3.72e-09
45.3 7.8 0.00809 1.25e-09 3.75e-09
45.4 7.8 0.00798 1.25e-09 3.65e-09
45.5 7.8 0.00788 1.23e-09 3.67e-09
45.6 7.8 0.00778 1.2e-09 3.6e-09
45.7 7.8 0.00768 1.23e-09 3.58e-09
45.8 7.8 0.00759 1.17e-09 3.53e-09
45.9 7.8 0.00749 1.17e-09 3.53e-09
46 7.8 0.0074 1.2e-09 3.5e-09
46.1 7.8 0.0073 1.2e-09 3.5e-09
46.2 7.8 0.00721 1.15e-09 3.45e-09
46.3 7.8 0.00712 1.12e-09 3.38e-09
46.4 7.8 0.00703 1.12e-09 3.38e-09
46.5 7.8 0.00694 1.1e-09 3.3e-09
46.6 7.8 0.00685 1.12e-09 3.27e-09
46.7 7.8 0.00677 1.12e-09 3.27e-09
46.8 7.8 0.00668 1.1e-09 3.2e-09
46.9 7.8 0.0066 1.1e-09 3.2e-09
47 7.8 0.00651 1.05e-09 3.15e-09
47.1 7.8 0.00643 1.07e-09 3.12e-09
47.2 7.8 0.00635 1.1e-09 3.1e-09
47.3 7.8 0.00627 1.1e-09 3.1e-09
47.4 7.8 0.00619 1.05e-09 3.05e-09
47.5 7.8 0.00611 1e-09 3e-09
47.6 7.8 0.00603 1e-09 3e-09
47.7 7.8 0.00596 1.05e-09 2.95e-09
47.8 7.8 0.00588 9.75e-10 2.93e-09
47.9 7.8 0.00581 9.5e-10 2.85e-09
48 7.8 0.00573 1e-09 2.9e-09
48.1 7.8 0.00566 9.5e-10 2.85e-09
48.2 7.8 0.00559 9.5e-10 2.85e-09
48.3 7.8 0.00552 9.25e-10 2.78e-09
48.4 7.8 0.00545 9.75e-10 2.72e-09
48.5 7.8 0.00538 9e-10 2.7e-09
48.6 7.8 0.00531 9e-10 2.7e-09
48.7 7.8 0.00524 9.5e-10 2.65e-09
48.8 7.8 0.00518 9.25e-10 2.57e-09
48.9 7.8 0.00511 9.25e-10 2.57e-09
49 7.8 0.00505 1.1e-09 2.7e-09
49.1 7.8 0.00498 9.75e-10 2.62e-09
49.2 7.8 0.00492 9e-10 2.5e-09
49.3 7.8 0.00486 8.75e-10 2.52e-09
49.4 7.8 0.0048 8.5e-10 2.45e-09
49.5 7.8 0.00474 9e-10 2.5e-09
49.6 7.8 0.00468 8.25e-10 2.38e-09
49.7 7.8 0.00462 8.75e-10 2.42e-09
49.8 7.8 0.00456 7.75e-10 2.33e-09
49.9 7.8 0.0045 8e-10 2.3e-09
50 7.8 0.00444 7.75e-10 2.33e-09
50.1 7.8 0.00439 7.75e-10 2.33e-09
50.2 7.8 0.00433 8.25e-10 2.28e-09
50.3 7.8 0.00428 8e-10 2.3e-09
50.4 7.8 0.00422 8e-10 2.2e-09
50.5 7.8 0.00417 7.75e-10 2.23e-09
50.6 7.8 0.00412 7.25e-10 2.18e-09
50.7 7.8 0.00406 7.5e-10 2.15e-09
50.8 7.8 0.00401 7.5e-10 2.15e-09
50.9 7.8 0.00396 7.5e-10 2.15e-09
51 7.8 0.00391 7.25e-10 2.07e-09
51.1 7.8 0.00386 7.5e-10 2.05e-09
51.2 7.8 0.00381 7.25e-10 2.07e-09
51.3 7.8 0.00376 7.25e-10 2.07e-09
51.4 7.8 0.00372 7e-10 2e-09
51.5 7.8 0.00367 6.5e-10 1.95e-09
51.6 7.8 0.00362 7e-10 2e-09
51.7 7.8 0.00358 6.5e-10 1.95e-09
51.8 7.8 0.00353 6.25e-10 1.87e-09
51.9 7.8 0.00349 6.75e-10 1.92e-09
52 7.8 0.00344 6.25e-10 1.87e-09
52.1 7.8 0.0034 6e-10 1.8e-09
52.2 7.8 0.00336 6e-10 1.8e-09
52.3 7.8 0.00331 6e-10 1.8e-09
52.4 7.8 0.00327 6.25e-10 1.77e-09
52.5 7.8 0.00323 5.75e-10 1.72e-09
52.6 7.8 0.00319 5.75e-10 1.72e-09
52.7 7.8 0.00315 5.75e-10 1.72e-09
52.8 7.8 0.00311 5.5e-10 1.65e-09
52.9 7.8 0.00307 5.75e-10 1.72e-09
53 7.8 0.00303 5.5e-10 1.65e-09
53.1 7.8 0.00299 5.75e-10 1.63e-09
53.2 7.8 0.00295 5.5e-10 1.65e-09
53.3 7.8 0.00292 5.25e-10 1.58e-09
53.4 7.8 0.00288 5.25e-10 1.58e-09
53.5 7.8 0.00284 5.5e-10 1.55e-09
53.6 7.8 0.00281 5.5e-10 1.55e-09
53.7 7.8 0.00277 5.5e-10 1.55e-09
53.8 7.8 0.00273 5e-10 1.5e-09
53.9 7.8 0.0027 5e-10 1.5e-09
54 7.8 0.00267 5e-10 1.5e-09
54.1 7.8 0.00263 4.75e-10 1.42e-09
54.2 7.8 0.0026 4.75e-10 1.42e-09
54.3 7.8 0.00257 4.75e-10 1.42e-09
54.4 7.8 0.00253 5e-10 1.4e-09
54.5 7.8 0.0025 4.5e-10 1.35e-09
54.6 7.8 0.00247 5e-10 1.4e-09
54.7 7.8 0.00244 5e-10 1.4e-09
54.8 7.8 0.00241 4.5e-10 1.35e-09
54.9 7.8 0.00238 4.5e-10 1.35e-09
55 7.8 0.00235 4.25e-10 1.28e-09
55.1 7.8 0.00232 4.25e-10 1.28e-09
55.2 7.8 0.00229 4.25e-10 1.28e-09
55.3 7.8 0.00226 4.25e-10 1.28e-09
55.4 7.8 0.00223 4.5e-10 1.25e-09
55.5 7.8 0.0022 4.25e-10 1.28e-09
55.6 7.8 0.00217 4e-10 1.2e-09
55.7 7.8 0.00214 4e-10 1.2e-09
55.8 7.8 0.00212 4.25e-10 1.17e-09
55.9 7.8 0.00209 4e-10 1.2e-09
56 7.8 0.00206 4e-10 1.2e-09
56.1 7.8 0.00204 4.25e-10 1.17e-09
56.2 7.8 0.00201 4e-10 1.2e-09
56.3 7.8 0.00199 3.75e-10 1.12e-09
56.4 7.8 0.00196 3.75e-10 1.12e-09
56.5 7.8 0.00194 3.75e-10 1.12e-09
56.6 7.8 0.00191 3.5e-10 1.05e-09
56.7 7.8 0.00189 3.75e-10 1.12e-09
56.8 7.8 0.00186 4e-10 1.1e-09
56.9 7.8 0.00184 3.5e-10 1.05e-09
57 7.8 0.00182 3.5e-10 1.05e-09
57.1 7.8 0.00179 3.75e-10 1.03e-09
57.2 7.8 0.00177 4e-10 1e-09
57.3 7.8 0.00175 3.75e-10 1.03e-09
57.4 7.8 0.00173 3.25e-10 9.75e-10
57.5 7.8 0.0017 3.5e-10 9.5e-10
57.6 7.8 0.00168 3.5e-10 9.5e-10
57.7 7.8 0.00166 3.25e-10 9.75e-10
57.8 7.8 0.00164 3.25e-10 9.75e-10
57.9 7.8 0.00162 3e-10 9e-10
58 7.8 0.0016 3.25e-10 9.75e-10
58.1 7.8 0.00158 3e-10 9e-10
58.2 7.8 0.00156 3e-10 9e-10
58.3 7.8 0.00154 3.25e-10 8.75e-10
58.4 7.8 0.00152 2.75e-10 8.25e-10
58.5 7.8 0.0015 3.25e-10 8.75e-10
58.6 7.8 0.00148 2.75e-10 8.25e-10
58.7 7.8 0.00146 3.25e-10 8.75e-10
58.8 7.8 0.00144 2.75e-10 8.25e-10
58.9 7.8 0.00142 2.75e-10 8.25e-10
59 7.8 0.00141 3e-10 8e-10
59.1 7.8 0.00139 3e-10 8e-10
59.2 7.8 0.00137 2.5e-10 7.5e-10
59.3 7.8 0.00135 2.75e-10 8.25e-10
59.4 7.8 0.00134 2.75e-10 8.25e-10
59.5 7.8 0.00132 2.5e-10 7.5e-10
59.6 7.8 0.0013 2.5e-10 7.5e-10
59.7 7.8 0.00129 2.75e-10 7.25e-10
59.8 7.8 0.00127 2.5e-10 7.5e-10
59.9 7.8 0.00125 2.5e-10 7.5e-10
60 7.8 0.00124 2.75e-10 7.25e-10
60.1 7.8 0.00122 2.5e-10 7.5e-10
60.2 7.8 0.00121 2.75e-10 7.25e-10
60.3 7.8 0.00119 2.25e-10 6.75e-10
60.4 7.8 0.00118 2.75e-10 7.25e-10
60.5 7.8 0.00116 2.25e-10 6.75e-10
60.6 7.8 0.00115 2.25e-10 6.75e-10
60.7 7.8 0.00113 2.25e-10 6.75e-10
60.8 7.8 0.00112 2.25e-10 6.75e-10
60.9 7.8 0.0011 2.25e-10 6.75e-10
61 7.8 0.00109 2.5e-10 6.5e-10
61.1 7.8 0.00107 2e-10 6e-10
61.2 7.8 0.00106 2.5e-10 6.5e-10
61.3 7.8 0.00105 2e-10 6e-10
61.4 7.8 0.00103 2e-10 6e-10
61.5 7.8 0.00102 2e-10 6e-10
61.6 7.8 0.00101 2e-10 6e-10
61.7 7.8 0.000995 1.97e-10 5.83e-10
61.8 7.8 0.000982 2e-10 5.8e-10
61.9 7.8 0.00097 1.93e-10 5.67e-10
62 7.8 0.000958 1.9e-10 5.6e-10
62.1 7.8 0.000945 1.93e-10 5.57e-10
62.2 7.8 0.000933 1.9e-10 5.5e-10
62.3 7.8 0.000922 1.85e-10 5.45e-10
62.4 7.8 0.00091 1.82e-10 5.37e-10
62.5 7.8 0.000898 1.8e-10 5.3e-10
62.6 7.8 0.000887 1.8e-10 5.2e-10
62.7 7.8 0.000875 1.75e-10 5.15e-10
62.8 7.8 0.000864 1.78e-10 5.13e-10
62.9 7.8 0.000853 1.72e-10 5.07e-10
63 7.8 0.000842 1.72e-10 4.97e-10
63.1 7.8 0.000832 1.67e-10 4.93e-10
63.2 7.8 0.000821 1.63e-10 4.77e-10
63.3 7.8 0.000811 1.65e-10 4.75e-10
63.4 7.8 0.0008 1.6e-10 4.7e-10
63.5 7.8 0.00079 1.63e-10 4.67e-10
63.6 7.8 0.00078 1.57e-10 4.63e-10
63.7 7.8 0.00077 1.57e-10 4.52e-10
63.8 7.8 0.00076 1.52e-10 4.48e-10
63.9 7.8 0.000751 1.52e-10 4.48e-10
64 7.8 0.000741 1.5e-10 4.4e-10
64.1 7.8 0.000732 1.48e-10 4.33e-10
64.2 7.8 0.000722 1.45e-10 4.25e-10
64.3 7.8 0.000713 1.48e-10 4.22e-10
64.4 7.8 0.000704 1.45e-10 4.15e-10
64.5 7.8 0.000695 1.4e-10 4.1e-10
64.6 7.8 0.000686 1.37e-10 4.03e-10
64.7 7.8 0.000678 1.37e-10 4.03e-10
64.8 7.8 0.000669 1.4e-10 4e-10
64.9 7.8 0.00066 1.35e-10 3.95e-10
65 7.8 0.000652 1.3e-10 3.8e-10
65.1 7.8 0.000644 1.3e-10 3.8e-10
65.2 7.8 0.000636 1.3e-10 3.8e-10
65.3 7.8 0.000627 1.27e-10 3.73e-10
65.4 7.8 0.000619 1.25e-10 3.65e-10
65.5 7.8 0.000612 1.25e-10 3.65e-10
65.6 7.8 0.000604 1.22e-10 3.58e-10
65.7 7.8 0.000596 1.2e-10 3.5e-10
65.8 7.8 0.000589 1.2e-10 3.5e-10
65.9 7.8 0.000581 1.15e-10 3.45e-10
66 7.8 0.000574 1.18e-10 3.43e-10
66.1 7.8 0.000566 1.15e-10 3.35e-10
66.2 7.8 0.000559 1.12e-10 3.28e-10
66.3 7.8 0.000552 1.12e-10 3.28e-10
66.4 7.8 0.000545 1.1e-10 3.2e-10
66.5 7.8 0.000538 1.1e-10 3.2e-10
66.6 7.8 0.000531 1.08e-10 3.13e-10
66.7 7.8 0.000524 1.02e-10 3.08e-10
66.8 7.8 0.000518 1.08e-10 3.13e-10
66.9 7.8 0.000511 1.05e-10 3.05e-10
67 7.8 0.000505 1.02e-10 2.98e-10
67.2 7.8 0.000492 1e-10 2.9e-10
93.5 7.8 1.69e-05 3.25e-12 9.75e-12
93.7 7.8 1.65e-05 3.25e-12 9.75e-12
93.8 7.8 1.63e-05 3.25e-12 9.75e-12
93.9 7.8 1.6e-05 3.25e-12 9.75e-12
94 7.8 1.58e-05 3.25e-12 9.75e-12
94.1 7.8 1.56e-05 3e-12 9e-12
94.2 7.8 1.54e-05 3.5e-12 9.5e-12
94.3 7.8 1.52e-05 3e-12 9e-12
94.4 7.8 1.51e-05 3e-12 9e-12
94.5 7.8 1.49e-05 3e-12 9e-12
94.6 7.8 1.47e-05 3e-12 9e-12
94.7 7.8 1.45e-05 2.75e-12 8.25e-12
94.8 7.8 1.43e-05 2.75e-12 8.25e-12
94.9 7.8 1.41e-05 3e-12 9e-12
95 7.8 1.39e-05 2.75e-12 8.25e-12
95.1 7.8 1.38e-05 2.75e-12 8.25e-12
95.2 7.8 1.36e-05 3e-12 8e-12
95.3 7.8 1.34e-05 3e-12 8e-12
95.4 7.8 1.32e-05 2.75e-12 8.25e-12
95.5 7.8 1.31e-05 3e-12 8e-12
95.6 7.8 1.29e-05 2.5e-12 7.5e-12
95.7 7.8 1.27e-05 2.5e-12 7.5e-12
95.8 7.8 1.26e-05 3e-12 8e-12
95.9 7.8 1.24e-05 2.5e-12 7.5e-12
96 7.8 1.23e-05 2.5e-12 7.5e-12
96.1 7.8 1.21e-05 2.25e-12 6.75e-12
96.2 7.8 1.2e-05 2.75e-12 7.25e-12
96.3 7.8 1.18e-05 2.25e-12 6.75e-12
96.4 7.8 1.16e-05 2.25e-12 6.75e-12
96.5 7.8 1.15e-05 2.75e-12 7.25e-12
96.6 7.8 1.14e-05 2.25e-12 6.75e-12
96.7 7.8 1.12e-05 2.25e-12 6.75e-12
96.8 7.8 1.11e-05 2.25e-12 6.75e-12
96.9 7.8 1.09e-05 2e-12 6e-12
97 7.8 1.08e-05 2.25e-12 6.75e-12
97.1 7.8 1.06e-05 2.25e-12 6.75e-12
97.2 7.8 1.05e-05 2.5e-12 6.5e-12
97.3 7.8 1.04e-05 2e-12 6e-12
97.4 7.8 1.02e-05 2e-12 6e-12
97.5 7.8 1.01e-05 2e-12 6e-12
97.6 7.8 9.99e-06 2.05e-12 6.05e-12
97.7 7.8 9.86e-06 2.05e-12 5.95e-12
97.8 7.8 9.73e-06 2.02e-12 5.87e-12
97.9 7.8 9.61e-06 1.97e-12 5.82e-12
98 7.8 9.49e-06 1.97e-12 5.72e-12
98.1 7.8 9.37e-06 1.92e-12 5.67e-12
98.2 7.8 9.25e-06 1.92e-12 5.57e-12
98.3 7.8 9.13e-06 1.87e-12 5.52e-12
98.4 7.8 9.01e-06 1.85e-12 5.45e-12
98.5 7.8 8.9e-06 1.87e-12 5.43e-12
98.6 7.8 8.79e-06 1.8e-12 5.3e-12
98.7 7.8 8.67e-06 1.78e-12 5.23e-12
98.8 7.8 8.56e-06 1.75e-12 5.15e-12
98.9 7.8 8.45e-06 1.73e-12 5.08e-12
99 7.8 8.35e-06 1.73e-12 5.08e-12
99.1 7.8 8.24e-06 1.73e-12 4.98e-12
99.2 7.8 8.14e-06 1.73e-12 4.98e-12
99.3 7.8 8.03e-06 1.68e-12 4.83e-12
99.4 7.8 7.93e-06 1.63e-12 4.78e-12
99.5 7.8 7.83e-06 1.63e-12 4.78e-12
99.6 7.8 7.73e-06 1.63e-12 4.68e-12
99.7 7.8 7.63e-06 1.55e-12 4.55e-12
99.8 7.8 7.53e-06 1.6e-12 4.6e-12
99.9 7.8 7.44e-06 1.53e-12 4.48e-12
